0,0.00296794829114927,0.072464369161736,0.0613023483268699,0.00701725280828657,0.0759176927470291,0.112542035217075,0.0741280738671119,0.0136305276644812,0.0754690306474075,0.0585411202036502,0.112826628381419,0.11418334687441,0.00275741598007259,0.0285480550457917,0.0238544529298303,0.0816231672128553,0.0965011470865401,0.0805198689776922,0.0208630510891009,0.0695699174345157,0.0249518839876472,0.0274930218208467,0.130015772214527,0.0247056794483408,0.00618694674004649,0.0336161769526702,0.0338690269417754,0.0973285673368736,0.0170015674054779,0.0572984648674281,0.0358053241383645,0.010983479883264,0.0864663477873377,0.0895564409929565,0.0516224432700173,0.0791980473299678,0.0261336655977147,0.0872900475333496,0.0277433445983399,0.00972037200371082,0.0288416628381169,0.0115405749410362,0.0220019331832519,0.0612915009631351,0.0399820570380102,0.0539560054749476,0.0318911171176479,0.0910275899465882,0.0436438309310073,0.0446016680487584,0.0156304568012462,0.0315092909673241,0.0088088567165362,0.0344824546793369,0.0223175450104003,0.0720600552915846,0.0583802204397037,0.0361958943470583,0,0.0107787696740189,0.0584671066034137,0.0708410007661056,0.0458947381321631
0.00296794829114927,0,0.0127026137168925,0.00720214756428484,0.0074501094940718,0.0252653660059838,0.0282648856676735,0.0376562676156204,0.0424383363074801,0.0407722750718994,0.0308138861408311,0.0827530866084048,0.0555115443287978,0.00519597226725146,0.0039748560703462,0,0.0372248906731808,0.0444166417909257,0.0381768165597423,0.0466276557909934,0.0831692498561863,0.0216109460392787,0.000354682440684555,0.0596917223031843,0,0.0105748223565027,0.00465635517688866,0,0.00842918994377258,0.00737335040947782,0.0123474223009817,0.0179433507285076,0.00382586970346527,0.0202226330411876,0.0241265494007688,0.0063193948130105,0.00729912624805583,0.0321616888682293,0.0244654243928226,0.0210955993840412,0.0330484954883031,0.00614699278183259,0,0.00651093281796642,0.0121519279180521,0,0.00669029850747989,0.0205610878397683,0.0422463008110706,0.0461866933849666,0.0530973102694527,0,0.0188205019856036,0.00874716273160514,0.0374408087233401,0.0152143533910743,0.000936331235157561,0,0.0151342983966382,0.00302757051053026,0,0.0207655848359615,0.0138291985369276,0.0217974506007184
0.072464369161736,0.0127026137168925,0,0.0862246412162524,0.0443162032404562,0.0696914531923364,0.0742497661817875,0.0181782885245436,0.0488124513863249,0.0303182834582269,0.0293562641775909,0.00495127654890265,0.0650771077120317,0.0937875300290626,0.164601419059578,0.125194288452502,0.0980565048273247,0.0730320747838519,0.044855103472486,0.021997771488034,0.113583669941925,0.102769563017025,0.0196101551434215,0.0306165099406147,0.0853862532669503,0.105328826389688,0.10147400154995,0.09728839938528,0.0959371644696874,0.0859940503821606,0.0889602035103944,0.0918436551794175,0.0790346754724664,0.0744700323887351,0.0776370769380802,0.069832364642232,0.0664496828908088,0.0702809369262691,0.0776172770704548,0.0142220744178557,0.0191420049882326,0.0950617048328947,0.0861023493015313,0.0802781329631911,0.123847630432194,0.0719224654587548,0.111781198388858,0.090663858774615,0.0713144289861284,0.0172374636646929,0.00692294974998567,0.0468942072978028,0.0761913217105124,0.0726746126165976,0.0889981338308139,0.115711242146215,0.102553789081037,0.103246827980378,0.100473342535914,0.0718968251917498,0.0832892495097261,0.113100029508462,0.0712797755732912,0.135005781914919
0.0613023483268699,0.00720214756428484,0.0862246412162524,0,0.0462265075080638,0.0909786005982865,0.0979557761243401,0.0728226898418315,0.0339904535103583,0.0501357700630427,0.0958788297769332,0.134994474874997,0.167664871846955,0.0254870868779118,0.0397667621660167,0.0180587859887373,0.0269333225300573,0.0499710342177123,0.00575742811745952,0.00989180869293117,0.0859930429863861,0.0025014344013904,0.0619875022739364,0.153071967982814,0.0502994299342411,0.00776651631293483,0.00153458790457572,0,0.105545660079002,0.0840563673134595,0,0.0274204742504083,0,0.047447538202408,0.0067948504719942,0,0,0.0446799773908629,0.043670752318616,0.0361473933611379,0.0328171075965256,0.0666746841413856,0.00163094744811063,0.144684543326276,0.040635602369025,0.0812849481933696,0.0118223401633683,0.0165601922548177,0.0228726896420939,0.016992872773949,0.037035119897721,0.00470890286601971,0.1350090245278,0.0031702236346408,0.0515291355240857,0.0184846492216246,0.0534268537018496,0.0476001656314347,0.00390579090473834,0.0432668711638258,0.0339805127530272,0.0576709112962269,0.0170776388532717,0.0379654940908045
0.00701725280828657,0.0074501094940718,0.0443162032404562,0.0462265075080638,0,0.0761009266156905,0.101904859519344,0.0968034754608191,0.0132801014600725,0.0855758067139014,0.0426570000046981,0.112145958047953,0.0275841045615519,0.00450482580037018,0.0721960608567075,0.0254774895001117,0.0327576268227809,0.0589374633174965,0.0735170364358112,0.0196136831235245,0.0511896980820941,0,0.0249382568100439,0.105754539628556,0.0143025350597557,0,0.0187176350069479,0.0256575297952488,0.101636830874219,0.0121122655345425,0.0358371899612515,0.031853982280036,0.00688043699103121,0.0560579457245139,0.0546652260655309,0.034290388785165,0.0529993140996833,0.017005424725676,0.0530983837437285,0.0421547294157409,0.0241536002969699,0.0795069678499845,0.0217814183386808,0,0.0789644696792269,0.0143423035405524,0.04212783215275,0.00311739959315515,0.0527634334689239,0.0446102912668217,0.0554383597124472,0.00949870886047115,0,0.0112894946285097,0.00424085470532471,0.00617724390642699,0.0722221848915477,0.0621230805298799,0.0382083188362764,0.0208804064635138,0.0112762045800749,0.00979230388445761,0.0547606931093204,0.0266256639642644
0.0759176927470291,0.0252653660059838,0.0696914531923364,0.0909786005982865,0.0761009266156905,0,0.00891407991634143,0,0.0694226851998038,0.00606454668987148,0.0816969330569601,0.0464732462560703,0.139158792383652,0.092582563856725,0.00457497149045648,0.071903334394358,0.083602888836571,0.0235003802531386,0.0249147384828313,0.00829790016762997,0.113512235797677,0.0264163070443712,0.0408753690766725,0.0530189287252285,0.13547895992118,0.0691768911303922,0.0377994157459913,0.0826160620122255,0.0230129570063138,0.119919018711909,0.0881271738600235,0.0991745386925714,0.0607593321108388,0.0522860350482875,0.0412932218009463,0.0820121700374817,0.0817564270547223,0.100559096370827,0.0774030927543223,0.0169590538149328,0.0527201769521046,0.0197775217989077,0.0297296893621304,0.136465159702073,0.0229392070426926,0.128277432932636,0.0771589972188391,0.11146505456915,0.0354042927839792,0,0.00874121699382694,0.015091650929062,0.115852844678137,0.0710850318860108,0.0983186283669269,0.102335487415696,0.058379643773547,0.0612008426960479,0.0651112263382384,0.0856195039390256,0.0974418753284047,0.0920434747385726,0.0502521274906979,0.0561556654101058
0.112542035217075,0.0282648856676735,0.0742497661817875,0.0979557761243401,0.101904859519344,0.00891407991634143,0,0.0123913549750739,0.0939646145232466,0.00957096845858249,0.105731153249889,0.0922798833824531,0.171790400163795,0.0533834210305854,0,0.0613943455764784,0.118654810533525,0.0337462796506189,0.0223026578317736,0.00397991741484304,0.118327973214104,0.0119769762947833,0.052182489744107,0.0920814497462652,0.100466637897346,0.0676411231409258,0.0335609373261901,0.0929160644978802,0.00835401508092577,0.179768533368236,0.0928009670423813,0.131758920771338,0.0455075123324722,0.105509165385202,0.067796452623037,0.0932215555371829,0.088265690089298,0.127648305108542,0.0950357787347708,0.0239804394983908,0.0503615621029802,0.0308345360133585,0.0120827868393501,0.160582905031825,0,0.117212124312242,0.0852966683224265,0.132238671143475,0.0409228682606944,0,0.0156018655903168,0.0186699430513392,0.126601592464327,0.0278734870277752,0.078270714430439,0.075997864455736,0.0226791853856372,0.0468112149185426,0.060228815477119,0.116626236104167,0.0917847863901741,0.112803639882086,0.0637689438599173,0.0501552690434689
0.0741280738671119,0.0376562676156204,0.0181782885245436,0.0728226898418315,0.0968034754608191,0,0.0123913549750739,0,0.09782915233932,0.0298513375780934,0.116414070747094,0.0181818317620259,0.0985617059168035,0.052548522116813,0.0278139453019788,0.0643302297885265,0.0792495863693062,0.0303414062990678,0.0361630651633928,0.00109191899547657,0.0954386526309881,0.0271014052000591,0.0429596634578236,0.0119224920007507,0.0738406893971658,0.0563065328195501,0.0302348582728462,0.0720349496598924,0.0271813337547887,0.10279485118327,0.0612163067784566,0.0812446281919493,0.0491048084657348,0.0640528463444293,0.0573833092937196,0.0553223959987654,0.0729781883569187,0.126742214413671,0.0425155052614243,0,0.0964263857189837,0.0730027783551222,0.03347990513942,0.0914836475503832,0.0227844168081423,0.0686841663855455,0.0548574163533702,0.0836979861666801,0.0398163189983357,0.00948703069380307,0.000146959401759265,0.0240695130994646,0.0836495122275365,0.0461409075747027,0.0630589189009763,0.0751672357699712,0.0396708279804826,0.0510518524262633,0.0473323107572813,0.0871368659824033,0.0662855336002973,0.0873380340380884,0.0430889994015808,0.0402154545417792
0.0136305276644812,0.0424383363074801,0.0488124513863249,0.0339904535103583,0.0132801014600725,0.0694226851998038,0.0939646145232466,0.09782915233932,0,0.0958020108341662,0.0733155006091477,0.0926524377372086,0.0436578609614522,0.00364458619071576,0.0386585660960864,0.00652533147581971,0.0107500074045982,0.038631750230918,0.0849183524583251,0.0286831532650582,0.0914865504514751,0.00355672044603205,0.0157514057029668,0.0633958075239171,0.0126853553763319,0.00567719756098282,0.0119698037202391,0.029564381379312,0.0770716932059165,0.0224072036256822,0.0295288241137325,0.0227442474960282,0,0.0569895040700793,0.0484885237811147,0.0427560737989148,0.036273362296163,0.00911116828531879,0.0359765227595609,0.0271043110195007,0.0208301448947937,0.0553362738983489,0.00895620087551671,0.00688499132563261,0.0420558985372337,0.0140302372431333,0.0218640000295223,0,0.0398552096374335,0.0464292491006463,0.0817314347851232,0.000810403865000999,0.019660497669123,0,0.0166807306327882,0.00624356072068497,0.042814354993291,0.0520093383654969,0.024180462410963,0.034202316578641,0.0174560570930963,0,0.0614178238709601,0.00977208031323513
0.0754690306474075,0.0407722750718994,0.0303182834582269,0.0501357700630427,0.0855758067139014,0.00606454668987148,0.00957096845858249,0.0298513375780934,0.0958020108341662,0,0.0824045403939084,0.0925603804460167,0.109008713482497,0.032910992599765,0,0.0417900313475361,0.0799890462213888,0.0481750177806554,0.0441375444557443,0.0130497081825725,0.120441528416176,0.00559156585279631,0.0612804554550798,0.0628123268870351,0.0397765981996107,0.0542466460600145,0.027494492226906,0.0571403107937277,0.00251734577908224,0.107564265317515,0.0661628028650959,0.0759279796916243,0.0409753839487147,0.0334028860887359,0.0392910613294338,0.0526744417713786,0.0549393124683483,0.120121678482544,0.0615694997303809,0.0123007573757636,0.035101895995638,0.0177685393779034,0.0104228146558637,0.0932813975871133,0.00396573095432826,0.0548195256493308,0.0488785935320105,0.0923011697780869,0.0656834692566921,0.0276186981019657,0.0224490457448305,0.0316802327801315,0.0837210186837016,0.00819290914676515,0.0648068166052592,0.0505784412235598,0.015187701185678,0.018458276708568,0.0388190524040295,0.0753050851462539,0.065445880939415,0.0729879862909656,0.0579221861843424,0.0279222725374968
0.0585411202036502,0.0308138861408311,0.0293562641775909,0.0958788297769332,0.0426570000046981,0.0816969330569601,0.105731153249889,0.116414070747094,0.0733155006091477,0.0824045403939084,0,0.0360842879606553,0.0438983919284754,0.0921303541180772,0.0774460986897418,0.0726541764496499,0.0653384430433596,0.0499540747200677,0.112039671136134,0.0600702814117298,0.0231081519703721,0,0.0202725801135402,0.0207427552379488,0.0558572285727206,0.0546041305810147,0.0569190733502667,0.0719999941917093,0.126219815513886,0.0550640408858658,0.105613356524207,0.0662375901750245,0.0438417746634609,0.0799301370168088,0.0788320915465712,0.12553873680419,0.101004430273109,0.0937979215783851,0.10181069053513,0.0396604112661543,0.0358058188386113,0.0560397703658943,0.0656877535575686,0.0840105349036853,0.0967538993134927,0.0489219425147641,0.103070101136519,0.0560674689061829,0.0665164311995035,0.0487125893197864,0.0542939208710978,0.0229187501236215,0.0619274491899197,0.0247908237832538,0.0363716849906732,0.0577560310901502,0.0947956981644503,0.0877572284174032,0.0799179134990886,0.0641379482126415,0.0840731883723761,0.0488952367256259,0.0866278256403011,0.0216554611644854
0.112826628381419,0.0827530866084048,0.00495127654890265,0.134994474874997,0.112145958047953,0.0464732462560703,0.0922798833824531,0.0181818317620259,0.0926524377372086,0.0925603804460167,0.0360842879606553,0,0.090715222799101,0.0934660404720616,0.0621053931394915,0.11863993400021,0.133665472316938,0.115163820316178,0.0999451695327836,0.0277108254660201,0.0975966033920754,0.0454058518731043,0.0594508927487144,0.0104388467319061,0.0987206165665127,0.112527988963294,0.10162680350868,0.125099839205207,0.103390216169131,0.122011666629476,0.116291424177548,0.126096472540747,0.111281332540252,0.117437542973886,0.124675217560761,0.109951882350143,0.131467619330892,0.105214329238262,0.106554875235581,0.00818483590102615,0.0314540639573553,0.0448240644472329,0.0730211901861782,0.114855197990851,0.0842508434774419,0.0670127756990459,0.111011735190112,0.126120543915059,0.112838391011963,0.0740938026579509,0.0128507184978001,0.0595229195838172,0.120371910786668,0.0482960707898175,0.0953046677975317,0.102364614888275,0.112396558765413,0.0995204138844414,0.106294307995769,0.110866259357466,0.115305462564855,0.138191023704092,0.103947844039019,0.0740963592621346
0.11418334687441,0.0555115443287978,0.0650771077120317,0.167664871846955,0.0275841045615519,0.139158792383652,0.171790400163795,0.0985617059168035,0.0436578609614522,0.109008713482497,0.0438983919284754,0.090715222799101,0,0.07366313775534,0.0880129529357705,0.095289726214262,0.176758121545477,0.173287219576494,0.149555290581845,0.032668898269606,0.0411991255699206,0.0335654116429438,0.016903896495375,0.137414817991368,0.0146427696496902,0.160961305459084,0.136126000754268,0.175003218420915,0.168886732945993,0.0218579063838718,0.24773110915898,0.116196889209068,0.105570801328671,0.158662590237557,0.161999548054226,0.14776374845956,0.182904440172882,0.0572459389023405,0.17659300043131,0.0218652170951996,0.0108062498196383,0.0478816431417959,0.0834236131575019,0.107660043112865,0.165365360606976,0.00678713785815937,0.170931809374469,0.170263585569904,0.207933664647165,0.0889479607360387,0.0637976657689119,0.0528988387669189,0.100227535256067,0.0205062917251602,0.0394882387023901,0.122674988182804,0.158671681717566,0.142120465879971,0.160941795225846,0.0800881464115592,0.132716851249893,0.0581434016404851,0.160463484059197,0.0565460758382658
0.00275741598007259,0.00519597226725146,0.0937875300290626,0.0254870868779118,0.00450482580037018,0.092582563856725,0.0533834210305854,0.052548522116813,0.00364458619071576,0.032910992599765,0.0921303541180772,0.0934660404720616,0.07366313775534,0,0.149413839190595,0.0400019832934405,0.0375732341118536,0.0710566001550832,0.0179220253506102,0,0.030409865301355,0.0491797440834202,0.0650335315204387,0.149281348411719,0,0.033344968891611,0.0396023364693545,0.0233660027191525,0.101298853100511,0,0.0213562118183318,0.0144402261738083,0.00354505139722824,0.0464311688148089,0.0219987776965078,0.00869709671502519,0.0185957931921597,0.00395562962660725,0.0386790487742771,0.038332359531549,0.0132715266390194,0.0818854270716077,0.0466079097484894,0.0215258536101469,0.211296745450623,0.0615193712796815,0.0531883662051379,0.0135432602945865,0.0571573654547186,0.0227458070665526,0.0186452039648016,0.0135040024972613,0.0271864627542881,0,0.0181849130243849,0.023331683289841,0.0883099099249295,0.0753658051421413,0.0489740152858191,0.0103146489594042,0,0.00805205046619232,0.0245825470065502,0.0819953682720924
0.0285480550457917,0.0039748560703462,0.164601419059578,0.0397667621660167,0.0721960608567075,0.00457497149045648,0,0.0278139453019788,0.0386585660960864,0,0.0774460986897418,0.0621053931394915,0.0880129529357705,0.149413839190595,0,0.0614642520143118,0.00474200892346271,0.00985927358304687,0.0136368115676316,0.0220284729868721,0.0563971163010667,0.00760997275648362,0.0570445179581548,0.0641767819772783,0.122129006121969,0.0593201247668793,0.00688272773379866,0.019803744443128,0,0.0489365772490994,0.0458226316001019,0.00652458240710777,0,0,0,0.0283285674203325,0.0335231509211368,0.0217417785177443,0,0.0401543558505285,0.0371097186988282,0.0907402640176699,0.0455823493772573,0.0757317421201613,0.0599730949739546,0.192290515004705,0.0587034709746953,0.0253324317761661,0.019079452976177,0.00751343374236079,0.0283675227577227,0.0276637754484411,0.0916511792182754,0.0249915308811372,0.0724211607387795,0.0313424339542248,0.0117296101886635,0,0.0498774260028508,0.0300980220959192,0.0415406001360355,0.0410098935166113,0,0.0417067966118604
0.0238544529298303,0,0.125194288452502,0.0180587859887373,0.0254774895001117,0.071903334394358,0.0613943455764784,0.0643302297885265,0.00652533147581971,0.0417900313475361,0.0726541764496499,0.11863993400021,0.095289726214262,0.0400019832934405,0.0614642520143118,0,0,0.0382960184772794,0.0123393739772955,0.00992717952259308,0.0677917850093393,0,0.0423478891000936,0.13193039158326,0.0868929935854208,0.0456023020090396,0.0165362995359547,0.00347046284633595,0.0980987832865712,0.0331224244863717,0.00794080199619857,0.00402206860913356,0.000181501779866558,0.0366368642250163,0.0158247075153053,0.0109557970722079,0.0135634920278927,0,0.0169428684501808,0.0607673493350284,0.0181873347654648,0.0983957776853315,0.0265733428181559,0.0629156130292868,0.0771260912993299,0.123713246251738,0.0280750761609484,0.00543792906273599,0.0343708196723844,0.0118602361312239,0.0362595236786268,0.0333831794640655,0.0656510289902344,0.0201737711266702,0.0418036436080838,0.00432122176305442,0.102572458745586,0.0662482503284131,0.00986231801223325,0.024213136663683,0.0157627361959687,0,0.00511942371773085,0.0247369939261415
0.0816231672128553,0.0372248906731808,0.0980565048273247,0.0269333225300573,0.0327576268227809,0.083602888836571,0.118654810533525,0.0792495863693062,0.0107500074045982,0.0799890462213888,0.0653384430433596,0.133665472316938,0.176758121545477,0.0375732341118536,0.00474200892346271,0,0,0.0758952183194622,0.0334862441544682,0.0218358379190676,0.100608945889335,0,0.031916422510039,0.118706072728724,0.0793455699346822,0.0262556058334797,0,0.0283855371334999,0.0966892822789656,0.101413834345902,0.0279807485235132,0.0589342853400571,0.00922798370619605,0.0844516357387315,0.0526065096809336,0.00976035744162643,0.0188535755119737,0.0252594692428292,0.0585119604968388,0.0449438625140863,0.0176163926678709,0.0399974307746481,0.0122881493806655,0.133054134888095,0.00031403371327206,0.0926474020793395,0.00542521255110531,0.0594502000557706,0.0624946871524674,0.0338055446404333,0.0591068183487399,0.0128436693355734,0.128007144531895,0.0216427213365785,0.0551958735566782,0.0285157399234575,0.0246010330714038,0.0666987249449694,0,0.0748810992711402,0.0659442523593778,0.0553624567345732,0.0446606674039651,0.0180276408456661
0.0965011470865401,0.0444166417909257,0.0730320747838519,0.0499710342177123,0.0589374633174965,0.0235003802531386,0.0337462796506189,0.0303414062990678,0.038631750230918,0.0481750177806554,0.0499540747200677,0.115163820316178,0.173287219576494,0.0710566001550832,0.00985927358304687,0.0382960184772794,0.0758952183194622,0,7.25257966995077e-05,0.0334979411204404,0.144526826375349,0.0362745979838486,0.0289392649884408,0.0722288449768517,0.110781857754036,0.0583277860462493,0.0271854259256289,0.0880521667455084,0.0327938141834889,0.134021626302171,0.0514663911289088,0.105109392287766,0.0359917718751056,0.0874529913702264,0.0420183155829646,0.0402058856939005,0.0403285427874259,0.0549556461624726,0.0155030489819367,0.0244832121364981,0.0322665750306605,0.0388196890453415,0.0213801987658913,0.132680525835966,0,0.0870919301516046,0.0174131749019852,0.103770690418858,0.0152731129401601,0.0132861247266077,0.0635170390944718,0.0102515372819197,0.140487531799703,0.053305366789186,0.100988321089142,0.0868469078540612,0.0105927675487469,0.0736576619503258,0.0358035759798511,0.092954070722069,0.0810313000593255,0.0765237035764827,0.0297443143776739,0.0682671306836339
0.0805198689776922,0.0381768165597423,0.044855103472486,0.00575742811745952,0.0735170364358112,0.0249147384828313,0.0223026578317736,0.0361630651633928,0.0849183524583251,0.0441375444557443,0.112039671136134,0.0999451695327836,0.149555290581845,0.0179220253506102,0.0136368115676316,0.0123393739772955,0.0334862441544682,7.25257966995077e-05,0,0.0176104230855129,0.13249484366994,0.0268624528366355,0.073165556552719,0.0778291672610909,0.0372379784306904,0.0371150906831172,0.010429367687127,0.0377661115189314,0.0199533430011151,0.0856005099214659,0.0148224546694808,0.0330920256096152,0.0190983978318355,0.0200571386178816,0.019191272070866,0.0208420769633536,0.0187607605481914,0.0798089204941284,0,0.0194199133850302,0.0345646072781522,0.0406571880528459,0,0.0880133969584769,0.00230542560451011,0.0438266640649948,0,0.0572400153247886,0,0,0.044248254099069,0.0215322268313489,0.0829341586107612,0.0115944198781634,0.0771148435177063,0.0465024466499993,0,0.0223494374318035,0.0179506321763792,0.0834027194357775,0.0291188206422588,0.0491481490330372,0.0276903458789164,0.0200796323683717
0.0208630510891009,0.0466276557909934,0.021997771488034,0.00989180869293117,0.0196136831235245,0.00829790016762997,0.00397991741484304,0.00109191899547657,0.0286831532650582,0.0130497081825725,0.0600702814117298,0.0277108254660201,0.032668898269606,0,0.0220284729868721,0.00992717952259308,0.0218358379190676,0.0334979411204404,0.0176104230855129,0,0.091912219370575,0.0408151247023727,0.0358741690563913,0,0.00577152817926132,0.0195894478463542,0.0157331297473399,0.0237115251316843,0.0172167371193454,0.0168338446660963,0.00527161168410266,0.0129101926437053,0.0216244943924531,0.0289487495644102,0.0175070920574069,0.0103443820437427,0.00838316868334356,0.0185787802715365,0.00607084429089338,0.00790592953840485,0.0127149578642351,0.0186259991727311,0,0.0144904915997919,0.004045805762587,0,0,0.0268957584132993,0.0341229981449293,0.024053175211442,0.0319709332692886,0.0449899591122519,0.0237269193822473,0.0109446036320358,0.0334976539500588,0.030178546847172,0.00628591279566166,0.0254139526110995,0.0120186049393501,0.0269596496779786,0.0115472287228883,0.00899836825439817,0.0266638405012111,0.0381648726637559
0.0695699174345157,0.0831692498561863,0.113583669941925,0.0859930429863861,0.0511896980820941,0.113512235797677,0.118327973214104,0.0954386526309881,0.0914865504514751,0.120441528416176,0.0231081519703721,0.0975966033920754,0.0411991255699206,0.030409865301355,0.0563971163010667,0.0677917850093393,0.100608945889335,0.144526826375349,0.13249484366994,0.091912219370575,0,0.0250566857414321,0.0435650618888073,0.0516575284624285,0.0294422954267519,0.11084759403688,0.108520478711414,0.122782837801916,0.0986735330263097,0.0517145696989334,0.112924024731774,0.0806092586387975,0.0788979790556305,0.104289104554913,0.113683307112407,0.0967718953199796,0.105118054213081,0.0814871211136793,0.105533143630093,0.0220771816609686,0.0126130017358835,0.022596391138607,0.0225083473017709,0.0589451802292919,0.085139259707419,0.0317986181606592,0.0900820878405871,0.109402679732334,0.173583468568506,0.117311540138702,0.115766491785743,0.103224742469785,0.0536217679888657,0.0173798975162824,0.00175169968803995,0.0629820196086297,0.0999709394563837,0.0940516153279913,0.100682548367823,0.0850571443040491,0.0702842192451399,0.0393906123854655,0.119697388216568,0.054189467718634
0.0249518839876472,0.0216109460392787,0.102769563017025,0.0025014344013904,0,0.0264163070443712,0.0119769762947833,0.0271014052000591,0.00355672044603205,0.00559156585279631,0,0.0454058518731043,0.0335654116429438,0.0491797440834202,0.00760997275648362,0,0,0.0362745979838486,0.0268624528366355,0.0408151247023727,0.0250566857414321,0,0.0249316421744112,0.0163654652100151,0.0621076151504123,0.0291305374295262,0.000456424388845421,0.0119689857165984,0,0.00140317719470771,0.0102496102043165,0,0.00239295529311687,0.00978439817465618,0.0060918733178908,0.0189695484056964,0.00605057660830791,0,0.00189604988546281,0.0190808775121775,0.0054370434393105,0.0256540260719274,0.00983660887459661,0.0237959519360435,0,0.0646241288064259,0.00543004952013965,0.00780147816333356,0.0546425792122187,0.0301533830765402,0.0559691250938232,0.0499136343987756,0.0328646830260015,0.0540417771710004,0.0235662714332203,0.0147617391281044,0,0.0168038155218418,0.00194257167603551,0.0177638014898078,0.0106538999130203,0,0.0121175113841296,0.0166646328812738
0.0274930218208467,0.000354682440684555,0.0196101551434215,0.0619875022739364,0.0249382568100439,0.0408753690766725,0.052182489744107,0.0429596634578236,0.0157514057029668,0.0612804554550798,0.0202725801135402,0.0594508927487144,0.016903896495375,0.0650335315204387,0.0570445179581548,0.0423478891000936,0.031916422510039,0.0289392649884408,0.073165556552719,0.0358741690563913,0.0435650618888073,0.0249316421744112,0,0.0672332983268972,0.0301361633937307,0.0429323450056974,0.0324305196428495,0.0442427309744484,0.0565840702596224,0.0153031707283463,0.064896925744094,0.0338707126530215,0.0205779410706978,0.0452255942894981,0.0710325271577287,0.087976356960601,0.081278985432174,0.00777476993886754,0.047589336917399,0.0130409497771385,0,0.0508124844339014,0.0456505933087206,0.0408722309394655,0.0779586756077748,0.0101617240079601,0.0606559939089264,0.0287401541288532,0.0358495663282546,0.0169875752168242,0.0390549063604387,0.0121238895339656,0.0353068624068084,0.0306826882194426,0.0507323325597204,0.0328141613755351,0.0611697737413887,0.050160059868985,0.0510523847250721,0.0352147671229526,0.0526579054023335,0.0205669786824994,0.0401483387855583,0.00751524949598685
0.130015772214527,0.0596917223031843,0.0306165099406147,0.153071967982814,0.105754539628556,0.0530189287252285,0.0920814497462652,0.0119224920007507,0.0633958075239171,0.0628123268870351,0.0207427552379488,0.0104388467319061,0.137414817991368,0.149281348411719,0.0641767819772783,0.13193039158326,0.118706072728724,0.0722288449768517,0.0778291672610909,0,0.0516575284624285,0.0163654652100151,0.0672332983268972,0,0.190263539148871,0.10811697810756,0.103865784621672,0.132708164052386,0.113829809603174,0.132122048023504,0.14147874982284,0.14815497599394,0.0885325807756018,0.119287505068836,0.119433978087019,0.141410740106572,0.140408442770107,0.0863717767907828,0.114878472305143,0.0186574526695759,0.0306241336353768,0.0353671470964192,0.0914812670092667,0.163996196222463,0.108896715664554,0.11790981617212,0.14365605218417,0.138676538573001,0.0749394270296639,0.0322624884634403,0,0.0277032363268656,0.149971672132418,0.0927666915575651,0.0994231839959176,0.132814578217888,0.163673579554308,0.154238619328647,0.120447860804222,0.123440248744582,0.141965949200015,0.131556211310493,0.0907541231077669,0.100277860673536
0.0247056794483408,0,0.0853862532669503,0.0502994299342411,0.0143025350597557,0.13547895992118,0.100466637897346,0.0738406893971658,0.0126853553763319,0.0397765981996107,0.0558572285727206,0.0987206165665127,0.0146427696496902,0,0.122129006121969,0.0868929935854208,0.0793455699346822,0.110781857754036,0.0372379784306904,0.00577152817926132,0.0294422954267519,0.0621076151504123,0.0301361633937307,0.190263539148871,0,0.0679327859763277,0.081866534269603,0.0540583735383577,0.140194808248015,0,0.0495965256089522,0.034473547874367,0.0340049765015113,0.0554132910912823,0.0381616880898891,0.0205951699278422,0.0309492692348611,0.00266799326220119,0.0717230526568122,0.0286082492497648,0.016151162750268,0.0648112728881468,0.0476228371780178,0.0148717620877503,0.154175884506567,0.0548117933446277,0.114361461284791,0.0603832853311429,0.107065084653232,0.0376576194312874,0.0204500898089159,0.0230826447702214,0.0126102859967153,0.00495515500422159,0.0067795790573478,0.0677308424404181,0.167215642785231,0.130798154932822,0.0943564519036026,0.00798148715298895,0.0099009524565132,0.0211350135713084,0.045370349159216,0.0965937757489618
0.00618694674004649,0.0105748223565027,0.105328826389688,0.00776651631293483,0,0.0691768911303922,0.0676411231409258,0.0563065328195501,0.00567719756098282,0.0542466460600145,0.0546041305810147,0.112527988963294,0.160961305459084,0.033344968891611,0.0593201247668793,0.0456023020090396,0.0262556058334797,0.0583277860462493,0.0371150906831172,0.0195894478463542,0.11084759403688,0.0291305374295262,0.0429323450056974,0.10811697810756,0.0679327859763277,0,0.0140836299789816,0.0411407532103481,0.0763471664551899,0.0591683242225342,0.0221478907658727,0.0206386985924139,0,0.0422327964641777,0.0270780254260006,0.00879059134960627,0.0176957355699262,0.011404575202191,0.0531269005293143,0.047318406208721,0.0148461618257824,0.0503646369304477,0.0193209250270494,0.0489561177060844,0.0739613284677795,0.0910534128767364,0.0279846380767406,0,0.0769691692962967,0.0234775878469056,0.0481757189680899,0.0238439239226944,0.0745969858710376,0.0142319058180696,0.0625287479625357,0.0498726367662482,0.0698646106612612,0.0777637201017214,0.0355128869670238,0.0363410119676792,0,0.0127023920879396,0.035712335828568,0.0559954645371149
0.0336161769526702,0.00465635517688866,0.10147400154995,0.00153458790457572,0.0187176350069479,0.0377994157459913,0.0335609373261901,0.0302348582728462,0.0119698037202391,0.027494492226906,0.0569190733502667,0.10162680350868,0.136126000754268,0.0396023364693545,0.00688272773379866,0.0165362995359547,0,0.0271854259256289,0.010429367687127,0.0157331297473399,0.108520478711414,0.000456424388845421,0.0324305196428495,0.103865784621672,0.081866534269603,0.0140836299789816,0,0,0.0362299731385292,0.0753016996348853,0.00911169100266034,0.0114933243283587,0,0.0202840346792678,0.00946687701224716,0.00161413168550105,0.00901612368161496,0.0138935579778229,0.0115870744843791,0.0266680433288922,0.0154153671350627,0.0372980087443,0,0.091972450115416,0,0.0967113528536184,0.00165991626080019,0.0161638946577567,0.0319711222608239,0.0143259729493272,0.0432241403564385,0.00935737109805468,0.102423619084426,0.0132991261344067,0.0555555353411374,0.0188391221994951,0.00520437430973266,0.0201093622251574,0.00365681998877061,0.0274982328829045,0.0292433585888852,0.0285422540971857,0,0.030074777525306
0.0338690269417754,0,0.09728839938528,0,0.0256575297952488,0.0826160620122255,0.0929160644978802,0.0720349496598924,0.029564381379312,0.0571403107937277,0.0719999941917093,0.125099839205207,0.175003218420915,0.0233660027191525,0.019803744443128,0.00347046284633595,0.0283855371334999,0.0880521667455084,0.0377661115189314,0.0237115251316843,0.122782837801916,0.0119689857165984,0.0442427309744484,0.132708164052386,0.0540583735383577,0.0411407532103481,0,0,0.0889422817179961,0.0874843236330951,0.000537662132901789,0.0174726454758181,0,0.0463847100051001,0.019821908768186,0,0.00713406836234689,0.0346758207525214,0.056728765167258,0.0401811932116353,0.0275003797416355,0.0540129919321359,0.00223559913895194,0.0961152047308305,0.0164913358225125,0.0804443457868908,0.00132561829569432,0.0142193399085598,0.104227954606168,0.0347963250005191,0.0525151083818166,0.0241132002643293,0.124116687865852,0.0140959305860516,0.0642012809640457,0.0148521180529489,0.0333727573655531,0.0577909179578624,0.00386841806217165,0.034657352459922,0.0113501801838001,0.0209048312978108,0.0375540578032825,0.0442686734421903
0.0973285673368736,0.00842918994377258,0.0959371644696874,0.105545660079002,0.101636830874219,0.0230129570063138,0.00835401508092577,0.0271813337547887,0.0770716932059165,0.00251734577908224,0.126219815513886,0.103390216169131,0.168886732945993,0.101298853100511,0,0.0980987832865712,0.0966892822789656,0.0327938141834889,0.0199533430011151,0.0172167371193454,0.0986735330263097,0,0.0565840702596224,0.113829809603174,0.140194808248015,0.0763471664551899,0.0362299731385292,0.0889422817179961,0,0.162014634837007,0.111309984318372,0.120319048684693,0.0299274961532504,0.0338287698582981,0.0368791776793307,0.0710784699410686,0.0830727488350428,0.102102953290266,0.0721086582404899,0.0357233225057351,0.0573748958074314,0.0607148741683004,0.0384277414664208,0.169792688808184,0.0183616387838232,0.158233198792021,0.114156940745633,0.111751577520984,0.0315514890058275,0.0157996621990295,0.018041677784541,0.0109123166639188,0.14982099431904,0.0254752509389433,0.0859307047808429,0.0819480762563322,0.0579503107835671,0.0298895401239061,0.088348405824237,0.0926177929201794,0.111406983248821,0.115237172596837,0.0298194607737986,0.0466214220800552
0.0170015674054779,0.00737335040947782,0.0859940503821606,0.0840563673134595,0.0121122655345425,0.119919018711909,0.179768533368236,0.10279485118327,0.0224072036256822,0.107564265317515,0.0550640408858658,0.122011666629476,0.0218579063838718,0,0.0489365772490994,0.0331224244863717,0.101413834345902,0.134021626302171,0.0856005099214659,0.0168338446660963,0.0517145696989334,0.00140317719470771,0.0153031707283463,0.132122048023504,0,0.0591683242225342,0.0753016996348853,0.0874843236330951,0.162014634837007,0,0.0965861069549338,0.0677731004772617,0.0297570916032918,0.114508634350141,0.0909082662198709,0.0469472610460439,0.0600026450866278,0.0164322244362859,0.126126301554715,0.0310732248381896,0.0170716449516467,0.0426544014807849,0.0210231868604245,0.00451933567056218,0.104911560499738,0.0479024467975856,0.119083025111511,0.0433236614988275,0.135141578077219,0.0591767468425447,0.0474341228230214,0.0216545888709596,0.0124051596166256,0,0.0112224587886697,0.0153892616128785,0.11191382533099,0.126502570074671,0.113124357464207,0.0186337606576598,0.0244505065096577,0.00951345005912747,0.093323125921109,0.0356489534085327
0.0572984648674281,0.0123474223009817,0.0889602035103944,0,0.0358371899612515,0.0881271738600235,0.0928009670423813,0.0612163067784566,0.0295288241137325,0.0661628028650959,0.105613356524207,0.116291424177548,0.24773110915898,0.0213562118183318,0.0458226316001019,0.00794080199619857,0.0279807485235132,0.0514663911289088,0.0148224546694808,0.00527161168410266,0.112924024731774,0.0102496102043165,0.064896925744094,0.14147874982284,0.0495965256089522,0.0221478907658727,0.00911169100266034,0.000537662132901789,0.111309984318372,0.0965861069549338,0,0.0404921883647376,0.00137828976637922,0.063680534418621,0.033612566342943,0,0.00824999960181037,0.0341305789246091,0.0460174730138926,0.0468609066365412,0.0347559705510797,0.0735083333522084,0.0134308896778499,0.24244001817025,0.0578425336921058,0.0875551575247319,0.0179704116519869,0.014527818658227,0.037099399390353,0.011735992707393,0.034444693576336,0.011600471176015,0.154993357935256,0.000926453958296833,0.0549242262890719,0.0206672322502957,0.052522714926553,0.0791315894496486,0.0152036524366156,0.0683392613737804,0.0350021485721931,0.0315878942924742,0.0193765473263903,0.039157152178207
0.0358053241383645,0.0179433507285076,0.0918436551794175,0.0274204742504083,0.031853982280036,0.0991745386925714,0.131758920771338,0.0812446281919493,0.0227442474960282,0.0759279796916243,0.0662375901750245,0.126096472540747,0.116196889209068,0.0144402261738083,0.00652458240710777,0.00402206860913356,0.0589342853400571,0.105109392287766,0.0330920256096152,0.0129101926437053,0.0806092586387975,0,0.0338707126530215,0.14815497599394,0.034473547874367,0.0206386985924139,0.0114933243283587,0.0174726454758181,0.120319048684693,0.0677731004772617,0.0404921883647376,0,0.0102955767188447,0.069139282780059,0.0405427996377815,0.00331256231438023,0.0130695690447076,0.0207337664106141,0.0617787495636802,0.0366833472188585,0.0128408561355785,0.0295168346961833,0.00726144689173705,0.0799138840379194,0.0288931783970412,0.0816189436485204,0.0600643770010967,0.0350183580496596,0.0806806772264289,0.036876541487104,0.0449989988136681,0.0207373295986423,0.0783526850364417,0.000299895204798353,0.0289535747172516,0,0.0575378715370715,0.0683729100866376,0.00702258871507455,0.0286547604730509,0.0423800067422373,0.0315021194065538,0.0390993833445393,0.040426704366882
0.010983479883264,0.00382586970346527,0.0790346754724664,0,0.00688043699103121,0.0607593321108388,0.0455075123324722,0.0491048084657348,0,0.0409753839487147,0.0438417746634609,0.111281332540252,0.105570801328671,0.00354505139722824,0,0.000181501779866558,0.00922798370619605,0.0359917718751056,0.0190983978318355,0.0216244943924531,0.0788979790556305,0.00239295529311687,0.0205779410706978,0.0885325807756018,0.0340049765015113,0,0,0,0.0299274961532504,0.0297570916032918,0.00137828976637922,0.0102955767188447,0,0.0158762137365404,0.012599421247238,0,0.00204798933102156,0.00976001727070503,0.0255525354108767,0.0450202970143222,0,0,0,0.0490326744432667,0.0114123811634493,0.0640489929910844,0.00189315677492135,0.00211032086928346,0.0372200670416257,0.0224233363153031,0.0423704059736784,0.00963217951174513,0.0445926970367639,0.00642984605150897,0.0340873447219248,0.00115252185844939,0.0116835512714958,0.00845651505549797,0,0.00861820676760163,0.00170325040426884,0.022158209558055,0.00776490613055698,0.0240250322328414
0.0864663477873377,0.0202226330411876,0.0744700323887351,0.047447538202408,0.0560579457245139,0.0522860350482875,0.105509165385202,0.0640528463444293,0.0569895040700793,0.0334028860887359,0.0799301370168088,0.117437542973886,0.158662590237557,0.0464311688148089,0,0.0366368642250163,0.0844516357387315,0.0874529913702264,0.0200571386178816,0.0289487495644102,0.104289104554913,0.00978439817465618,0.0452255942894981,0.119287505068836,0.0554132910912823,0.0422327964641777,0.0202840346792678,0.0463847100051001,0.0338287698582981,0.114508634350141,0.063680534418621,0.069139282780059,0.0158762137365404,0,0.0265355611959925,0.0344225958676179,0.043361219409981,0.0755823507699249,0.07583205520927,0.020295309161313,0.0272057072835384,0.00875279280549291,0.00592263923779299,0.125751580296203,0,0.08060112176962,0.0377004154534758,0.0822383600787281,0.0598656610230152,0.0477400793246382,0.0535109004963683,0.0155278077464733,0.112549294238726,0.0173319574579837,0.077627657307677,0.0530208192857392,0.00553674392737317,0.0148346998351626,0.0407297144107949,0.0602498200427919,0.0723338005738565,0.0955361764576207,0.0345715793558018,0.0448231705558465
0.0895564409929565,0.0241265494007688,0.0776370769380802,0.0067948504719942,0.0546652260655309,0.0412932218009463,0.067796452623037,0.0573833092937196,0.0484885237811147,0.0392910613294338,0.0788320915465712,0.124675217560761,0.161999548054226,0.0219987776965078,0,0.0158247075153053,0.0526065096809336,0.0420183155829646,0.019191272070866,0.0175070920574069,0.113683307112407,0.0060918733178908,0.0710325271577287,0.119433978087019,0.0381616880898891,0.0270780254260006,0.00946687701224716,0.019821908768186,0.0368791776793307,0.0909082662198709,0.033612566342943,0.0405427996377815,0.012599421247238,0.0265355611959925,0,0.0176107282700312,0.0108027534947197,0.0718360479520151,0.0549928221523933,0.0440827468949264,0.0180379502749805,0.0271364044784697,0,0.101409946181706,0,0.0767840522817478,0.00591580392506931,0.0482246947724426,0.0308609467572295,0.02110437992436,0.0371585675556766,0.0232734193541583,0.123980265485246,0.0101722676485439,0.0658652354260113,0.0287802008154924,0.00353614991134448,0,0.0160033793311181,0.0607040202278604,0.0582187581061117,0.0525488567001119,0.03057912924201,0.0448959271413335
