0,0.0559738949742954,0.191462862499672,0.0452235885348449,0.142412888885984,0.0724220427020497,0.283513316928161,0.221606376601878,0.0173899756407728,0.109741026884902,0.0263427388809342,0.286836586121009,0.0790992056755979,0.0849396326345527,0.0233689627356786,0.065363613250171,0.181589108509012,0.303060078280391,0.235220078352556,0.151736903198214,0.278710246414269,0.122019493352342,0.188839348024662,0.263310893225746,0.0569667365098947,0.106809514089426,0.0411187432120414,0.147934661491334,0.345167856295671,0.104107907028358,0.0098317841668598,0.33936876034178,0.20417208753214,0.2846594068122,0.237491878668065,0.136259572038862,0.0536414421879987,0.0327417651621076,0.127662102254989,0.331887598500825,0.12817561191692,0.0201198118066498,0.227669272853346,0.0894641641042429,0,0.113790941157235,0.0239338922436516,0.14986587018003,0.172981836742938,0.275656632286318,0.247652151795788,0.0280833310206964,0.119034224690001,0.077907045681583,0.203977854326476,0.0497874943870607,0.229137834650674,0.203863534832789,0.0844150508186262,0,0.129823474720641,0.144521587833944,0.318216397485835,0.19904408594397
0.0559738949742954,0,0.125420801318324,0.0632077249965845,0.0690757057269435,0.0711332468252655,0.151577303238481,0.145411736509153,0.0180684991681703,0.0973227086253355,0.0481246333107949,0.214053793308753,0.10759411770052,0.107754398207438,0.0146349391060534,0.029014155603833,0.086339182835443,0.111853634585374,0.0968815484683815,0.07230053691613,0.193831208210844,0.0643130468305497,0.0877738015104709,0.127656965983862,0.0195177602292891,0.0936398822016695,0.0708017561275133,0.0414229047232974,0.214130391687476,0.0618763677942559,0.0310312611902032,0.181173884308523,0.133069775176941,0.16801363871976,0.119589023680528,0.0755994203836625,0.0585303367129,0.0141670561844953,0.113201029802758,0.257729112231297,0.116171380835701,0.0209065857108034,0.295498122892527,0.128003761303371,0.016283436317299,0.068899041120961,0.0276457875484109,0.123194241245482,0.0693736916620814,0.118844224379715,0.121851481748852,0.0443754122097948,0.0797583328465181,0.0600063165180686,0.13780857817279,0.0414326037309657,0.0977027890092509,0.0962965037193572,0.0347058995935662,0.0400649692795952,0.109714456576751,0.045142603068057,0.143056406393826,0.156338755548434
0.191462862499672,0.125420801318324,0,0.22503863113667,0.107949098700146,0.0178228798142014,0.0152076661555887,0.0553295296042956,0.0574595214213706,0.330385509038267,0.0714817772798086,0.196666644736987,0.123412936409096,0.18834004906983,0.0301871843844151,0.0774528626129675,0.102088121720662,0.0492918125410836,0.0169772355396867,0.0222398581573739,0.254066061466438,0.0733113817681281,0.113568844202354,0.0901528607039359,0.083838404899094,0.128237904465889,0.240115764337396,0.0389689958262183,0.0646877415504801,0.0478834180072552,0.320581493553514,0.199874142384271,0.051891043206211,0.0447005416356836,0.044054662409872,0.115775062110586,0.213942185669316,0.00380743019477651,0.162408246344878,0.204666833627824,0.116828454125362,0.0377781394809574,0.229177815344944,0.231055954214941,0.317247163865244,0.0339518800884068,0.0913796393388305,0.101715958237791,0.0043711926108478,0.0180329736604054,0.0397442815062922,0.0313471716840836,0.0697906832290792,0.113283323121437,0.116899383206982,0.0545164742017555,0.0771866917292704,0.00760531491442741,0.0176881564263036,0.144337905901856,0.191508597960871,0.0160827842086006,0.0049884863244688,0.289403725031611
0.0452235885348449,0.0632077249965845,0.22503863113667,0,0.0582072829415473,0.162573018737761,0.249560748237848,0.212828715768233,0.0651968049124041,0.0363766080255119,0.0813082727436169,0.267474231395195,0.0719780440838577,0.1308927928622,0.0202016958878158,0.0434652964347352,0.240795527512409,0.24896770079328,0.189003079586176,0.14144458682823,0.250229169334086,0.0789301372491829,0.0491403318833621,0.154017886184136,0.0174257925718902,0.0870635582693926,0.0124479268360218,0.0844776941131946,0.302278036844089,0.140970538303767,0.0201691538408968,0.344330398009407,0.298802923118684,0.280351116802615,0.212987244800588,0.155433038524631,0.10223390537421,0.0572803620062602,0.148940372537533,0.25071991187478,0.141377902338726,0.0411670968490387,0.236855396341775,0.0692712207091856,0.015234158471505,0.0993599706108563,0.0291513214668617,0.162493760484562,0.113662233445949,0.215662588302594,0.189480414094396,0.0462602172547253,0.0409774835706558,0.049239855336162,0.194201476600628,0.0309463444785027,0.18389982043462,0.144714768151341,0.0516197415300222,0.00317948855623304,0.0847117035975013,0.0823178600250871,0.246286501693451,0.173623524293806
0.142412888885984,0.0690757057269435,0.107949098700146,0.0582072829415473,0,0.153505172828315,0.181259389624475,0.151900691659655,0.0729303787997597,0.0498500679604485,0.0717144708642585,0.15130144731498,0.0423199911687165,0.0486830258136376,0.0110805644652877,0.0217350355831375,0.142244151498314,0.203625888199649,0.222523297672843,0.167641242401472,0.112143955537043,0.0794205418316751,0.0207075279139937,0.0997331309117195,0.0235549390085721,0.0376371111355021,0.0363893514837982,0.104803314244283,0.153287115020946,0.0611585040437172,0.0741914189218223,0.197452850243521,0.173744260891932,0.170004613386445,0.153953692745715,0.135456888897227,0.0918096754966187,0.0767277549965802,0.0442161860121029,0.141085950627953,0.0440010397184992,0.0435085426040499,0.0954626122537821,0.0063100314618198,0.0185604653959889,0.0523053132254352,0.023805513225528,0.0982237253428934,0.164031893517014,0.209774689925452,0.202119605953969,0.111819056863855,0.0207066872451637,0.0105737671501571,0.118014053185928,0.0131321591756007,0.119404813879824,0.108371684742142,0.0529672309311464,0.0391710028552235,0.0666638126350328,0.0504058428819751,0.186464101854022,0.0593632735775228
0.0724220427020497,0.0711332468252655,0.0178228798142014,0.162573018737761,0.153505172828315,0,0.0582289639837926,0.0290283196254231,0.124021361213769,0.263163400619129,0.0590169353271076,0.123831285571413,0.056643824972493,0.157429540346775,0.018393452564262,0.0529978015191173,0.0932890377342295,0.150779600044229,0.054739247917522,0.0354358736213734,0.202121600124611,0.0900427564153168,0.115514619804223,0.0796445532891605,0.0498064394841745,0.0682726482480974,0.0777961920015901,0.0123679104777233,0.0471246599654969,0.0311677347233745,0.125953466697918,0.131118648471365,0.0442135134356477,0.0602571030438146,0.0278828730887842,0.0544533380819787,0.116721502124289,0,0.0750658444728936,0.126640891924082,0.072096948710838,0.0120406370748171,0.194367223439115,0.158689683990187,0.0928847215314294,0.0222850837677061,0.0687347042774997,0.114541798452806,0.114963918848471,0.140504537489194,0.0662184183654971,0.000956617566047742,0.0584511817319378,0.10745994617848,0.117843748099325,0.0454129869772955,0.0730117562468151,0.0241958607337379,0.00587740184466979,0.0547867017709729,0.0817184628932511,0.0347489518411897,0.0595860043435623,0.147827190531778
0.283513316928161,0.151577303238481,0.0152076661555887,0.249560748237848,0.181259389624475,0.0582289639837926,0,0.0492113930729286,0.162225676842919,0.426976784966672,0.0589814345515638,0.193593148441687,0.137606497803461,0.179093648375692,0.0291706299591828,0.0750248641843322,0.102362306251328,0.147777887295502,0.058046265275653,0.068280911108535,0.262198782140852,0.142992776306152,0.203616598062135,0.149998060056368,0.0822814262641449,0.121505606536468,0.232132459378203,0.0601457572383943,0.0296873288818728,0.0625055710448467,0.348484543957967,0.123145901348959,0.0197290649605446,0.00210991235614667,0.106016527227354,0.257597750366378,0.260375467623805,0.0218046047119694,0.138886021198711,0.240330425168167,0.11357364063385,0.0261344533368099,0.213358595151251,0.267657243022462,0.201361491251389,0.0360628727805825,0.117141523091269,0.121809089063289,0.0254917134747263,0.0141411931718589,0.0884016314501779,0.0812197161380204,0.106421843216303,0.155792888789106,0.148889751802401,0.0605920690301197,0.113919331351849,0.0349657441880975,0.0185422564364606,0.173840783052005,0.192053059832349,0.0268557069720252,0.0311475894647673,0.27934495502671
0.221606376601878,0.145411736509153,0.0553295296042956,0.212828715768233,0.151900691659655,0.0290283196254231,0.0492113930729286,0,0.101139805118784,0.396428410754041,0.068745955199497,0.207707463531054,0.134333352114535,0.165409931131211,0.0472752646104026,0.0741124865774401,0.105247617681081,0.125732918212575,0.0220564463799613,0.0211521364359329,0.258909445281687,0.114505652925928,0.156920214503466,0.114874079711726,0.0981570920802208,0.105155872891864,0.180255194290319,0.0632430137470357,0.0509695320563209,0.0898721698646486,0.243750443465616,0.068916925592706,0.0622133926939639,0.0297272791399635,0.103227064043903,0.171852477152015,0.181824254396261,0.0200847664246585,0.186048977328415,0.239870598822868,0.132972993559122,0.0526075350012751,0.197004272952886,0.206235425154847,0.175938163653399,0.0579182092820415,0.10785070456995,0.120490414796689,0.0363634479052437,0.0149360478991327,0.0151545421876625,0.0427243298912258,0.0887001220958553,0.139258830120539,0.137629518772607,0.0613141010331254,0.117463978219854,0.0618677876624356,0.0355953748862231,0.127184549022014,0.157033649603536,0.0387049204395896,0.0409540149081591,0.251100027018934
0.0173899756407728,0.0180684991681703,0.0574595214213706,0.0651968049124041,0.0729303787997597,0.124021361213769,0.162225676842919,0.101139805118784,0,0.133439132960267,0.0773879271961777,0.123416908614323,0.0308890691311458,0.102001693125181,0.00251413036731785,0.0621909932665245,0.140250023587577,0.245691343373518,0.20123360187049,0.132174059513085,0.0906347825878058,0.0379623602362201,0.132387604950161,0.122851547646421,0.0600751636197214,0.037302728250116,0.0471759028085131,0.0971529658557026,0.0942517481514626,0.0438686591544641,0.0368878435493449,0.167586813424202,0.0994355926918001,0.109130318754063,0.0587443301987637,0.0404239775590762,0.0229578434266418,0.00477185256252908,0.0937570891496071,0.134761985415874,0.0508427972412407,0.00061166599562895,0.153029611754213,0.0811758135485338,0.0252225396233604,0.0406696934953586,0.0518086221384757,0.157566336931485,0.239928483524731,0.273695588696193,0.195688196009635,0.0342267215863269,0.0639378035443094,0.0592683525147129,0.0686965894430791,0.0432410131601815,0.116090747746484,0.0939913788199497,0.0528682957291879,0.018167713756269,0.0228184520351979,0.0572257205545354,0.162854487215199,0.187850574915414
0.109741026884902,0.0973227086253355,0.330385509038267,0.0363766080255119,0.0498500679604485,0.263163400619129,0.426976784966672,0.396428410754041,0.133439132960267,0,0.0941471234397588,0.366447751584466,0.136272578326426,0.0114407818143129,0.123537893197044,0.106896632472456,0.249453329237312,0.350885808643254,0.35440062456659,0.404952732802189,0.302575790918388,0.193707200135374,0.177785791566828,0.325027168013635,0.151824796437271,0.145205289589914,0.107619033354565,0.264853074956387,0.414358700088783,0.200931651332866,0.206645970261613,0.393382001142413,0.306002265317948,0.370454421268379,0.309131491665625,0.274339414973101,0.208492671314927,0.0982477600749695,0.153616099234809,0.39161111755937,0.151575571837896,0.121381327294628,0.0999641714427458,0.0417057870958078,0.0855565927224617,0.269970276990225,0.0689662601751195,0.189699262168987,0.239829388533481,0.388208246910869,0.46713463249853,0.21356957491863,0.129504968437681,0.0534837316275346,0.289164836616659,0.0667071036316489,0.317772843916807,0.345655496678565,0.224166432704665,0.0709713906249368,0.21728414405703,0.187235606365429,0.349212432109215,0.273644802622046
0.0263427388809342,0.0481246333107949,0.0714817772798086,0.0813082727436169,0.0717144708642585,0.0590169353271076,0.0589814345515638,0.068745955199497,0.0773879271961777,0.0941471234397588,0,0.107362336974832,0.0490708808736656,0.0747829482224534,0.0719741557952091,0.0183719792687846,0.0393438890065199,0.0757648614353463,0.0172081421996778,0.0338635964518263,0.0877295300013144,0.104410406329268,0.133946487245923,0.126911429372379,0.0251096094190112,0.0382339440536483,0.00241144154597484,0.0111633159067871,0.0775366474370558,0.0439474881874691,0.0502042521110673,0.0638787863782346,0.0506485809842172,0.0563663588137473,0.03356262559426,0.0489219540682784,0.0809926027154742,0.0391878588863876,0.0495097008127631,0.111028372396838,0.0814588055249613,0.084118381499897,0.0819284365246018,0.081377642471741,0.0680614168416494,0.0612449953325932,0.0188543948418154,0,0.0366995616712728,0.0786879785699129,0.0609037378518249,0.0340931947426531,0.0892331630354966,0.0248936147709075,0.0752383455619939,0,0.0608385595626005,0.049256748469201,0.0293061253160292,0.0189795126858072,0.0835077577629063,0.026975825058074,0.019989997821926,0.0867360159120592
0.286836586121009,0.214053793308753,0.196666644736987,0.267474231395195,0.15130144731498,0.123831285571413,0.193593148441687,0.207707463531054,0.123416908614323,0.366447751584466,0.107362336974832,0,0.215962633478826,0.21349890581772,0.088669347482108,0.0675142067726935,0.112402779737633,0.0844244676800283,0.113566979974302,0.105249637430995,0.223270594422248,0.0876605054111153,0.103318168769262,0.0831164518322762,0.114158806027615,0.154138254801879,0.257993591338616,0.127639176743375,0.201179448550723,0.176078908654526,0.319104038324474,0.0462391680591955,0.137281388712578,0.131224827739836,0.167114417584652,0.251307698330003,0.254400743921275,0.0555263239128784,0.0925089987998381,0.0215164061421818,0.120268087915127,0.0838434899198514,0.161049595747548,0.29062331047521,0.267243918660714,0.145479207498746,0.203878649581173,0.163022980891059,0.0711451663212805,0.0420261699146607,0.074812395188878,0.0730936294568222,0.0743073589930233,0.101925175782534,0.0911692688409202,0.102089908507694,0.14420411658063,0.143997691457535,0.102908516381072,0.174369255347636,0.218896769130835,0.0421742061594188,0.119627409520802,0.0350985456854939
0.0790992056755979,0.10759411770052,0.123412936409096,0.0719780440838577,0.0423199911687165,0.056643824972493,0.137606497803461,0.134333352114535,0.0308890691311458,0.136272578326426,0.0490708808736656,0.215962633478826,0,0.0979827986183427,0.0822733431241954,0.0920291249566926,0.129190079857289,0.135886111001665,0.0655094137649564,0.0805653340042137,0.165406584355191,0.0678658149725347,0.0727599814328719,0.134062707778062,0.127279192998559,0.0233210325943979,0.092305526845868,0.062935547395255,0.219891793204326,0.112341246084416,0.094665460688223,0.131427718424689,0.105964860486568,0.0986785448787377,0.0904872387316495,0.0744256934572283,0.0813991883768739,0.0312864644476072,0.0622516276195653,0.179979945292526,0.0387340601287627,0.0874050570553367,0.170109060494775,0.0416349743406089,0.0961226836193156,0.131371958510563,0.0719172571597022,0.106528401461159,0.0579264847806928,0.093276982931751,0.0946032169549072,0.00580120492100159,0.0583896316134621,0.0645236183551108,0.121101173329142,0.0410066455065188,0.186361207576291,0.151722122929988,0.0573175851479816,0.0504503101592443,0.0902678361600956,0.0525050330928521,0.0910015958238172,0.127508934924965
0.0849396326345527,0.107754398207438,0.18834004906983,0.1308927928622,0.0486830258136376,0.157429540346775,0.179093648375692,0.165409931131211,0.102001693125181,0.0114407818143129,0.0747829482224534,0.21349890581772,0.0979827986183427,0,0.106915328748795,0.100724109479484,0.182557790250835,0.122742922485047,0.122332203907794,0.116102647233155,0.147039261158164,0.100847762955197,0.0552921014795019,0.0882155638961321,0.0644327802068516,0.109955674261388,0.0450172718934476,0.0493183341811195,0.230456545929712,0.202879267540945,0.0993558106726797,0.164322532587456,0.193813399863275,0.166157516515325,0.128487351150846,0.143260071606156,0.139536639957827,0.0780000498448978,0.143317820373271,0.120332210441996,0.184384667685257,0.138252993764166,0.198040989754561,0.0666239543832498,0.0914120036103199,0.129212648522507,0.147591890177015,0.073319367266687,0.0159757124844626,0.110865224061618,0.116330936652009,0.0472280524422263,0.0464917007508958,0.0160640020102756,0.128351796397678,0.0270756386614814,0.155926093667351,0.11810706362748,0.0580961395641503,0.0421576982932061,0.0901616772394977,0.0384251371955376,0.137375147460821,0.0948293365229968
0.0233689627356786,0.0146349391060534,0.0301871843844151,0.0202016958878158,0.0110805644652877,0.018393452564262,0.0291706299591828,0.0472752646104026,0.00251413036731785,0.123537893197044,0.0719741557952091,0.088669347482108,0.0822733431241954,0.106915328748795,0,0.0260777555490094,0.0263802740012964,0.0177133101530561,0.0189049169804466,0.0128520824906061,0.135325497635067,0.018920686417888,0.0178714656093401,0.0174825768433599,0.0322749387309147,0.154662237475884,0.149022898067889,0.0406597538259199,0.0491677770897893,0,0.0477784357241337,0.0436497296429962,0.0340845039780988,0.0260241915029351,0.00736986496377524,0,0,0.0252993750344765,0.122243337537499,0.0829272091043184,0.133725560617468,0.0290583418458754,0.111960563104027,0.055661115083787,0.133375115837782,0.0116608481434376,0.0385819266659744,0.0565414113154547,0.0322880456317476,0.0272102528292466,0.0391486562326083,0.00517544588852148,0.00115581316935107,0.0737878960046463,0.0629711936565974,0.0659471310117792,0.00855005681545278,0.0126453135054327,0.0488123595893797,0.0406242084613991,0.0163497605172786,0.0231056314510568,0.0148768440103727,0.132054950897645
0.065363613250171,0.029014155603833,0.0774528626129675,0.0434652964347352,0.0217350355831375,0.0529978015191173,0.0750248641843322,0.0741124865774401,0.0621909932665245,0.106896632472456,0.0183719792687846,0.0675142067726935,0.0920291249566926,0.100724109479484,0.0260777555490094,0,0.0707349069119334,0.0411086004793324,0.0723415176110964,0.0663777170442134,0.0986881101909443,0.047880520538612,0.0595175325798976,0.031015465789181,0.0223212893316033,0.172551747729789,0.16440407730396,0.0939801640502957,0.0804831793589491,0.0554000079821308,0.118620416990528,0.0614707554501064,0.0668039491434861,0.0596487399949508,0.0568420046843659,0.0695792398557794,0.0604299756394224,0.0101566418436354,0.0707492616912564,0.0570203189679785,0.0571598051534696,0.0254111349641548,0.0924866975466335,0.0919435558229083,0.153309728752589,0.088758529088474,0.10984702500571,0.0620125634690606,0.0547235713371202,0.0553363505359843,0.0865471703434679,0.0550217161892947,0.0425496593301862,0.0348765203941673,0.0518986035396831,0.0409170070209004,0.0655471172706042,0.0724466646297243,0.138736806020362,0.0993206130113257,0.0869830974138681,0.0305369903330854,0.0684569740231256,0.167621900089775
0.181589108509012,0.086339182835443,0.102088121720662,0.240795527512409,0.142244151498314,0.0932890377342295,0.102362306251328,0.105247617681081,0.140250023587577,0.249453329237312,0.0393438890065199,0.112402779737633,0.129190079857289,0.182557790250835,0.0263802740012964,0.0707349069119334,0,0.0148552840887266,0.0897540613997453,0.090096856575618,0.184561985773083,0.10530213070246,0.160853309308198,0.112436731387383,0.0764773669412479,0.177517037223499,0.259012178993586,0.111037807487653,0.0684489080402014,0.123915830287751,0.323814976318941,0.107907369938649,0.0934545249619066,0.0670837799672746,0.0621730220826844,0.163389534239351,0.189625299602285,0.0269423928743685,0.0775946091504815,0.141771236074745,0.0770174833208397,0.00942528996304906,0.188155661639704,0.274074422409057,0.212351842950497,0.0446093699175934,0.225552092956168,0.100291782356561,0.0302209985374466,0.0556690023645349,0.100144673721626,0.0946678669551614,0.0878681205314064,0.103212182472971,0.11038566514302,0.0711465292960638,0.10469752692712,0.0454652122325324,0.111644634185992,0.174356119233143,0.146814005720939,0.000725044067735843,0.06171119619335,0.223720912085096
0.303060078280391,0.111853634585374,0.0492918125410836,0.24896770079328,0.203625888199649,0.150779600044229,0.147777887295502,0.125732918212575,0.245691343373518,0.350885808643254,0.0757648614353463,0.0844244676800283,0.135886111001665,0.122742922485047,0.0177133101530561,0.0411086004793324,0.0148552840887266,0,0.185228756185362,0.184993316530346,0.166683753028589,0.169762209057741,0.239872740028519,0.140438521389397,0.0503490417770384,0.136569339395398,0.293993436718091,0.134032433621376,0.00586127806903995,0.052886955425445,0.345914983578668,0.0324802332986529,0.0723550560122099,0.0759556435759477,0.098572772270297,0.27395672499869,0.261798232477541,0.0644189486640507,0.0627727229637767,0.14750050720015,0.0954197371622692,0.0097155182947521,0.150646692770882,0.262372824097299,0.132577924545615,0.00941079875262976,0.108392019155216,0.0931593635425076,0.118027898579637,0.16449830142473,0.184787265392387,0.185473871862276,0.120897976381014,0.144161062123892,0.0932423489157519,0.04425069967049,0.0443701886044655,0.0128679323601402,0.0348684281976491,0.218056967032682,0.170380140715958,0,0.119620278226149,0.230263456004226
0.235220078352556,0.0968815484683815,0.0169772355396867,0.189003079586176,0.222523297672843,0.054739247917522,0.058046265275653,0.0220564463799613,0.20123360187049,0.35440062456659,0.0172081421996778,0.113566979974302,0.0655094137649564,0.122332203907794,0.0189049169804466,0.0723415176110964,0.0897540613997453,0.185228756185362,0,0.0335622703137842,0.161783361462371,0.173150606523544,0.282701243128699,0.168997347401703,0.0712313531383887,0.051942329258906,0.0857688117316281,0.0351068669214474,0.058325644753561,0.034374031831842,0.140671024330571,0.125631461091574,0.0310783782827255,0.0256911429561904,0.0197801343455146,0.15551225479866,0.188418560095705,0.0277035406360762,0.0781715665084819,0.177746534269628,0.051336124514124,0.00861815680383391,0.183874683363274,0.193384512462086,0.068988173127178,0.037695904336331,0.0669275325485501,0.123186171784268,0.177167146801069,0.175087072707951,0.0575004115533569,0.0856743723205652,0.135744482612829,0.133860192201178,0.0859591604266221,0.0534951223219052,0.104070597981534,0.0538102472697186,0.0146347230455328,0.106374427710525,0.108382359639917,0.0712320662113719,0.0735484364300603,0.211724183930792
0.151736903198214,0.07230053691613,0.0222398581573739,0.14144458682823,0.167641242401472,0.0354358736213734,0.068280911108535,0.0211521364359329,0.132174059513085,0.404952732802189,0.0338635964518263,0.105249637430995,0.0805653340042137,0.116102647233155,0.0128520824906061,0.0663777170442134,0.090096856575618,0.184993316530346,0.0335622703137842,0,0.232317008673492,0.164404997150934,0.229004416913625,0.153037452366331,0.0860249677580292,0.0856936906633594,0.10111684129744,0.0730018554938061,0.0529433351896079,0.0405010199673169,0.103186279265238,0.104830806529351,0.0367954957643607,0.0299987135659684,0.0394113814973703,0.0701740782923986,0.0911910307324666,0.0195250129257168,0.0651113884418464,0.174756423028147,0.063585015343221,0.017098791016293,0.151217188188437,0.147632140374793,0.0577131273445391,0.0363900466534711,0.0722336745508729,0.143481597698635,0.20087834348308,0.218110444898524,0.274313191905794,0.0495871870968148,0.112687683461632,0.169139769986613,0.160457333591383,0.0609774892187979,0.117076331934258,0.0779841352465213,0.0354339372968973,0.0500000397986308,0.0532664699281703,0.0776512375236222,0.0783805790995431,0.22659165167365
0.278710246414269,0.193831208210844,0.254066061466438,0.250229169334086,0.112143955537043,0.202121600124611,0.262198782140852,0.258909445281687,0.0906347825878058,0.302575790918388,0.0877295300013144,0.223270594422248,0.165406584355191,0.147039261158164,0.135325497635067,0.0986881101909443,0.184561985773083,0.166683753028589,0.161783361462371,0.232317008673492,0,0.215565585576551,0.0367948890356109,0.128237540848996,0.189026385913015,0.0859843629880509,0.248624690657243,0.181612906294312,0.279505973455999,0.20057933301395,0.280555310695954,0.152906442289426,0.235274151276669,0.234937192457398,0.229490266306861,0.250475280689241,0.272996970457587,0.0562858728307549,0.0435132582017429,0.0560995185418887,0.0275094933898881,0.133885475629148,0.0984226900590854,0.19042897245866,0.246534384699156,0.178343426370383,0.179169415587741,0.186549273807316,0.0820785185853804,0.145025540529626,0.225055141920817,0.0523560739502811,0.0535123434678142,0.115662076689574,0.223412305909715,0.116666598954565,0.217638551252951,0.247568670199581,0.151574264053812,0.144795094872096,0.225572519754767,0.082295645003442,0.179251241188123,0.0135686433722497
0.122019493352342,0.0643130468305497,0.0733113817681281,0.0789301372491829,0.0794205418316751,0.0900427564153168,0.142992776306152,0.114505652925928,0.0379623602362201,0.193707200135374,0.104410406329268,0.0876605054111153,0.0678658149725347,0.100847762955197,0.018920686417888,0.047880520538612,0.10530213070246,0.169762209057741,0.173150606523544,0.164404997150934,0.215565585576551,0,0.033781672111333,0.104519972408546,0.0756377348016973,0.0950106416114398,0.128106351295606,0.114904414244872,0.0902491579178888,0.0664990631779004,0.100033649541111,0.106272754283468,0.0829544425379207,0.0923524973435519,0.0983744834639586,0.107134707642281,0.0760756231825092,0,0.0896055800921394,0.130756787496,0.0937135382656808,0.0338091587229551,0.124246553130264,0.0811733951156035,0.0571468801839346,0.0445882146378404,0.0756795786287522,0.135448973810794,0.180553473143057,0.192225616567832,0.232352013871061,0.0488111492063192,0,0.110204851922051,0.14442132956109,0.0613159038762514,0.117318199630353,0.0951717069073714,0.0707117152437471,0.0515282026299838,0.0240150011781077,0.0759642096388402,0.143683269436625,0.12746217018925
0.188839348024662,0.0877738015104709,0.113568844202354,0.0491403318833621,0.0207075279139937,0.115514619804223,0.203616598062135,0.156920214503466,0.132387604950161,0.177785791566828,0.133946487245923,0.103318168769262,0.0727599814328719,0.0552921014795019,0.0178714656093401,0.0595175325798976,0.160853309308198,0.239872740028519,0.282701243128699,0.229004416913625,0.0367948890356109,0.033781672111333,0,0.141559803956876,0.0876204467452402,0.0557726473893006,0.158219413180209,0.192462916699494,0.158017831213121,0.101969611463523,0.179883906889407,0.168933744969344,0.132085172343749,0.154362649480365,0.181423841729579,0.193615960338511,0.092842193599483,0.0525700638625858,0.0706110146369492,0.109879587017282,0.0514471762226174,0.0384776148313653,0.0885990147547303,0.0363697317705815,0.0582247387063393,0.078878805243915,0.0681503531369814,0.145218346026127,0.255956951977696,0.239580984773995,0.257298235709573,0.186691998670421,0,0.0220882217787252,0.0421250529769156,0.0517480628597028,0.156278093726908,0.151742735077758,0.118240455473488,0.129190523541047,0.0613396084516773,0.106256997164198,0.247721941506488,0.0904190259922913
0.263310893225746,0.127656965983862,0.0901528607039359,0.154017886184136,0.0997331309117195,0.0796445532891605,0.149998060056368,0.114874079711726,0.122851547646421,0.325027168013635,0.126911429372379,0.0831164518322762,0.134062707778062,0.0882155638961321,0.0174825768433599,0.031015465789181,0.112436731387383,0.140438521389397,0.168997347401703,0.153037452366331,0.128237540848996,0.104519972408546,0.141559803956876,0,0.0524773781605692,0.119244916274725,0.232999268051907,0.166584094260364,0.0741382243911331,0.0844883977744461,0.253997085220385,0.0776917672958069,0.100938733590999,0.10218442002473,0.166137033518947,0.20273774870452,0.158660529530868,0.0231796269351321,0.0773687639001502,0.112370531465679,0.0926919057190589,0.0409800382474388,0.102134953747532,0.147751814125102,0.114733267166186,0.0384934593993043,0.110624683761422,0.155527221102333,0.179369070762344,0.127213822889364,0.169646652763898,0.139585438584714,0.0761453934959571,0.0948688615751699,0.0706305591302463,0.0454155174600083,0.0900808747266825,0.0925386017841832,0.0851636589562311,0.168028319012439,0.126237717388387,0.0360904071963511,0.14707034405903,0.0705157688212627
0.0569667365098947,0.0195177602292891,0.083838404899094,0.0174257925718902,0.0235549390085721,0.0498064394841745,0.0822814262641449,0.0981570920802208,0.0600751636197214,0.151824796437271,0.0251096094190112,0.114158806027615,0.127279192998559,0.0644327802068516,0.0322749387309147,0.0223212893316033,0.0764773669412479,0.0503490417770384,0.0712313531383887,0.0860249677580292,0.189026385913015,0.0756377348016973,0.0876204467452402,0.0524773781605692,0,0.27487913704587,0.182748874403159,0.100199897141449,0.111925003122694,0.0429316126259028,0.0910861618320378,0.102880851639169,0.0825202383090553,0.0753037855538083,0.0535500331781334,0.0538636379705016,0.0436059349109787,0.00374189199907059,0.0867526234887692,0.119184259433186,0.0876221044542071,0.0237382768230486,0.105200154852916,0.0804409156575816,0.0491622058247191,0.0604556999925527,0.013724170753855,0.0855788447995112,0.0650360996717696,0.0702892546908224,0.113168860617116,0.0637071784547443,0.0551357659539162,0.110430288825741,0.0894826706552187,0.078216468943822,0.0750371245295698,0.104493127039725,0.149038230816278,0.0792963814220716,0.0569090001209439,0.00926455225530902,0.0620870101873857,0.176170467038432
0.106809514089426,0.0936398822016695,0.128237904465889,0.0870635582693926,0.0376371111355021,0.0682726482480974,0.121505606536468,0.105155872891864,0.037302728250116,0.145205289589914,0.0382339440536483,0.154138254801879,0.0233210325943979,0.109955674261388,0.154662237475884,0.172551747729789,0.177517037223499,0.136569339395398,0.051942329258906,0.0856936906633594,0.0859843629880509,0.0950106416114398,0.0557726473893006,0.119244916274725,0.27487913704587,0,0.141153301426658,0.0827638496476048,0.203066191278204,0.137785005655697,0.109564055905947,0.143633312368223,0.133667579697214,0.104188159968984,0.0972881017139554,0.089493521100387,0.0982868420275478,0.0236581239858118,0.051001674456639,0.100578607865444,0.0173985061246858,0.120576345526471,0.080927273977243,0.0526391871509206,0.119201282621307,0.16313622640582,0.13167599883899,0.256899285761186,0.0281255879196408,0.0585718330979371,0.0742802163463923,0.0124642136848922,0.0548022863941498,0.212134737230634,0.0503236933270346,0.216538863714647,0.240575994600198,0.223854556665961,0.0986969949545687,0.0423597880084838,0.0819444425782382,0.0722829118666002,0.0830103176666733,0.174450668779117
0.0411187432120414,0.0708017561275133,0.240115764337396,0.0124479268360218,0.0363893514837982,0.0777961920015901,0.232132459378203,0.180255194290319,0.0471759028085131,0.107619033354565,0.00241144154597484,0.257993591338616,0.092305526845868,0.0450172718934476,0.149022898067889,0.16440407730396,0.259012178993586,0.293993436718091,0.0857688117316281,0.10111684129744,0.248624690657243,0.128106351295606,0.158219413180209,0.232999268051907,0.182748874403159,0.141153301426658,0,0.214231251341845,0.351243709733808,0.193442760649623,0.0564910836540199,0.330240286311698,0.235254194648042,0.226492285870731,0.158148993966233,0.0919848964330952,0.100767807794005,0.0182802253968121,0.138700127460335,0.265031029154029,0.121618912659922,0.120738961867427,0.164527320139493,0.0442164022806423,0.0621886914715124,0.234864444446914,0.0641409799975052,0.182750620542579,0.0724049371575277,0.150182717983789,0.129510199685653,0.0354379499460701,0.120446004669078,0.118778170786617,0.155308275439312,0.0940201426254703,0.356044243311092,0.374156297422675,0.230602976228269,0.0343676508477481,0.122514115866665,0.143553215430136,0.183011904884047,0.321902338630017
0.147934661491334,0.0414229047232974,0.0389689958262183,0.0844776941131946,0.104803314244283,0.0123679104777233,0.0601457572383943,0.0632430137470357,0.0971529658557026,0.264853074956387,0.0111633159067871,0.127639176743375,0.062935547395255,0.0493183341811195,0.0406597538259199,0.0939801640502957,0.111037807487653,0.134032433621376,0.0351068669214474,0.0730018554938061,0.181612906294312,0.114904414244872,0.192462916699494,0.166584094260364,0.100199897141449,0.0827638496476048,0.214231251341845,0,0.143860983145357,0.0168898444924581,0.176821899698248,0.236275991563404,0.061645846307643,0.0584083973723093,0.0203249273785685,0.0521974761725769,0.0710006449067429,0.0105320360085796,0.0988634308044286,0.196163627944024,0.0528807744941526,0.0169668493952902,0.123147521681148,0.113080568900743,0.0203493192742445,0.0684545004793259,0.0158879676691298,0.143479162019213,0.0291169833417134,0.033127352873692,0.0701716639783076,0.0899834377897926,0.117578769689356,0.135924776771218,0.0690702870841297,0.0658873412117537,0.187996490913116,0.203861336055951,0.0213804718483732,0.151630814582248,0.101875137909298,0.0612541851874522,0.0315778553521245,0.331377515848263
0.345167856295671,0.214130391687476,0.0646877415504801,0.302278036844089,0.153287115020946,0.0471246599654969,0.0296873288818728,0.0509695320563209,0.0942517481514626,0.414358700088783,0.0775366474370558,0.201179448550723,0.219891793204326,0.230456545929712,0.0491677770897893,0.0804831793589491,0.0684489080402014,0.00586127806903995,0.058325644753561,0.0529433351896079,0.279505973455999,0.0902491579178888,0.158017831213121,0.0741382243911331,0.111925003122694,0.203066191278204,0.351243709733808,0.143860983145357,0,0.124406272154306,0.446610853790921,0.0611805705546512,0.0263213591910801,0.0354997361859552,0.139259226103539,0.245627605978379,0.275292464273688,0.00358606208063064,0.139271199593767,0.249040840953834,0.126340940068672,0.0539674967715219,0.276724872184159,0.316385954599212,0.35093816842017,0.0541489240310119,0.163395629805723,0.142988461597343,0.0388521611047152,0.0138678913640813,0.0695810995804525,0.087924106971117,0.0940175553354571,0.133299618854112,0.144095189866176,0.0871592105123274,0.0773058896436662,0.0798570370069457,0.0860006507092867,0.262460307866691,0.297760394042414,0.0171910478544904,0.0443921404556579,0.219821546468723
0.104107907028358,0.0618763677942559,0.0478834180072552,0.140970538303767,0.0611585040437172,0.0311677347233745,0.0625055710448467,0.0898721698646486,0.0438686591544641,0.200931651332866,0.0439474881874691,0.176078908654526,0.112341246084416,0.202879267540945,0,0.0554000079821308,0.123915830287751,0.052886955425445,0.034374031831842,0.0405010199673169,0.20057933301395,0.0664990631779004,0.101969611463523,0.0844883977744461,0.0429316126259028,0.137785005655697,0.193442760649623,0.0168898444924581,0.124406272154306,0,0.215466202179675,0.225625984955585,0.0969870434383871,0.0652467646556234,0.0363655306001406,0.0483764559937403,0.0734925339932034,0.00276482488916218,0.143038651179295,0.196270630939529,0.1234278877093,0.0146397966762581,0.246369758210738,0.190578674019638,0.232171852020928,0.0239350937181553,0.105723747499387,0.11632156231595,0.000155832036949376,0.0400454396923985,0.0634653077425136,0.0246056117933626,0.0596500467416274,0.0950260130696245,0.111286830246548,0.0488669019221386,0.0584457637307979,0.00938915275770724,0.0179412260975616,0.129004199478376,0.132569572362827,0,0.0352101844220166,0.246734553595781
0.0098317841668598,0.0310312611902032,0.320581493553514,0.0201691538408968,0.0741914189218223,0.125953466697918,0.348484543957967,0.243750443465616,0.0368878435493449,0.206645970261613,0.0502042521110673,0.319104038324474,0.094665460688223,0.0993558106726797,0.0477784357241337,0.118620416990528,0.323814976318941,0.345914983578668,0.140671024330571,0.103186279265238,0.280555310695954,0.100033649541111,0.179883906889407,0.253997085220385,0.0910861618320378,0.109564055905947,0.0564910836540199,0.176821899698248,0.446610853790921,0.215466202179675,0,0.42565802173958,0.322116727461379,0.323881325621406,0.207683259953043,0.144977707471225,0.0857096915949053,0.0273400826946275,0.194804685495584,0.33206892762326,0.153162582094813,0.0277435233488796,0.230913546127897,0.121404599506578,0,0.200419163840168,0.0524354198367066,0.258496944348116,0.154221719261693,0.234654442875809,0.171713528061177,0.0347015265178201,0.118207433857095,0.0935828031790011,0.190871679265113,0.0794122548860498,0.345540875877881,0.3108235619088,0.133750758363084,0.0283089393232637,0.146285317535432,0.110658468130181,0.298668124814227,0.352560047799062
0.33936876034178,0.181173884308523,0.199874142384271,0.344330398009407,0.197452850243521,0.131118648471365,0.123145901348959,0.068916925592706,0.167586813424202,0.393382001142413,0.0638787863782346,0.0462391680591955,0.131427718424689,0.164322532587456,0.0436497296429962,0.0614707554501064,0.107907369938649,0.0324802332986529,0.125631461091574,0.104830806529351,0.152906442289426,0.106272754283468,0.168933744969344,0.0776917672958069,0.102880851639169,0.143633312368223,0.330240286311698,0.236275991563404,0.0611805705546512,0.225625984955585,0.42565802173958,0,0.1868732633521,0.143958194456855,0.264949909542018,0.326173636649482,0.342510110863159,0.0393238338781306,0.0743221312347877,0.131104582991009,0.0591192210694585,0.0496282074248573,0.177199602712492,0.268100419045308,0.287038954295092,0.0751498312492962,0.19990644968314,0.116138541339691,0.0731540094314975,0.0501020449059451,0.0902828706720121,0.114401607571864,0.0945274771848421,0.112155548201298,0.0537058940031432,0.0455945817190794,0.151715509981473,0.148109043004301,0.174201545749343,0.245073042462408,0.346673900182754,0.0372066634030799,0.131612169176808,0.214897770859294
0.20417208753214,0.133069775176941,0.051891043206211,0.298802923118684,0.173744260891932,0.0442135134356477,0.0197290649605446,0.0622133926939639,0.0994355926918001,0.306002265317948,0.0506485809842172,0.137281388712578,0.105964860486568,0.193813399863275,0.0340845039780988,0.0668039491434861,0.0934545249619066,0.0723550560122099,0.0310783782827255,0.0367954957643607,0.235274151276669,0.0829544425379207,0.132085172343749,0.100938733590999,0.0825202383090553,0.133667579697214,0.235254194648042,0.061645846307643,0.0263213591910801,0.0969870434383871,0.322116727461379,0.1868732633521,0,0.0250286266602609,0.0764113901078077,0.189419281406453,0.290500550651233,0.0110878462545395,0.0938022329163003,0.179201517395737,0.0888566866622495,0.0210980391039648,0.223549108200738,0.254154047198154,0.234741425852859,0.043173719373705,0.14649562440542,0.105357412185168,0.0100711854833676,0.026917027318559,0.0643952344271756,0.0307022214139521,0.0693071545306299,0.124044958546999,0.1320030814038,0.0662484994078669,0.096363602227635,0.0279184939056474,0.0503975647211242,0.136406551073785,0.180005227307383,0.0170240752168373,0.00694288255279783,0.18036372995362
0.2846594068122,0.16801363871976,0.0447005416356836,0.280351116802615,0.170004613386445,0.0602571030438146,0.00210991235614667,0.0297272791399635,0.109130318754063,0.370454421268379,0.0563663588137473,0.131224827739836,0.0986785448787377,0.166157516515325,0.0260241915029351,0.0596487399949508,0.0670837799672746,0.0759556435759477,0.0256911429561904,0.0299987135659684,0.234937192457398,0.0923524973435519,0.154362649480365,0.10218442002473,0.0753037855538083,0.104188159968984,0.226492285870731,0.0584083973723093,0.0354997361859552,0.0652467646556234,0.323881325621406,0.143958194456855,0.0250286266602609,0,0.201229152722579,0.253968574707555,0.335683884779211,0.0102389893460341,0.0958616918886078,0.177072996176188,0.0850785818209067,0.0345200580008424,0.215865908919677,0.241321082076296,0.205935773475952,0.0362605773377357,0.106007888932066,0.0977213146295348,0.0169880807230638,0.00439269850687879,0.0396991134966234,0.0426778923158058,0.0784557057068835,0.126400905831815,0.110845706818062,0.0478363649514778,0.0953521461305133,0.0346637017170795,0.0212515199847535,0.147616537357479,0.237464323248847,0.0318894571160813,0.000912738194247015,0.202438942406706
