0,0.00138473062618307,0,0,0.0192220033146212,0.0192771132143547,0.0264595749600685,0.0403716928507043,0.0138771176452303,0.0247696021231679,0.00128811129722059,0.0359666427188296,0.0854070142710459,0.00894920699449952,0.0016294192312545,0,0.00338370838729186,0.0724839081833652,0.0681452389791854,0.0539160384077357,0.0161846927117568,0,0.0237899902910418,0.0363888851622692,0,0,0,0.0365823460101979,0.0176791198153477,0,0,0.00942518336645589,0,0.0760530306411055,0.026279392755295,0,0,0.00974232346630501,0.0158418647241632,0.018853890331128,0.0336135287845749,0.0186552906235315,0.0316336831164781,0.0358166799864561,0,0,0.00245021551755632,0,0.0662275391801325,0.0720693500622896,0.0421606085523906,0.00601799743008484,0.0409843123231739,0.0137255613185018,0.025121668124672,0.0289043281523147,0.0267307409552995,0,0,0.0120411649238845,0.00653061378706536,0.00083813913758407,0.0322245497952374,0.00360955269215169
0.00138473062618307,0,0,0,0,0.00693626591396444,0.00822803220017137,0,0.0241956376639328,0.00802713426161688,0.0270788798048909,0,0.00164471024348874,0,0.000465433135869191,0,0.00175917831017263,0.0125928316385412,0.038789641347386,0.0301258089020027,0,0,0,0.0421585742658885,0,0.0266811058800017,0.00208762273738001,0.0521190554872661,0.00727816430820552,0,0.0357697134685554,0.00424266063274632,0,0.0154954700301995,0.00967832737725069,0.0115024485551962,0,0,0.00545217175285044,0.00543399884367651,0,0,0.013100525083097,0.0163298614141941,0,0,0.00404180380063663,0,0.0448065387992215,0.0100951841974994,0.00882540149486257,0.00619618643779455,0,0.00988722491620112,0.00380235398211024,0,0.00355688240391279,0,0,0.00690734869496857,0,0,0.0268853613778331,0.0107237643822012
0,0,0,0.0156902363767474,0,0.000827998762740297,0.022680293722604,0,0,0.00775852671357051,0,0,0,0.0327753051141063,0.0103677145205228,0.0258494277424237,0.0350535753950262,0.00698996698657922,0,0.0116585353653321,0.00121641591377473,0.00759756704267683,0,0,0,0,0,0,0.0146220661646959,0,0,0,0.0056014590605761,0,0,0,0,0.00759057803460636,0.0366494192176475,0,0.00341499554761511,0.00848657042930346,0.00646889076272692,0,0.0212598923331225,0,0.0258451040947169,0.0140022499645875,0.00442409893686593,0.00948114281135489,0.0125575972433167,0.00122038849107264,0,0.0245114581126179,0.0177137936167019,0.019770546269411,0.038281246364182,0.0152972114340371,0.000838918940329494,0,0.00720051169589601,0.00825155982721724,0.0021565321396153,0
0,0,0.0156902363767474,0,0.0176555144393609,0.00113175536760409,0.0133427746758897,0.0458497279679515,0,0,0.0365869812641426,0.0575904223688229,0.0690637733192778,0.0217729073306299,0.0119558303062824,0.0141939370936009,0.0116624070254777,0.0667892655101421,0.0287492858930494,0.0250339734582324,0.00951663336548104,0,0.0349999012884718,0.0459158514928244,0,0,0.0020690672810466,0.00939509750829102,0.00239529877096715,0.00204186639758853,0,0.0116979170729647,0,0.0547464767176042,0.0115468640901285,0,0.00181801387171171,0,0.0139946390763147,0.0596645095199688,0.0237152443596138,0,0.0503952914007905,0.0859510433574103,0,0.0560331646174537,0.0236961813129085,0,0.0475123782187474,0.0334526567390323,0.0229185691248116,0.0153988444037723,0.0221205991385188,0.00213058962545892,0.0204827945900334,0.0171850127105437,0.0270255418456993,0,0,0.0134879952945465,0.0385242475329043,0.00299490782332132,0.00592212446883221,0.0272857825561945
0.0192220033146212,0,0,0.0176555144393609,0,0.0983153464296547,0.0384519773246729,0.0578374033561928,0.0315248503683478,0.0369391137841404,0.130959709044247,0.0179574929826871,0.0682556508277976,0.0839310392562089,0.0541209466381755,0,0.0596061874824581,0.14299874854976,0.131174672351707,0.0672122176003014,0.00846884992659336,0,0.000487589361567128,0.0491137467287872,0.0276679616785021,0.0116002409104357,0.0387783832931937,0.133251626049548,0,0,0.0540440483171848,0.0495556266744777,0,0.104182910616174,0.0373086491370335,0.0173882924831464,0.0420540285213492,0.0644190486465346,0.0455121900487988,0.0444289397278755,0.0269651383810795,0.0288232638740055,0.128134842151253,0.0414014960295481,0,0,0,0.0829826759262966,0.218817617441539,0.15013229543917,0.107702139855511,0.0299238209362315,0.0113027279033207,0.0218423072940812,0,0.0271028847049868,0.0391186348701751,0.0125939407681278,0.0219652059567063,0.0525686278790822,0.0153899572158276,0,0.106763529060177,0.00459517673124641
0.0192771132143547,0.00693626591396444,0.000827998762740297,0.00113175536760409,0.0983153464296547,0,0.0132288508625824,0.0484010277348694,0,0,0.00455448405582021,0.0188955083900479,0.0859720787685936,0.0389865627497879,0.0131244643400551,0.013870170836756,0.0178123548131689,0.0223584807764156,0.00350298659525672,0.117434387764926,0.0619343394206058,0.0522245591977868,0.00555764207142522,0.00813559404889212,0.056607474715449,0.0214613004166078,0.0750365247061932,0.00292018275894167,0.00743649645650063,0.00636495733368395,0.0121363878020951,0,0.0535646006509086,0.0615913381670299,0.00987448094198978,0.00549315103584117,0.00871088068021783,0,0,0.00520948576877065,0.0527207852866234,0.0151657198648427,0.0557690092649455,0.0547321982804764,0.00341844168607819,0,0,0.132324111797051,0,0.0860975319432093,0.0991183663547731,0.0221787463867506,0.00427805881872821,0.132781900187537,0.0817016027160622,0.123440321497551,0,0.00286072193762012,0.0211223976863406,0.0340938345754329,0.00967467230047763,0.0314232474839845,0,0
0.0264595749600685,0.00822803220017137,0.022680293722604,0.0133427746758897,0.0384519773246729,0.0132288508625824,0,0.0162142829099731,0.00127705428115418,0,0.0155784489417017,0.0194470402584966,0.0366192236906063,0.0269230371633082,0.0181250619359025,0.0170482277707563,0.0522759056039227,0.00109624162314459,0.00985091082544653,0.0736039134271247,0.0565398341404393,0.0676505804580917,0.0126521616881935,0.024626327427746,0.0204565341830848,0.0258997380065839,0.0508156271875379,0.00735855898684837,0.0255787753534898,0.0108520926030497,0.015086615183598,0,0.0410539778544608,0.00496312714612334,4.05047389752019e-05,0.0330428376887043,0.0231643209752663,0,0.0261511683937785,0.0302357723379809,0.0181148134546956,0.00199507406069758,0.0139688444101176,0.0185818914552592,0.0356362512573444,0.00215613480277462,0.0358820377900464,0.106710660978145,0.00865910737204984,0.029050401706361,0.0299054120676811,0.0214127568441921,0.0134217225366019,0.0789707293544448,0.0977756906546513,0.0840780791624928,0.0576053271240748,0.0342670261114876,0.0205145243671802,0.0222740898187101,0.015487069094382,0.00694339724302065,0,0
0.0403716928507043,0,0,0.0458497279679515,0.0578374033561928,0.0484010277348694,0.0162142829099731,0,0.0329380058674983,0.0225684325106098,0.0716532103419197,0.0196587161679967,0.0368126243011404,0.0218430246251576,0.00387341941569866,0.0334960596196355,0.0815243323174403,0.0368420031561856,0.0260585482563152,0.0408304379194647,0.0717562199610833,0.0487107670890384,0.0188627182545736,0.00149843670125072,0.0522593004946035,0.0591534971907406,0.0988699692301913,0.0590863167017937,0.00619466016140999,0.0362929881351771,0.0741007746101982,0.0293050607740016,0.0585390038134554,0.0221105395612045,0.0222182967734753,0.0352003621197926,0.0329643728658157,0.0345129881888077,0.0211252776456327,0,0.00317381361221558,0.0145950144435317,0,0.0489575811524317,0.0389315749133392,0.0111311145133337,0.0521300465821231,0.124175609672262,0.103636594239636,0,0.00748616451194327,0.0402229750105347,0.0118458262083565,0.0653342046159518,0.0812810591265098,0.0889078546376603,0.0679231428913388,0.0146750095436149,0.0604868546146048,0.0570644535247884,0.0396238888327291,0.032245747699178,0.0494881500960079,0
0.0138771176452303,0.0241956376639328,0,0,0.0315248503683478,0,0.00127705428115418,0.0329380058674983,0,0.0377995865285301,0.00292717130491873,0.0317725830864966,0.00958059985033448,0,0,0.00196281010144513,0.0075316181361642,0.0228740312550249,0.00319057008802482,0.0152579609038506,0.0226785140982672,0.00570538672617319,0.0168765930773292,0,0,0,0.0188297549514974,0,0,0.00305904112777414,0.00382588547346847,0.00333647905973437,0.0350583470580039,0.00748989237460944,0.00267480586506849,0,0,0.0215617378961571,0,0.0128702831819082,0.0311471587565654,0.016870202737498,0.00901456777734556,0.0344907977627369,0,0.0104749205479333,0.0022652576763428,0.0218926792798999,0.00513272850093422,0,0,0.0113180529012628,0.00706284506142734,0.00773012867973573,0.0302120682851587,0.0080091560201417,0.00845482994562971,0,0.00677507399341456,0.0061649978141566,0.0203645420170426,0.030616559272674,0.0335695125521091,0
0.0247696021231679,0.00802713426161688,0.00775852671357051,0,0.0369391137841404,0,0,0.0225684325106098,0.0377995865285301,0,0,0.0394944510850446,0.0338724089521892,0.0328197309781844,0.0370963799535369,0.0390931355399328,0.00802092389622027,0.00617054358559231,0.0291627511546761,0.00950565910105921,0.022756234099387,0.0189653702192665,0.039132369357334,0.0369300233367746,0.00998723372132683,0,0.0225439113965003,0.0560474105611059,0.00948766436924617,0,0.0055370101806133,0,0.0574680119172594,0,0,0.00642367435179423,0.0186223923413422,0.00873039116204542,0,0.00959237670550897,0.00350709318935565,0.0340087515034664,0.022610609567784,0.0292739191523319,0.0516081609275713,0.0908198792221453,0.0395176676819504,0.0624231176758915,0.0148274852171144,0,0.0321448423459136,0.111772612575528,0.0784013921455682,0.00487098134076375,0.00535472037878177,0.0145386671188698,0.0320690601743776,0.0346935843674009,0.00914173387455171,0.0329859655295523,0,0.000216839318100072,0.0122835819819105,0.111607706897203
0.00128811129722059,0.0270788798048909,0,0.0365869812641426,0.130959709044247,0.00455448405582021,0.0155784489417017,0.0716532103419197,0.00292717130491873,0,0,0.0347741184054821,0.124538646796087,0.185916618063289,0.0704376756700942,0.0724848499421318,0.0510671361292164,0.0678926858458306,0.0604411286300302,0.106067485330836,0.0475041555151498,0.0251147846525457,0.0167551115903215,0.0324571761541723,0.0358146337829124,0.0136016200058372,0.0448479022449999,0,0.0231432339296947,0.0523816284184693,0.0586553863539901,0.0290403489111981,0.0508286994324883,0.0792846366802889,0,0.0147882092019595,0,0,0.0443948454486248,0.0600083547487007,0.0335622413886026,0.00777618811103645,0.127008036099201,0.133442109988458,0.0906746567804378,0,0.0850723817577446,0.0751072092643896,0.0459847605282524,0.120935389728073,0.127256359541722,0.00666130931007675,0.00357616822857576,0.124431103546411,0.132917364272182,0.17028924023762,0.0174200342061192,0.0396497136184066,0.0644870137522502,0.0248436885089616,0.101024191477872,0.0213120608153536,0.00826533319608268,0.00112379714866269
0.0359666427188296,0,0,0.0575904223688229,0.0179574929826871,0.0188955083900479,0.0194470402584966,0.0196587161679967,0.0317725830864966,0.0394944510850446,0.0347741184054821,0,0.0304852479437568,0.022094361455098,0.0108390691451584,0.0106965246764997,0.0468744603754641,0.0214154017874324,0.0274713178047095,0.0332369887895689,0.047124524079583,0.00425839059127648,0.00899931605052532,0.0253688325184663,0.00228025394443608,0.0485334190618269,0.0315298590841274,0.0745019401421788,0.0186608576864671,0.00916180407209283,0.0522634239283288,0.0158542242542789,0.000187417314798035,0.0136834454062301,0.0119448771786665,0.00942710171811339,0.0345488099597654,0.041626271630561,0.0078318479267908,0,0,0,0.0255245969447011,0.00991224861999923,0.0337623690063621,0.0178614439106674,0.0486469958386036,0.0563784300756299,0.0680885452320921,0.00879255504648099,0.00454212735869195,0.0586070223644554,0.0127393148285203,0.013771674717368,0.0942418879317989,0.0328261974459423,0.0436326114644808,0.0159544972397513,0.0186352862208265,0.0466250564234108,0.0295911877958744,0,0.0368300671737658,0.00595161331710011
0.0854070142710459,0.00164471024348874,0,0.0690637733192778,0.0682556508277976,0.0859720787685936,0.0366192236906063,0.0368126243011404,0.00958059985033448,0.0338724089521892,0.124538646796087,0.0304852479437568,0,0.00548589347239979,0.000493542426472832,0,0.0500563832672589,0.103214793433263,0.0935859986692858,0.015089540884961,0.0253713039411989,0.019721699226336,0.0199543902329875,0.0441039273928737,0.0559363814859883,0.0349833277445249,0.045868222880448,0.153560917356659,0.0181173347410181,0.0274413085262368,0.0821587874900487,0.0281694522128983,0,0.0702372949308677,0.053915352041073,0.0269906921616825,0.0711882504092581,0.0607682696422801,0.0106455259316783,0.0223432215927096,0.0208561775782213,0.000324340866355065,0.0470015710298371,0.00192769299500395,0.0229104680455406,0,0.0489475615567755,0.116032869023683,0.183120545102099,0.072929373742009,0.0243042397082198,0.0795139100009606,0.0135700291446396,0.0174161019626707,0.0803119912350679,0.0137643441205493,0.0771580425105931,0.00143760189263545,0.0263092643142887,0.0948935344438309,0.0390229123500542,0.00516825212920475,0.102446884667936,0.0203701726219464
0.00894920699449952,0,0.0327753051141063,0.0217729073306299,0.0839310392562089,0.0389865627497879,0.0269230371633082,0.0218430246251576,0,0.0328197309781844,0.185916618063289,0.022094361455098,0.00548589347239979,0,0.0206400448413616,0.109874180250909,0.107031383088981,0.0657944739457888,0.0583952371452572,0.00852443628224572,0.0118933262129373,0.0663016888397693,0.0185266061528269,0.0601644411609441,0.209750374072968,0.0444753346369337,0.0930581850982141,0.0215547233255697,0.0128333491591781,0.0719882246049622,0.0237267942793629,0.0810921829544959,0.0831571235492221,0.0258524691333982,0.0115111024012657,0.00461288283953666,0.0174774965368787,0.000548836868357517,0.0415271322174239,0.0628203832584925,0.000819024176292548,0.0256499177978789,0.0338921605889735,0.00866713521852731,0.165822144381818,0.11194067664088,0.0922197032382741,0.138245853494147,0.16359898120374,0.0159350662433668,0,0.000237280071086715,0.0287507036313568,0.0690477135497818,0.0116425362026494,0.0697717973353373,0.13404432164749,0.030778016210771,0.113737468155983,0.0291424212312452,0.0134576733795808,0.0259060659375715,0.0582132464685251,0.0363865109684243
0.0016294192312545,0.000465433135869191,0.0103677145205228,0.0119558303062824,0.0541209466381755,0.0131244643400551,0.0181250619359025,0.00387341941569866,0,0.0370963799535369,0.0704376756700942,0.0108390691451584,0.000493542426472832,0.0206400448413616,0,0.0959088405633311,0.060513635247217,0.01882702419164,0.0210174515858514,0.00532442996997981,0.00600070583079907,0.0301257879178493,0.0143113942868733,0.0245522733072071,0.0766775558957939,0.000291562297935211,0.061204983964511,0,0.0120910892538784,0.0457038696774351,0.00195775563745008,0.0546613061494749,0.0793978718319928,0,0.0173997084207666,0.000886965503761541,0.00545426839275513,0,0.00578602816537727,0.0355608740118211,0.00187458480890099,0.0519848131785454,0.0118010448412455,0,0.0327614179573038,0.0844405451730949,0.0015675823539741,0.0722155847645389,0.0513684987742706,0.00166427734241784,0,0.00448031500591502,0.00787126562593524,0.0424006661509633,0,0.0185553128346127,0.0662016702798821,0.0284368392598108,0.0707879813077826,0.0124199388641045,0.0169497577656862,0.0348406684456215,0.0336266349539517,0
0,0,0.0258494277424237,0.0141939370936009,0,0.013870170836756,0.0170482277707563,0.0334960596196355,0.00196281010144513,0.0390931355399328,0.0724848499421318,0.0106965246764997,0,0.109874180250909,0.0959088405633311,0,0.0380643527793663,0.0641985483702445,0.0727282243836876,0.0304017492113063,0,0,0.0153459191816912,0.0113183663990168,0.0527548203963756,0.00300855257604687,0,0.0210948779651431,0.00927474611421187,0.0145087572542293,0.0144549855685758,0.0105435329686094,0.0393849301502778,0.033560535412411,0.0213117956435016,0.00129299663309928,0.00836972014120329,0.00941408959446703,0.0339013880286241,0.0439311223578286,0,0,0.0647461010314577,0.00722644940931856,0.0797216973958206,0.127778621089805,0.0779777875116508,0.0172520626231923,0.0773667004318575,0.0752087746990881,0.0546150290130194,0.00595342016198356,0.00974826510210478,0.00353937368473188,0.0122185132581117,0.0142117505387597,0.0238784426081046,0.0527572910168266,0.000502202096796501,0,0.0187862102637462,0,0.0682684796575814,0.00577523935100071
0.00338370838729186,0.00175917831017263,0.0350535753950262,0.0116624070254777,0.0596061874824581,0.0178123548131689,0.0522759056039227,0.0815243323174403,0.0075316181361642,0.00802092389622027,0.0510671361292164,0.0468744603754641,0.0500563832672589,0.107031383088981,0.060513635247217,0.0380643527793663,0,0.127877160233758,0.108226856804902,0.139656605659622,0.0540992354503995,0.0701234222939473,0.00879369336324849,0.00823891333858671,0.0312245409778117,0.0320793334991889,0.0532316638038624,0.0215173989696717,0.0161694823892356,0.0352342540670437,0.0224054898885216,0,0.0523922019822827,0.142686878848495,0.0310393656146308,0.0190614536158107,0.0302633527686877,0,0.0424274212674205,0.0593540076679275,0.0456227732541559,0.0287172649333641,0.0793498639949541,0.0381546651904829,0.0619829378264147,0.0631210428717426,0.0672559849038598,0.0581001052576277,0.0442298508405822,0.140029449583586,0.128077706068527,0,0.00434336776194226,0.0953704116989856,0.100736498218706,0.102702032230047,0.0303631957269882,0.0266111077512185,0.0388057098223601,0.00826088996903637,0.0209876181549547,0.0198233854566236,0.043429344855588,0.00928345906575974
0.0724839081833652,0.0125928316385412,0.00698996698657922,0.0667892655101421,0.14299874854976,0.0223584807764156,0.00109624162314459,0.0368420031561856,0.0228740312550249,0.00617054358559231,0.0678926858458306,0.0214154017874324,0.103214793433263,0.0657944739457888,0.01882702419164,0.0641985483702445,0.127877160233758,0,0.0188835725237448,0.204677464756512,0.134378868907753,0.096950626722274,0.00529661237174262,0.0131007369359649,0.0999890889568623,0.0952573098742839,0.153916129056753,0.0301882678604724,0.0307350479958867,0.0255551476101693,0.0499604035804067,0.0432855016708578,0.135662185666483,0.0362293227182558,0.0137156699371103,0.0344411528654581,0.0463838470239012,0.0242115347035913,0.0230485338680201,0.0169706036481249,0.0400916064805697,0.0209901803701463,0.0489924904580638,0.0705821640337616,0.0646671554595776,0.00947447543036535,0.0823054058244759,0.297493532282291,0.196895854249402,0.0676816019653683,0.0970085646470984,0.0582415584953317,0.0095276623039035,0.155174371074985,0.148923906184501,0.149232529166601,0.124606765310754,0.0334320384831378,0.0957816612792077,0.0669479651606652,0.0354917742276361,0.0388840999149855,0.0224305396024371,0
0.0681452389791854,0.038789641347386,0,0.0287492858930494,0.131174672351707,0.00350298659525672,0.00985091082544653,0.0260585482563152,0.00319057008802482,0.0291627511546761,0.0604411286300302,0.0274713178047095,0.0935859986692858,0.0583952371452572,0.0210174515858514,0.0727282243836876,0.108226856804902,0.0188835725237448,0,0.168947310964071,0.0843719708587994,0.0883760142907955,0.0173245909250202,0.0237487629108874,0.088279452013628,0.032313613832342,0.111131934493392,0,0.0386534178534546,0.0355178754910964,0.0260170415331443,0.0610036326586632,0.140552465876513,0.0674246979613391,0.00937745736237378,0.0326128428441052,0.0331738133859493,0,0.00939218342832067,0.00512050852249607,0.0512386073759619,0.0545994080637986,0.0481311650275991,0.066144148804758,0.0471612235202991,0.00222872502061923,0.0121728569374668,0.186011489552354,0.0305473143952993,0.0992673431333357,0.130005958548476,0.0436654963329686,0.0121109752266041,0.181043632764358,0.093553464807249,0.128519708335206,0.0502586103739984,0.0190515733218839,0.0568997781840716,0.0583054588884591,0.0546102610187365,0.052180249214961,0.0291677803248443,0
0.0539160384077357,0.0301258089020027,0.0116585353653321,0.0250339734582324,0.0672122176003014,0.117434387764926,0.0736039134271247,0.0408304379194647,0.0152579609038506,0.00950565910105921,0.106067485330836,0.0332369887895689,0.015089540884961,0.00852443628224572,0.00532442996997981,0.0304017492113063,0.139656605659622,0.204677464756512,0.168947310964071,0,0.0780036387785611,0.0389060699642164,0.0186598070721479,0.0393095299535265,0.0734985027747004,0.0841557286800962,0.137180832312285,0.139659105611768,0.0209793779413921,0.0194743970195515,0.0380746632148455,0.0860850339233623,0.153850644955594,0.106890667700713,0.0447841413501703,0.0381235216873908,0.0489718704460371,0.0541691045435919,0.0516808030559801,0.0725839655799346,0.000303967283174122,0.00598560498051469,0.0756830858387349,0.0189808311285384,0.00772073238926287,0.0263511272420491,0.0329509758692103,0.199231727343903,0.32484642682309,0.138330103035572,0.106644122878954,0.0606733562142548,0.021500128150762,0.0490183004369981,0.0456000024125842,0.0553726539148629,0.117653692178151,0.012203018701233,0.0606014980612651,0.0654951447811354,0.000832742074126258,0.0651821652167035,0.155788604166905,0
0.0161846927117568,0,0.00121641591377473,0.00951663336548104,0.00846884992659336,0.0619343394206058,0.0565398341404393,0.0717562199610833,0.0226785140982672,0.022756234099387,0.0475041555151498,0.047124524079583,0.0253713039411989,0.0118933262129373,0.00600070583079907,0,0.0540992354503995,0.134378868907753,0.0843719708587994,0.0780036387785611,0,0,0.0205865292678686,0.0381886566704563,0,0,0.000194446680393748,0.0862901296551781,0.0019898719880864,0,0.0282993591814315,0.0313329059885899,0,0.114289781727551,0.0255596762389004,0.0116124466515244,0.020289132348138,0.0507673604390632,0.0303535836294675,0.0904266453326547,0.0308792401563352,0.024162747861485,0.0563829329131901,0.0357519952713206,0,0.0188047017478569,0.00048661274202261,0.0215153318732723,0.157298802948863,0.0940239892048409,0.0700480965037864,0.033386650921636,0.00443998662498605,0,0.0187885535841365,0,0.0481685931498174,0,0,0.00934086950872505,0.0116861530882542,0.0063009067647878,0.0579570432393857,0
0,0,0.00759756704267683,0,0,0.0522245591977868,0.0676505804580917,0.0487107670890384,0.00570538672617319,0.0189653702192665,0.0251147846525457,0.00425839059127648,0.019721699226336,0.0663016888397693,0.0301257879178493,0,0.0701234222939473,0.096950626722274,0.0883760142907955,0.0389060699642164,0,0,0.0414306717684367,0.0394115550041873,0.00697378485967,0,0.0084507082871374,0.0335362474996837,0.0181772298100051,0.00614147163104255,0,0.044388621628268,0.0802545722693052,0.0497653705345336,0.0102128325979625,0,0,0.00711262972961404,0.0464010529417396,0.0742990680373139,0,0,0.0673710384734476,0.0101857934366741,0.0028185481365584,0.0121268644910837,0.00428176863153763,0.0321175554244177,0.101630961990101,0.0677343093769294,0.0935558158209608,0.0120951684945375,0.0076058919340891,0,0.00520495810994423,0,0.0415710444273919,0,0,0.0142487312652681,0,0.0422276693614059,0.0723066726681442,0
0.0237899902910418,0,0,0.0349999012884718,0.000487589361567128,0.00555764207142522,0.0126521616881935,0.0188627182545736,0.0168765930773292,0.039132369357334,0.0167551115903215,0.00899931605052532,0.0199543902329875,0.0185266061528269,0.0143113942868733,0.0153459191816912,0.00879369336324849,0.00529661237174262,0.0173245909250202,0.0186598070721479,0.0205865292678686,0.0414306717684367,0,0.0827735552219832,0.00931783390323196,0.0267264804753457,0,0.0279791163479708,0.0179204127886481,0,0.0090603477235976,0.00679983969721362,0.0105119111049391,0.00931728190056214,0,0.00965279418348943,0.018699746560105,0.0261406359525747,0.000154908243139371,0.000728860062111045,0.00263611939736631,0.0267533162682351,0.0104750846140986,0,0.0278304084397308,0,0.0493361483806387,0.0250569422754707,0.0209347188658646,0.00195520080390767,0.0172650334151948,0.0293305735893539,0.116596893538303,0.00781834195130133,0.018592949053424,0.0264602891861904,0.0482475782808691,0.0336390612965205,0.01770357190222,0.0164378531471713,0.0265933418678441,0.0113460653379322,0.0069318286218819,0.0153767192948852
0.0363888851622692,0.0421585742658885,0,0.0459158514928244,0.0491137467287872,0.00813559404889212,0.024626327427746,0.00149843670125072,0,0.0369300233367746,0.0324571761541723,0.0253688325184663,0.0441039273928737,0.0601644411609441,0.0245522733072071,0.0113183663990168,0.00823891333858671,0.0131007369359649,0.0237487629108874,0.0393095299535265,0.0381886566704563,0.0394115550041873,0.0827735552219832,0,0.00670815527043243,0.0497281430026432,0.0230451148718253,0.0512611688368202,0.0671671207657818,0.0215448522647126,0.0233694958867833,0.00342742011594788,0.00391122199644375,0,0.00734471236615455,0.0413231436593383,0.0244907638509487,0.0206433251972299,0,0.0345491310981865,0.00127982003244282,0.0025391098914642,0.076409679031934,0.0382914016070678,0.0411359469344355,0.00107313644530461,0.0774071477101565,0.0443685450048007,0.0153787096848695,0.0097490356707959,0.0165488260380361,0.0659179110520985,0.0361097180546617,0.0282719896080546,0.0944413230533799,0.038307076927934,0.0129564018950755,0.0445004728267005,0.00969887542538783,0.0236083091782339,0.0208447693021307,0.00124429126062743,0.0124430774856482,0.0134953447446773
0,0,0,0,0.0276679616785021,0.056607474715449,0.0204565341830848,0.0522593004946035,0,0.00998723372132683,0.0358146337829124,0.00228025394443608,0.0559363814859883,0.209750374072968,0.0766775558957939,0.0527548203963756,0.0312245409778117,0.0999890889568623,0.088279452013628,0.0734985027747004,0,0.00697378485967,0.00931783390323196,0.00670815527043243,0,0,0,0.0527801835253197,0,0.00370592176701393,0,0.0174371304147526,0.0174426610973891,0.0783039361063382,0,0,0,0.0126211433600552,0.0399129119608024,0.0544460494818701,0.00200769544279231,0.0098258405744314,0.122115498101822,0.0531379246352174,0.0677218141895399,0,0.0721811535417475,0,0.128749472808061,0.132147306375126,0.144635504413259,0,0,0.0556364305658107,0.0585939712208136,0.0890799724585189,0,0.022463962723733,0.0134993845466982,0.0173683221680608,0.0273011631312193,0.0154618980557765,0.0429913268511823,0
0,0.0266811058800017,0,0,0.0116002409104357,0.0214613004166078,0.0258997380065839,0.0591534971907406,0,0,0.0136016200058372,0.0485334190618269,0.0349833277445249,0.0444753346369337,0.000291562297935211,0.00300855257604687,0.0320793334991889,0.0952573098742839,0.032313613832342,0.0841557286800962,0,0,0.0267264804753457,0.0497281430026432,0,0,0,0.0240688874748417,0,0,0,0.0245574960648978,0.00433389778541141,0.0642182513602453,0.00947008372725755,0,0,0.00592656040602539,0.0225026624047661,0.0731137003818249,0.025828789148831,0.0121509092110976,0.0676821855713853,0.0269061703746982,0.00142566703330207,0.0119020209483147,0.00384292884957161,0,0.104173124321329,0.0944566538884518,0.0694179592921207,0,0.0225376375214552,0.00468172213653152,0.0165487488249631,0.00423522581383366,0.0564480792666125,0,0,0,0.0129309262241339,0.00327385925461013,0.0238515250375735,0
0,0.00208762273738001,0,0.0020690672810466,0.0387783832931937,0.0750365247061932,0.0508156271875379,0.0988699692301913,0.0188297549514974,0.0225439113965003,0.0448479022449999,0.0315298590841274,0.045868222880448,0.0930581850982141,0.061204983964511,0,0.0532316638038624,0.153916129056753,0.111131934493392,0.137180832312285,0.000194446680393748,0.0084507082871374,0,0.0230451148718253,0,0,0,0.0880644640959539,0,0.0012387074363895,0,0.0252543780941715,0.00209399761379569,0.132146337365709,0.0509178736968551,0.0134616093506891,0.0163130967148272,0.0481255486225773,0.052053367195724,0.0447714447507142,0.0640662765467624,0.0438116441425039,0.116917125189722,0.0286970489863095,0.0130121015812321,0.00729600071088757,0.00245963236927223,0.00319513930077539,0.153368993140007,0.157510159998763,0.122431385954177,0.00842252218762551,0,0.0444665345294922,0.032733355159703,0.048788855340452,0.0252173358322456,7.75393056899968e-05,0.00069515582522143,0,0,0.000145841659746746,0.0789067404359946,0
0.0365823460101979,0.0521190554872661,0,0.00939509750829102,0.133251626049548,0.00292018275894167,0.00735855898684837,0.0590863167017937,0,0.0560474105611059,0,0.0745019401421788,0.153560917356659,0.0215547233255697,0,0.0210948779651431,0.0215173989696717,0.0301882678604724,0,0.139659105611768,0.0862901296551781,0.0335362474996837,0.0279791163479708,0.0512611688368202,0.0527801835253197,0.0240688874748417,0.0880644640959539,0,0.00157048881884008,0,0,0.00229850573366258,0.0700819464483267,0.0742112650133031,0,0.00680912597974755,0.00517799541128224,0.00492146436041228,0.0126461017357875,0.0195020236409056,0.068119047804429,0.0457868799019874,0.0531997073181446,0.072394068911831,0.00189070758465321,0,0.00491175241017253,0.159947902139121,0.00872648229201146,0.0963675705596472,0.102362596360046,0.0861770267837565,0.0681265932541953,0.14216985484726,0.078519555129751,0.109605062391736,0.0111713924924854,0,0.0207649071588247,0.0756055431975493,0.0257425604935023,0.0125340938649146,0,0
0.0176791198153477,0.00727816430820552,0.0146220661646959,0.00239529877096715,0,0.00743649645650063,0.0255787753534898,0.00619466016140999,0,0.00948766436924617,0.0231432339296947,0.0186608576864671,0.0181173347410181,0.0128333491591781,0.0120910892538784,0.00927474611421187,0.0161694823892356,0.0307350479958867,0.0386534178534546,0.0209793779413921,0.0019898719880864,0.0181772298100051,0.0179204127886481,0.0671671207657818,0,0,0,0.00157048881884008,0,0,0,0.0179925913356957,0.0165195819448239,0.0123963027175056,0.0249291719398394,0.00591576723142991,0.022523430174251,0,0.0264302096523924,0.0657833213312225,0.015242404543073,0.0228862590111321,0.00464600814168403,0,0.000651320545688231,0.0325084097542605,0,0,0.0065469597672566,0.0218154400322693,0.0152217654554101,0.00974765703477043,0.0216886705995323,0.00205494834985018,0.0133531726179698,0.0251096222399295,0.0411209508052888,0,0.00125026071111712,0.000143212969783785,0.0145570900450226,0.00737928631953014,0.0225336409020745,0
0,0,0,0.00204186639758853,0,0.00636495733368395,0.0108520926030497,0.0362929881351771,0.00305904112777414,0,0.0523816284184693,0.00916180407209283,0.0274413085262368,0.0719882246049622,0.0457038696774351,0.0145087572542293,0.0352342540670437,0.0255551476101693,0.0355178754910964,0.0194743970195515,0,0.00614147163104255,0,0.0215448522647126,0.00370592176701393,0,0.0012387074363895,0,0,0,0,0.0292166633654645,0.00397992293853862,0.0171118631997401,0,0,0,0.00233731468597404,0.0306907498713882,0.0363785740447764,0.0113971626606895,0,0.0595146788620551,0.0367105710636514,0,0.00566806526214308,0.0142359970371627,0,0.057761273730425,0.0415983422076106,0.0350759510375869,0,0,0.0331668559721605,0.0132780851489708,0.066626020639668,0.00767651871165494,0.0100973252933912,0,0,0.0130485245015768,0.029757825625125,0.019590530599708,0.0256768470181075
0,0.0357697134685554,0,0,0.0540440483171848,0.0121363878020951,0.015086615183598,0.0741007746101982,0.00382588547346847,0.0055370101806133,0.0586553863539901,0.0522634239283288,0.0821587874900487,0.0237267942793629,0.00195775563745008,0.0144549855685758,0.0224054898885216,0.0499604035804067,0.0260170415331443,0.0380746632148455,0.0282993591814315,0,0.0090603477235976,0.0233694958867833,0,0,0,0,0,0,0,0.0322014186195606,0.0147065039445647,0.0578345213016949,0,0,0.00368626798741935,0.0136493221311682,0.0150447867254304,0.0391462357164005,0.0366390620638338,0.00330335394575341,0.0564559500254459,0.148148695105033,0.00340429097058433,0.0307727766689949,0.0167762041533857,0,0.0448073065670513,0.0427140963851456,0.0346528694949541,0.00690256330983273,0.0170645745863148,0.0201843668725472,0.030290226758126,0.0271912585036427,0.0369614309685823,0,0.0128569996151819,0,0.0687850299708912,0.000275474902308218,0.0184812560778988,0.0198797226407159
0.00942518336645589,0.00424266063274632,0,0.0116979170729647,0.0495556266744777,0,0,0.0293050607740016,0.00333647905973437,0,0.0290403489111981,0.0158542242542789,0.0281694522128983,0.0810921829544959,0.0546613061494749,0.0105435329686094,0,0.0432855016708578,0.0610036326586632,0.0860850339233623,0.0313329059885899,0.044388621628268,0.00679983969721362,0.00342742011594788,0.0174371304147526,0.0245574960648978,0.0252543780941715,0.00229850573366258,0.0179925913356957,0.0292166633654645,0.0322014186195606,0,0.015080324999975,0.0524963983578803,0.0464994926938245,0.0225699296016539,0.0112022075868708,0,0.00511279507508173,0.0284066480333296,0.0149892964227009,0,0.070410818525556,0.0438712526996847,0.0473648649715735,0.00176024187611241,0.0732739311309703,0.069984147162552,0.0118687426097403,0.0952500497310755,0.067632796777981,0,0,0.05045541523634,0.0851547196189559,0.0943422000864198,0.0448369489169421,0.0501968432043374,0.0260766156459313,0.0214717111498281,0.0247510353540956,0.0138603682239343,0.0287185728142822,0.00569870291643702
0,0,0.0056014590605761,0,0,0.0535646006509086,0.0410539778544608,0.0585390038134554,0.0350583470580039,0.0574680119172594,0.0508286994324883,0.000187417314798035,0,0.0831571235492221,0.0793978718319928,0.0393849301502778,0.0523922019822827,0.135662185666483,0.140552465876513,0.153850644955594,0,0.0802545722693052,0.0105119111049391,0.00391122199644375,0.0174426610973891,0.00433389778541141,0.00209399761379569,0.0700819464483267,0.0165195819448239,0.00397992293853862,0.0147065039445647,0.015080324999975,0,0.117809884086125,0.0234321079283881,0.0115933276775033,0.0227656224099017,0.0567990080720199,0.0358259905151298,0.0105855830733248,0.0345809820776579,0.0808304798169501,0.0664232903286655,0,0.0662164796660974,0.0484437091907026,0.0138246958703712,0.00188307620480478,0.117960151186163,0.162160648432545,0.142417602304113,0.0264800628209558,0.00887027261561594,0.0275140325791154,0.023689948700805,0.0187685842306104,0.0219492048741113,0.0538933610572219,0.0271624869575556,0.00469449834165693,0,0,0.0806797821671705,0.0343766670685594
0.0760530306411055,0.0154954700301995,0,0.0547464767176042,0.104182910616174,0.0615913381670299,0.00496312714612334,0.0221105395612045,0.00748989237460944,0,0.0792846366802889,0.0136834454062301,0.0702372949308677,0.0258524691333982,0,0.033560535412411,0.142686878848495,0.0362293227182558,0.0674246979613391,0.106890667700713,0.114289781727551,0.0497653705345336,0.00931728190056214,0,0.0783039361063382,0.0642182513602453,0.132146337365709,0.0742112650133031,0.0123963027175056,0.0171118631997401,0.0578345213016949,0.0524963983578803,0.117809884086125,0,0.0256398433162125,0.0486058735091189,0.0431809803554257,0.0301092635566718,0.0165235393607,0.00109316346130075,0.0283828770640502,0,0.0140226693419198,0.0622283833033182,0.0410361085705716,0,0.0510202882838698,0.245534336607973,0.203524196425839,0.0073243957932563,0.034946968548559,0.0797429115964674,0,0.108458253730532,0.121278786071943,0.127737290704818,0.0737505983813547,0.00422804675631311,0.0602327985428349,0.0674938339660072,0.0287723996289771,0.0433068826203952,0.0664311281231723,0
0.026279392755295,0.00967832737725069,0,0.0115468640901285,0.0373086491370335,0.00987448094198978,4.05047389752019e-05,0.0222182967734753,0.00267480586506849,0,0,0.0119448771786665,0.053915352041073,0.0115111024012657,0.0173997084207666,0.0213117956435016,0.0310393656146308,0.0137156699371103,0.00937745736237378,0.0447841413501703,0.0255596762389004,0.0102128325979625,0,0.00734471236615455,0,0.00947008372725755,0.0509178736968551,0,0.0249291719398394,0,0,0.0464994926938245,0.0234321079283881,0.0256398433162125,0,0.00721079906872851,0,0,0.014888163348606,0.00734769358387799,0.0117681598575032,0,0.0237181254177578,0.0288385282199829,0.00648849779772749,0,0.0108866769011697,0.0676321521150413,0.0143637418604906,0.0345626711561327,0.019761335407738,0.0114789442787084,0,0.0599651798263869,0.0403550940900407,0.068528545298308,0.0125211988481632,0.00999413461282219,0.00960143453165371,0.0189799237388127,0.0290058362360577,0.0199774998190611,0.000968952446119726,0
0,0.0115024485551962,0,0,0.0173882924831464,0.00549315103584117,0.0330428376887043,0.0352003621197926,0,0.00642367435179423,0.0147882092019595,0.00942710171811339,0.0269906921616825,0.00461288283953666,0.000886965503761541,0.00129299663309928,0.0190614536158107,0.0344411528654581,0.0326128428441052,0.0381235216873908,0.0116124466515244,0,0.00965279418348943,0.0413231436593383,0,0,0.0134616093506891,0.00680912597974755,0.00591576723142991,0,0,0.0225699296016539,0.0115933276775033,0.0486058735091189,0.00721079906872851,0,0,0.000235781800299045,0.0220618004296023,0.0170144386290157,0.0226605143526471,0.0156467946934913,0.022121315464319,0.0270645870141748,0,0,0,0.0251821962408657,0.0233271915295785,0.053360710015925,0.0417396884575153,0.0125785813645595,0.0152298279094223,0.0515462980740279,0.00844681847576153,0.0098059427152491,0.0223456630167853,0,0,0.00425052102980941,0.0263134469932137,0,0.0358188055498326,0
0,0,0,0.00181801387171171,0.0420540285213492,0.00871088068021783,0.0231643209752663,0.0329643728658157,0,0.0186223923413422,0,0.0345488099597654,0.0711882504092581,0.0174774965368787,0.00545426839275513,0.00836972014120329,0.0302633527686877,0.0463838470239012,0.0331738133859493,0.0489718704460371,0.020289132348138,0,0.018699746560105,0.0244907638509487,0,0,0.0163130967148272,0.00517799541128224,0.022523430174251,0,0.00368626798741935,0.0112022075868708,0.0227656224099017,0.0431809803554257,0,0,0,0.00316077662669153,0.00981373723210217,0.0214919175024594,0.0236193229505503,0.00884653992663512,0.0356467378777766,0.0654060284175972,0,5.06330905493243e-06,0.00129303133156117,0.0186113654781753,0.0207119243121437,0.0448804015820126,0.043199652136194,0.0111816737139003,0.0135823671054701,0.0486392970002478,0.0327364142603284,0.0366555383148491,0.0100096945562548,0.00239250941945231,0,0.00767054134781428,0.0216409775264985,0.0158996417245096,0.00782123166701394,0
0.00974232346630501,0,0.00759057803460636,0,0.0644190486465346,0,0,0.0345129881888077,0.0215617378961571,0.00873039116204542,0,0.041626271630561,0.0607682696422801,0.000548836868357517,0,0.00941408959446703,0,0.0242115347035913,0,0.0541691045435919,0.0507673604390632,0.00711262972961404,0.0261406359525747,0.0206433251972299,0.0126211433600552,0.00592656040602539,0.0481255486225773,0.00492146436041228,0,0.00233731468597404,0.0136493221311682,0,0.0567990080720199,0.0301092635566718,0,0.000235781800299045,0.00316077662669153,0,0,0.0163456054928393,0.0118907803712169,0.0236646181585734,0.0114120199063891,0.041294404033534,0,0.0153904225220655,0,0.0504700763439084,0,0.0148242276359367,0.0438702600335174,0.0289896239884069,0.0205555806646447,0.042268747750108,0.0391518122378076,0.0431674195083216,0,0,0.00426529717912256,0.0360502601657451,0.0114926155973051,0.0293981868232939,0,0.0124278301819447
0.0158418647241632,0.00545217175285044,0.0366494192176475,0.0139946390763147,0.0455121900487988,0,0.0261511683937785,0.0211252776456327,0,0,0.0443948454486248,0.0078318479267908,0.0106455259316783,0.0415271322174239,0.00578602816537727,0.0339013880286241,0.0424274212674205,0.0230485338680201,0.00939218342832067,0.0516808030559801,0.0303535836294675,0.0464010529417396,0.000154908243139371,0,0.0399129119608024,0.0225026624047661,0.052053367195724,0.0126461017357875,0.0264302096523924,0.0306907498713882,0.0150447867254304,0.00511279507508173,0.0358259905151298,0.0165235393607,0.014888163348606,0.0220618004296023,0.00981373723210217,0,0,0.00339424873063057,0.0254366163456158,0.0259683221921052,0.0274191026739109,0.0161781318147184,0.0478019064849524,0.0410330251098983,0.0284069397649093,0.0654342977140425,0.0174817360914351,0.0142042122723888,0.0310281576766707,0.0106979744397851,0.00880155407496513,0.0642431115746316,0.0367985703764442,0.0409373154733497,0.0377169704865579,0.0231079304290044,0.0365956768643275,0.0242102796635474,0.0143524917196449,0.0278814991424822,0.017898354873091,0
