0,0,0.00248114848242253,0.00966556220867246,0.00573329892639023,0.0167946045161253,0.0271009958327371,0.0246358446035099,0.0281752389973126,0.0141332501471298,0.000489247155668208,0.0194627980090624,0.0352102757564469,0,0,0.0100946456488137,0.0254870409427788,0.0199618629493127,0.0305398710365781,0.0225508459424694,0,0.0064040769169006,0.033022083209287,0.0323885918460103,0.0044095420552639,0,0.0198219575314972,0.0150218565803845,0.00701147126381653,0.0245542284478709,0.0318849223785912,0.00589713531409267,0.00828758053896346,0.00935920393900359,0.0156226774245932,0.0069892296728153,0.00832598618277838,0.00617150455344898,0,0.0158176261057867,0.0134639562306773,0,0,0.000418139438835978,0,0.0162382893233242,0.0457149886050389,0.0174506900256501,0.00441114628795082,0.0440675286052761,0.0357881889005644,0.0137445680795168,0.0498839733802225,0.00736829879716152,0,0,0.0141985476837874,0.00587977939443071,0.0161416113680361,0,0,0,0.0280496202291697,0.00861564295200723
0,0,0.0245752753151384,0,0,0,0.0558022606923071,0.029818793057677,0,0,0,0.0472329691211014,0.050361373685487,0.0100118692904712,0.00597816828623456,0.010109664539114,0.0287659218144453,0.0340909868179197,0.0168766888149362,3.63351338104837e-05,0,0.000696885600961557,0.0254849905217993,0.0616921156732381,0.0274260216919224,0.0472078631295109,0.0334902194812669,0.0440124638692839,0.0504771655612061,0.0533124429587368,0.0233246830168068,0.0219994721632715,0.00216671077648691,0.0276011904455647,0.00859027509487184,0.0221222297925065,0,0.00348397938066806,0.0131486493870727,0.0437375946766863,0.000522359842683762,0,0.00630084149641644,3.89350262091139e-05,0.0216831403024895,0.0336550930860521,0.0419564053740099,0.0198234442009536,0.0161108814407264,0.0300176666993511,0.0310010259920117,0,0.062407754645581,0,0.00247289811782842,0.022505325087351,0.0206766651493665,0.0400185512146385,0.0489119163056379,0,0.00264189667216845,0.00409346744620725,0.0213818285469922,0.0330382573688902
0.00248114848242253,0.0245752753151384,0,0,0.0145829776638332,0,0.0778201112495319,0.0674109815514509,0,0.000243609181522385,0,0.0450672860394281,0.0967573899558693,0.0213772123135023,0.00534616981730928,0.0688875299176278,0.0416348698352134,0.0114611075644876,0.00321904980687342,0.0629873374688647,0.010088511318192,0.0128865644556259,0.0214246289217819,0.0475648101913463,0.00407344021681324,0,0,0,0,0.00670095950851619,0,0,0,0.00977036841749304,0,0,0,0,0,0.0460058808711857,0.00233883855793864,0,0.0323989668410413,0.0344949256185913,0.0127195748367778,0.00710470744817437,0.00163836973930953,0.00188063383057796,0.0156709553298025,0.0812748442276696,0.138132585639233,0.00270117685509993,0.0602357166042231,0.0429521498811216,0.0130649197598936,0.0187339613303279,0.0487277139129097,0.0179625279837683,0,0.0167459286546363,0.01293796593281,0,0,0
0.00966556220867246,0,0,0,0,0,0,0,0.00671312335566594,0.00701936248782606,0.00277591110097689,0.0102432335355298,0.0602149901855473,0.00328976941460016,0,0,0.0266700915237929,0,0,0.0101245081129228,0,0,0,0.0116480022512643,0,0,0,0,0.000822474156577334,0,0,0.00992079872557135,0,0,0.0039699304956592,0,0,0.00362567814901325,0,0.00143293074867481,0.0166868132714368,0,7.71119973396083e-05,0,0,0.00169300763831201,0.00411185302678888,0,0,0.0123538886520864,0.0131603518777021,0,0.0333420213094008,0.00364622051155097,0,0.01358315684752,0,0,0,0.0052277674135653,0.0127436961667803,0,0,0.0093533643452018
0.00573329892639023,0,0.0145829776638332,0,0,0.0070758946748841,0.0113332592514831,0.00105506374196186,0.022067903039382,0.0302057564250398,0.0018819133782481,0.000922374171873188,0,0,0,0.0260012647392075,0.0161678977261353,0.0173108980822948,0.000579308487115343,0,0,9.54297751467279e-05,0,0.024394243393025,0,0,0.00457930527468543,0.00813971628722404,0.0029640403760352,0.0189094400507715,0.0199869185683478,0,0.00339849489909516,0.0225247589120398,0.0195088195048051,0.00611185202892256,0.000995915684656741,0,0,0,0.0234068287914161,0,0,0.00460908469361273,0,0.0305246300508355,0.0294885357531685,0.0217591366894466,0,0.0216184131475208,0.00168212061649042,0,0.0140993675295983,0,0,0,0.0219419317147967,0.00297113097941725,0.0152970802571904,0,0,0,0,0.0568183433452535
0.0167946045161253,0,0,0,0.0070758946748841,0,0.0122146394734149,0.0167515658395528,0.0149551950803398,0,0.00633846519690391,0.00551811980466118,0.0658813311467197,0.000309478589010662,0.00878694897894501,0.0246911591671088,0.0219128208274797,0,0.00903868553905172,0.0506919032502803,0,0.0128788499148523,0,0.00602072948610025,0.00708639633214885,0,0,0,0,0,0,0,0,0,0.00557501104488716,0,0.0180136138370637,0,0,0.00255223390657921,0.0161421298479631,0,0.0157274942322283,0.0113487147540431,0.00574958415722323,0.00281098945152101,0.00253604241739527,0.00117694611970292,0.00519517577222115,0.0635489779167774,0.0872746749673126,0.0125073300243585,0.0365908440162656,0.0556479242530182,0,0.0175374996794685,0.00359973994058664,0,0,0.0148882672941052,0.00835004292135377,0,0,0
0.0271009958327371,0.0558022606923071,0.0778201112495319,0,0.0113332592514831,0.0122146394734149,0,0.0245010004231807,0,0,0,0.00995033919164996,0.106164675936289,0.0141494013430037,0.0170171776436491,0.143963023685625,0.0253940877260022,0.0181131561614454,0,0.0455972961171681,0,0.026862426661163,0,0.00657012903282709,0.0385135965487686,0.0104359273596659,0,0.0192615064858667,0,0.0789632455994235,0.013642426248236,0.00923488761459735,0.054369847366962,0.0376496695478053,0.000860474862726661,0.0148547504492357,0.00899975870809602,0,0,0.00707671620195431,0,0,0.0314765533997555,0.0543144496849307,0.0417715712863375,0.0260875174167982,0.0480603970914007,0.0514575802446695,0,0.043261289056451,0.115420049385714,0.00850606471005172,0.0426441774359926,0.0518864312086756,0,0.0541236818786162,0.0782659741385831,0.0218410926442775,0.000368441340549199,0.0671787103882794,0.0472894794998965,0.00218744831120112,0.00255259305966355,0.049038550950325
0.0246358446035099,0.029818793057677,0.0674109815514509,0,0.00105506374196186,0.0167515658395528,0.0245010004231807,0,0.00389209281388311,0,0,0,0.0367005015462255,0.00501364230285742,0.024642771791253,0.100509633918696,0.00173968703402505,0.0200677870251222,0.0216644563519238,0.0616727240119576,0,0.0296443811759167,0,0,0.02503030957682,0.00476147029158974,0,0.0138608663035263,0.00638214595840574,0.0592250861711596,0.0030657051379402,0.0147658095545229,0.0420787287843979,0.0460690466539898,0.0135401300602543,0.0319857073932986,0.0119437154761644,0,0.00383645375137464,0,0,0.00488036651373013,0.0257745940758216,0.030367946071844,0.030728752265448,0.02577312516147,0.0296840793266091,0.0308018326287227,0,0.0333829672231284,0.10565484733045,0.00730862451477881,0.0220993026810654,0.049226986484102,0,0.0204599862662234,0.0523774294241558,0.00907280947396232,0.00353834821500124,0.0468797186108402,0.0293432773065923,0.00876336129536388,0.0179679697936747,0.0495508113669514
0.0281752389973126,0,0,0.00671312335566594,0.022067903039382,0.0149551950803398,0,0.00389209281388311,0,0,0,0,0.0104476972090472,0,0.00390463816093998,0.00119026063005878,0.0146933358883398,0,0,0.00330544843782508,0,0.00255274432417747,0.000158965192643134,0,0.00398241254264377,0,0,0,0,0,0,0,0,0,0,0,0.00183664940199362,0,0,0,0.00727022902181472,0.00427346620454845,0,0,0.00204276858318,0,0,0,0,0,0.00479140928666581,0.0313527957079804,0.0180392593517367,0.0087415147258327,0,0,0,0,0,0.00746233627408878,0,0,0,0
0.0141332501471298,0,0.000243609181522385,0.00701936248782606,0.0302057564250398,0,0,0,0,0,0,0,0.0157871689725053,0,0.0061593706560149,0.045136472919844,0,0,0.000610720992486449,0,0,0.013254085404365,0.00347478113471733,0.005706087103818,0.0115365776211543,0.00457144036814416,0.0103790810225756,0.00785692501285987,0.00942897523836232,0.0149318240129882,0.00850913361105001,0.00243008496953083,0.0104948944580228,0,0.00617012156163236,0.00355196818420318,0.0167350182052663,0.0253189382277645,0,0,0,0.016331235394156,0,0,0.0132567297926802,0.021359110651622,0.0187091772671927,0.0148282708910147,0,0,0.00755567976279546,0.0175406121190947,0.0358806932823459,0,0,0.00575362725374731,0.0302600624837008,0.00667951404129963,0.0233168310921897,0.00281880073145762,0,0,8.55444074632236e-05,0.0802471821809377
0.000489247155668208,0,0,0.00277591110097689,0.0018819133782481,0.00633846519690391,0,0,0,0,0,0.00649527866101162,0.00973080902590849,0.0178324790765269,0,0.00863655555181356,0,0.00841968465529625,0.0188685866738061,0.00725267898874107,0,0.00104619938340781,0.0190645749732091,0,0,0.0122091561825717,0.0244830108028006,0.00404969784280926,0,0,0,0.00112032993656331,0.000148100277360731,0,0.00693722126900567,0.00340928432434916,0.0031581351477428,0,0,0,0,0,0.0047621582261529,0.00477817588605646,0.00155055629619175,0.00696482040894808,0,0,0.00706192751504729,0.00386720845211357,0.0163540772019735,0.0157392935338905,0.000612855420746319,0.0159366029606999,0.0035337869771614,0,0,0,0.0269960217252569,0.0106617540055086,0.000464072592886607,0,0.00454242449281633,0
0.0194627980090624,0.0472329691211014,0.0450672860394281,0.0102432335355298,0.000922374171873188,0.00551811980466118,0.00995033919164996,0,0,0,0.00649527866101162,0,0.0473747584338719,0.0403275839992603,0.0227290037395484,0.106682154869397,0.0203924408288566,0.0269134136036411,0.00543504706786341,0.0451458915595795,0.0206409305525033,0.0258748482663555,0.0126575848593085,0.0181785489991519,0.0325299839270765,0.0162377418958108,0,0.0153841419632246,0.0170067276985183,0.0679599809400574,0.0173268982859597,0,0.0143003806541567,0.0298511012666008,0,0.0212814515972934,0.00759978674854403,0,0,0.000888303600395212,0.000411363415743894,0.00668230802310518,0.0821883226534742,0.0625318698133775,0.0424917845210034,0.0213982047305034,0.0410816798439024,0.0330420963251686,0,0.0157474037531289,0.0636100653795187,0.00275829530250304,0.02850753399207,0.0554098590887336,0.00688284926125764,0.0248141943474137,0.0651936166395551,0.0215903141799006,0.0101275490983522,0.0261155282847905,0.0241649173464896,0,0.03010704990933,0.0573172004000501
0.0352102757564469,0.050361373685487,0.0967573899558693,0.0602149901855473,0,0.0658813311467197,0.106164675936289,0.0367005015462255,0.0104476972090472,0.0157871689725053,0.00973080902590849,0.0473747584338719,0,0.0900931348262153,0.0610269312213738,0.0805002874118694,0.0385144098692859,0.0971567385634108,0.0705600276008687,0.0119538417386384,0.0313529773175584,0.00199126246385734,0.0454150639265658,0.147148404752715,0.103997938955412,0.106065516859066,0.0806647198297978,0.125142068593951,0.110761719789425,0.141702660005618,0.153684152043308,0.0443189613170409,0.0517697162080872,0.0800465104934528,0.0128902629482178,0.0988894833358113,0.0505768643086457,0.00198618072843644,0,0.0583343000801042,0.0102034019246861,0.0385549319418893,0.0878533416846417,0.175552897192284,0.14780871826096,0.0812357794184474,0.134383050217028,0.0997486492888022,0.0494181950709123,0.0581573041031019,0.0406916354471646,0,0.0567182625255927,0.0135797217402075,0.00483853888868056,0.0958735292845205,0.118488892703821,0.124152856892181,0.107986219658273,0.0603794104817998,0.0895930185829745,0.00702901044762221,0.0830929261089743,0.0673428312510877
0,0.0100118692904712,0.0213772123135023,0.00328976941460016,0,0.000309478589010662,0.0141494013430037,0.00501364230285742,0,0,0.0178324790765269,0.0403275839992603,0.0900931348262153,0,0.0828940548602307,0.0700901230979619,0.00809875991681672,0.0419682342661245,0.0142674683098887,0.00494607094789852,0,0.0190704413611293,0.102695112529234,0.091653808418156,0.0748443206193736,0.0569295313439501,0.0572153558559868,0.0521743912670985,0.0780480634054882,0.0369462500619931,0.0221389314804189,0.0152647502767184,0.0148087304524071,0.0186401133801987,0.00747762463295999,0.00513577065633591,0.013542464792891,0.008588781194491,0,0.0380283257302293,0,0.0608747712705386,0.0302605976166634,0,0.0832087253557732,0.0656752864786693,0.0480651515664241,0.0238925281337514,0.0179900757738438,0.0155787130291493,0.0125722472965179,0.022606453394965,0.107060300867117,0.00142866322295145,0.0158129771202831,0.0214498751696271,0.0462353187131151,0.0621247416494899,0.0847953392857406,0.00258201037723473,0,0.00185898927416035,0.0298144448144955,0.0639992086195038
0,0.00597816828623456,0.00534616981730928,0,0,0.00878694897894501,0.0170171776436491,0.024642771791253,0.00390463816093998,0.0061593706560149,0,0.0227290037395484,0.0610269312213738,0.0828940548602307,0,0.00751406166594982,0.0237834238612121,0.0174637661894845,0.0210986081491063,0.0746063841369443,0.00654052151853682,0.014961176450333,0.0307973982427376,0.0249052366504238,0,0.00190181099620746,0.0278111378942354,0.0106639770719824,0,0,0,0,0,0,0,0.00116876451711515,0,0,0,0.00969989120316241,0,0,0.0447545342777433,0.018718153136721,0.000313878110338486,0.00181223369932908,0,0,0.0333369823203654,0.0457014641479527,0.0899740028662301,0,0.0161189182607594,0.0527198335206972,0.0345472881195572,0.00345913848174525,0.0292617925776393,0.00131486640988338,0.0334207799426528,0.00431949452355579,0,0.00516895897909327,0.00725633469483674,0
0.0100946456488137,0.010109664539114,0.0688875299176278,0,0.0260012647392075,0.0246911591671088,0.143963023685625,0.100509633918696,0.00119026063005878,0.045136472919844,0.00863655555181356,0.106682154869397,0.0805002874118694,0.0700901230979619,0.00751406166594982,0,0.0730825717702415,0.142618715534688,0.063763683681786,0.103448422332337,0.0622778984421842,0.00655764799721328,0.11572538498972,0.151138763178588,0.055766587143682,0.00195097201405541,0.0950431406879269,0.105369059788708,0.0125349725756127,0.00662826633568997,0,0.0640393387527895,0.0323623994775824,0.083231309325459,0.0499530109361634,0.017278841039302,0,0.018478070303602,0.00262137589691818,0.136491375507916,0.0207164146876202,0.0256258059459026,0.0683277347185438,0.022348477327805,0,0.245414304937498,0.0371741540069866,0.0156558148916474,0.116632973786795,0.16056733561001,0.185110206006774,0.0155951889874631,0.107620109805845,0.0420030915227938,0.0529995211676663,0.00579132417783588,0.0224138107111993,0.160685644953473,0.133899481436494,0,0,0.00408715724464853,0.0570597128185687,0.0758617246724543
0.0254870409427788,0.0287659218144453,0.0416348698352134,0.0266700915237929,0.0161678977261353,0.0219128208274797,0.0253940877260022,0.00173968703402505,0.0146933358883398,0,0,0.0203924408288566,0.0385144098692859,0.00809875991681672,0.0237834238612121,0.0730825717702415,0,0.0375173262418259,0.0297781684095212,0.00929577709559451,0,0.000307151603872932,0.0511993338635039,0.0241432085248093,0.0504819573375607,0.0306954282659483,0.0257572068627543,0.0479644266934143,0.0290429064560689,0.060065625298371,0.0538111580019516,0.0179188485005924,0.0396906575942441,0.0396611807070834,0.0237492619435051,0.0342763588096571,0.0189289615126306,0.00623666125671074,0,0.0145465774171423,0,0.021180455095484,0.0354901298533149,0.0621840006319827,0.0340461533856898,0.0326268105939815,0.0439155279027291,0.0497887814125322,0.00627497278554702,0.00833620968991925,0.0179464991048994,0.0248857052340928,0.0406664785518224,0.0122908500426892,0,0.0301990437839939,0.0605246657779474,0.0377476912153695,0.0366577888843227,0.051649222732384,0.0488407907069462,0.0031520701656692,0.0676997642487657,0.0393007333337407
0.0199618629493127,0.0340909868179197,0.0114611075644876,0,0.0173108980822948,0,0.0181131561614454,0.0200677870251222,0,0,0.00841968465529625,0.0269134136036411,0.0971567385634108,0.0419682342661245,0.0174637661894845,0.142618715534688,0.0375173262418259,0,0.00948557858213239,0.068221297538802,0.0121095016912232,0.0210959868472991,0.00207308683954929,0.00808708631791358,0.0288961466209811,0.0177234401918644,0,0.0030608963621748,0,0.0493906519235483,0.00577153021670381,0,0.00682211384936582,0,0,0,0.0121334132088765,0,0,0.0276121547103763,0,0,0.0659886458872386,0.0627466037222174,0.0355146700268598,0.000478784031351065,0.0353384498252739,0.0524138169663153,0.0121169878120204,0.146762094656023,0.142096920951451,0.00132744788765157,0.0303066589209015,0.0582564996876713,0.0218736242528021,0.0444918516431228,0.0740770225765015,0.00600503838253692,0,0.0310757974815945,0.0393884181017571,0,0,0.0203859918998436
0.0305398710365781,0.0168766888149362,0.00321904980687342,0,0.000579308487115343,0.00903868553905172,0,0.0216644563519238,0,0.000610720992486449,0.0188685866738061,0.00543504706786341,0.0705600276008687,0.0142674683098887,0.0210986081491063,0.063763683681786,0.0297781684095212,0.00948557858213239,0,0.022633582837846,0,0.0373955511827383,0,0,0.0426967925079204,0.0218720362670128,0.00612230987181327,0.0229903024541126,0,0.014401125039007,0.0066916990165065,0.0151929881301014,0.015935032434937,0.0084373132269701,0.0116401983162654,0.0107078126236313,0.0239175194986214,0,0.000287559254404044,0,0.0192284139904443,0.00153642216509983,0.0152061137736156,0.0191009512122708,0.010778745245656,0.00897958648758859,0.0149722791050996,0.0303851179491097,0.00211300397250235,0.0169308809475252,0.0724003163265421,0,0.0111989500156676,0.0673415662761793,0,0.0491137881465677,0.0392183506604839,0.0180195060578939,0.0124171375173404,0.0570087422400237,0.0422220366244256,0.00294333576221549,0,0.00276877564676401
0.0225508459424694,3.63351338104837e-05,0.0629873374688647,0.0101245081129228,0,0.0506919032502803,0.0455972961171681,0.0616727240119576,0.00330544843782508,0,0.00725267898874107,0.0451458915595795,0.0119538417386384,0.00494607094789852,0.0746063841369443,0.103448422332337,0.00929577709559451,0.068221297538802,0.022633582837846,0,0,0.0318801349930205,0.0131792594620731,0.0396248074346793,0.101487465239038,0.0464034230764825,0.0363650560085788,0.0673355039935195,0.0290313601437506,0.0544594022421956,0.029424318635441,0.0324806325727668,0.0573338005281247,0.0647929310321167,0.0423646113201246,0.0219992593896049,0.0270435589624898,0,0,0.0336863256986339,0.0218645791930565,0.045521756337769,0.00417741437345825,0.00945187480256503,0.0584025805254152,0.0774513930480536,0.0622945805245901,0.0493091391524967,0.0310043459442494,0.0278763311176698,0,0,0,0.0549046724326026,0.00751125785688611,0.0687368624576932,0.0529369948753901,0.0823251642576348,0.0556608288533788,0.0325487997449772,0.0245430877444707,0.002378215195869,0.0210519820767924,0.0505676685055962
0,0,0.010088511318192,0,0,0,0,0,0,0,0,0.0206409305525033,0.0313529773175584,0,0.00654052151853682,0.0622778984421842,0,0.0121095016912232,0,0,0,0.0408305881311735,0.0410540498154732,0.0293966511937851,0.0397701757568823,0.015715448319377,0,0.0112285165328471,0.00054128852867976,0.0203179906669511,0,0,0.00301981346874415,0.0191603075792621,0.000126597044714628,0,0,0,0,0.0184909028712864,0.000165270832766733,0.00629879613582619,0.00812627811914845,0.0108293810264355,0.00464857676268412,0.0175027025491377,0.019531107529501,0.0253590698818291,0,0,0.00289333186845325,0,0.0211242864583924,0.0330263651651767,0.00205151760157403,0.0313422340701749,0.0243605860288764,0.0205461144765766,0.000627986090086688,0,0,0,0.00904877809246927,0.0321672757317235
0.0064040769169006,0.000696885600961557,0.0128865644556259,0,9.54297751467279e-05,0.0128788499148523,0.026862426661163,0.0296443811759167,0.00255274432417747,0.013254085404365,0.00104619938340781,0.0258748482663555,0.00199126246385734,0.0190704413611293,0.014961176450333,0.00655764799721328,0.000307151603872932,0.0210959868472991,0.0373955511827383,0.0318801349930205,0.0408305881311735,0,0.0345707615011867,0.0239970335386241,0.0346672130343346,0.00974361324348886,0.0227692726403852,0.0328799673612489,0,0.00901474680794401,0.00328290128797419,0.0270577740616068,0.00448559713396997,0.018543694417838,0.00331477702076483,0.0119870528163364,0.0111054413858032,0.02598989927193,0.00184253879584272,0.029135852027682,0,0.0277063506261251,0.00430558912646468,0,0,0.0165435240965175,0,0.00202291871472761,0.0424422707278333,0.0392499168337129,0.0610532820676413,0,0.00637348635166675,0,0.0352860314224115,0.00836601766953436,0,0.0368426090196009,0.0235535905587961,0.0167001761556308,0.00863226344871643,0.0137464574851078,0.0239602543675183,0.00104758636578176
0.033022083209287,0.0254849905217993,0.0214246289217819,0,0,0,0,0,0.000158965192643134,0.00347478113471733,0.0190645749732091,0.0126575848593085,0.0454150639265658,0.102695112529234,0.0307973982427376,0.11572538498972,0.0511993338635039,0.00207308683954929,0,0.0131792594620731,0.0410540498154732,0.0345707615011867,0,0.00853653774267762,0.0453829194602749,0.0297622752328776,0.0112889615202345,0.0115805014401163,0.0452871067310667,0.0798116666355127,0.0368755048150033,0.0181669340076822,0.00378292501607915,0.0137762171275399,0.00589873857574856,0.0066295058541981,0.0150236038139073,0.00281264467945369,0.00561945802161398,0,0.011140678976522,0.011482872963438,0.0770014103072766,0.0919472490475347,0.0684200995053769,0.0446354384933453,0.0773985518552746,0.0329283045388794,0,0,0.011938505306372,0,0,0.0574804164794507,0.0378189804753008,0.0514873129694093,0.13240142060007,0.0203027814888911,0.0246471091287756,0.0200293398509917,0.034750667283293,0.0179093878429248,0.00513216500051308,0.0730077782282162
0.0323885918460103,0.0616921156732381,0.0475648101913463,0.0116480022512643,0.024394243393025,0.00602072948610025,0.00657012903282709,0,0,0.005706087103818,0,0.0181785489991519,0.147148404752715,0.091653808418156,0.0249052366504238,0.151138763178588,0.0241432085248093,0.00808708631791358,0,0.0396248074346793,0.0293966511937851,0.0239970335386241,0.00853653774267762,0,0.0520750232563119,0.0333507669507153,0.00164044152164605,0.0291122214834029,0.0239397273507555,0.102152479057009,0.0538519012159571,0.00465893946398486,0.0223290325387257,0.0263558886463759,0.000835432042053454,0.0231529273366717,0.00914696003312401,0.00814100972274891,0,0.00797968265929854,0.0069742765036324,0,0.0817386652329147,0.111420750151147,0.0780220503245637,0.0333380951296765,0.07549157373791,0.0640539984405462,0,0.0169321667270267,0.0581019194822809,0.0198196322223762,0.0560444088278226,0.0711288161175648,0.0292016474396366,0.0806322049327289,0.14476550248552,0.0481663273575278,0.0141588073906481,0.0697810346725251,0.0671132854646634,0.00362541973862396,0.00731334918183417,0.0637116200923787
0.0044095420552639,0.0274260216919224,0.00407344021681324,0,0,0.00708639633214885,0.0385135965487686,0.02503030957682,0.00398241254264377,0.0115365776211543,0,0.0325299839270765,0.103997938955412,0.0748443206193736,0,0.055766587143682,0.0504819573375607,0.0288961466209811,0.0426967925079204,0.101487465239038,0.0397701757568823,0.0346672130343346,0.0453829194602749,0.0520750232563119,0,0.00536709385869896,0.0389592210062669,0.0251893755982384,0.00779692035743605,0.00916565021034376,0.00389687920839021,0.00172791694761564,0.00387663205546943,0.0127804405500613,0.00241780214680694,0.00886676076549121,0.000746951470117617,0,0,0.0266347064108659,0,0,0.0592653418428381,0.0439086295150035,0.00575302093236389,0.00520005185470879,0,0,0.0665070615308735,0.0880868522425902,0.138428575619568,0,0.0434723347135133,0.0857924433427174,0.0456322499523409,0.0308600966536385,0.0624622917021864,0.0205772380217853,0.0352900386227621,0.0115963746305356,0.00544307634708665,0.000857260606162232,0.0166850203298368,0
0,0.0472078631295109,0,0,0,0,0.0104359273596659,0.00476147029158974,0,0.00457144036814416,0.0122091561825717,0.0162377418958108,0.106065516859066,0.0569295313439501,0.00190181099620746,0.00195097201405541,0.0306954282659483,0.0177234401918644,0.0218720362670128,0.0464034230764825,0.015715448319377,0.00974361324348886,0.0297622752328776,0.0333507669507153,0.00536709385869896,0,0.0123611837017724,0.0109267403435931,0,0,0.00596362631218321,0,0,0.00433458391309678,0,0.00627220154180129,0,0,0,0.00956619652104237,0.0136900940851788,7.36564896049787e-05,0.036800816916069,0.0432533928313465,0.00130503518219435,0,0,0,0.0286762983041195,0.0444143490844818,0.0599659007104902,0.00352036718888257,0.0325763857290634,0.0523289394761426,0.0368097536819024,0.0206680005217639,0.0186217163355335,0,0.00414675644013453,0.0270670191310517,0.0200443630212598,0,0.0352215137917444,0
0.0198219575314972,0.0334902194812669,0,0,0.00457930527468543,0,0,0,0,0.0103790810225756,0.0244830108028006,0,0.0806647198297978,0.0572153558559868,0.0278111378942354,0.0950431406879269,0.0257572068627543,0,0.00612230987181327,0.0363650560085788,0,0.0227692726403852,0.0112889615202345,0.00164044152164605,0.0389592210062669,0.0123611837017724,0,0.0178174982873037,0.0144074394506305,0.057010391715983,0.0155733347124751,0.0220961689201526,0.00513571738391894,0,0,0.00394015390175691,0,0,0,0,0.0098682483093114,0.0112479177709335,0.0500812200177821,0.0457725274152786,0.0514514922148721,0.00894541920259502,0.019842359066142,0.0216918197171396,0.0154370558052727,0.025175444876381,0.0663491023151311,0.00440864649893181,0.0120643703419409,0.0615756795827458,0.0100355450289616,0.0537128129550071,0.106236502763575,0.00600419892185277,0,0.0653673800835251,0.0630390621420428,0.0101980167242039,0.0147256655745437,0.0247220452636753
0.0150218565803845,0.0440124638692839,0,0,0.00813971628722404,0,0.0192615064858667,0.0138608663035263,0,0.00785692501285987,0.00404969784280926,0.0153841419632246,0.125142068593951,0.0521743912670985,0.0106639770719824,0.105369059788708,0.0479644266934143,0.0030608963621748,0.0229903024541126,0.0673355039935195,0.0112285165328471,0.0328799673612489,0.0115805014401163,0.0291122214834029,0.0251893755982384,0.0109267403435931,0.0178174982873037,0,0,0.0465615634981664,0.0051541070137857,0,0,0,0,0.00291954488008124,0,0,0,0.0156629218473258,0.00165732592543593,0,0.0484293700941589,0.067074383384087,0.028848954999254,0,0.0220121570023214,0.0198035680765758,0.0371142651386084,0.0738615625352243,0.141624520772119,0,0.0345347110178737,0.0860218681599548,0.0259612966199183,0.0667901208825127,0.0926623158569889,0.000499487209707193,0,0.0711579982617422,0.0593564814921024,0,0.0186780486382325,0.000827288518587212
0.00701147126381653,0.0504771655612061,0,0.000822474156577334,0.0029640403760352,0,0,0.00638214595840574,0,0.00942897523836232,0,0.0170067276985183,0.110761719789425,0.0780480634054882,0,0.0125349725756127,0.0290429064560689,0,0,0.0290313601437506,0.00054128852867976,0,0.0452871067310667,0.0239397273507555,0.00779692035743605,0,0.0144074394506305,0,0,0.0147825936112679,0.000499351666717945,0.0247824020813227,0,0,0,0,0,0,0,0.0185758192010069,0,0.00147863081479004,0.0580896571901301,0.0658375398206235,0.0087994472826216,0,0,0,0.00926274062817196,0.0237102851699484,0.0651646291395012,0.0133845633333268,0.0539176963634673,0.0453144552004789,0.0156514125944416,0.0167048460037682,0.065093705412741,0.0229540678125521,0.00081987507767646,0.0339559993685426,0.0489603286833303,0.0077871840606352,0,0.00921995663333989
0.0245542284478709,0.0533124429587368,0.00670095950851619,0,0.0189094400507715,0,0.0789632455994235,0.0592250861711596,0,0.0149318240129882,0,0.0679599809400574,0.141702660005618,0.0369462500619931,0,0.00662826633568997,0.060065625298371,0.0493906519235483,0.014401125039007,0.0544594022421956,0.0203179906669511,0.00901474680794401,0.0798116666355127,0.102152479057009,0.00916565021034376,0,0.057010391715983,0.0465615634981664,0.0147825936112679,0,0,0.0107530145631725,0.0152661324961795,0.0158325387680751,0.00306175291017501,0,0,0.000987694395038406,0,0.0796508013640122,0.000809337007559818,0.00857581098956261,0.0418655624562624,0.0574134903529819,0,0.0686896357312962,0.0029496829214671,0,0.0429585812145023,0.0894228486594997,0.111044132368097,0.0286214934939581,0.117475638243692,0.0410365550742027,0.0242514130046106,0.0100782594268087,0.0304904981735141,0.0740273696186537,0.0665478387806905,0.0192911658793795,0.0243534584776374,0,0.00176285329174323,0.0181822317344979
0.0318849223785912,0.0233246830168068,0,0,0.0199869185683478,0,0.013642426248236,0.0030657051379402,0,0.00850913361105001,0,0.0173268982859597,0.153684152043308,0.0221389314804189,0,0,0.0538111580019516,0.00577153021670381,0.0066916990165065,0.029424318635441,0,0.00328290128797419,0.0368755048150033,0.0538519012159571,0.00389687920839021,0.00596362631218321,0.0155733347124751,0.0051541070137857,0.000499351666717945,0,0,0.00178562479712247,0,0,0,0,0,0,0,0.0151157966091969,0.000436509773863304,0,0.0124342049386634,0.0726810733321664,0.000333273686932323,0.00344264977987826,0,0,0.00827536185205709,0.0420183909208686,0.0591902281891302,0.0378185424506471,0.08463761199795,0.0482909343954091,0.00647771527045496,0.024622734140322,0.0133806940002657,0.00418933515664793,0.0195225838885062,0.0695087160884026,0.065313098002777,0,0.00109864071044594,0.0003601193239348
0.00589713531409267,0.0219994721632715,0,0.00992079872557135,0,0,0.00923488761459735,0.0147658095545229,0,0.00243008496953083,0.00112032993656331,0,0.0443189613170409,0.0152647502767184,0,0.0640393387527895,0.0179188485005924,0,0.0151929881301014,0.0324806325727668,0,0.0270577740616068,0.0181669340076822,0.00465893946398486,0.00172791694761564,0,0.0220961689201526,0,0.0247824020813227,0.0107530145631725,0.00178562479712247,0,0.000588800045461588,0.000630974724515364,0,0.00481049412073507,0,0,0,0.00931979674259146,0,0.000445996621659488,0.0219674227109591,0.01923030710973,0.00731011329774824,0,0.00728274547198973,0.00925920591164725,0.00923524415746147,0.0433656145565956,0.108089546088205,0.0031826602518299,0.0124755909539509,0.0592290789163975,0.00468929420050965,0.00911835562924561,0.0421023842851733,0.00127231694218335,0,0.0179208371584745,0.00930389261011977,0,0.0128275628278749,0.0173582631514778
0.00828758053896346,0.00216671077648691,0,0,0.00339849489909516,0,0.054369847366962,0.0420787287843979,0,0.0104948944580228,0.000148100277360731,0.0143003806541567,0.0517697162080872,0.0148087304524071,0,0.0323623994775824,0.0396906575942441,0.00682211384936582,0.015935032434937,0.0573338005281247,0.00301981346874415,0.00448559713396997,0.00378292501607915,0.0223290325387257,0.00387663205546943,0,0.00513571738391894,0,0,0.0152661324961795,0,0.000588800045461588,0,0.00544220140927876,0.0103330927851291,0,0.0001468868103559,0,0,0.0275669838135533,0.00747536630067478,0,0.0348930968742634,0.0093071777859082,0.00505141624547671,0.00622020592079097,0.0131799967332958,0.00399278585002797,0.00834183471158851,0.0976384133837984,0.139987522011978,0,0.0211215144668987,0.0439521071801223,0.000929482669717045,0.00579293156036069,0.0167301059573502,0.00324789667079453,0.00271117352847312,0.00206732602955515,0.00491586097436338,0,0.00679766148349258,0.00200911089598259
0.00935920393900359,0.0276011904455647,0.00977036841749304,0,0.0225247589120398,0,0.0376496695478053,0.0460690466539898,0,0,0,0.0298511012666008,0.0800465104934528,0.0186401133801987,0,0.083231309325459,0.0396611807070834,0,0.0084373132269701,0.0647929310321167,0.0191603075792621,0.018543694417838,0.0137762171275399,0.0263558886463759,0.0127804405500613,0.00433458391309678,0,0,0,0.0158325387680751,0,0.000630974724515364,0.00544220140927876,0,0,0,0.00580217543687511,0.0164436688379636,0,0.0592645100573864,0,0,0.0428481593196811,0.0374530221278938,0.0104594955046375,0,0.00823493196443443,0.0239709649633168,0.00914264627980454,0.149464835465274,0.168919904574715,0.00561875058640055,0.0386742004031755,0.041679252095775,0.0166853414348153,0.0158041363502277,0.0436867129388267,0,0,0.016005134144995,0.0189138741577145,0,0,0.00796926333406821
0.0156226774245932,0.00859027509487184,0,0.0039699304956592,0.0195088195048051,0.00557501104488716,0.000860474862726661,0.0135401300602543,0,0.00617012156163236,0.00693722126900567,0,0.0128902629482178,0.00747762463295999,0,0.0499530109361634,0.0237492619435051,0,0.0116401983162654,0.0423646113201246,0.000126597044714628,0.00331477702076483,0.00589873857574856,0.000835432042053454,0.00241780214680694,0,0,0,0,0.00306175291017501,0,0,0.0103330927851291,0,0,0.00385887474373594,0.0136365100319113,0,0,0.00827210368831633,0.0130189186621438,0,0.0289956700497449,0.00324057762172375,0.0153485187270288,0,0,0,0.00677643901506046,0.126926511760482,0.104739157837214,0.00704414653906909,0.0131562727198582,0.018425846525325,0,0,0.0199263199856213,0,0,0.00528431341506496,0.0130437538979987,0,0,0
0.0069892296728153,0.0221222297925065,0,0,0.00611185202892256,0,0.0148547504492357,0.0319857073932986,0,0.00355196818420318,0.00340928432434916,0.0212814515972934,0.0988894833358113,0.00513577065633591,0.00116876451711515,0.017278841039302,0.0342763588096571,0,0.0107078126236313,0.0219992593896049,0,0.0119870528163364,0.0066295058541981,0.0231529273366717,0.00886676076549121,0.00627220154180129,0.00394015390175691,0.00291954488008124,0,0,0,0.00481049412073507,0,0,0.00385887474373594,0,0,0,0,0.0105307907310104,0.0145513779110195,0,0.0081989082739705,0.0205311188138892,0,0,0,0,0.00912595279075673,0.0342498260304409,0.0709678232588922,0.0177304730733797,0.0528022319302254,0.0347853845407141,0,0.0291514029241044,0.0137888005689441,0.00458103167196036,0.00264102475073006,0.0434837237091428,0.0253376135336224,0,0,0
0.00832598618277838,0,0,0,0.000995915684656741,0.0180136138370637,0.00899975870809602,0.0119437154761644,0.00183664940199362,0.0167350182052663,0.0031581351477428,0.00759978674854403,0.0505768643086457,0.013542464792891,0,0,0.0189289615126306,0.0121334132088765,0.0239175194986214,0.0270435589624898,0,0.0111054413858032,0.0150236038139073,0.00914696003312401,0.000746951470117617,0,0,0,0,0,0,0,0.0001468868103559,0.00580217543687511,0.0136365100319113,0,0,0.000385440810178423,0,0.00331047639332459,0.0163350633096473,0,0,0,0,0.00398310942141307,0,0,0.0201865560580353,0.0240536380666595,0.0487318789231563,0.0119087643071319,0.0303983527172431,0.0279563847910614,0.00110997280794193,0,0.000229434977010541,0,0,0,0,0,0.00476295805496377,0
0.00617150455344898,0.00348397938066806,0,0.00362567814901325,0,0,0,0,0,0.0253189382277645,0,0,0.00198618072843644,0.008588781194491,0,0.018478070303602,0.00623666125671074,0,0,0,0,0.02598989927193,0.00281264467945369,0.00814100972274891,0,0,0,0,0,0.000987694395038406,0,0,0,0.0164436688379636,0,0,0.000385440810178423,0,0,0.000736374051522325,0.00129000945332482,0.00770129581639625,0.00728079722254465,0.0129402353411525,0,0,0,0,0,0,0.0163042313869058,0,0,0.00705598016918158,0,0,0.0176610700601306,0,0,0.00288411604470158,0.00105898391784718,0,0,0.028919152468943
0,0.0131486493870727,0,0,0,0,0,0.00383645375137464,0,0,0,0,0,0,0,0.00262137589691818,0,0,0.000287559254404044,0,0,0.00184253879584272,0.00561945802161398,0,0,0,0,0,0,0,0,0,0,0,0,0,0,0,0,0,0,0,0,0,0,0,0,0,0,0,0.00573229342451448,0,0.00634382538964467,0.0103744037163975,0,0.00255516144972453,0,0,0,0,0,0.00247116437976669,0.00366360537873598,0
0.0158176261057867,0.0437375946766863,0.0460058808711857,0.00143293074867481,0,0.00255223390657921,0.00707671620195431,0,0,0,0,0.000888303600395212,0.0583343000801042,0.0380283257302293,0.00969989120316241,0.136491375507916,0.0145465774171423,0.0276121547103763,0,0.0336863256986339,0.0184909028712864,0.029135852027682,0,0.00797968265929854,0.0266347064108659,0.00956619652104237,0,0.0156629218473258,0.0185758192010069,0.0796508013640122,0.0151157966091969,0.00931979674259146,0.0275669838135533,0.0592645100573864,0.00827210368831633,0.0105307907310104,0.00331047639332459,0.000736374051522325,0,0,0.000793309052822309,0,0.0630878372939568,0.0560623066402975,0.0375236951027164,0.0238049191240332,0.0396721545570734,0.0355713117056965,0,0.00743426492326118,0.0623300440532237,0,0.0171511003439916,0.0462475812740651,0.00971417408532183,0.0296977415464872,0.0795814834915259,0.0133101218684736,0.00355546258688127,0.0310201596966664,0.0236507271403817,0.00548717488824302,0.0133542252686027,0.088702882558967
0.0134639562306773,0.000522359842683762,0.00233883855793864,0.0166868132714368,0.0234068287914161,0.0161421298479631,0,0,0.00727022902181472,0,0,0.000411363415743894,0.0102034019246861,0,0,0.0207164146876202,0,0,0.0192284139904443,0.0218645791930565,0.000165270832766733,0,0.011140678976522,0.0069742765036324,0,0.0136900940851788,0.0098682483093114,0.00165732592543593,0,0.000809337007559818,0.000436509773863304,0,0.00747536630067478,0,0.0130189186621438,0.0145513779110195,0.0163350633096473,0.00129000945332482,0,0.000793309052822309,0,0,0,0.0037656463644894,0.000663299298513783,0,0,0.00752845277211582,0,0.0165022588832829,0.0359414786041339,0.0247873894694676,0.0259660796842096,0.00908792820682414,0,0,0.00861073200668735,0,0.0118856193828456,0.0165363608351921,0.00711141079071877,0,0.0041715174667558,0
0,0,0,0,0,0,0,0.00488036651373013,0.00427346620454845,0.016331235394156,0,0.00668230802310518,0.0385549319418893,0.0608747712705386,0,0.0256258059459026,0.021180455095484,0,0.00153642216509983,0.045521756337769,0.00629879613582619,0.0277063506261251,0.011482872963438,0,0,7.36564896049787e-05,0.0112479177709335,0,0.00147863081479004,0.00857581098956261,0,0.000445996621659488,0,0,0,0,0,0.00770129581639625,0,0,0,0,0.0358264849795878,0.0222192865302365,0.00969941963114924,0,0,0,0.00638221535704707,0.00405626721137501,0.0475129980974048,0,0,0.0340570381507911,0.0221769070838993,0.00508653733619385,0.0408565813205246,0,0.00899735996672321,0.00369153265699304,0,0.0179917848733851,0,0.0215913851367506
0,0.00630084149641644,0.0323989668410413,7.71119973396083e-05,0,0.0157274942322283,0.0314765533997555,0.0257745940758216,0,0,0.0047621582261529,0.0821883226534742,0.0878533416846417,0.0302605976166634,0.0447545342777433,0.0683277347185438,0.0354901298533149,0.0659886458872386,0.0152061137736156,0.00417741437345825,0.00812627811914845,0.00430558912646468,0.0770014103072766,0.0817386652329147,0.0592653418428381,0.036800816916069,0.0500812200177821,0.0484293700941589,0.0580896571901301,0.0418655624562624,0.0124342049386634,0.0219674227109591,0.0348930968742634,0.0428481593196811,0.0289956700497449,0.0081989082739705,0,0.00728079722254465,0,0.0630878372939568,0,0.0358264849795878,0,0.000384424895879855,0.0417403550274729,0.0596463999975995,0.0398295179547732,0.0241253207436937,0.0251522119838233,0.0307639858840513,0.0189490734024297,0.00615749237733342,0.0691175417257825,0,0.0653928317875431,0.0131766421679849,0.0235660375120483,0.0497030078010671,0.076782988385414,0,0,0,0.0288836699247336,0.0738961545844662
0.000418139438835978,3.89350262091139e-05,0.0344949256185913,0,0.00460908469361273,0.0113487147540431,0.0543144496849307,0.030367946071844,0,0,0.00477817588605646,0.0625318698133775,0.175552897192284,0,0.018718153136721,0.022348477327805,0.0621840006319827,0.0627466037222174,0.0191009512122708,0.00945187480256503,0.0108293810264355,0,0.0919472490475347,0.111420750151147,0.0439086295150035,0.0432533928313465,0.0457725274152786,0.067074383384087,0.0658375398206235,0.0574134903529819,0.0726810733321664,0.01923030710973,0.0093071777859082,0.0374530221278938,0.00324057762172375,0.0205311188138892,0,0.0129402353411525,0,0.0560623066402975,0.0037656463644894,0.0222192865302365,0.000384424895879855,0,0.0614378079773348,0.0611571662545417,0.0880705257137729,0.0303154468543138,0.0247751374223608,0.0439483376426471,0.0366089300079011,0.0371669315554173,0.144998300729353,0,0.0100023578191265,0.00884889655649468,0.0388934778552926,0.0673558106916625,0.0739394733435767,0,0,0,0.0314009315811308,0.04397097442731
