0,0.0350527676540814,0.14629334453273,0.00273743666571808,0.102361341479783,0.0169276064413891,0.0822479111533494,0.0984463941865314,0.0262646798267542,0.0115171446353864,0.0156612958567937,0.111763328804358,0.0271795446995095,0.00145374492833653,0.0635973850508952,0.0279854295248258,0.0239804630555727,0.0277794089560336,0.0340773051942225,0.0391116224732448,0.214667749451406,0,0.0098627516845426,0.0759796749199638,0.00391377133797604,0.0916200950165671,0.0206838699732985,0.0183077341419845,0.123023682987885,0.0328749927228023,0.0176795798624203,0.0979338807672572,0.0523991238899299,0.0990661655719011,0.0692357598348783,0.0304676780185716,0.0030658968768748,0.0452929865476486,0.0667182811025921,0.176334451691654,0.0217464973939927,0.0582098444494849,0.149392656418582,0.0243144657411138,0.0738892188579671,0.0778914057812527,0.00144041882535734,0.0781205650286411,0.00974474537397032,0.0269965195889905,0.0117761659001056,0.0673132324684414,0.0427548891597047,0,0.107131347038874,0.172324754675504,0.0841702684069606,0.0927548213098028,0.0356765014695633,0.0337397102331229,0.0192689746200436,0.0232963302431533,0.083686493890372,0.135500908339599
0.0350527676540814,0,0.0801083264699502,0.0398186282837328,0.14840316232968,0.00740308772896895,0.0106459179320522,0.03942201209128,0.0620351482017637,0.059073070102155,0.048106870038125,0.0711539608496023,0.0585322430051807,0,0.105309095972137,0.0188089163506532,0.00113741482756979,0.00148811198905064,0,0,0.120010433243831,0.00264453176161238,0.0518501172198141,0.0154948404774837,0.00921695762415159,0.0956662863388664,0.0256725378950126,0,0.0903304788493263,0,0.0365872686389351,0.0102563174639741,0,0.00408863586194657,0.00543719806810644,0,0.0221902423713039,0.0933758944678778,0.0253292547165101,0.134465976492615,0,0.0079281031971708,0.0455129148625343,0.0702453012879255,0,0.0669263154587245,0,0.12864484468417,0.0336972070386634,0,0,0.0983435976524919,0.065468625117359,0,0.0547355998388828,0.121910051422527,0.0383434492495472,0.0280830631697522,0.00194401951924333,0.0488224204634631,0.0156278596295693,0.00199166194117944,0.00467406955605221,0.116054909403317
0.14629334453273,0.0801083264699502,0,0.167950073720074,0.272426156429677,0.0584977248295141,0,0.0467282251380255,0.115100379701131,0.0764225707676429,0.0915132366785166,0.0872098356692625,0.145492320982704,0.0933793511441265,0.0656868922455239,0.056732910099927,0.222492692440672,0.0763797809251693,0.044309702136705,0,0.206947326613764,0,0.107249411808339,0,0.0886969877181567,0.27027453301606,0.234949369961196,0.175612335184903,0.0192089341425466,0.127591490714933,0.195937119433775,0,0.112122393757071,0,0.00645949743602933,0.0927145159468237,0.112561438831737,0.16493464664756,0,0.197120560397558,0.0239120692632223,0.00743561944314909,0,0.291395932802442,0,0.00303204047407732,0.302929402816474,0.403792879085387,0.177454500969444,0,0,0.153049770680827,0.0829829898764491,0,0.159598985299113,0.10218831715634,0.016245074876314,0.00456940474457784,0.0937274051794278,0.159781565602402,0.110268676038935,0.00379981573918637,0.0338373288467673,0.16764805365783
0.00273743666571808,0.0398186282837328,0.167950073720074,0,0.178073340764069,0.00273762700041454,0.0730271774691095,0.0938989720939414,0,0.0267297416185329,0,0.135910947819212,0.0961179015238272,0.00649154928295765,0.127330878843575,0.0996593531876846,0.0517429653023376,0.030324829714395,0.00402371681955526,0.0295888134543683,0.195880764162287,0,0.0220292230167949,0.0638767990323104,0.0537123693718042,0.0888082226181734,0.00504971957107323,0.0175603842871254,0.155531251685728,0.0607575464704424,0,0.112745635636551,0.0669541320376501,0.0714764322828248,0.077917529317119,0.0169485486992753,0.00725785947236888,0.0616110923955293,0.0660183873936459,0.224145446373547,0.0262300566175657,0.0646587253054157,0.103072540486245,0.0429057274604809,0.0516191185604094,0.160541641152159,0.0285092557229708,0.0997937423749755,0.00109200862856973,0.0253101254833191,0,0.073040879562635,0.113839795987968,0,0.119775467459064,0.181497520674395,0.14016077107388,0.10757514187538,0.0654741663956414,0.00539951694520715,0,0.0174381315329559,0.0429288751737741,0.188895562606281
0.102361341479783,0.14840316232968,0.272426156429677,0.178073340764069,0,0.139081488862374,0.172193324440303,0.128686241588931,0.0753994999339921,0,0.0998518505824295,0.18157598138801,0.00528879463618651,0.082943261248259,0.165910852276734,0.245083150744887,0.225140341790955,0.181405474429228,0.110522310028609,0.0761626269891084,0.115050925715807,0,0.0249249135155494,0.200305338227641,0.163009839113147,0.0408152557844554,0.148440914742101,0.167939786630557,0.220284951720295,0.186277486298697,0.129150751932931,0.211717398691286,0.219468277010285,0.183392713457508,0.219683697244456,0.144660136666256,0.139086227390219,0.00919188241323545,0.159564184871823,0.199426296625885,0.151703787726391,0.140027357002316,0.210173957586691,0.126438055401097,0.143326417136897,0.271170629326158,0.19396791385248,0.111408804921949,0.0664554884319174,0.100324932131956,0.0176924462006416,0,0.0462407384043964,0.00621267689911092,0.0474638985817077,0.269411687792299,0.227801479485724,0.201780375591227,0.214261675813138,0.0984039152185845,0.1400913186572,0.0923233678253759,0.161532996542929,0.202616781310854
0.0169276064413891,0.00740308772896895,0.0584977248295141,0.00273762700041454,0.139081488862374,0,0.0920150231456453,0.130039649931159,0.0482663369134282,0.0196791457767222,0.0354598214008295,0.151173828687277,0.0385517791463146,0.0304962855797567,0.04610127224209,0,0,0,0,0.0531353566835936,0.252771151715629,0,0.00386845218637394,0.0477940454129778,0,0.114383928445967,0.0706238166987039,0.0108253399916516,0.0579752700031583,0.00260357141099288,0.0220166462637496,0.0196291065284332,0,0.0822326926489793,0.0293649473309101,0,0.0131634250102681,0.0896837087744972,0,0.174352563833682,0.0114046681702164,0.0630328744381755,0.219619352567697,0.064551233762487,0.0699821499493615,0.0193439571181548,0.00362574251881384,0.138112647907498,0.175120049447521,0.0160824521661101,0.00737601433219622,0.0915303595010423,0.0245532185317953,0,0.185668506876153,0.113460651223245,0.018961459037091,0.0358661194723445,0,0.0395164658887036,0,0,0.0138289402648831,0.0872338570338947
0.0822479111533494,0.0106459179320522,0,0.0730271774691095,0.172193324440303,0.0920150231456453,0,0.0980711976198383,0.0851299918493619,0.0241981523854582,0.0704057840483478,0.121221426930917,0.0801483855250386,0.0554858520759787,0.0149776168128686,0.000539916126394407,0.103547391622368,0.181716844553138,0.0309686854224773,0.0192730940889955,0.293001435036142,0,0.0451403223960668,0.0145050445068777,0.0224608312972818,0.185750431629467,0.159624747147459,0.132036137181666,0,0.0317119664466019,0.124726687756832,0,0.0464268796092533,0,0.0632599402017816,0.0211260062152036,0.0895421120458329,0.117172251211657,0.00465747987565605,0.154522769449467,0.0174345226962916,0.0447636106687147,0.0560906715039112,0.136148687589833,0,0,0.0855931313054275,0.242650619912301,0.282585955445279,0.00861709703069662,0,0.113547709823302,0.0338940268973212,0.0015625309299617,0.219326600308898,0.0647756707431003,0,0,0.0357904244031273,0.11254414355362,0.0244293243230439,0.0129369314935691,0.0191798210600344,0.0510386999227453
0.0984463941865314,0.03942201209128,0.0467282251380255,0.0938989720939414,0.128686241588931,0.130039649931159,0.0980711976198383,0,0.127571906953037,0.0244199229896374,0.114715006580979,0,0.0454052610352097,0.0623163759087802,0,0.0592993782979526,0.134209880124679,0.180634908505271,0.0918037658261392,0.0253206317627387,0.204267663986506,0.0147600074382919,0.0488999992358993,0.115854233876906,0.084309254579816,0.143505867990622,0.14787425034409,0.129821559393023,0.0337115168917658,0.0733497651147799,0.115665621232453,0.0802855781646735,0.110780580465207,0.0797435738686301,0.130852797918587,0.0680786763012868,0.124345729254089,0.123084044688086,0.0872558304548431,0,0.101640924279202,0.0641114505521454,0.0777596855012768,0.111590948816792,0.0750572288869561,0.034818824131388,0.103534446860388,0.167178889247823,0.208533035295145,0.105994378393813,0.00663713189779553,0.096572262401601,0.0156776892015453,0.0135398990202776,0.155796945227384,0.00708981489565307,0.0664320840254515,0.0609234643916936,0.0959608958935411,0.0936691883403841,0.0554079128952519,0.0726941479168831,0.100930704140991,0
0.0262646798267542,0.0620351482017637,0.115100379701131,0,0.0753994999339921,0.0482663369134282,0.0851299918493619,0.127571906953037,0,0.0294640617574683,0.0112842831504465,0.150797526581889,0.0127563461752999,0.0168305293806796,0.094646039630744,0.0373363532737289,0.0166101823166412,0,0.0482552627418446,0.0810034934649635,0.244116983672708,0,0.0275825261240405,0.0520490815437918,0.00501812094375241,0.0303182778883753,0.004267042825648,0.00379749520436066,0.106315191543746,0.0271523272656948,0.0170936430212806,0.0746420667623979,0.0628791709470811,0.0940105306404152,0.0649542307846734,0.0595781042256025,0.0442465147114773,0.0237821079276172,0.0203822748028937,0.165926173076462,0.0610423084103999,0.0619388564355943,0.155474845939986,0.0256189371356876,0.0923740319972953,0.0878905908486551,0.00590970375039108,0.0325998677846853,0.0324591840831105,0.0176727285873214,0.0216218527300875,0.0990076751961026,0.0554853751429592,0,0.148878543308298,0.146876608433818,0.0701635131384276,0.0639242923406649,0.0227116795723791,0.0180255446503861,0.0217992903922972,0,0.036654258186628,0.0933005988426952
0.0115171446353864,0.059073070102155,0.0764225707676429,0.0267297416185329,0,0.0196791457767222,0.0241981523854582,0.0244199229896374,0.0294640617574683,0,0.0224756607528037,0.0708520719428781,0.00470565854877786,0.0401371921690798,0.102653902350271,0.0617550936401003,0.019282592415267,0,0.0067304512565355,0.0266215433430203,0.125348973733975,0,0.00687285110025434,0.0176367524335688,0.0424679229580537,0,0.0133753900751037,0.0127771862957106,0.068729975085243,0.0349103423502386,0.0368367784616849,0.0394631971071854,0.0297398730367428,0.0327768217467926,0.0184645172345693,0.0286274185181453,0.0199685697165355,0,0.00918683277325012,0.054815903983131,0.0513612211855047,0.00581674652151376,0.0481151053178147,0.0324914635426905,0.0296008384273921,0.0877140873475348,0.0456779167184019,0.00145126946569847,0,0,0,0,0,0.0185625088179967,0.0830257991944374,0.0833302502973773,0.0581770695472314,0.0407865300157347,0.0324990834139701,0.0193369044610058,0.062550270485755,0.0192228001583155,0.00873353032942705,0.0166961262243396
0.0156612958567937,0.048106870038125,0.0915132366785166,0,0.0998518505824295,0.0354598214008295,0.0704057840483478,0.114715006580979,0.0112842831504465,0.0224756607528037,0,0.138650717418609,0.0145944154872401,0,0.107530926068907,0.0276679721644248,0,0,0.0573242201346653,0.0278003801676968,0.195684640261003,0.0123931704855968,0.0396468774009424,0.040484519611106,0.0257817833884734,0.0355259177758175,0,0,0.101926707968793,0.0118731406536781,0.0230568042519491,0.0397363978000019,0.0253496180500355,0.0554549837864543,0.0357104042218068,0.0276341793611981,0.0517110916794467,0.046199335475768,0.0177608083964267,0.167399272759917,0.0463245686212639,0.0443766370283127,0.105410600078393,0.00367509694121377,0.0656670360184775,0.0866797869243553,0,0.0312254648456387,0.0359977263442712,0.0152767802671239,0.0274681569398043,0.11510371572815,0.0905702509073858,0,0.124209187953147,0.121494780941654,0.0772500483590128,0.0703288745305636,0.00850485423185012,0.0154434832854871,0.00278815405389707,0,0.0313939687873241,0.11805499786877
0.111763328804358,0.0711539608496023,0.0872098356692625,0.135910947819212,0.18157598138801,0.151173828687277,0.121221426930917,0,0.150797526581889,0.0708520719428781,0.138650717418609,0,0.080575543629397,0.0837378230931403,0,0.0968444194413736,0.180406174415706,0.192133337265927,0.0934586729205846,0.0641849234204519,0.152795907080367,0,0.0674286924180519,0.134356409151247,0.100360953955648,0.159645243636569,0.179900540111147,0.157388256390668,0.0627172853440254,0.0951436409578751,0.143353234972852,0.104985849620392,0.1316931368215,0.0889302944214278,0.156171693779397,0.0861589003585702,0.126337597963015,0.124101694035756,0.115464236327365,0.0138766476474018,0.130619082622548,0.0808543736470253,0.090159795291229,0.153434558577457,0.0701044495187201,0.0707718668569327,0.171971120127916,0.203814725659167,0.200527753518982,0.106475112983382,0.013706716205517,0.0980184276737112,0.0305505413326322,0.0154200851088985,0.130249103145805,0.0296277567443276,0.108482223604365,0.074162584562645,0.129644982853579,0.105795438879294,0.0950290951154644,0.0665654451230755,0.0983554731419655,0
0.0271795446995095,0.0585322430051807,0.145492320982704,0.0961179015238272,0.00528879463618651,0.0385517791463146,0.0801483855250386,0.0454052610352097,0.0127563461752999,0.00470565854877786,0.0145944154872401,0.080575543629397,0,0.0714202940485247,0.157013812916544,0.172907744820794,0.0949684329031734,0.0615334570673255,0.0316496225133125,0.0299560805169585,0.0759027690507934,0,0,0.0750912713456503,0.126291745850578,0.0265658393664951,0.0553068822951407,0.0683035817972217,0.175335221251708,0.105756219690687,0.0363686334719506,0.108856942632691,0.0813095388524014,0.0691758993615199,0.0765572753236627,0.0513757303706654,0.0358793443246177,0,0.065203870668704,0.202546260088692,0.0279291582749162,0.0526398526405076,0.0925286148985085,0.0649608710347332,0.0587755184115339,0.2074238365986,0.122621338133794,0.0515970609220381,0.021134494415832,0.0355107538516701,0.0017163090634024,0,0.0734330265974516,0.00600705006385658,0.00577317734616294,0.181016024159404,0.177826288248959,0.121816569756751,0.125436634818475,0.0274120672776145,0.0411428301071959,0.062943955206856,0.067388002422492,0.172098365579582
0.00145374492833653,0,0.0933793511441265,0.00649154928295765,0.082943261248259,0.0304962855797567,0.0554858520759787,0.0623163759087802,0.0168305293806796,0.0401371921690798,0,0.0837378230931403,0.0714202940485247,0,0.217715266452657,0.0978251106899786,0.0435945988431807,0.0467496684933963,0.0170848965370903,0.0357129014917751,0.0552849277829655,0.0402618050110787,0.023644198676088,0.0714171352709387,0.0596332407851665,0.0199875472525132,0,0.005862508045891,0.10307134242141,0.0515789158783058,0,0.0620166629679047,0.046088112691282,0.0348193323138492,0.0517088287837278,0.00179346527924802,0.0358773168961705,0.0126489649421691,0.0640965288252994,0.165665394359358,0.00670272436749332,0.0619521920783487,0.0774024268841267,0.00566474781179546,0.0323607608017422,0.133993772808328,0.0144164830864525,0,0,0.0295761462917811,0.0104067400760887,0.0139944241612869,0.0839137675015931,0,0.0380337719269737,0.137612885876477,0.112795611151147,0.0712297476466539,0.0564355772810816,0,0,0.0278742328145087,0.02745945938132,0.210591825594467
0.0635973850508952,0.105309095972137,0.0656868922455239,0.127330878843575,0.165910852276734,0.04610127224209,0.0149776168128686,0,0.094646039630744,0.102653902350271,0.107530926068907,0,0.157013812916544,0.217715266452657,0,0.18125702141288,0.0785083181993351,0.0368698612937571,0.0381595780681563,0.008868654889008,0,0.0243506619449002,0.102181446372805,0.018629022269767,0.193847390591301,0.159403680459451,0.0954232045636271,0.084449622089983,0.0585864925096908,0.0923628599963323,0.107975660613973,0.0393682279039052,0.044395750570985,0.024030287459837,0.0229151071123023,0.0655754377885073,0.0511356539178057,0.0895281900629877,0.016782237740848,0,0.0635197998538663,0,0.0145131364843019,0.191811966745653,0.0186608920861063,0.149348960463641,0.219598787365676,0.200373249205626,0.0441759339716098,0.0139440360397326,0,0.0778025485416895,0.0440324455694786,0.0152084567618979,0,0.0191457120659557,0.095717538104699,0.0642915457241966,0.0839649771942036,0.0997392312434938,0.131757060351655,0.0447244538554066,0.0320444064166054,0.00587659686554776
0.0279854295248258,0.0188089163506532,0.056732910099927,0.0996593531876846,0.245083150744887,0,0.000539916126394407,0.0592993782979526,0.0373363532737289,0.0617550936401003,0.0276679721644248,0.0968444194413736,0.172907744820794,0.0978251106899786,0.18125702141288,0,0.00251091411050316,0,0,0,0.173725599103925,0.00632687835366399,0.0735332964883396,0,0.0280025232306465,0.239371652581837,0.0529690685843316,0.00910462645521158,0.121957166319377,0.000964149976306656,0.0406223124515508,0.0101919429605271,0,0.00168380196564549,0,0,0.0119659723564501,0.109353754499214,0.010852657834768,0.234631521488118,0,0.0139828639644963,0.025610134170488,0.233111833182811,0.00491763085115759,0.213370845649786,0.297136281016976,0.330428244301787,0.0193716383337932,0,0,0.082437637798331,0.0986571595427661,0.00982241073983599,0.141730251207476,0.178496385530535,0.0646576391167438,0.0350880545956051,0,0.0782964113112947,0.0418900652613996,0,0,0.309377360037405
0.0239804630555727,0.00113741482756979,0.222492692440672,0.0517429653023376,0.225140341790955,0,0.103547391622368,0.134209880124679,0.0166101823166412,0.019282592415267,0,0.180406174415706,0.0949684329031734,0.0435945988431807,0.0785083181993351,0.00251091411050316,0,0.0194402208277062,0.00702745916181442,0.0551542917566722,0.300636709195291,0,0.0304013246409201,0.126890907598403,0,0.230032985472909,0.0736899302053121,0,0.190078943267455,0,0.0101270850227731,0.243676640966138,0.12636524235723,0.153464258045648,0.145734511478425,0,0.019668423355496,0.104394470787241,0.0569873744214223,0.289652105896981,0.00709844443780562,0.0961540995425357,0.188356028394125,0.205429046182277,0.0992908317535686,0.11159220478599,0.0643180465742681,0.40248249267125,0.0423553457087441,0.0308004223413263,0.0237205656377636,0.0656615011145186,0.0692416717828263,0,0.214918803335502,0.31824603759792,0.147995935980465,0.152555013611658,0.0177643047016026,0.0594839982062925,0.0141225596810538,0,0.0511964624519616,0.255328343930489
0.0277794089560336,0.00148811198905064,0.0763797809251693,0.030324829714395,0.181405474429228,0,0.181716844553138,0.180634908505271,0,0,0,0.192133337265927,0.0615334570673255,0.0467496684933963,0.0368698612937571,0,0.0194402208277062,0,0.00425432580106661,0.0725411982745471,0.331956182658882,0.00138298606285108,0.0160184958343562,0.186079123461728,0,0.171633600314412,0.0840384479339821,0.0191107623106648,0.0790574355903724,0.0159677488426653,0.033242124139775,0.0934038838094035,0.0236196246110133,0.183230773200517,0.212269351817862,0,0.0199600051468672,0.0796830317452486,0,0.25264883572023,7.17342048695887e-05,0.148555235874377,0.228725541779581,0.121229975466038,0.176131095843822,0.0101927419485069,0.0348432147806155,0.252493939341412,0.153278101799754,0.0521203360694348,0.0429624321879164,0.0548430515230263,0.0357668256349683,0.00250033899422801,0.247765483978847,0.256826790934539,0.0208775741708643,0.0823079065448336,0,0.0618485811414926,0.010542237029536,0,0.0679713722633847,0.138297317520033
0.0340773051942225,0,0.044309702136705,0.00402371681955526,0.110522310028609,0,0.0309686854224773,0.0918037658261392,0.0482552627418446,0.0067304512565355,0.0573242201346653,0.0934586729205846,0.0316496225133125,0.0170848965370903,0.0381595780681563,0,0.00702745916181442,0.00425432580106661,0,0.037846031100558,0.29424047931231,0.00253200035574272,0.00893186662035864,0.00495555119086275,0,0.113023921768059,0.077237218747559,0.0188711648763574,0.0417026200324759,0.00739156367233229,0.0408250670421261,0.0118297351906386,0,0.054892580044122,0.0198788083526219,0,0.0234251762797306,0.0820951367580279,0,0.153992430474482,0.00563608043936025,0.0558127385101584,0.156128116724282,0.0610888597618104,0.0560941049034752,0.0135640550771316,0.0107706981050032,0.149238955287442,0.218156295910242,0.014912969452284,0.00276085295260932,0.139390346265436,0.0279453109763288,0,0.166003803955678,0.118794493166672,0.00410847603033576,0.0240674440218784,0,0.0511708592712223,0.00594479432988402,0,0.00551476089096054,0.0677751362475846
0.0391116224732448,0,0,0.0295888134543683,0.0761626269891084,0.0531353566835936,0.0192730940889955,0.0253206317627387,0.0810034934649635,0.0266215433430203,0.0278003801676968,0.0641849234204519,0.0299560805169585,0.0357129014917751,0.008868654889008,0,0.0551542917566722,0.0725411982745471,0.037846031100558,0,0.286152990464454,0,0.0237134591336251,0.0137889078404262,0,0.0990277218361782,0.087366729548129,0.055104015589408,0,0.0218460743627743,0.0741711161362269,0,0.0323037712789474,0.000787541283048554,0.00777434214875591,0.0186114927898006,0.0713660656759128,0.0770294753711886,0,0.0435153352723241,6.16763105299797e-06,0,0,0.0717594950971511,0.0132018267514197,0,0.0336945113586668,0.112604808185816,0.170276811616609,0.0643345479380456,0.0155304198548019,0.109061582380029,0.00620442019438521,0.000208479192771213,0.24737106252448,0.000308824819448721,0,0,0.0171517030692644,0.0612530770120538,0,0.0170137336019395,0.0106347477215658,0
0.214667749451406,0.120010433243831,0.206947326613764,0.195880764162287,0.115050925715807,0.252771151715629,0.293001435036142,0.204267663986506,0.244116983672708,0.125348973733975,0.195684640261003,0.152795907080367,0.0759027690507934,0.0552849277829655,0,0.173725599103925,0.300636709195291,0.331956182658882,0.29424047931231,0.286152990464454,0,0,0.117289239741819,0.293468662296209,0.141496769752622,0.183596569293244,0.303581755924572,0.302892301369612,0.186033270440548,0.217331240763572,0.295009554474337,0.268778259712146,0.297385257492065,0.276955155481486,0.324922218380081,0.227437686739265,0.286809475858932,0.156364931333862,0.173636972544961,0.147237301181569,0.21164681894697,0.283077775574461,0.284333158817893,0.167334963756992,0.351892414028357,0.161149163980941,0.204688996269224,0.246445666337502,0.3468720057361,0.330021702457985,0.272769365353413,0.185653753335433,0,0,0.0081615989880489,0.204036142478868,0.188068135421508,0.209977932471466,0.246698917977392,0.219401942083249,0.149799470030418,0.154675245343201,0.285819751489188,0.11086353963336
0,0.00264453176161238,0,0,0,0,0,0.0147600074382919,0,0,0.0123931704855968,0,0,0.0402618050110787,0.0243506619449002,0.00632687835366399,0,0.00138298606285108,0.00253200035574272,0,0,0,0,0.00168245683257384,0,0,0.00266469705034366,0,0,0.00413376174708565,0,0.00596121853835157,0.00463775063003767,0,0,0,0.00851603280558083,0,0,0,0,0.000595996521361576,0,0,0,0,0,0,0.009397562196265,0.00181238307735821,0.0328218460805505,0,0,0.0457331664235102,0.00437874232579656,0,0,0,0.00766738708538848,0.00869836117387882,0,0.0159538250706845,0.00159695391334794,0.00049638555903891
0.0098627516845426,0.0518501172198141,0.107249411808339,0.0220292230167949,0.0249249135155494,0.00386845218637394,0.0451403223960668,0.0488999992358993,0.0275825261240405,0.00687285110025434,0.0396468774009424,0.0674286924180519,0,0.023644198676088,0.102181446372805,0.0735332964883396,0.0304013246409201,0.0160184958343562,0.00893186662035864,0.0237134591336251,0.117289239741819,0,0,0.0505035482833171,0.0423141760138633,0.00266525769197708,0.00737811956569034,0.0227162682138616,0.0989552268940783,0.0534591715698306,0.0136532692734622,0.0605767084966962,0.0334305436469005,0.036635418394906,0.0392361183784549,0.0266271075944386,0.00714583592927188,0,0.0474250794023904,0.13700115230295,0.0198292043326142,0.0421568104008382,0.0830836747815598,0.00827650854391445,0.0302290243664677,0.105664766371792,0.0302909175135485,0,0,0.00829730741117273,0,0.0493566306059958,0.0771203717283109,0,0.0349337111295491,0.125092325917684,0.0827805477992456,0.0735470776341866,0.0637471421834467,0.00663601768624499,0.0275325263517317,0.0196924860403334,0.0519218170693267,0.113247147298277
0.0759796749199638,0.0154948404774837,0,0.0638767990323104,0.200305338227641,0.0477940454129778,0.0145050445068777,0.115854233876906,0.0520490815437918,0.0176367524335688,0.040484519611106,0.134356409151247,0.0750912713456503,0.0714171352709387,0.018629022269767,0,0.126890907598403,0.186079123461728,0.00495555119086275,0.0137889078404262,0.293468662296209,0.00168245683257384,0.0505035482833171,0,0.0448553655090365,0.217436158708489,0.185221139851226,0.125400026143776,0.00950146509265275,0.0486933651493599,0.126091989804666,0,0.0451493728606981,0.039264920981873,0.0102007295975837,0.00966705235386033,0.0860787206031921,0.114602157632917,0,0.192363384495725,0,0.0327977551566542,0.0970107952092287,0.173783095614243,0.0217255832495401,0,0.111141218493452,0.314143160803228,0.261764773583091,0,0,0.10766601880962,0.0326846297732908,0.0101170126912458,0.212120406281251,0.103999129966098,0,0.0186916422318235,0.0280987089542782,0.103084681024777,0.0311124989073871,0,0.00057502291855325,0.0789352964602649
0.00391377133797604,0.00921695762415159,0.0886969877181567,0.0537123693718042,0.163009839113147,0,0.0224608312972818,0.084309254579816,0.00501812094375241,0.0424679229580537,0.0257817833884734,0.100360953955648,0.126291745850578,0.0596332407851665,0.193847390591301,0.0280025232306465,0,0,0,0,0.141496769752622,0,0.0423141760138633,0.0448553655090365,0,0.160163193070854,0.0112180764028673,0,0.189034119552497,0.0148709502508963,0.00356773333642479,0.0529632092295323,0.00870473734011472,0.0278021232146807,0.0173093584204308,0,0.00768503725264587,0.077600008105736,0.0153344176506408,0.183995504405288,0,0.0236837247359008,0.0475048638911595,0.133373053426135,0.028301855601634,0.124168351311942,0.0526088702704853,0.181878669724404,0,0,0.00136882568209992,0.0437847717217279,0.086247105733453,0,0.104245006975366,0.226957884070896,0.0937476971085966,0.0888885785438353,0.0196910182522228,0.0371507932339763,0.0162285319486472,0.00383925762191126,0.0140121784426924,0.274227487245549
0.0916200950165671,0.0956662863388664,0.27027453301606,0.0888082226181734,0.0408152557844554,0.114383928445967,0.185750431629467,0.143505867990622,0.0303182778883753,0,0.0355259177758175,0.159645243636569,0.0265658393664951,0.0199875472525132,0.159403680459451,0.239371652581837,0.230032985472909,0.171633600314412,0.113023921768059,0.0990277218361782,0.183596569293244,0,0.00266525769197708,0.217436158708489,0.160163193070854,0,0.189631047510383,0.208852878550137,0.288087834619025,0.211741900015382,0.101758976654849,0.278658277225034,0.219838447812171,0.197077146795003,0.208346936606347,0.1207700486768,0.141966527339864,0,0.139863048023349,0.223042176521834,0.0905406662124748,0.161265974279144,0.213094230798132,0.0437481571690614,0.204762870958764,0.259983893844602,0.162292371526645,0.0268474950829412,0.0643480840468932,0.123938962659114,0.0743915600564301,0,0.0607343201311298,0,0.122425875417048,0.347189653662553,0.232916047411525,0.237076547412243,0.28768793192683,0.0752509363442659,0.122255937140835,0.132533892314168,0.188937754280676,0.250310980647778
0.0206838699732985,0.0256725378950126,0.234949369961196,0.00504971957107323,0.148440914742101,0.0706238166987039,0.159624747147459,0.14787425034409,0.004267042825648,0.0133753900751037,0,0.179900540111147,0.0553068822951407,0,0.0954232045636271,0.0529690685843316,0.0736899302053121,0.0840384479339821,0.077237218747559,0.087366729548129,0.303581755924572,0.00266469705034366,0.00737811956569034,0.185221139851226,0.0112180764028673,0.189631047510383,0,0.120463914067901,0.221964428410437,0.0553997499620064,0.0200545018886899,0.259628506427284,0.191137256269254,0.218896388469708,0.195224033920888,0.0810557638704092,0.0719436712417851,0.0558769636983118,0.0750872702499555,0.269969290811399,0.0576592435927039,0.125253691386171,0.235285382900107,0.0268450460485207,0.200042807905551,0.148169915233921,0,0.172445350148433,0,0.0727638144002292,0.0550829668222499,0.0395370306251853,0.0798020265491506,0,0.179863274114868,0.36733862459462,0.178142153967789,0.242654274432808,0.159371550537394,0.0263006878150354,0.0250594879683051,0.0240222384161745,0.171542331023456,0.218664094859341
0.0183077341419845,0,0.175612335184903,0.0175603842871254,0.167939786630557,0.0108253399916516,0.132036137181666,0.129821559393023,0.00379749520436066,0.0127771862957106,0,0.157388256390668,0.0683035817972217,0.005862508045891,0.084449622089983,0.00910462645521158,0,0.0191107623106648,0.0188711648763574,0.055104015589408,0.302892301369612,0,0.0227162682138616,0.125400026143776,0,0.208852878550137,0.120463914067901,0,0.182660692888618,0.0135778630295258,0.00123054329566944,0.227010761827277,0.0731434551533913,0.166041649784037,0.125490331442447,0.0156285172092393,0.018412450036833,0.0858202566624432,0.0263299988265006,0.268585750755086,0.0132073341038731,0.0986095441331245,0.191532772007952,0.0878175907868552,0.158170300943689,0.0822383503027518,0,0.248036885397896,0.0621462857574063,0.0479808521711041,0.0330626156450485,0.0566693964242691,0.065966672559003,0,0.174006657343289,0.379310545729591,0.10726652980815,0.194238264803274,0.03301548970138,0.0788967157508004,0.00193577105756995,0.00502981158242562,0.123207671070935,0.191090252266871
0.123023682987885,0.0903304788493263,0.0192089341425466,0.155531251685728,0.220284951720295,0.0579752700031583,0,0.0337115168917658,0.106315191543746,0.068729975085243,0.101926707968793,0.0627172853440254,0.175335221251708,0.10307134242141,0.0585864925096908,0.121957166319377,0.190078943267455,0.0790574355903724,0.0417026200324759,0,0.186033270440548,0,0.0989552268940783,0.00950146509265275,0.189034119552497,0.288087834619025,0.221964428410437,0.182660692888618,0,0.143297390336051,0.16715657869796,0.0176651950205987,0.0865334120923371,0.00415463762611977,0.0193664558978843,0.0689706631231518,0.0874801346826634,0.161379092555232,0.0100796637150801,0.163636107569421,0.0367717380331791,0.00467082201134313,0,0.279277259547113,0,0.0294411350780321,0.343079666687883,0.392703895496172,0.16385972654968,0.00697633668417773,0,0.129548083174345,0.0767850048335776,0,0.125293158286237,0.0581956679817453,0.106647267669473,0.0195683539898358,0.149171205636651,0.160538644448439,0.106415967563868,0.00677751153431558,0.0348097771334751,0.142831970933421
0.0328749927228023,0,0.127591490714933,0.0607575464704424,0.186277486298697,0.00260357141099288,0.0317119664466019,0.0733497651147799,0.0271523272656948,0.0349103423502386,0.0118731406536781,0.0951436409578751,0.105756219690687,0.0515789158783058,0.0923628599963323,0.000964149976306656,0,0.0159677488426653,0.00739156367233229,0.0218460743627743,0.217331240763572,0.00413376174708565,0.0534591715698306,0.0486933651493599,0.0148709502508963,0.211741900015382,0.0553997499620064,0.0135778630295258,0.143297390336051,0,0.0398732726833242,0.0608136399434428,0.00360607990561971,0.04156616033567,0.0387796594229823,0,0.0199215687665681,0.0927964653493223,0.0277575964797646,0.189964308116707,0,0.0557476588111035,0.0851254522581269,0.202943165185054,0.0417098669263856,0.0874164508550009,0.114402146381019,0.268648513449133,0.0232868863115954,0.0271681747407421,0.00539407088423122,0.0628544113955113,0.0578647666338242,0.000584154976400781,0.13796014395225,0.245374123505346,0.0735747318427792,0.0829939522337339,0,0.0768834403611553,0.0316642064143024,0,0.0136400593145737,0.220161510279807
0.0176795798624203,0.0365872686389351,0.195937119433775,0,0.129150751932931,0.0220166462637496,0.124726687756832,0.115665621232453,0.0170936430212806,0.0368367784616849,0.0230568042519491,0.143353234972852,0.0363686334719506,0,0.107975660613973,0.0406223124515508,0.0101270850227731,0.033242124139775,0.0408250670421261,0.0741711161362269,0.295009554474337,0,0.0136532692734622,0.126091989804666,0.00356773333642479,0.101758976654849,0.0200545018886899,0.00123054329566944,0.16715657869796,0.0398732726833242,0,0.13136807074313,0.0761878893426707,0.195825273270985,0.131143746823304,0.0873504435224012,0.0320561971989645,0.0602912247607351,0.0472491334372129,0.223304557286326,0.0382191606636665,0.110881676762434,0.231924458145978,0.0289134407148325,0.181998337336563,0.111256414187784,0,0.117392860541281,0.0873550795525459,0.0601333545669212,0.0120177694193594,0.106032649784829,0.0624503400917692,0,0.157021562442121,0.283539847855052,0.111419255057292,0.132323600948111,0.0375903496662407,0.057273264641528,0.0447009730317411,0.00517562520710504,0.124406197982722,0.146798615392047
0.0979338807672572,0.0102563174639741,0,0.112745635636551,0.211717398691286,0.0196291065284332,0,0.0802855781646735,0.0746420667623979,0.0394631971071854,0.0397363978000019,0.104985849620392,0.108856942632691,0.0620166629679047,0.0393682279039052,0.0101919429605271,0.243676640966138,0.0934038838094035,0.0118297351906386,0,0.268778259712146,0.00596121853835157,0.0605767084966962,0,0.0529632092295323,0.278658277225034,0.259628506427284,0.227010761827277,0.0176651950205987,0.0608136399434428,0.13136807074313,0,0.0651439585891277,0,0,0.0317626361700346,0.0612014685569864,0.138840299272468,0,0.190906093516681,0,0.0124876818061292,0.0278183218693547,0.22193932672684,0,0,0.170828282105266,0.372952959573816,0.21679491595309,0,0,0.102605644303503,0.0505727870055266,0,0.18336900088765,0.164796751595887,0,0.0192482371238682,0.0905683830762687,0.158674806812814,0.0792713505025005,0.0365355831292117,0.00476533219585093,0.142541143922489
0.0523991238899299,0,0.112122393757071,0.0669541320376501,0.219468277010285,0,0.0464268796092533,0.110780580465207,0.0628791709470811,0.0297398730367428,0.0253496180500355,0.1316931368215,0.0813095388524014,0.046088112691282,0.044395750570985,0,0.12636524235723,0.0236196246110133,0,0.0323037712789474,0.297385257492065,0.00463775063003767,0.0334305436469005,0.0451493728606981,0.00870473734011472,0.219838447812171,0.191137256269254,0.0731434551533913,0.0865334120923371,0.00360607990561971,0.0761878893426707,0.0651439585891277,0,0.120755147434904,0.0538572222528097,0,0.0371573931302727,0.143228543558428,0.00421779221040059,0.209531571684034,0,0.0478139819503781,0.15357318038611,0.184521765520128,0.045281951778515,0.0104075003360799,0.100871420419263,0.336970579886233,0.130893439266275,0.000572209226304254,0.00635498801410348,0.0812510145858687,0.0453643880741248,0,0.193251404198986,0.220665696178468,0.0275872236241586,0.0766385167713538,0.0105128713302402,0.0813848663922764,0.0345427998449947,0,0.0191805139351036,0.167968983381756
0.0990661655719011,0.00408863586194657,0,0.0714764322828248,0.183392713457508,0.0822326926489793,0,0.0797435738686301,0.0940105306404152,0.0327768217467926,0.0554549837864543,0.0889302944214278,0.0691758993615199,0.0348193323138492,0.024030287459837,0.00168380196564549,0.153464258045648,0.183230773200517,0.054892580044122,0.000787541283048554,0.276955155481486,0,0.036635418394906,0.039264920981873,0.0278021232146807,0.197077146795003,0.218896388469708,0.166041649784037,0.00415463762611977,0.04156616033567,0.195825273270985,0,0.120755147434904,0,0.0387642836036261,0.0629129312865383,0.154701021381169,0.135990057153548,0,0.15615465638688,0.00123732157873022,0.0197546104012171,0.0697212123695785,0.158809742880846,0.00704188221671596,0,0.0913972606298507,0.278027647326462,0.276483558037057,0.0104993046559996,0,0.116169671614182,0.0294495427128783,0,0.168122127611862,0.0995495099221875,0,0.00393701346290063,0.0457678944142131,0.119413221997318,0.037897807887528,0.00959569948148657,0.0578216008038591,0.0618979327202413
0.0692357598348783,0.00543719806810644,0.00645949743602933,0.077917529317119,0.219683697244456,0.0293649473309101,0.0632599402017816,0.130852797918587,0.0649542307846734,0.0184645172345693,0.0357104042218068,0.156171693779397,0.0765572753236627,0.0517088287837278,0.0229151071123023,0,0.145734511478425,0.212269351817862,0.0198788083526219,0.00777434214875591,0.324922218380081,0,0.0392361183784549,0.0102007295975837,0.0173093584204308,0.208346936606347,0.195224033920888,0.125490331442447,0.0193664558978843,0.0387796594229823,0.131143746823304,0,0.0538572222528097,0.0387642836036261,0,0.0445633417335409,0.0785723032491749,0.148116829167821,0,0.211838832642141,0,0.0490492913034883,0.12991152115468,0.177599979100102,0.042609364155099,0,0.111791017420751,0.301300018021084,0.22549800377289,0,0,0.102051125986403,0.0327767602902875,0,0.233796419572327,0.12405678647983,0,0.0184890791625464,0.0319839124066718,0.106971217697448,0.0291326687608071,0,0,0.0956314842728553
0.0304676780185716,0,0.0927145159468237,0.0169485486992753,0.144660136666256,0,0.0211260062152036,0.0680786763012868,0.0595781042256025,0.0286274185181453,0.0276341793611981,0.0861589003585702,0.0513757303706654,0.00179346527924802,0.0655754377885073,0,0,0,0,0.0186114927898006,0.227437686739265,0,0.0266271075944386,0.00966705235386033,0,0.1207700486768,0.0810557638704092,0.0156285172092393,0.0689706631231518,0,0.0873504435224012,0.0317626361700346,0,0.0629129312865383,0.0445633417335409,0,0.0314067466762226,0.0972270379698278,0.00574883649033619,0.159553292347167,0.00104096762417456,0.0382251626129395,0.11450566545586,0.0752375570755013,0.0471668177056599,0.0350207680908717,0.00525161620187701,0.180727027276515,0.127837945632931,0.00703537531306906,0,0.11697572621391,0.0598798642834384,0,0.127768953222959,0.171187222590075,0.0252099464331027,0.047993220009495,0,0.0569283616987451,0.0129169585417964,0,0.00755125006790204,0.113025153968183
0.0030658968768748,0.0221902423713039,0.112561438831737,0.00725785947236888,0.139086227390219,0.0131634250102681,0.0895421120458329,0.124345729254089,0.0442465147114773,0.0199685697165355,0.0517110916794467,0.126337597963015,0.0358793443246177,0.0358773168961705,0.0511356539178057,0.0119659723564501,0.019668423355496,0.0199600051468672,0.0234251762797306,0.0713660656759128,0.286809475858932,0.00851603280558083,0.00714583592927188,0.0860787206031921,0.00768503725264587,0.141966527339864,0.0719436712417851,0.018412450036833,0.0874801346826634,0.0199215687665681,0.0320561971989645,0.0612014685569864,0.0371573931302727,0.154701021381169,0.0785723032491749,0.0314067466762226,0,0.0897048721408306,0.0182541006207048,0.186582931483852,0.0284293810562984,0.0772949216590631,0.206965037133178,0.0891320266180446,0.104311799664903,0.0387309265754556,0.0209002116623511,0.160864861914075,0.104303152428165,0.0351991029515107,0.0176140228566145,0.0820413671601871,0.0349281174672746,0,0.170205744041949,0.173474744370256,0.0418545261911151,0.0790897452463846,0.0215607299658029,0.0508884536930718,0.00150172474195028,0.00396486453132999,0.068916660268335,0.106724206188638
0.0452929865476486,0.0933758944678778,0.16493464664756,0.0616110923955293,0.00919188241323545,0.0896837087744972,0.117172251211657,0.123084044688086,0.0237821079276172,0,0.046199335475768,0.124101694035756,0,0.0126489649421691,0.0895281900629877,0.109353754499214,0.104394470787241,0.0796830317452486,0.0820951367580279,0.0770294753711886,0.156364931333862,0,0,0.114602157632917,0.077600008105736,0,0.0558769636983118,0.0858202566624432,0.161379092555232,0.0927964653493223,0.0602912247607351,0.138840299272468,0.143228543558428,0.135990057153548,0.148116829167821,0.0972270379698278,0.0897048721408306,0,0.0734972855381917,0.158616593362889,0.0693364724730353,0.108457237914694,0.17258427756974,0.0182602075256622,0.125745060738197,0.153968512897279,0.06421405997009,0,0.0172731950993623,0.0783538601275443,0.042805913607908,0,0.0357061068484953,0,0.0677422429778958,0.192478624633972,0.147171277772595,0.146785305113421,0.116262042306877,0.0128978691504842,0.0612654271855264,0.0425670311295534,0.0991993135278031,0.13334872139319
0.0667182811025921,0.0253292547165101,0,0.0660183873936459,0.159564184871823,0,0.00465747987565605,0.0872558304548431,0.0203822748028937,0.00918683277325012,0.0177608083964267,0.115464236327365,0.065203870668704,0.0640965288252994,0.016782237740848,0.010852657834768,0.0569873744214223,0,0,0,0.173636972544961,0,0.0474250794023904,0,0.0153344176506408,0.139863048023349,0.0750872702499555,0.0263299988265006,0.0100796637150801,0.0277575964797646,0.0472491334372129,0,0.00421779221040059,0,0,0.00574883649033619,0.0182541006207048,0.0734972855381917,0,0.148862998704922,0,0.0161790449038472,0.0381687352417244,0.138077093985524,0,0.00599463675142255,0.0901941269434396,0.199053714856382,0.05342131171995,0,0,0.0567929569698652,0.0284533800313885,0.0029492279090039,0.133049685309012,0.055751681293513,0,0.00518859886436186,0.0120026694361686,0.0549815473741239,0.031268894931166,0.0105703083576896,0,0.114023440030874
