0,0.0184705877644327,0.166757151416801,0.0121567273636835,0.0764073244044559,0.103080741333721,0.177045260952284,0.160550628397934,0.0516338540627468,0.0759256856961417,0.102325290892078,0.119602228136895,0.0133258906330388,0.107541973124281,0.0680733678395257,0.0657387436603911,0.140354328666129,0.0244935322370765,0.137732580322193,0.154834627692275,0.170076258763911,0.14760916820754,0.159717478660184,0.175767109530905,0.0971877217459973,0.0166855908986759,0.123091086576266,0.118894057692792,0.167445953463571,0.099200369119617,0.194160105572438,0.206848152090718,0.157783693532601,0.0445020447606351,0.0664218235022471,0.120394318966821,0.0372825467490598,0.116078206806422,0.0111061920066535,0.133571196957278,0.10915252908366,0.052447788394136,0.100067877339127,0.101007680117824,0.14895913712635,0.164741536309583,0.0812291783268728,0.0857697335281936,0.150588961416455,0.138468114622422,0.137773884162404,0.0949724485163495,0.162460420865486,0.0579473446636248,0.136085207564751,0.0801090750704208,0.199292486164874,0.116994570709575,0.144524991425652,0,0.156841081309056,0,0.0116810831936081,0.205682800675939
0.0184705877644327,0,0.115900549352844,0.0204837256044475,0.0472977285689652,0.105010270700415,0.127784721084194,0.135001015068391,0.0801525253652375,0.140099647135452,0.0610346470730311,0.073732739416942,0.0135228538373565,0.0775328714840176,0.11631711301487,0.0092034268491284,0.124991777219927,0.0299189328271079,0.135968472293041,0.141812377019351,0.124169559598727,0.131390465218018,0.0920076052132182,0.118244388750452,0.0727628965512128,0.00945960040832579,0.0897353372345977,0.100546153581201,0.135257180212341,0.102072926967827,0.150889957272523,0.0371778274370478,0.127290840721201,0.0808655049657623,0.0798356374428117,0.102031428878087,0.0735056209191626,0.0847453245009894,0.0220419360308091,0.0801759431411314,0.125175220933663,0.105422274842605,0.0824461469951243,0.053800428989425,0.120535891617526,0.131393688947434,0.00573115862028638,0.0562445690718804,0.14017980751618,0.138946559727977,0.12271218791082,0.0866358905910323,0.092177693722858,0.00928918470194998,0.0936840665926107,0.061052290502993,0.122890071798604,0.105698226490289,0.0997725702539284,0.0367255885249136,0.0365508454452738,0.033564037337129,0.107668544566489,0.141130573418909
0.166757151416801,0.115900549352844,0,0.0957286139080733,0.140299371673504,0.0878300470195725,0.0389688904821268,0.0817013502728935,0.0590061704431647,0.10508475305772,0.0766790100906266,0.117659094754265,0.117673491058728,0.126781903556764,0.116281149742659,0.0268069741871061,0.0949879986134462,0.0957112810056984,0.0648468301554987,0.0952750218147214,0.154093278836468,0.0426324198820703,0.23254973533822,0.111769976599526,0.0214616748437002,0.126354833846914,0.00532212529190204,0.0225183535867755,0,0.0796751774643398,0.0181668312490168,0.019038845685903,0.0814015023834925,0.030167173976203,0.0109118362308666,0.186665841032061,0.120594717352796,0.088897092613186,0.0273348209652197,0.131590182551005,0.095922671122186,0.146740764712893,0.0942422606172039,0.0764856252254706,0.0500899043668097,0.217482058645446,0.0475009566802273,0.0453738727707613,0.0849420144009024,0.0831754476510862,0.0564643570050387,0.222500043367307,0.201284989499804,0.0827882662753966,0.124134033060482,0.0882750690802242,0.048621611418585,0.00916679622611563,0.0131102406838323,0.162482324309112,0.0514332323593802,0.0403069458358349,0.113594488485461,0.0977421358399475
0.0121567273636835,0.0204837256044475,0.0957286139080733,0,0.0171503401355245,0.0769410941859405,0.0688384625496593,0.032883979316523,0.0467863684300362,0.037679768034754,0.0479319132871548,0.0325481923373939,0.048193654226051,0.110474878642437,0.0805400744296336,0.0761353142429905,0.0140080523761752,0.0134746178157521,0.0405385752597787,0.0112133309268179,0.000286850216275515,0.0306692808374733,0,0.046990525742999,0.108698048231767,0.0245732564682962,0.0747195101657056,0.0573645914882342,0.0964628414784679,0.0221456393981413,0.0562762628960709,0.056836243164414,0.0356081652193336,0,0.0472583743251206,0.044793584222278,0.029882307534844,0.099194920488928,0.0222641488033573,0.000934657622762714,0.0332846501750044,0.0513893777241092,0.0741398846633975,0.108756025748174,0.0185992424348898,0.123453470539207,0.0316235176003191,0.0302073638314777,0.045020715324276,0.0133028686434036,0.0189983422311684,0.0166026688085816,0,0.0558966224969572,0.00496924210240174,0.0446464887020579,0.133722063157505,0.083769176667944,0.098138188663873,0.0111001948869697,0.113070413206234,0.00944665565083464,0.0126894174524065,0.0349871148695135
0.0764073244044559,0.0472977285689652,0.140299371673504,0.0171503401355245,0,0.0481168755654466,0.0699366042542307,0.026868565897757,0.0351725645046328,0.0166764982057076,0.101163826154457,0.0617177864459131,0.115682833084551,0.153961860874484,0.0914908818793337,0.120442418557717,0.00902181849875262,0.0356432284033208,0.0739988711938398,0.0025804749713607,0.000592884487919996,0.0224096860174322,0.0314198001560982,0.0119100982128204,0.153986055637986,0.0861145204175543,0.1085559455042,0.101469441045866,0.113463095721849,0.006633910449828,0.0850649949261424,0,0.0235136499509991,0.0109290045309992,0.051337561680385,0.104406568017209,0.086650973151111,0.114341723325017,0.0167288657084431,0,0.0482513793624866,0.0704298222841602,0.089837879518807,0.159614898709659,0.0175786613664996,0.132678825954081,0.0240671810925638,0.028735981796078,0.0625791438448194,0.00986899750200572,0.0247905245799835,0.0949094360394512,0.0341371391276452,0.0474639275840399,0.0473743766195384,0.0817559830300392,0.15405175011241,0.105598501755204,0.144524851883521,0.0831387029919488,0.132693810594811,0.00693053557327615,0.0559337705905545,0.00789288518463226
0.103080741333721,0.105010270700415,0.0878300470195725,0.0769410941859405,0.0481168755654466,0,0.0740605856449959,0.031467090051143,0.0388717936734834,0.0616742625878987,0.0816763926547212,0.10102824121161,0.117394042339705,0.143388557824408,0.108209355612818,0.0590040344324124,0.0865637909936902,0.11895897106535,0.0790091139258065,0.0712669064511231,0.0738264852274964,0.00174159126613185,0.135667868582915,0.0523300471426367,0.0802900730097532,0.0905036605483506,0.0475980314226805,0.0471495650888,0.098066821898914,0.0837726264656942,0.0411788616384218,0.00655306314606176,0.0204958235729249,0.0582409066770055,0.104229139783129,0.115125795380926,0.119522148406492,0.131310570034382,0.0185347930428748,0.111206643158215,0.07405187219712,0.0638766825330689,0.112393393956657,0.144893693457612,0.00540087997683358,0.233532311303471,0.0430749424867463,0.0357903637668093,0.0422032040771142,0.0232891685078541,0.0150171166033253,0.169069476806722,0.116929194637065,0.233571846104614,0.0802936889822645,0.0860705160368831,0.104337571937783,0.0880841422622445,0.0544337416039589,0.101198681359911,0.0934391521960905,0.0530863451180738,0.0969760796971327,0.0343910966070101
0.177045260952284,0.127784721084194,0.0389688904821268,0.0688384625496593,0.0699366042542307,0.0740605856449959,0,0.0698180980112215,0.00892912877197742,0.0828266448818098,0.159097814262129,0.102959962798259,0.10981760414752,0.1139153601353,0.121915797518311,0.0355810007471531,0.102964685738511,0.111901284583622,0.270064233265541,0.126253984760499,0.137021623762145,0.0466504500587789,0.196283381509523,0.0531693568505965,0.0670363987261086,0.129817316998035,0.0711724007666961,0.112136247835945,0.106677813489659,0.100873473408778,0.0397533788145624,0,0.0293083520017522,0.0170328457259741,0.0482339577711862,0.184362255639573,0.187183892029184,0.107079504516942,0.0514717397460638,0.10970849565883,0.105417565287228,0.0954413163699338,0.0940837078297059,0.0799477668481888,0.039373448342874,0.214045819995474,0.0761447644185578,0.044388749677242,0.204620012579356,0.101270359499485,0.0449685600154841,0.246452305308433,0.15577261935522,0.190796612920446,0.125191541232774,0.0902148504584776,0.0242287658761873,0.0737419112877076,0.0718828727818627,0.158745778161623,0.0672810687472505,0.0471478088946806,0.180739628139794,0.0643309946298161
0.160550628397934,0.135001015068391,0.0817013502728935,0.032883979316523,0.026868565897757,0.031467090051143,0.0698180980112215,0,0.0480138097721274,0.0825588620490686,0.134072383154749,0.123544423089141,0.164648122578932,0.104931620985363,0.139891588183224,0.04006949202902,0.0766796299693437,0.124126126863887,0.163633077774222,0.153084494231626,0.129381990623779,0.0603561825842786,0.166048168256889,0.0165946775097503,0.0756455629296059,0.14327995651545,0.0941818167162519,0.108597735057852,0.103911601437571,0.114834154025747,0.0660008008649982,0.0378955841629304,0,0.0402198067402288,0.0928484998534316,0.152575611028983,0.160186005020665,0.0800368504629237,0.0118719060563291,0.136078120052568,0.0758720379587385,0.0832951646822227,0.105752253756673,0.130711835059276,0.00633255478812376,0.129603361077117,0.0548644777598787,0.0819585900044923,0.123372065005028,0.0496833323134764,0.03661235669981,0.199547352703664,0.146615985649221,0.237396077358618,0.115439244187668,0.123011039443012,0.0528950501378111,0.0958886496485049,0.0789849261554661,0.150989785162526,0.0992100561612158,0.0719188195413415,0.151017652796372,0.0680977288023519
0.0516338540627468,0.0801525253652375,0.0590061704431647,0.0467863684300362,0.0351725645046328,0.0388717936734834,0.00892912877197742,0.0480138097721274,0,0.0970731674103779,0.0480792094850233,0.0493982043504947,0.0770290641975314,0.147950005682317,0.125748860458128,0.0701311290257636,0.0365748135567748,0.0656542231666056,0.109046182594076,0.0134184863138997,0,0.100317166872583,0.0630596003741653,0,0.0776470218945362,0.0321672365117263,0.0302784383554085,0.035044393732822,0.0676322596971582,0.0618838660715722,0.0431317674061609,0.00457850330662506,0.00740919272574139,0.0276912919832547,0.0840818932597136,0.0541634278228177,0.0748430800485323,0.110728419709006,0.0192569496134994,0.0244602286484577,0.0393190335755309,0.0842956686302625,0.0925464805500618,0.116588792128267,0.048081649861004,0.191826332420755,0.0322334367275878,0.0608974400605875,0.0991862833757759,0.0343187563540603,0.074908885696687,0.130251746658377,0.041403625210579,0.197034571592292,0.0404570460391129,0.0724566217887875,0.0550074357007887,0.0638135425328508,0.038786051684272,0.0453526146636623,0.0676655153766447,0.0236831880814497,0.0735810990173719,0.00785041047150634
0.0759256856961417,0.140099647135452,0.10508475305772,0.037679768034754,0.0166764982057076,0.0616742625878987,0.0828266448818098,0.0825588620490686,0.0970731674103779,0,0.122953672566169,0.0896632863985819,0.152362949608582,0.134862788462244,0.0342849720484894,0.0789145980828443,0.0211950928419689,0.108118009204003,0.102895859079944,0.0189060976430866,0.0386026211716561,0.0982576688822532,0.054073711389502,0,0.0830279446482042,0.115911984352822,0.0777958416457408,0.116645694894839,0.108116391963736,0.0506997884188331,0.102812832341628,0.0363295761982953,0.0198663160876073,0.0612884298619314,0.132149321687288,0.122673357372152,0.145426710170688,0.0193122358597823,0.0404331761354057,0.0415624245754669,0.128987814842547,0.068114794909435,0.156374284096035,0.157397056166424,0.0673494187905072,0.0588532888608293,0.0490796525607597,0.104207397346972,0.0801499812168624,0.0327305629558242,0.0997047319771693,0.0945713428582682,0.0652852662304103,0.157436291339146,0.0542614328121518,0.0889161172733563,0.0705651341255285,0.101920051595543,0.0942603735338998,0.121620362755615,0.144339294321137,0.0490814115449007,0.104919656038769,0.0394152202669302
0.102325290892078,0.0610346470730311,0.0766790100906266,0.0479319132871548,0.101163826154457,0.0816763926547212,0.159097814262129,0.134072383154749,0.0480792094850233,0.122953672566169,0,0.100524282229458,0.0308645484785656,0.0816644791754711,0.109447436502779,0.0447931322318868,0.139671926240176,0.0345375824928615,0.129499715945293,0.18561789855825,0.180515339096309,0.129848454204315,0.24068985672665,0.198238523973498,0.070745203883283,0.0961676394609258,0.0889591330152281,0.138353485953902,0.18149309817078,0.112354496324598,0.290753960220446,0.0610116682674479,0.183071056646257,0,0,0,0.0458199852145205,0.0992180086381314,0.04666825244632,0.126964206378344,0.108959198757869,0.0725806767053612,0.0846841552808317,0.00373308797270501,0.171818809666807,0.17465241044585,0.0895924508891811,0.0609040294874688,0.158790537406772,0.163631816940072,0.148563364861973,0.203169545952205,0.207256581612535,0.107423612121243,0.142326884560638,0.10894166609216,0.193206218758375,0.158098506966125,0.0998490317138444,0.24336898332789,0.0333048673055551,0.00474791499249421,0.050492464531552,0.172832037937557
0.119602228136895,0.073732739416942,0.117659094754265,0.0325481923373939,0.0617177864459131,0.10102824121161,0.102959962798259,0.123544423089141,0.0493982043504947,0.0896632863985819,0.100524282229458,0,0.164298496616321,0.188454245919788,0.188846197725496,0.0609933527279944,0.0667101883620351,0.0934513313250038,0.138790553321115,0.0930891678931348,0.0790450591394354,0.112711742094344,0.0942119841030302,0.13525604647073,0.165524576476575,0.107840060689888,0.136972573887505,0.107809347848251,0.138556733637606,0.0524235272849073,0.122843238479643,0.0379014292941954,0.145233466133237,0.0538691246121556,0.0974227931584523,0.123108392828202,0.136423576448462,0.174269915948441,0.0351428261208437,0.110698576979723,0.10433308683939,0.159464038782831,0.0910231762796924,0.119879666831832,0.110745686715746,0.20795730430815,0.00847313992590315,0.0757814145278985,0.168833694227271,0.128865402984991,0.122608028427949,0.203492566397335,0.119619008405053,0.0374182972493467,0.043815541357532,0.0713078853097126,0.150846884446827,0.140704149582028,0.130329768673813,0.122706041190731,0.0882037441601319,0.0380406755042034,0.121062293961941,0.112488284179971
0.0133258906330388,0.0135228538373565,0.117673491058728,0.048193654226051,0.115682833084551,0.117394042339705,0.10981760414752,0.164648122578932,0.0770290641975314,0.152362949608582,0.0308645484785656,0.164298496616321,0,0.259644425412202,0.180862519147473,0.0485102635000321,0.200031884489298,0.0147228214095324,0.100413680223122,0.16067133761343,0.133538118914355,0.104939274164156,0.126884007059632,0.161797776045146,0.220884826382712,0.0129432217642724,0.125348310226702,0.100179032688566,0.196838905669286,0.129549529661817,0.142546619913115,0.0223804716702736,0.118654798853761,0.018807144668487,0.0427907467012843,0.0346293173820162,0.0350155856040716,0.184310803591591,0.0712550559102808,0.102708691695779,0.190886233186483,0.173085801648492,0.215302993177497,0.213276010705484,0.122676480906416,0.251036363102845,0.0327404503054096,0.0950319678229509,0.171300600229097,0.17167849633154,0.133605848088772,0.104521043908347,0.141195356831849,0.0869292251306039,0.160901864590137,0.122161276654635,0.203688995861297,0.213664583122428,0.144619709836637,0.0379391691355515,0.0498442046948101,0.0076188901683531,0.0174739170893226,0.15602804735793
0.107541973124281,0.0775328714840176,0.126781903556764,0.110474878642437,0.153961860874484,0.143388557824408,0.1139153601353,0.104931620985363,0.147950005682317,0.134862788462244,0.0816644791754711,0.188454245919788,0.259644425412202,0,0.263735197664879,0.111871532787205,0.0777602276622403,0.0288419734936535,0.0877520805857734,0.0537131455637688,0.0870404166658757,0.0558045673471361,0.151171020898773,0.101136035128028,0.136657438208271,0.114060036905031,0.0418030332581028,0.119510242264485,0.0991501777209303,0.0129731699206167,0.0565681455797897,0.0269948337456976,0.0935419240644968,0.0294249418553177,0.026857008508172,0.122381993285055,0.110527677144639,0.199035673166523,0.0595809688470154,0.177886695748663,0.145226822720306,0.209667164392982,0.115813930218195,0.260232377853821,0.0389565252044661,0.307339566015108,0.00375217705554001,0.0659569442472404,0.155329985461106,0.0866392336203777,0.0412029138130278,0.179768624909137,0.197236792539751,0.0394551991247429,0.0554542361858488,0.0997779812059646,0.1262356665976,0.0704862352435875,0.0884518868450713,0.168447394595128,0.129377785378617,0.0175745142459882,0.107927398346938,0.0652821622693433
0.0680733678395257,0.11631711301487,0.116281149742659,0.0805400744296336,0.0914908818793337,0.108209355612818,0.121915797518311,0.139891588183224,0.125748860458128,0.0342849720484894,0.109447436502779,0.188846197725496,0.180862519147473,0.263735197664879,0,0.125847750189059,0.075997506948973,0.0588198891527368,0.0749156396670266,0.0545113734380722,0.100065084542935,0.0797273711324279,0.0843553013778235,0.0668005572484558,0.112380274132581,0.137081274004901,0.0884962379153426,0.128680814671165,0.1180210455189,0.0993867382871087,0.0905093052577581,0.0416959435948751,0.0862643847282927,0.0263208939360728,0.10368093632935,0.101831653250968,0.133509643032763,0.0173548530434162,0.108989907408435,0.136373812185849,0.207375513938914,0.242071625427118,0.215600544623805,0.172376053308876,0.0832045111212687,0.0556556025995108,0.0140773459971856,0.0969682682823185,0.0849717597006516,0.066151768063546,0.0883141941936127,0.095003843346019,0.118586687563009,0.0929742269906169,0.134651205152177,0.153993938631928,0.108975761293222,0.129945201830104,0.12859059824746,0.13262807565967,0.144613336152899,0.0464658475917821,0.100594750907277,0.0978438123255107
0.0657387436603911,0.0092034268491284,0.0268069741871061,0.0761353142429905,0.120442418557717,0.0590040344324124,0.0355810007471531,0.04006949202902,0.0701311290257636,0.0789145980828443,0.0447931322318868,0.0609933527279944,0.0485102635000321,0.111871532787205,0.125847750189059,0,0.0450013408812071,0.0075367985831158,0.0417542828473395,0.0467289350455514,0.0682237163778739,0.048170678033904,0.0776855941511863,0.0394683474795419,0.0731936808471844,0.0360952492094676,0.00766823389139336,0.0288487280962045,0.0167138790368006,0.0242930084494574,0.0239857157630329,0.017403044052591,0.0472920033762628,0.0060457623770742,0.0236296471307761,0.039551771324901,0.0261785482021166,0.139633074726779,0.0305384384266357,0.0677270016107694,0.10238669870634,0.173482609873771,0.0438537010342999,0.0562997959629678,0.0261281623757671,0.250190394707705,0.0388133527626951,0.0148370575727754,0.0668913169219369,0.0600137076752194,0.0305538957318882,0.0841215217124505,0.0644416745727367,0.0147301522710168,0.0562529286919827,0.0312070145427036,0.0499389046859789,0.0292279996049379,0.00959463703865294,0.0481135653429469,0.037842828770648,0,0.0254641328127599,0.0488020367061058
0.140354328666129,0.124991777219927,0.0949879986134462,0.0140080523761752,0.00902181849875262,0.0865637909936902,0.102964685738511,0.0766796299693437,0.0365748135567748,0.0211950928419689,0.139671926240176,0.0667101883620351,0.200031884489298,0.0777602276622403,0.075997506948973,0.0450013408812071,0,0.119192973050311,0.148899762923736,0.034453550019451,0.0296869283486888,0.131451251549536,0.0748196562223322,0.0251532995080239,0.103212907628245,0.122380861747039,0.115147383055372,0.153008265801946,0.140109475828174,0.0472418738944822,0.128900073283259,0.0764440033649012,0.0980587341084951,0.088758328178044,0.102579293404101,0.151485090089177,0.160706593776937,0.04730576471683,0.0136778703993245,0.0189351701380516,0.0194323291864139,0.0691221129816809,0.0808500620744049,0.191978143200814,0.0974200079715832,0.0653034019612121,0,0.103053331574877,0.135220005628036,0.076803161125473,0.118116383179795,0.169556705852152,0.0745116576495414,0.12259128879069,0.0343363844469443,0.0974076705187746,0.0894041659602999,0.156296320612479,0.116027671098166,0.15420640996486,0.132061852999157,0.066428416916568,0.161368206680997,0.0669945726760458
0.0244935322370765,0.0299189328271079,0.0957112810056984,0.0134746178157521,0.0356432284033208,0.11895897106535,0.111901284583622,0.124126126863887,0.0656542231666056,0.108118009204003,0.0345375824928615,0.0934513313250038,0.0147228214095324,0.0288419734936535,0.0588198891527368,0.0075367985831158,0.119192973050311,0,0.11674631149659,0.143818756390301,0.182112277222034,0.175506417117451,0.168264074641947,0.167990653408364,0.0313810801109854,0.0212422357680232,0.041242439442924,0.0652182586869374,0.0911532204351928,0.0981186328469349,0.127024930753936,0.195689373830055,0.124857492726628,0.151185234130605,0.097613663424448,0.0859286175466792,0.0370576626140873,0.0362612856758167,0.0216653828767476,0.108461207104916,0.0983976348087013,0.0590210562581791,0.0627513043350878,0.0109738293886677,0.12321917946311,0.0785555798175878,0.0386647782282692,0.0670830770169454,0.101310716096909,0.120995291222989,0.114800352776824,0.0688863006729707,0.133574316512741,0.0120016879051406,0.132538253665792,0.0754168356350944,0.110695655809048,0.0518044827220166,0.0601261334191132,0.00489885098266397,0.0692436421098943,0,0.0397835251600017,0.199334161857214
0.137732580322193,0.135968472293041,0.0648468301554987,0.0405385752597787,0.0739988711938398,0.0790091139258065,0.270064233265541,0.163633077774222,0.109046182594076,0.102895859079944,0.129499715945293,0.138790553321115,0.100413680223122,0.0877520805857734,0.0749156396670266,0.0417542828473395,0.148899762923736,0.11674631149659,0,0.292004633955323,0.245988724214073,0.136352108344738,0.212283664127992,0.160841013766484,0.0265114420996699,0.134499855407772,0.0301151845503531,0.0255457776142625,0.124467552375868,0.121279886327935,0.29483531070334,0.0374486782175869,0.173010681563947,0.0252817466394552,0.0427651833417582,0.103371188655373,0.1542569090985,0.0435289423852452,0.00649274076457524,0.157361822065335,0.104417656661888,0.011412007597427,0.118701866651345,0.0807332842905949,0.202527130136723,0.164482704961493,0.0937923309676204,0.048769629085841,0.0287510315946225,0.236359056391432,0.175401372412962,0.203621691000458,0.178396449151224,0.230126764350216,0.159671108615944,0.1118644687261,0.179753465059953,0.0721067020726239,0.0301315464054779,0.184358187454364,0.0914714935270298,0.0493227348827123,0.140848565968895,0.238303508116776
0.154834627692275,0.141812377019351,0.0952750218147214,0.0112133309268179,0.0025804749713607,0.0712669064511231,0.126253984760499,0.153084494231626,0.0134184863138997,0.0189060976430866,0.18561789855825,0.0930891678931348,0.16067133761343,0.0537131455637688,0.0545113734380722,0.0467289350455514,0.034453550019451,0.143818756390301,0.292004633955323,0,0.09539075740278,0.193424488977054,0.143256556282539,0,0.0857257730784375,0.177998927949006,0.124091010227361,0.163017811583176,0.143259176050339,0.0578142845997112,0.169209488871175,0.0568020099910125,0.0838151793532238,0.0520311695293483,0.124738192397958,0.18060544427625,0.231007181715302,0.028098550723379,0,0.0553035065557108,0.0139198785975784,0.0176722559571196,0.0943996688180933,0.134877597525798,0.273032074471105,0.0765126275267094,0.0364313875004021,0.175361753568766,0.190245954746887,0.176410403942927,0.383992081151919,0.202341766600932,0.117919124039107,0.25891099559162,0.099756413667546,0.0948983802839538,0.0758216280857775,0.108078563876872,0.116378748037326,0.173618426718502,0.116013807450592,0.0760193543444117,0.187562822779393,0.0387811611492723
0.170076258763911,0.124169559598727,0.154093278836468,0.000286850216275515,0.000592884487919996,0.0738264852274964,0.137021623762145,0.129381990623779,0,0.0386026211716561,0.180515339096309,0.0790450591394354,0.133538118914355,0.0870404166658757,0.100065084542935,0.0682237163778739,0.0296869283486888,0.182112277222034,0.245988724214073,0.09539075740278,0,0.246474074816319,0.162004523998976,0.0385385931448976,0.146953351836168,0.162900695732122,0.165583290706049,0.171898524911796,0.157937005056729,0.0207039690157687,0.204155590721423,0.0359449168481484,0.174020927865356,0.108823415862918,0.149372317655798,0.204852634719954,0.211435152881589,0.0935159993330826,0.0101702953606256,0.0179245696737026,0.0230641695697936,0.0782446827130466,0.0443746351645658,0.109121316766149,0.193842613630137,0.118079163865153,0,0.133736705188661,0.16042911849971,0.128168293433922,0.205544843418137,0.235159157368502,0.101489884542418,0.150766849071395,0.119629225535042,0.0922264436155854,0.151966067148787,0.15433805210575,0.168928720958872,0.157464510269638,0.105432397050729,0.049965802742323,0.195300147907332,0.0866939258164116
0.14760916820754,0.131390465218018,0.0426324198820703,0.0306692808374733,0.0224096860174322,0.00174159126613185,0.0466504500587789,0.0603561825842786,0.100317166872583,0.0982576688822532,0.129848454204315,0.112711742094344,0.104939274164156,0.0558045673471361,0.0797273711324279,0.048170678033904,0.131451251549536,0.175506417117451,0.136352108344738,0.193424488977054,0.246474074816319,0,0.16714242638214,0.0521872273036756,0.037446204105411,0.131604579285639,0.0481222472864568,0.0431796736056466,0.0391901247493898,0.0991535153736436,0.0160692465618527,0.0558866156601204,0.0266408345996317,0.0378961861364097,0.11210457021554,0.134567335109621,0.180046167186427,0.0283512770000652,0.00730131159630802,0.126472607741453,0.127191904416308,0.0389305979564039,0.0940670582153698,0.0711431819475915,0.0382138481243256,0.132016130707286,0.0625561160584452,0.0185521494665809,0.0192544070012693,0.0608724542867059,0.043812749024265,0.168896029150896,0.13632818811046,0.298932072965554,0.136073684032075,0.101217285602926,0.0578178622834576,0.0271591877920388,0.0459057773586443,0.138521428016623,0.08081408338044,0.0528882939665935,0.154891647885707,0.26691707593641
0.159717478660184,0.0920076052132182,0.23254973533822,0,0.0314198001560982,0.135667868582915,0.196283381509523,0.166048168256889,0.0630596003741653,0.054073711389502,0.24068985672665,0.0942119841030302,0.126884007059632,0.151171020898773,0.0843553013778235,0.0776855941511863,0.0748196562223322,0.168264074641947,0.212283664127992,0.143256556282539,0.162004523998976,0.16714242638214,0,0.147671030222299,0.168149478213869,0.0936796371419549,0.202476356694402,0.196170540335276,0.257101388527769,0.066068129771577,0.277255523014951,0.17392904749659,0.165533012430421,0.152413970530869,0.163519908272116,0.235234501248598,0.205704913867588,0.106069354465192,0.0279150260317633,0.102405919213976,0.0985829629663776,0.0871032254660378,0.11302846064262,0.221358138164921,0.156536043687528,0.154518121259883,0.0238142462197409,0.123954784363453,0.178863607520123,0.14945581432536,0.148817553736973,0.166121993383739,0.00510434224549664,0.0447147973148812,0.0611406440558451,0.0300013604321935,0.240482362668077,0.229226537357103,0.214104151162638,0.164012143529295,0.251662883366361,0.0189830810681225,0.19024347744578,0.19507584394582
0.175767109530905,0.118244388750452,0.111769976599526,0.046990525742999,0.0119100982128204,0.0523300471426367,0.0531693568505965,0.0165946775097503,0,0,0.198238523973498,0.13525604647073,0.161797776045146,0.101136035128028,0.0668005572484558,0.0394683474795419,0.0251532995080239,0.167990653408364,0.160841013766484,0,0.0385385931448976,0.0521872273036756,0.147671030222299,0,0.11389061867274,0.146232122316828,0.139321845548939,0.134761194455516,0.148539695850952,0.0524988241791798,0.122824493673546,0.103053499773703,0,0.094548352527523,0.110724953938974,0.161218466818543,0.199871452088525,0.0157566187920565,0.00565400021090466,0.0984652212071238,0.0189155432256878,0.0191488304256132,0.126764180644038,0.149320203002207,0.00845859806453092,0.00871135642269817,0.0171504606892064,0.0442764605791076,0.0960048418774903,0,0.00858453271477193,0.173974204373671,0.175712073911828,0.045486953394265,0.0659287992688876,0.114587381359885,0.0969177936059211,0.140985576767802,0.141085144452968,0.200941441535628,0.199575077166847,0.0635147457321198,0.179662090203297,0.0185178710228176
0.0971877217459973,0.0727628965512128,0.0214616748437002,0.108698048231767,0.153986055637986,0.0802900730097532,0.0670363987261086,0.0756455629296059,0.0776470218945362,0.0830279446482042,0.070745203883283,0.165524576476575,0.220884826382712,0.136657438208271,0.112380274132581,0.0731936808471844,0.103212907628245,0.0313810801109854,0.0265114420996699,0.0857257730784375,0.146953351836168,0.037446204105411,0.168149478213869,0.11389061867274,0,0.168180272310047,0.0350529508491441,0.0950054152364336,0.0166050927866868,0.0703764704941589,0.0341189745787491,0,0.0923531417946529,0.000490466745781325,0.0273763121484169,0.0831613541860898,0.0688535014604733,0.0818577088139361,0.0799012496875465,0.153296094841012,0.153757817984084,0.144672102176414,0.142283687557972,0.147504763139817,0.0637164811872293,0.145636680250912,0.0558249845773203,0.0380489496656556,0.0744268463373833,0.0784107563877173,0.0491328593648281,0.150846549815407,0.178921644415242,0.0199683398287558,0.161471611247675,0.206507548911423,0.0761984175223645,0.0199246523692807,0.107754327980176,0.18187517995874,0.103617054799202,0.0741975677699336,0.0518912218086161,0.0867355806050605
0.0166855908986759,0.00945960040832579,0.126354833846914,0.0245732564682962,0.0861145204175543,0.0905036605483506,0.129817316998035,0.14327995651545,0.0321672365117263,0.115911984352822,0.0961676394609258,0.107840060689888,0.0129432217642724,0.114060036905031,0.137081274004901,0.0360952492094676,0.122380861747039,0.0212422357680232,0.134499855407772,0.177998927949006,0.162900695732122,0.131604579285639,0.0936796371419549,0.146232122316828,0.168180272310047,0,0.174203705836438,0.141125235224031,0.164038921928795,0.116793787358083,0.199088639080797,0.0237211505935617,0.187083208631279,0.0427449872722906,0.0878436959434205,0.0819010967131161,0.137358458418437,0.14453136997754,0.0439957896265565,0.117964799521294,0.171270191540051,0.111887690272341,0.0701997964213199,0.042453467031781,0.16621338075922,0.20709217426498,0.0350140503263915,0.0720320442978264,0.157312110041297,0.166282973565426,0.162311536465156,0.101447958430707,0.116527190642092,0.0209937007816256,0.170188673530534,0.106694386720411,0.182114383387096,0.163283123790483,0.1789578412479,0.0199719505250867,0.0287287000678485,0.0116223966153586,0.0747242306584049,0.137295271900146
0.123091086576266,0.0897353372345977,0.00532212529190204,0.0747195101657056,0.1085559455042,0.0475980314226805,0.0711724007666961,0.0941818167162519,0.0302784383554085,0.0777958416457408,0.0889591330152281,0.136972573887505,0.125348310226702,0.0418030332581028,0.0884962379153426,0.00766823389139336,0.115147383055372,0.041242439442924,0.0301151845503531,0.124091010227361,0.165583290706049,0.0481222472864568,0.202476356694402,0.139321845548939,0.0350529508491441,0.174203705836438,0,0.0435506877760048,0.0313396557265789,0.0712292826237715,0.0870611424758504,0,0.12375529252235,0,0,0.0689719154093891,0.111932900538092,0.0896807333394898,0.0891053950433618,0.146602113815471,0.128498070922838,0.0733929196354281,0.0814364976577677,0.0442035124819114,0.115273440701604,0.148548595047592,0.0566346548126831,0.02768970289973,0.0632900020992115,0.102591752234608,0.086198756211351,0.160920167428561,0.198387096220117,0.0490095975865967,0.152773895808787,0.11145074310905,0.0913727975248732,0.0456754246121533,0.00267454098074655,0.211905628728953,0.0517811559902549,0.0137373514498086,0.0847055096282573,0.0959959449399924
0.118894057692792,0.100546153581201,0.0225183535867755,0.0573645914882342,0.101469441045866,0.0471495650888,0.112136247835945,0.108597735057852,0.035044393732822,0.116645694894839,0.138353485953902,0.107809347848251,0.100179032688566,0.119510242264485,0.128680814671165,0.0288487280962045,0.153008265801946,0.0652182586869374,0.0255457776142625,0.163017811583176,0.171898524911796,0.0431796736056466,0.196170540335276,0.134761194455516,0.0950054152364336,0.141125235224031,0.0435506877760048,0,0.10807617656357,0.123484757240855,0.179871972088263,0.0100158879735488,0.125478909156511,0,0.0302395719359991,0.0649694674752136,0.146712150167137,0.0992081652364933,0.056968394967918,0.120550188106029,0.109308892550736,0.0737115067056006,0.113996471316378,0.0413495779750988,0.131838236187306,0.205800774892018,0.109033166271219,0.0261552747428155,0.115766458239844,0.146010876462194,0.111276295304819,0.203088836552242,0.169097331015161,0.127155258486995,0.13202943238887,0.107426959513422,0.182261174771077,0.163756239871241,0.0626149722193491,0.226012642722653,0.0668861478119936,0.0297418482445336,0.129767742309196,0.112333287864482
0.167445953463571,0.135257180212341,0,0.0964628414784679,0.113463095721849,0.098066821898914,0.106677813489659,0.103911601437571,0.0676322596971582,0.108116391963736,0.18149309817078,0.138556733637606,0.196838905669286,0.0991501777209303,0.1180210455189,0.0167138790368006,0.140109475828174,0.0911532204351928,0.124467552375868,0.143259176050339,0.157937005056729,0.0391901247493898,0.257101388527769,0.148539695850952,0.0166050927866868,0.164038921928795,0.0313396557265789,0.10807617656357,0,0.092043188205355,0.0573437511024162,0.00354327862238849,0.140482880526463,0,0.0303794697901282,0.154827965487358,0.164286828830316,0.0929537704765051,0.0622240350276175,0.156122364810778,0.159840689137014,0.163513306225774,0.112830832105215,0.108550527880366,0.0896345087523249,0.190726391859483,0.0702220916002887,0.0346272427596299,0.11907798334948,0.13137353301981,0.0796079313214919,0.275186913606576,0.237793302606485,0.101422012147481,0.141225951013531,0.123652541180593,0.101710730147828,0.0151229842545485,0.0541479396294496,0.246490741186879,0.106552385582944,0.083703079788576,0.225999853873188,0.123099296512089
0.099200369119617,0.102072926967827,0.0796751774643398,0.0221456393981413,0.006633910449828,0.0837726264656942,0.100873473408778,0.114834154025747,0.0618838660715722,0.0506997884188331,0.112354496324598,0.0524235272849073,0.129549529661817,0.0129731699206167,0.0993867382871087,0.0242930084494574,0.0472418738944822,0.0981186328469349,0.121279886327935,0.0578142845997112,0.0207039690157687,0.0991535153736436,0.066068129771577,0.0524988241791798,0.0703764704941589,0.116793787358083,0.0712292826237715,0.123484757240855,0.092043188205355,0,0.107875584145117,0.0539883401462574,0.070263691024741,0.0558965276995653,0.108934975132596,0.11551305593064,0.168332924997999,0.066918525866624,0.0851349642882987,0.0424861541771066,0.11760811080693,0.108102148996279,0.101311254900886,0.094272466677535,0.0801911184525968,0.0661628374927035,0,0.0536171471269397,0.120194640421278,0.087998450143234,0.0880647903126113,0.135089317248027,0.0703238819357248,0.018120171000759,0,0.0236510902380457,0.0672947155780727,0.0760435199420977,0.082768204452647,0.135508565859591,0.0989869660028886,0.0709304726813942,0.125657090830386,0.0726756570912397
0.194160105572438,0.150889957272523,0.0181668312490168,0.0562762628960709,0.0850649949261424,0.0411788616384218,0.0397533788145624,0.0660008008649982,0.0431317674061609,0.102812832341628,0.290753960220446,0.122843238479643,0.142546619913115,0.0565681455797897,0.0905093052577581,0.0239857157630329,0.128900073283259,0.127024930753936,0.29483531070334,0.169209488871175,0.204155590721423,0.0160692465618527,0.277255523014951,0.122824493673546,0.0341189745787491,0.199088639080797,0.0870611424758504,0.179871972088263,0.0573437511024162,0.107875584145117,0,0.00387026796634422,0.095091728787079,0,0.0515063509858971,0.212955248142554,0.255299220541298,0.0353379386026537,0.0171640443011406,0.130691465090951,0.0620673423321735,0.0519617437226111,0.0915539243349071,0.0668849066801818,0.10110430759108,0.133627776453541,0.0856472514490343,0.0400642983856611,0.1507963796576,0.122383077703627,0.0756891427338588,0.296848747390186,0.223839466584394,0.192344009911836,0.157811040378924,0.122318220346059,0.0240223100935634,0.0356079274659819,0.101844011294755,0.308380012501284,0.123133876497608,0.0977817409716412,0.267411008290087,0.117419540351995
0.206848152090718,0.0371778274370478,0.019038845685903,0.056836243164414,0,0.00655306314606176,0,0.0378955841629304,0.00457850330662506,0.0363295761982953,0.0610116682674479,0.0379014292941954,0.0223804716702736,0.0269948337456976,0.0416959435948751,0.017403044052591,0.0764440033649012,0.195689373830055,0.0374486782175869,0.0568020099910125,0.0359449168481484,0.0558866156601204,0.17392904749659,0.103053499773703,0,0.0237211505935617,0,0.0100158879735488,0.00354327862238849,0.0539883401462574,0.00387026796634422,0,0.0241708871453639,0.173750597360568,0.116519755229123,0.0571437600609385,0.0555072307497633,0.0937074370496584,0.00737715243543557,0.0523882459366649,0.034282775905679,0.00205263721620872,0.0235279008666462,0.00841549081671054,0.0668617155851031,0.0399953976134735,0.0450150019225375,0.0218886314448332,0.0136709118855686,0.0436245951371531,0.0651045665962194,0.1096856302803,0.107428360339801,0.102204817362822,0.053716472526408,0.0396363885089968,0.0300815265955844,0,0,0.060880304138784,0.0178303801343386,0.0578248272317973,0.083389961716936,0.0508941552839475
0.157783693532601,0.127290840721201,0.0814015023834925,0.0356081652193336,0.0235136499509991,0.0204958235729249,0.0293083520017522,0,0.00740919272574139,0.0198663160876073,0.183071056646257,0.145233466133237,0.118654798853761,0.0935419240644968,0.0862643847282927,0.0472920033762628,0.0980587341084951,0.124857492726628,0.173010681563947,0.0838151793532238,0.174020927865356,0.0266408345996317,0.165533012430421,0,0.0923531417946529,0.187083208631279,0.12375529252235,0.125478909156511,0.140482880526463,0.070263691024741,0.095091728787079,0.0241708871453639,0,0.0235284680429718,0.0986484308640658,0.143013978067761,0.198678593928589,0.038884948183432,0.00667472758660283,0.127364207516656,0.0524930336031673,0.0224596260109272,0.113152545305596,0.0978652800855271,0,0.0570295750501787,0.0469553855647757,0.0339846003006126,0.0852067149908127,0,0,0.174887302137377,0.145665929354525,0.102814542212837,0.142587532018111,0.123091287153306,0.0529917862757706,0.096753989834864,0.135176239762749,0.182775047141569,0.136664376126004,0.0988939394635901,0.165366518590783,0.035469676537822
0.0445020447606351,0.0808655049657623,0.030167173976203,0,0.0109290045309992,0.0582409066770055,0.0170328457259741,0.0402198067402288,0.0276912919832547,0.0612884298619314,0,0.0538691246121556,0.018807144668487,0.0294249418553177,0.0263208939360728,0.0060457623770742,0.088758328178044,0.151185234130605,0.0252817466394552,0.0520311695293483,0.108823415862918,0.0378961861364097,0.152413970530869,0.094548352527523,0.000490466745781325,0.0427449872722906,0,0,0,0.0558965276995653,0,0.173750597360568,0.0235284680429718,0,0.0179286319225753,0.0498681763159136,0.023936751253894,0.0417995460222613,0.0186044552605014,0.0645987416240613,0.036754094882191,0.0457996723760745,0.0319294565362281,0,0.0212946561331932,0.0742575786183016,0.0399056057509444,0.0350497560680807,0.028155809967434,0.0271428131985338,0.0265822859420733,0.10030560558042,0.102746542856522,0.0329687284883907,0.0618647732878587,0.0462453528332299,0.0212934427041633,0,0.00110684522778175,0.0199540899164031,0.0448484766449498,0.00103658073875879,0.0425485823903761,0.112343661037394
0.0664218235022471,0.0798356374428117,0.0109118362308666,0.0472583743251206,0.051337561680385,0.104229139783129,0.0482339577711862,0.0928484998534316,0.0840818932597136,0.132149321687288,0,0.0974227931584523,0.0427907467012843,0.026857008508172,0.10368093632935,0.0236296471307761,0.102579293404101,0.097613663424448,0.0427651833417582,0.124738192397958,0.149372317655798,0.11210457021554,0.163519908272116,0.110724953938974,0.0273763121484169,0.0878436959434205,0,0.0302395719359991,0.0303794697901282,0.108934975132596,0.0515063509858971,0.116519755229123,0.0986484308640658,0.0179286319225753,0,0.0283793510601442,0.0252099083043332,0.0546322676888248,0.0182987781710623,0.116431269916688,0.087885378721532,0.0702094238859836,0.0517787113285654,0,0.0908340581450419,0.0953109200629878,0.0484144326524941,0.0457043884779282,0.0554296121157522,0.0954971395280551,0.0922443124145121,0.0929646682459406,0.14862737225098,0.0294341596717242,0.119580095060522,0.103373908030675,0.0768196691035254,0.0190262386416247,0.013528156097356,0.0769634916870381,0.0201265778912567,0.00284826003805252,0.0597233784434852,0.15390920554459
