0,0.0297398862663056,0.00989951542043892,0.0282796969684674,0,0.0183007165694103,0.0212927491706713,0.0228694998941791,0.0165814019866698,0.0367769855524273,0.0355806440965199,0.0121989295835212,0.00847422279608383,0.0271320480520445,0.0167913358459116,0.0402160293415452,0.0223119850090455,0.00902324642415154,0.00338318798564175,0.00522679487944976,0.00419581058134517,0.0292340247023972,0.0386851591119517,0.0481610959581687,0.0249243212198589,0.0602377774293504,0.0528273560535836,0.0222241360694282,0.0129084266339773,0.07203432961776,0.0172479622765495,0.005702511000742,0.023343969220174,0.0140863646855867,0,0.00863433434631664,0.00692194408595059,0.0078786678614718,0.0150406321721625,0.0344007769377471,0,0.0133038707027117,0.0228386815444317,0.0198400604666202,0.0249747913890513,0.0899997017790303,0.0649517829028031,0.0188195240367552,0,0,0,0.0184795404117874,0.0482559084350582,0.0596097854074183,0.0222312218439467,0.030559894407524,0.0330046648851475,0.0284827257562216,0.0406158658396013,0.0160464553082264,0.00352517313100198,0.00155564766198381,0,0.0607790994636787
0.0297398862663056,0,0.0654870569479061,0.00812283591755937,0.0547655410406839,0.0262798688318201,0.0721720606545701,0.0363821706545467,0.0292165135828034,0.0735888895363426,0.0158789831788943,0.0795470129687756,0.161729860763861,0.0475347627519959,0.0678608393941145,0.10385104332632,0.0778619931575339,0.0216771769631306,0.0475222061031269,0.0574037821822782,0.0248000132244169,0.0613621468542825,0.0882697583232292,0.113440913816309,0.0722013803018061,0.0925956903630025,0,0.0200754370334976,0.0464532900312498,0.0710687601912626,0,0.027017183616243,0.0414979178873645,0,0.031233384170714,0.0131055061340065,0.0157146104828344,0.0071082063238416,0.00461186064667242,0.0839680461962027,0.0647874614303613,0.0528370341093236,0.0534060909484311,0.075698404973578,0.0332063473403074,0.104307924424395,0.078096128113995,0.116952211071484,0.0469320245832608,0.0275026655909056,0.0804992123980185,0.0662265066278038,0.117477592851706,0.043037839378177,0.0383092040456872,0.0776239897263781,0.0904262102198249,0.0549286818288356,0.0384123594776017,0.0382020542390505,0,0.0165388971603854,0.000242669480007691,0.0681285602323143
0.00989951542043892,0.0654870569479061,0,0.0468312175992739,0.0412679142285983,0.0146192422422298,0.0268436025279688,0.033808541351355,0.091308229722462,0.0664124932502178,0.0259589845484069,0.0161216572461451,0.079923088563851,0.0557603469990434,0.0313262825428678,0.125343818475372,0.145500107546949,0.052549340892574,0.0670670049036819,0.0616167764473067,0,0.0816864402130798,0.0647977373427661,0.0105715139363205,0.0740318033806649,0.0642487290001688,0.0241219236584916,0.0444634754829947,0.0478337508703494,0.0686635002207384,0.0384944349125689,0.047643082763827,0.0373175032489368,0.0421013290995251,0.00324310550011058,0.0835328202064977,0.0468977841544024,0.010440223479701,0.041110287878939,0.0186627331543752,0.0276122192912222,0.00917449703077312,0.0429822294263138,0.127411867633176,0.0543346419380258,0.0541090937275731,0.132107311625765,0.13295963960276,0.0180033130460643,0.0106155712250823,0.0363304629305275,0.0475526880401735,0.0229835022332179,0.096264587255837,0.086643449707876,0.0809897126240434,0.103068010247867,0.0443655929874022,0.0306613736054875,0.0275491024732746,0.00419058255461202,0.0165385964612123,0.00667379544029103,0.0254556413267341
0.0282796969684674,0.00812283591755937,0.0468312175992739,0,0.0304204535471615,0.0100884819465366,0.0564420715833147,0,0,0.0575704207264124,0.0217250008973125,0.0280447050048601,0.0845672072589985,0.050743509344906,0.05829613300949,0.0816417868675782,0.0514467966315696,0,0,0.00586978435833794,0.0132681353537845,0.0367484061013064,0.0701956260819681,0.0572841157174294,0.0514778454375315,0.0320751560092413,0.0106678116866406,0.0263164407613257,0.0168763978683113,0.0573675105884192,0.0255254442834036,0.0351783599248484,0.0231447718502467,0,0.00240403456384681,0,0,0,0,0.0432305999533229,0.00405437611002561,0.0404069463745885,0.0364960028349973,0.0642194345934254,0.0349094905724014,0.0785373198785601,0.0657695504651107,0.0674499631568138,0.000340260487048999,0.00371117342084988,0.0093075975777975,0.0687913355827534,0.0905627454772955,0.0344894956920873,0.0399840112870972,0.0702561018642816,0.0718139201321836,0.0628637955454151,0.0464656554282548,0.0137835573197009,0,0.0111499449176252,0,0.0427764076913766
0,0.0547655410406839,0.0412679142285983,0.0304204535471615,0,3.05221562019303e-05,0.058977177598782,0.0117489215458336,0.0122531264816181,0.0364200922068163,0.0192565391527839,0.0273193500277655,0.0237779630156704,0.0579960557847034,0.0521015526987986,0.107239009361417,0.044272875331406,0.00778199138035315,0,0.0145218261883616,0.0121441351286652,0.0249255481395472,0.0448576432745717,0.0545382749290821,0.0449044091494624,0.0680870923772313,0.0234074998370752,0.0395392862576977,0.0340410110944197,0.0870337305609554,0.0071140231060012,0.0234828279054835,0.0233211429876672,0.0149940091239344,0,0,0.00760298452726951,0,0.012055788341361,0.0595890900633922,0.00172202959252682,0.0185233068403617,0.0457753969796599,0.0596254146736164,0.05640079767288,0.0871887727055213,0.103512434705325,0.0493155101661229,3.10270413354796e-07,0.0116954435264173,0.0253383511162959,0.0281823076446122,0.0826400567141545,0.038515322950739,0.0592263714337705,0.0348111102849401,0.0935376451035201,0.0488040954137965,0.0505134281887225,0.0127876322792096,0.000459963858251374,0,0,0.0475582145675768
0.0183007165694103,0.0262798688318201,0.0146192422422298,0.0100884819465366,3.05221562019303e-05,0,0.0242750584254784,0.023075920554504,0.018263067451241,0,0,0.0230060683014292,0.0220450776905908,0.017017871550133,0,0.0128646095052036,0.0469431838732162,0.0502906296801984,0.0496573989498765,0.00531055744701383,0.00546803087305237,0.0161901028981654,0.00494773291813661,0,0.000475167831552964,0.0256238901055112,0.011407237701255,0.00888214280271074,0.00941345184168809,0.0102720910515488,0,0.0158913095073969,0.0250473959100725,0.0276267407007225,0.0492450176865959,0.0492931908676894,0.0108275089980226,0,0.0541695202203198,0.024496083535332,0.0595981023529277,0.00861451660680721,0,0.00542837125550235,0,0,0.00351742842525716,0.0112995720647721,0.0206983324952702,0.0268709651629397,0.0325653963559751,0.0207671051127942,0,0.0275505823860678,0.0197461747209884,0.00303374482473992,0.01564958177301,0.0403935022354029,0.00109400676870255,0.0107354818064092,0,0.00495373798839762,0.035537932278316,0.0101264325639548
0.0212927491706713,0.0721720606545701,0.0268436025279688,0.0564420715833147,0.058977177598782,0.0242750584254784,0,0.0478671815203092,0.0306801980563439,0.0478323398781141,0.0369959984616161,0.0639526468169888,0.187695044671776,0.110642002234688,0.0388572845083389,0.164913719383296,0.267966619103243,0.121360935608916,0.0609509496235236,0.108323348953539,0.0698864285248069,0.115792159411084,0.065483854802402,0.031182792660015,0.0983473474012687,0,0.0552157529432461,0.0656241523398988,0.000557984292023818,0.0857436825489569,0.0430826141686754,0.0591461669085567,0.097909644796228,0.0092591573625154,0.0187939588697309,0.0172207985813707,0.015573252293124,0,0.0290768895760066,0.0308791318900029,0.0920570590543029,0.0703717898934921,0.0987131126094235,0.174155643198907,0.0651877423728736,0.044497572025085,0.101624354042548,0.289396066281839,0.0420923920658432,0.0571477145508084,0.145523604883128,0.0545686344260253,0.0170808394737879,0.109109097399002,0.187926979983044,0.211127072837025,0.098951826488285,0.0666970642290165,0.0270351331617507,0.0710548134711967,0.0371123267716541,0.0670617187313223,0.0326150947625564,0.0560099154929133
0.0228694998941791,0.0363821706545467,0.033808541351355,0,0.0117489215458336,0.023075920554504,0.0478671815203092,0,0.00667141590114824,0.00222112362077066,0.00423454131293055,0,0.0384359772963223,0,0.00895899395389715,0.0939442585701601,0.167063372992341,0.172604455597798,0.00831292257595599,0.00911589936187783,0.0520545193264549,0.0878391158885746,0.0322657175912165,0.0148432544450329,0.0398128231302995,0.0429305429296434,0.0301581013741319,0.0480018515699699,0.00400452429718963,0.0330604241029741,0,0.0695837482126166,0.0504134389025327,0.14038504075365,0.0188528284384464,0.0135684418273403,0.0148775631637075,0.011796863266169,0.0548137821824458,0.00252192616377306,0,0.0291490682567111,0,0.0174364189721035,0,0.0312861357109941,0.0183864877189571,0.152275247356927,0.0621968830296412,0.0586547638272459,0,0.0206743808465429,0.00963273250908206,0.0492547838744679,0.0499565156368079,0.0943949404760923,0.0196907227220677,0.0487746138587598,0.0109226359573191,0.0167232377383736,0,0.0362663649148725,0.047721739785409,0.0466001324456691
0.0165814019866698,0.0292165135828034,0.091308229722462,0,0.0122531264816181,0.018263067451241,0.0306801980563439,0.00667141590114824,0,0,0.00545522052049087,0.0252237363746769,0.0122513167886362,0.0278221861990238,0.0321164397709479,0.0533349040165604,0.0805658582809928,0.0749618608967275,0.0266776580638599,0.0115203632516245,0.0281031643427276,0.011881001373961,0.0389674879189073,0.0250767200955641,0.0237212259872443,0.068204142808362,0.0468337646014616,0.029657028666009,0.0405013982919758,0.0649842291385101,0.00888226261768635,0.0265471269320473,0.0255514953172559,0.0190545508537125,0.0442672407722945,0.019730489082272,0.00813285370223103,0,0.0397855501249563,0.037107570209817,0.00991653989955238,0.0531414479376894,0.0113305255829438,0.0154194889152914,0.00580346274580429,0.0950397085459736,0.0721442341184042,0.078543528486939,0.0534790357519246,0.0593042883680313,0.0461373203939913,0.0887770446701889,0.0683093224461185,0.0314108899603348,0.0171481307975804,0.0189905442292739,0.0505158611879178,0.0494618800185415,0.0201024742978857,0.00163972356534948,0.017893518479625,0,0.0399199209021386,0.0232075974079392
0.0367769855524273,0.0735888895363426,0.0664124932502178,0.0575704207264124,0.0364200922068163,0,0.0478323398781141,0.00222112362077066,0,0,0.00549181622571941,0,0.0475194998665056,0.0532001325659071,0.0262736936315735,0.067678123477025,0.125246202116637,0.119140198980167,0.0442959055887348,0.0078952315484954,0.0443305367000795,0.0246521211542601,0.000981255804584907,0,0.0516174007747668,0.0587527395697246,0.0802669900332259,0.0745765343766723,0.00180392570425989,0.0561506706752921,0.0108563135157297,0.0308267561638416,0.0280166044951586,0.0578447885357955,0.0546719151926056,0.0347434550024845,0.0399783481763902,0.0133021087478016,0.0230580112641844,0,0.0371619517075534,0.0232108598878121,0.0139452210578648,0.0693617303674854,0.0254070486092661,0.0323693137498507,0.0763752636941066,0.157273493337943,0.0766844964680346,0.0694162538124917,0.0513104326445863,0.0517076026687706,0,0.0292732675476338,0.0364667558001616,0.0412271904014663,0.0483248394571245,0.0677952529958745,0.0296191069591384,0.0275131838638164,0.0132060190054028,0,0.0588127231773928,0.0249714513885113
0.0355806440965199,0.0158789831788943,0.0259589845484069,0.0217250008973125,0.0192565391527839,0,0.0369959984616161,0.00423454131293055,0.00545522052049087,0.00549181622571941,0,0.000914665994202046,0.00812682359098367,0.00751310169410268,0,0,0.0558277907219043,0.0796291468492833,0.0370890185871295,0.0503318952315316,0,0.00972924681645119,0.00464569166031087,0,0.012296125790105,0.0341923776535319,0.00997001422900631,0.0158365172708559,0.00369658353923838,0.0161055314649998,0.0129921796619491,0.0238644552978798,0,0.0496270315537001,0.0133709042568637,0.0142050638672537,0.00542412342346197,0,0.0279076493603631,0,0,0.0480357751823961,0,0.0347864922107642,0,0,0.0148832651439144,0.0540545616793542,0.0484001487054592,0.0730177879623829,0.0434800604905962,0.00674453154255045,0,0.0681177925946022,0.00334821716297222,0.00908248646520559,0,0.026604084536439,0.00628567025540151,0,0,0,0.0180568008791211,0
0.0121989295835212,0.0795470129687756,0.0161216572461451,0.0280447050048601,0.0273193500277655,0.0230060683014292,0.0639526468169888,0,0.0252237363746769,0,0.000914665994202046,0,0.124952330298745,0.010464639517862,0.00948579397374108,0.144323955444911,0.193829663383613,0.1359880669136,0.00572259413387102,0.0115957741682575,0.048096029745232,0.0939144042011021,0.045697106218394,0.0200429779775694,0.0455415843857427,0.0574312441932278,0.0780265108261307,0.0683768177833125,0.0102060512508246,0.0696791986621556,0.0007130761869054,0.0860010966634096,0.043106473012052,0.109624131022904,0.0074925803813592,0.00668277776885032,0.0289193578492666,0.0144428795184488,0.0288967118377804,0.00435016762189828,0.00811772139312128,0.0251200904882095,0.00382689487756238,0.0959329218175518,0.0420998279947914,0.0511862617995664,0.081471511292266,0.197359884832623,0.0284511396871725,0.0329400737702718,0,0.0257438790862887,0.00622385244568487,0.0669213852341043,0.145174409034527,0.122248332801259,0.0655864837656468,0.035956576409145,0.0482242216363902,0.0548794106406572,0.00312534386638301,0.0237403538390254,0.0256061530939195,0.0563434857983133
0.00847422279608383,0.161729860763861,0.079923088563851,0.0845672072589985,0.0237779630156704,0.0220450776905908,0.187695044671776,0.0384359772963223,0.0122513167886362,0.0475194998665056,0.00812682359098367,0.124952330298745,0,0.0657361374758755,0.091037185568496,0.255883550410868,0.203849580164968,0.10778378371169,0.0330204064945862,0.0347785546261187,0,0.0422156605663922,0.195704079718024,0.20263822647927,0.1211340393921,0.216333500340768,0.14670013130627,0.200631897945339,0.115026728676081,0.194528129939665,0.00199936732740507,0.152803455363347,0.107375078369556,0.0751846411052078,0.0358484596485157,0.0416136846427251,0.0198303922163704,0.0114849281878272,0.0448116845369386,0.11626577155034,0.0195104241455301,0.0796385262658645,0.024889045841097,0.134919856898617,0.150845362324453,0.234815028280941,0.252211369263603,0.224071683666728,0.090937561891178,0.0670606806636703,0.0464460020615931,0.0669577833118665,0.193304928634332,0.039811329819771,0.0963854496819982,0.114967318702525,0.195169059889675,0.155487860224354,0.211908246307817,0.0216299903324637,0.00505062871049724,0.047545931038805,0.0538066142647724,0.0718891989171026
0.0271320480520445,0.0475347627519959,0.0557603469990434,0.050743509344906,0.0579960557847034,0.017017871550133,0.110642002234688,0,0.0278221861990238,0.0532001325659071,0.00751310169410268,0.010464639517862,0.0657361374758755,0,0.0459438980009766,0.169422784665121,0.115622161456678,0.109105901198206,0.0322838670849779,0.0206554243731947,0.0195332462592843,0.0929182122807176,0.170414956798486,0.106077488596872,0.0871038938128332,0.0666654684288775,0.0728332117156608,0.0722402843141808,0.00335447892894068,0.0337567295100479,0,0.0823385606233475,0.0846551558241011,0.101174911037189,0.0271516092300334,0.0362288765283536,0.0230033020423609,0.000349311189446836,0.00421523470895833,0.0384688862439376,0,0.056769775937629,0,0.0562199880623609,0.0274047774587438,0.125904026501819,0.0538272652915259,0.122529228038856,0.0986483637202292,0.0552687473088284,0.0203144162291725,0.0574801034234195,0.097894491154196,0.0268421182104457,0.0678046843733484,0.043725846190018,0.091466040801966,0.0698723590802346,0.0707558876889269,0.0419200998496813,0.0163417499609434,0.024781944336057,0.0282741349263071,0.0514537193517509
0.0167913358459116,0.0678608393941145,0.0313262825428678,0.05829613300949,0.0521015526987986,0,0.0388572845083389,0.00895899395389715,0.0321164397709479,0.0262736936315735,0,0.00948579397374108,0.091037185568496,0.0459438980009766,0,0.0779330909125643,0.133290172971595,0.0793727554036062,0.0608931513785885,0.0132125429277509,0.0162038093485977,0.00421564535674304,0.076612398242723,0.0237692796622527,0.0436284355698235,0.0654130173733286,0.0570855756825434,0.0668537651405246,0.0196649299057167,0.0432707110606088,0.0114391191010907,0.041351942584337,0.064459347517553,0.0550045179902993,0.0166665721515465,0.0572809790644917,0.0165040329696729,0.0137837286273973,0.047826752560417,0.00964241548499079,0.0136400693535439,0.0691808791339108,0,0.103690174391793,0.0179291010346256,0.0288452224413386,0.0670834210654198,0.137785866189688,0.0575062746811582,0.0591994421305996,0.0112230707274319,0.046732544122139,0.0252762799657124,0.0472705952055649,0.019652057763985,0.0544618389623507,0.0454403715918596,0.063141120480141,0.0320792368996603,0.0299034297416808,0.0167949941995927,0.00132280167813941,0.0357052377636174,0
0.0402160293415452,0.10385104332632,0.125343818475372,0.0816417868675782,0.107239009361417,0.0128646095052036,0.164913719383296,0.0939442585701601,0.0533349040165604,0.067678123477025,0,0.144323955444911,0.255883550410868,0.169422784665121,0.0779330909125643,0,0.157671350937107,0.134652849189594,0.152345904791859,0.117464247396706,0.030678203358631,0.000387560221442505,0.221099394287783,0.212918985762326,0.0128970763059391,0.159271766947687,0.0904414706126211,0.122467670489969,0.0176250118617228,0.049766499279777,0.0155614997053773,0.0747558842698934,0.0530290458924408,0.143220142661733,0.0923142151595325,0.101283050478002,0.0653036270165079,0.0374281125752107,0.0261579975515569,0.1415302427122,0.113707532647143,0.149214837225152,0.0943326925910482,0.233232462424071,0,0.173008211899616,0.0229183181227966,0.182563272070615,0.181812276639402,0.179837966527347,0.161825975008266,0.112491739607959,0.136427157210357,0.0904481694419814,0.0892981431155907,0.108381056369585,0.107969682251864,0.0974871896200251,0.0569983213969439,0.0521261518540104,0.0347482427741667,0.00871199993789256,0.0989659275594901,0.0252766355744759
0.0223119850090455,0.0778619931575339,0.145500107546949,0.0514467966315696,0.044272875331406,0.0469431838732162,0.267966619103243,0.167063372992341,0.0805658582809928,0.125246202116637,0.0558277907219043,0.193829663383613,0.203849580164968,0.115622161456678,0.133290172971595,0.157671350937107,0,0.131327278423849,0.22589535847416,0.227021934570933,0.0570611571545405,0.0768277197255136,0.122097614636301,0.185339852364848,0.051823605276375,0.340992169563134,0.0481021747965016,0.137722854560696,0.0607616434334235,0.0657502362310361,0,0.065525024602853,0.0167509584473531,0.132500018927987,0.119837805022761,0.115775332091068,0.0389920103474767,0.0272227990816397,0.0210954746292669,0.184476371510345,0.216970593095864,0.181663712921987,0.107442455162073,0.136582077906323,0.0229246145177569,0.14024141137877,0.0941687526321374,0.0784491318613534,0.262370346996142,0.236505693007974,0.260520913981615,0.135058284331654,0.142765839228978,0.114649733356411,0.088069253288048,0.121011317151336,0.148763074908822,0.091800848898525,0.0350900722553718,0.01599178135247,0.00863274233472389,0.000504637383178458,0.127908265804363,0.0929915238114019
0.00902324642415154,0.0216771769631306,0.052549340892574,0,0.00778199138035315,0.0502906296801984,0.121360935608916,0.172604455597798,0.0749618608967275,0.119140198980167,0.0796291468492833,0.1359880669136,0.10778378371169,0.109105901198206,0.0793727554036062,0.134652849189594,0.131327278423849,0,0.173373845084342,0.239237401325261,0.0335158983058821,0.106935902717755,0.0485567430225717,0.0461300651332374,0.0838855383107164,0.212405227983825,0.00753162448907321,0.00649383433224391,0.0303178474197533,0.022231869508089,0,0,0.0470866076158526,0.0378135649223556,0.0443932026085271,0.0564551548648986,0,0,0,0.0880520052701527,0.206255294334389,0.149703748979614,0.119393089835603,0.0719510123248097,0.0306045452897806,0.05189732592175,0.0647434396520704,0.114616328443316,0.188865178905635,0.246650134100275,0.285684734518595,0.0631760828599211,0.0453240069243515,0.121054504936415,0.0999534728907728,0.118977722992326,0.0975572162588148,0.0068764813639275,0,0.0172202327022825,0,0.00426296822794346,0.0454027095287413,0.0630516569388866
0.00338318798564175,0.0475222061031269,0.0670670049036819,0,0,0.0496573989498765,0.0609509496235236,0.00831292257595599,0.0266776580638599,0.0442959055887348,0.0370890185871295,0.00572259413387102,0.0330204064945862,0.0322838670849779,0.0608931513785885,0.152345904791859,0.22589535847416,0.173373845084342,0,0.0338162197930294,0.00908795761922225,0.12009112181015,0.0647627419056925,0.0396549036528404,0.11480112492182,0.0663176304043588,0.0261061223640817,0.0703767069824495,0.0364701071898512,0.105146509775602,0.00534166255160382,0.100749264409267,0.10477141379466,0.0862727340627615,0.055780875664307,0.0187578758553297,0.0114005829639092,0.010476632985741,0.083159481975172,0.0158512257471091,0.0224373643683707,0.0334462605084236,0.036138489127681,0.0506134030287705,0.0461651359080476,0.0792944668623019,0.0941630565343019,0.185019237829144,0.0678951973286863,0.0210787292913602,0.01793462126811,0.0587102662668755,0.0496880533550588,0.0737317315165203,0.0363058644455086,0.109308766523701,0.0971939701629477,0.106838047423232,0.0421414293943613,0.0068684464711849,0,0.0447405332564895,0.110279942676247,0.0620304240812997
0.00522679487944976,0.0574037821822782,0.0616167764473067,0.00586978435833794,0.0145218261883616,0.00531055744701383,0.108323348953539,0.00911589936187783,0.0115203632516245,0.0078952315484954,0.0503318952315316,0.0115957741682575,0.0347785546261187,0.0206554243731947,0.0132125429277509,0.117464247396706,0.227021934570933,0.239237401325261,0.0338162197930294,0,0.0331305109835163,0.0886172791905892,0.0505621407902145,0.0218461715030008,0.117918940668425,0.108215589126137,0.0640965883629666,0.0885300925007613,0.0218534916659318,0.0846856088613593,0.0137885388987678,0.0902140761893503,0.124712230794577,0.165810264351132,0.0822961639907471,0.0569940316439066,0.0263549011005049,0,0.0950974383363023,0.00316976484359114,0.0111262065777474,0.0215338733297826,0.0341842572594717,0.0417371775130215,0.0423087525699462,0.045843527937286,0.0669336953437897,0.184849723602744,0.126619514672521,0.155793334373882,0.019157165227089,0.025876616492936,0.0108951297887381,0.0793042875942645,0.0636768536192965,0.0902897591191021,0.0515925236331831,0.11001352642777,0.0401863899526133,0.0131320398404157,0,0.048751165315926,0.114613476755893,0.005795700616197
0.00419581058134517,0.0248000132244169,0,0.0132681353537845,0.0121441351286652,0.00546803087305237,0.0698864285248069,0.0520545193264549,0.0281031643427276,0.0443305367000795,0,0.048096029745232,0,0.0195332462592843,0.0162038093485977,0.030678203358631,0.0570611571545405,0.0335158983058821,0.00908795761922225,0.0331305109835163,0,0.0154631047665644,0.0488624274719038,0.0337302732953273,0.0209335990837872,0.0607737979667395,0.0657096126626278,0.0488462426920959,0.0121218585346954,0.0191182208312892,0,0.0473080057943919,0.0122854192191448,0.0319257209841553,0.00741812278724699,0.00715092415482558,0.0163178995319445,0.00195585073389846,0.0184817441841753,0.0363200369056727,0.0175258445827156,0.0291247557093342,0.028875076363,0,0.0178576248870452,0.0288486568754506,0.0293259734386697,0.0365558147325504,0.0533085435703127,0.0319697300255112,0.0207003116593133,0.00128160711228241,0.0220159483514504,0,0.0417093651840366,0.0100842737991469,0.0118450846251979,0.026155579737892,0.0512675655702037,0.00466209309806148,0.000314050070462585,0.00549649998716694,0.0148179305710151,0.0609781086748049
0.0292340247023972,0.0613621468542825,0.0816864402130798,0.0367484061013064,0.0249255481395472,0.0161901028981654,0.115792159411084,0.0878391158885746,0.011881001373961,0.0246521211542601,0.00972924681645119,0.0939144042011021,0.0422156605663922,0.0929182122807176,0.00421564535674304,0.000387560221442505,0.0768277197255136,0.106935902717755,0.12009112181015,0.0886172791905892,0.0154631047665644,0,0.068858610134054,0.0416043236247253,0.0188852925811495,0.106178183697711,0.0334539903874047,0.0521321606538164,0.0453249433049008,0.0178507586007595,0,0.0466693964004351,0.041768129879508,0.126319218798429,0.0921110901331796,0.0960461883692534,0.0402263144418666,0.0111246803997987,0.0702835135177433,0.0947275030808269,0.131127046936852,0.0849388421407527,0.0455005263360056,0.0283657670435962,0,0.0112131461799249,0,0.0371833988002847,0.0966473926379842,0.123547500607482,0.137596288694197,0.0577132343428996,0.0178705966507166,0.0446942780522958,0.0336516681695759,0.00134292801422195,0.0122003904076928,0.075299547225331,0.0298062256169724,0.0202009340261422,0.0200210711885157,0.00574702596542966,0.079979148700892,0
0.0386851591119517,0.0882697583232292,0.0647977373427661,0.0701956260819681,0.0448576432745717,0.00494773291813661,0.065483854802402,0.0322657175912165,0.0389674879189073,0.000981255804584907,0.00464569166031087,0.045697106218394,0.195704079718024,0.170414956798486,0.076612398242723,0.221099394287783,0.122097614636301,0.0485567430225717,0.0647627419056925,0.0505621407902145,0.0488624274719038,0.068858610134054,0,0.0116354100141661,0.0483194352669172,0.083875891108897,0.0644281555009676,0.0610861910705448,0.0226326542876345,0.104414759082277,0.0137977581501476,0.0554024354622185,0.0229527443328511,0.0402034505759218,0.0149887708691008,0.0460565133023946,0.0282789906944836,0.0028847658105659,0.0265005829449436,0.00979582569645546,0.0861437073650464,0.0417996392508556,0.0623331351947957,0.204681892425968,0.0893422204541948,0.120879517916911,0.205245842402123,0.151068034989337,0.0358531785846751,0.0559082156004533,0.0825651288953309,0.0520370956072059,0.0347463020043278,0.12462779240833,0.177436431798614,0.159778021361389,0.215778394777713,0.0405467359705594,0.0628803510959816,0.0351793353351676,0.0276003843980752,0.0177217424542249,0.0377929543548762,0.0754324953105586
0.0481610959581687,0.113440913816309,0.0105715139363205,0.0572841157174294,0.0545382749290821,0,0.031182792660015,0.0148432544450329,0.0250767200955641,0,0,0.0200429779775694,0.20263822647927,0.106077488596872,0.0237692796622527,0.212918985762326,0.185339852364848,0.0461300651332374,0.0396549036528404,0.0218461715030008,0.0337302732953273,0.0416043236247253,0.0116354100141661,0,0.036671544654229,0.0866012781403653,0.0574738197429902,0.065098099851096,0.0397182830807128,0.15753680043926,0.00442336417407511,0.063452396193302,0.0457853977514877,0.0484593778304789,0.00768445026509208,0.0516999008414515,0.038745749039449,0.0106521047415177,0.060302293871547,0.0159105322718149,0.0256310569593616,0.0101128835966282,0.0214383822111614,0.199871261706881,0.0794113364997134,0.0878315712873093,0.17520597861529,0.191607827859255,0.0212933615611304,0.033016145967468,0.0272697205775933,0.0272691397888153,0,0.0996900677063264,0.173804478155226,0.166979630636469,0.162642747131661,0.0413075854919896,0.050919962704483,0.0569037940476737,0.00529414223299457,0.0306887354234347,0.0363208832338478,0.0641788962542875
0.0249243212198589,0.0722013803018061,0.0740318033806649,0.0514778454375315,0.0449044091494624,0.000475167831552964,0.0983473474012687,0.0398128231302995,0.0237212259872443,0.0516174007747668,0.012296125790105,0.0455415843857427,0.1211340393921,0.0871038938128332,0.0436284355698235,0.0128970763059391,0.051823605276375,0.0838855383107164,0.11480112492182,0.117918940668425,0.0209335990837872,0.0188852925811495,0.0483194352669172,0.036671544654229,0,0.10979079440981,0.0290910517877126,0.06334656202259,0.022306056903507,0.0278653600412136,0.0329128066688994,0.0671918471286932,0.00235196419669341,0.095404662376202,0.0820870784609743,0.0549869774897864,0.0194069303662258,0.0159328578978189,0.0123460352141076,0.0470252879924973,0.0787048229156919,0.138135814135925,0.0571247802726565,0.109736023298767,0,0.0386668668743944,0.0096244389840817,0.10527446942385,0.126015147990831,0.125920775529221,0.122700585162824,0.0597787976143065,0.0226617091292338,0.115824255703316,0.0473141556117438,0.0784554719524087,0.0512940679397659,0.0449543073323527,0.00982625252777386,0.0168128250312052,0.0132082118833537,0,0.0784743870466915,0.0458157398417057
0.0602377774293504,0.0925956903630025,0.0642487290001688,0.0320751560092413,0.0680870923772313,0.0256238901055112,0,0.0429305429296434,0.068204142808362,0.0587527395697246,0.0341923776535319,0.0574312441932278,0.216333500340768,0.0666654684288775,0.0654130173733286,0.159271766947687,0.340992169563134,0.212405227983825,0.0663176304043588,0.108215589126137,0.0607737979667395,0.106178183697711,0.083875891108897,0.0866012781403653,0.10979079440981,0,0.0471081233035902,0.0632809431539872,0,0.0980648623906619,0,0.0897740233120206,0.0964144313134205,0.0717066457532642,0.04626479936572,0.0566598351547806,0.0424161846352197,0.0129507512073276,0.057431296991691,0.0398227899224936,0.0986986862168466,0.0933033562827682,0.0702982382009065,0.159474769506687,0.0587578633348769,0.100443139227918,0.0556554831645417,0.314850741608892,0.0846285510030911,0.0311073055859426,0.126685237848288,0.0984128443804241,0.0756978387338755,0.106159440729776,0.133737102139,0.175030133272118,0.0961396379154929,0.0707999124150429,0.0158904596423818,0.0661065113129293,0.00593124772236335,0.0673674850811007,0.0599121746668285,0.0541081269874685
0.0528273560535836,0,0.0241219236584916,0.0106678116866406,0.0234074998370752,0.011407237701255,0.0552157529432461,0.0301581013741319,0.0468337646014616,0.0802669900332259,0.00997001422900631,0.0780265108261307,0.14670013130627,0.0728332117156608,0.0570855756825434,0.0904414706126211,0.0481021747965016,0.00753162448907321,0.0261061223640817,0.0640965883629666,0.0657096126626278,0.0334539903874047,0.0644281555009676,0.0574738197429902,0.0290910517877126,0.0471081233035902,0,0,0,0.0325825116913225,0.0111654959911251,0.0156690527443698,0.0464038360568579,0,0,0.00641377307782925,0.0178243650564657,0.000361152926185497,0.0025938200924098,0.0563009059771841,0.0358985687058169,0.0560756700210487,0.0920729330417056,0.118730522034386,0.0502569587559939,0.0517138700329516,0.0227856943268372,0.104006690369378,0.0307647741170208,0.0412847490953073,0.0832813131018438,0.0513826882505081,0.0654701835686604,0.0479417481873253,0.0498021896395927,0.0827858841842576,0.0743976524574176,0.0290019892944721,0.0281527264076792,0.0156304572856358,0.0123422544725924,0.0346689312654057,0,0.0632002609446382
0.0222241360694282,0.0200754370334976,0.0444634754829947,0.0263164407613257,0.0395392862576977,0.00888214280271074,0.0656241523398988,0.0480018515699699,0.029657028666009,0.0745765343766723,0.0158365172708559,0.0683768177833125,0.200631897945339,0.0722402843141808,0.0668537651405246,0.122467670489969,0.137722854560696,0.00649383433224391,0.0703767069824495,0.0885300925007613,0.0488462426920959,0.0521321606538164,0.0610861910705448,0.065098099851096,0.06334656202259,0.0632809431539872,0,0,0,0.0438545020079348,0.01658847029996,0.00977744782904991,0.0656972325003731,0,0.013554812334496,0.0226363641948878,0.00720174736120867,0,0.00318258188409173,0.0489578154670301,0.0746445708042054,0.0853452791947442,0.0886084794378343,0.14603744058052,0.050452094851134,0.0692252315443811,0.0179231432648958,0.251172816932303,0.0964677140603498,0.0633670942540484,0.128740954378701,0.0677958256897079,0.0649438270668719,0.0733250265772919,0.0955321879365403,0.119538427912086,0.0843506957922778,0.0139532917722424,0.0254733753501217,0.0371015112226534,0.00233079095861786,0.0525697792514893,0.00929198626553274,0.0533529862346108
0.0129084266339773,0.0464532900312498,0.0478337508703494,0.0168763978683113,0.0340410110944197,0.00941345184168809,0.000557984292023818,0.00400452429718963,0.0405013982919758,0.00180392570425989,0.00369658353923838,0.0102060512508246,0.115026728676081,0.00335447892894068,0.0196649299057167,0.0176250118617228,0.0607616434334235,0.0303178474197533,0.0364701071898512,0.0218534916659318,0.0121218585346954,0.0453249433049008,0.0226326542876345,0.0397182830807128,0.022306056903507,0,0,0,0,0.0288598568967142,0,0.00245494640110774,0.00991217867242377,0.0210226878312417,0.0104475127804843,0.0362998692991068,0.0129222527962798,0.000279932833736216,0.00136650095880426,0.00252105558813409,0.0282974945035282,0.0540291119684118,0.0150756208262909,0.0672580026259565,0,0.0346154482248663,0.00132719823480778,0.12597440368866,0.0135833224418926,0.0239145677851424,0.021238010188441,0.0510566738493032,0.0306199243218377,0.0504572508664147,0.0211600163443385,0.0728956442539873,0.0125617174722251,0,0,0.0163976298502722,0,0.0218609908636555,0.0192066582819086,0.015948471992457
0.07203432961776,0.0710687601912626,0.0686635002207384,0.0573675105884192,0.0870337305609554,0.0102720910515488,0.0857436825489569,0.0330604241029741,0.0649842291385101,0.0561506706752921,0.0161055314649998,0.0696791986621556,0.194528129939665,0.0337567295100479,0.0432707110606088,0.049766499279777,0.0657502362310361,0.022231869508089,0.105146509775602,0.0846856088613593,0.0191182208312892,0.0178507586007595,0.104414759082277,0.15753680043926,0.0278653600412136,0.0980648623906619,0.0325825116913225,0.0438545020079348,0.0288598568967142,0,0,0.0114307463804818,0.0257019651937862,0.0121076217084854,0.0437292294003032,0.0662409383818841,0.0646112026130076,0.0525526391531729,0.00266166624476849,0.0943073357319063,0.0823299853941146,0.0886470440256094,0.0406192891990995,0.176601197971832,0,0.0837467768975978,0.00664066233517109,0.191279853531583,0.11286464319546,0.0754989570056779,0.10069725239878,0.108632690317905,0.110487784801899,0.0918907036292519,0.0604312142710914,0.112284934615523,0.0448700698937804,0.0366915344701713,0.0229865133810024,0.0232578280736126,0.0125310326076421,0,0.035543949707673,0.0326820466907255
0.0172479622765495,0,0.0384944349125689,0.0255254442834036,0.0071140231060012,0,0.0430826141686754,0,0.00888226261768635,0.0108563135157297,0.0129921796619491,0.0007130761869054,0.00199936732740507,0,0.0114391191010907,0.0155614997053773,0,0,0.00534166255160382,0.0137885388987678,0,0,0.0137977581501476,0.00442336417407511,0.0329128066688994,0,0.0111654959911251,0.01658847029996,0,0,0,0.00904415987664459,0.0346701924221497,0,0,0.00160955109050766,0.00803950942070541,0.00670887659218731,0.0125284280940291,0,0,0.0288136021335102,0.00607057714442565,0,0.0175327894650938,0.0238833876541428,0,0.0157510035474158,0.00616466391505829,0.0056281857487056,0.0126154940250608,0.0437555063176598,0.0117565109825505,0.00441434068354953,0,0.0170101590313509,0.000347872516342692,0.00557567903096744,0.0399484543422034,0.030991294917335,0,0.002643768715647,0,0.0274556479240445
0.005702511000742,0.027017183616243,0.047643082763827,0.0351783599248484,0.0234828279054835,0.0158913095073969,0.0591461669085567,0.0695837482126166,0.0265471269320473,0.0308267561638416,0.0238644552978798,0.0860010966634096,0.152803455363347,0.0823385606233475,0.041351942584337,0.0747558842698934,0.065525024602853,0,0.100749264409267,0.0902140761893503,0.0473080057943919,0.0466693964004351,0.0554024354622185,0.063452396193302,0.0671918471286932,0.0897740233120206,0.0156690527443698,0.00977744782904991,0.00245494640110774,0.0114307463804818,0.00904415987664459,0,0.0162310030917834,0.0397289305346762,0.00797476952449846,0.0364433674238793,0.0168794879635455,0.017564891400271,0.00593174009932916,0.0854276004827655,0.0984684671237754,0.0515153446042099,0.073194105602468,0.129103779823126,0.00824491293289979,0.0696331846987498,0.0130102026286644,0.120099968848522,0.10531950541406,0.0872323866413276,0.138074183572812,0.0543396427192407,0.0551223993400888,0.0891921148019394,0.104151474789238,0.110792919116329,0.0834369231396773,0.0142903580147137,0,0.0205871217214476,0.00167255851250778,0.0118293104796578,0.0181737732491141,0.0397421930056263
0.023343969220174,0.0414979178873645,0.0373175032489368,0.0231447718502467,0.0233211429876672,0.0250473959100725,0.097909644796228,0.0504134389025327,0.0255514953172559,0.0280166044951586,0,0.043106473012052,0.107375078369556,0.0846551558241011,0.064459347517553,0.0530290458924408,0.0167509584473531,0.0470866076158526,0.10477141379466,0.124712230794577,0.0122854192191448,0.041768129879508,0.0229527443328511,0.0457853977514877,0.00235196419669341,0.0964144313134205,0.0464038360568579,0.0656972325003731,0.00991217867242377,0.0257019651937862,0.0346701924221497,0.0162310030917834,0,0.0315931700539427,0.0500559189505757,0.0374786980310367,0.00434319913733943,0,0,0.0264715982061941,0.146885834665431,0.075230572252261,0.0558707635136629,0.0821946872270194,0.00605085158403884,0.0215944047130868,0.00685448524236978,0.08062226026202,0.11940685999907,0.124846411489144,0.138626545928346,0.0395956996783283,0.0140007042386302,0.102762263754288,0.0561625919023637,0.0949594696389553,0.0744315412712686,0.0258663753846676,0.0103958996494775,0.0225175643205757,0.0223147635678628,0.00552909187434542,0.0391213766152828,0.0313924198879009
0.0140863646855867,0,0.0421013290995251,0,0.0149940091239344,0.0276267407007225,0.0092591573625154,0.14038504075365,0.0190545508537125,0.0578447885357955,0.0496270315537001,0.109624131022904,0.0751846411052078,0.101174911037189,0.0550045179902993,0.143220142661733,0.132500018927987,0.0378135649223556,0.0862727340627615,0.165810264351132,0.0319257209841553,0.126319218798429,0.0402034505759218,0.0484593778304789,0.095404662376202,0.0717066457532642,0,0,0.0210226878312417,0.0121076217084854,0,0.0397289305346762,0.0315931700539427,0,0,0.0271461984258604,0,0.00606353444503896,0.00821185235498183,0.0903801637294344,0.161444150930366,0.0553949410859899,0.0825944711070638,0.0528347291246635,0.0279448951090363,0.0426766104342322,0.0512804215343554,0.098655236455917,0.053987664991728,0.106377269828925,0.227776009175591,0.0210496605957244,0.0345515565655287,0.122808895072158,0.13723797116278,0.121304190672099,0.100794055349189,0.0219799520627557,0.0193372199671358,0.0204631410734126,0.00299761814766671,0.0324358637935861,0,0.0596260843377673
0,0.031233384170714,0.00324310550011058,0.00240403456384681,0,0.0492450176865959,0.0187939588697309,0.0188528284384464,0.0442672407722945,0.0546719151926056,0.0133709042568637,0.0074925803813592,0.0358484596485157,0.0271516092300334,0.0166665721515465,0.0923142151595325,0.119837805022761,0.0443932026085271,0.055780875664307,0.0822961639907471,0.00741812278724699,0.0921110901331796,0.0149887708691008,0.00768445026509208,0.0820870784609743,0.04626479936572,0,0.013554812334496,0.0104475127804843,0.0437292294003032,0,0.00797476952449846,0.0500559189505757,0,0,0,0,0,0.018964254135924,0,0.0987709880160049,0.00789712468122146,0.0374411658769023,0.00933520493985984,0.00750605055025759,0.0322451589151294,0.0394845150983814,0.140976201140984,0.0465668977149783,0.0298357037817857,0.0876781796745496,0.005805875590818,0.00684708232715367,0.0758395732810991,0.0237264706719917,0.0904599381701981,0.0798954806366644,0.0377287385748454,0.006958432926386,0,0,0.00793827226392755,0.00602378767484562,0.0358757816434735
0.00863433434631664,0.0131055061340065,0.0835328202064977,0,0,0.0492931908676894,0.0172207985813707,0.0135684418273403,0.019730489082272,0.0347434550024845,0.0142050638672537,0.00668277776885032,0.0416136846427251,0.0362288765283536,0.0572809790644917,0.101283050478002,0.115775332091068,0.0564551548648986,0.0187578758553297,0.0569940316439066,0.00715092415482558,0.0960461883692534,0.0460565133023946,0.0516999008414515,0.0549869774897864,0.0566598351547806,0.00641377307782925,0.0226363641948878,0.0362998692991068,0.0662409383818841,0.00160955109050766,0.0364433674238793,0.0374786980310367,0.0271461984258604,0,0,0.0108822030377649,0.0128801746058404,0.0238758831326695,0.0210255830226525,0.066794601764224,0.0523103803126125,0.0423011444885274,0.0212160825224922,0.0341731790887854,0.0821505013618602,0.0998844188573335,0.109123878388995,0.0338864360923783,0.00552979932610698,0.0756630144294978,0.0664685963876275,0.0607709391122768,0.0528729614298218,0.0212736127560592,0.0832071021233139,0.0796694117049036,0.0486514746881197,0.0147706549096755,0.00478558321026373,0.00594276923879306,0.00638539713209536,0,0.0617968187710731
