0,0,0.0263979082096965,0.0206018530496329,0.0480474625289523,0.0206370586925742,0.127933089724065,0.0742903640382467,0.0135193899345784,0.00412388481793536,0.00269323212373065,0.0807012851054188,0.0309828119697316,0.0605570025395615,0.00947375850109227,0.0445314981016453,0.0926790119520349,0.195849537512155,0.0881207339330533,0.0813937260719543,0.0399484396416468,0.0705174795682077,0.191237031324714,0.0610246581922383,0.0368465141421865,0.0410909188157383,0.0583644969565513,0.109978024585838,0.0356634516440887,0.0240378280726274,0.0165317234436174,0.0970218256473837,0.0366100540284485,0.154257678720273,0.0533632400719647,0.0752029744394225,0.00594560998897242,0.00727284620319058,0.0788703861147236,0.100061238553604,0.0346878066362813,0.015641700743583,0.0723374504144372,0.0335389023294953,0.0275405508844988,0.0102124347882058,0.0274945708285948,0.0700714920569028,0.216439466131606,0.195240903463783,0.0941835544022495,0,0.0460999010812109,0.0250476279016176,0.0504503325638517,0.0395955318482073,0.0894800893570576,0.0957727094990855,0.0545233419498535,0.0123371312773953,0.0115036857679237,0.0197295981797459,0.0945163468358515,0.0311108532092547
0,0,0,0.0145447577333333,0.0187042212178773,0,0.00828694524633899,0,0.0088942150051454,0,0.0145254577656709,0,0,0,0,0.004067990701749,0.0155104142994328,0.0185766902641509,0,0,0.00133587337322258,0,0.0140950188970237,0.000201005230390458,0,0,0.00625839370203986,0.0127814062749715,0,0.00788293627133424,0.00114564670165536,0,0.0080221963103116,0.0121392448175245,0,0,0,0.0123487468085431,0.00814349903188656,0.00364393066248877,0.0146141015340773,0.00841675448665486,0,0.00130622879435937,0,0,0.00431848070785225,0.0101537076596239,0.0173029927457376,0.00861374620914016,0,0.00896478984233814,0.00170315727217151,0.000113015871474489,0,0,0,0,0.0013072132287989,0.00639453890289413,0.00460053330200353,0,0.000969913892990894,0
0.0263979082096965,0,0,0,0,0.0656521828282644,0,0.0179963590172891,0,0.00832195766510013,0,0.0429278812710075,0.0126730910406183,0.0466122242100608,0.0385872846262282,0.0231181523224529,0.0787344020720647,0.0531736390871655,0,0,0,0.0381199040369457,0.0630783258686255,0.00239035575796659,0,0.00932895213970667,0.00485778280539658,0,0,0.0200051483994853,0.0205176543666765,0.0624557453499021,0.0372201652753912,0.101439517598271,0,0.0631805518220089,0.0190121130137986,0,0.0592609996960864,0.0319159841844506,0.0180240214327614,0.0145383008421177,0.0517005372676246,0.011994170028852,0.0676250548735774,0,0.00275913627023945,0,0.00694470048054358,0.0224479546565592,0,0.000447523087679318,0.00251822334115133,0,0.00790171942245933,0,0.0211757172350252,0,0,0.028339826464867,0.0225508949615943,0.00811304077314256,0.000510101718082572,0.0853314428862966
0.0206018530496329,0.0145447577333333,0,0,0.0378484716432491,0.0942966708401583,0.0902253885446764,0.0778758273199329,0.0104416033946095,0,0.0462301437562272,0.128492720721502,0.0362312734987297,0.125009348036985,0.106428262396602,0.0349890121830075,0.230959319787138,0.24725375776754,0.0837299293040382,0.109152091108686,0.0650659129777457,0.0258247522435724,0.161039699161916,0.00162620260265,0.000367244729186782,0.00830612449414936,0,0.0458190368285215,0.0197085042193106,0.00744492697781704,0.0127929177494358,0.207162881777733,0.0738389216279696,0.220851257652039,0.0655631331451591,0.0667753161209172,0.0347832354544439,0.049461009526358,0.133574046067115,0.129503962479051,0.0793098227190731,0.0750357315757254,0.158288095959756,0.073555025340482,0.136445253757319,0,0,0.102442682589602,0.254718758317932,0.208407548171843,0.0787251552468908,0,0.0376761127052844,0,0.100573913790567,0,0.0785424794242784,0.0331124649784263,0,0.0344762222666813,0.0492590080926324,0.0262743633030931,0.0989575665371092,0.0547377195294946
0.0480474625289523,0.0187042212178773,0,0.0378484716432491,0,0.0563384228200043,0.0469628694171103,0.0655013372250065,0,0.0407537210304153,0.0319441239943627,0.067160532616581,0.00941381399962408,0.0815276010557013,0.043092898490989,0,0.0585269225132438,0.155321568079152,0.0511375346441795,0.0741833137039814,0.0425638805905617,0.0390314499096481,0.161243495080438,0,0.0185287637063735,0,0,0.0251928338571378,0.0351801537654613,0.0081414937049579,0.0238231180307575,0.103666022090439,0,0.11966627236153,0.0467565536160493,0.0909970705634719,0.0491045137891572,0.0226066676825132,0.0649515319510548,0.0817145472844359,0.0258035377129336,0.0309485472541964,0.113228208323026,0.0454720364629408,0.0306033449116919,0,0,0.0317768273386023,0.175406699161636,0.142903523494977,0.0859679440701948,0,0.0389705001800136,0.00189011194865211,0.0585354357325538,0.00883823814605863,0.0429260740507364,0.0510486641349296,0,0.0371507560674775,0.0362573620683256,0.00306265660246105,0.051824666391959,0.0240053624936298
0.0206370586925742,0,0.0656521828282644,0.0942966708401583,0.0563384228200043,0,0.108828199120011,0.147867066676619,0.0532574542857123,0.0196877774167334,0.0663115154000733,0.143890335765904,0.0494813386595049,0.0216974024837157,0.0327696590306857,0.159536875953364,0.108980205929041,0.126161432438345,0.0681263487067851,0.0716312190529346,0.00554128600504781,0.00725584341322238,0.117272576937703,0.0470033767055386,0.142073888506596,0.136801790328231,0.182855112420995,0.161433059739787,0.0906089920258625,0.11481051510212,0.0922086584628307,0.111384746771563,0.107725164356527,0.081985237529745,0.0625388152791519,0.00180253005127546,0.0568944258173022,0.0599479717124861,0.11714580684827,0.133709363754959,0.113687830397282,0.0457212323300711,0.0205482763698,0.0561205470363585,0.104089469003687,0.175411476503383,0.163127742341724,0.137135311092194,0.147918435305683,0.129595362163034,0.0426564101063845,0,0.0686347532355447,0.0260905496948395,0.0296990879746517,0.082301316435997,0.174646510068351,0.156865162312686,0.193668407658117,0.042298364729048,0.0529223251533099,0.0865938256483754,0.0736315313829886,0.0359367270435487
0.127933089724065,0.00828694524633899,0,0.0902253885446764,0.0469628694171103,0.108828199120011,0,0.111559219718724,0.0979659582012749,0.144122255973586,0.0219348090271135,0.0762277748747213,0.0863645344902157,0.100708853931981,0.0678841742988544,0,0.0361434536855925,0.150972314699356,0.0365528862053026,0.0201366966123347,0.0568357521885244,0.119951118997868,0.189780231727435,0.0587148873827115,0.00735068085010027,0.0808508509990846,0.0796526289507651,0.0378112014080816,0,0.00285840748903973,0.179442568336632,0.0858752146989452,0.00879946111206773,0.222637120532484,0,0.18793478226012,0.117944045502448,0.0220971924010347,0.0562514031122285,0.0935076383424502,0.0281166816782533,0.0167148959264406,0.0911983161573156,0.0952259052346278,0.158760172856452,0.0196653850205153,0.059980914809668,0.000228658198449624,0.0157929510128643,0.0929450159544119,0.0351811939052034,0.111533394868982,0.0957731891813647,0.019416820830808,0.0508623036340782,0.0275987050741252,0.0235127281384328,0,0.0573851540045371,0.145016539152068,0.137470749434055,0.0142115110695706,0,0.199226090955428
0.0742903640382467,0,0.0179963590172891,0.0778758273199329,0.0655013372250065,0.147867066676619,0.111559219718724,0,0.13219985564871,0.12131607788387,0.260175293390126,0.058451848808736,0.0989546364316918,0.167158097153439,0.139867705018352,0.0183190625044416,0.00577170297046318,0.0535894759381065,0.0104379902074208,0.0480262994729804,0.0610702462447039,0.0806040386341167,0.127933536900367,0.0731554850852676,0.0302158901510488,0.103917098396881,0.0734443820743859,0.0576652740230312,0.055003227512767,0.0673906567328982,0.119145330398445,0.0252270097694477,0.0248159086385798,0.15980858659661,0.0605593587092326,0.174041935432429,0.0929462305451364,0.111840453533301,0.146962881312976,0.194426745686024,0.231097648848639,0.125925077902019,0.210634474286821,0.111582082968686,0.207947712748971,0.0588646845566049,0.0845842086902702,0.0120579519749249,0,0.0209668406748927,0.00891190020249625,0.0620073932849408,0.034250948898444,0.0407528549595405,0.070307251366852,0.0515720049893917,0.018129954257156,0.0580540319163586,0.0946796636430119,0.107060272953107,0.130333400351328,0.00898290310941485,0.0187363523305025,0.203184822952728
0.0135193899345784,0.0088942150051454,0,0.0104416033946095,0,0.0532574542857123,0.0979659582012749,0.13219985564871,0,0.050509486936533,0.00648184918659624,0.101662871447186,0.0236506429405852,0.0859527672955424,0.0442773597487732,0,0.0525616069059778,0.230836723021545,0.0848164187014908,0.197599645968879,0.0641226682237702,0.0453072161512308,0.200213833343579,0.0112906267161325,0.00235150826324979,0,0,0.00935727466075648,0.00913482541614337,0,0.0110892613859405,0.101365628138853,0,0.197008892985291,0.0434263943368239,0.115333105280095,0.0239598067113638,0,0.125436048613693,0.142079409838437,0.0318654784850634,0.0411759053498359,0.0813030097738269,0.0522639616138172,0.0315752024911747,0,1.27137658560295e-05,0.0196235613322243,0.208678268757692,0.262498279135465,0.180541830943555,0,0.0729262201453815,0.00194167523310211,0.0799559829919434,0.00376935803171397,0.0412217976708438,0.0508541186534371,0,0.0239071298467999,0.0404940916906286,0,0.0615676523151224,0.0631402753365576
0.00412388481793536,0,0.00832195766510013,0,0.0407537210304153,0.0196877774167334,0.144122255973586,0.12131607788387,0.050509486936533,0,0.0549113969168404,0.101066527667961,0.000556282562629197,0.0575412171601273,0.0243698753841307,0,0.0468343428474849,0.219868177242622,0.148274892046664,0.181926258235612,0.0436806175220463,0.0204289591039714,0.193763662904578,0.0234007553537036,0.0594016468634391,0,0.0357739943757061,0.0437555687490268,0.0328031761627119,0.00628833954138371,0.00287277887263327,0.0733259670575667,0.0015058206219239,0.188901937407972,0.0666898924507561,0.043396597250743,0.00757115421200543,0.000471135690392595,0.0627896440798359,0.150138536554703,0.0425291496368795,0.0310063496779252,0.0588337376288708,0.00694732890652235,0,0.00210577139244831,0.00678370945427793,0.0290585442852297,0.234149860440269,0.270123324902226,0.238905646833589,0.0308245614436266,0.0731580114261271,0.00920225367427013,0.0705194784375754,0,0.0621955423912111,0.0872012208869473,0,0,0.00461284595564284,0,0.106883642318312,0
0.00269323212373065,0.0145254577656709,0,0.0462301437562272,0.0319441239943627,0.0663115154000733,0.0219348090271135,0.260175293390126,0.00648184918659624,0.0549113969168404,0,0.0424575833598636,0.0222031687219976,0.126663640447735,0.110482921903967,0.0193449495196414,0,0.0302750179842916,0.00709965628884411,0.0890570772711741,0.0408288028130144,0.0192914152578216,0.0545997404921195,0,0.0260338765595151,0.0220120241071463,0,0,0.0198972955744685,0.0231749977020434,0.0375666950801835,0,0.026089372109804,0.073299016886816,0,0.118021746874233,0.0177376554829155,0.0099451689641619,0.160619821560939,0.102500709000507,0,0.117959047459266,0.101906076643254,0.0558241456250674,0.0961695676354429,0.0413992222658118,0.0611561927930928,0.00889158562718641,0.0187192599784298,0.0564525413918493,0.0732636431704961,0,0.0121078881910952,0.0134290751477333,0.089076077024708,0.0472129360468941,0.013650827472609,0.00445824663705232,0.0131999249112162,0.0310703979592601,0.0370975933882399,0.0182950353509078,0.000475852655148789,0.0811318067170327
0.0807012851054188,0,0.0429278812710075,0.128492720721502,0.067160532616581,0.143890335765904,0.0762277748747213,0.058451848808736,0.101662871447186,0.101066527667961,0.0424575833598636,0,0.0975299115759114,0.10799070683947,0.081795924569842,0.0785368835907442,0.00830950029151119,0.0153783155747031,0.0599447659029249,0.0360215484483189,0.029337314396638,0.0178771909270035,0.00952751165914597,0,0.121949471840451,0.160857886727627,0.174519865965458,0.10323899068408,0.0574893557483546,0.076157085368888,0.154238661700768,0.00593539228048475,0.0145137899220548,0.023754770016776,0.0278952908604266,0.10902133084801,0.12464593841803,0.0450353334958575,0.057631130017403,0.0537949718538726,0.0632783421656669,0.0204986234146808,0.0398267259565122,0.0890718350127223,0.186235745682236,0.194412757631678,0.179423046524356,0.0933596049078508,0.057516616866103,0.034492817502239,0.0413921005178911,0.0305301890544009,0.00139592524141268,0,0.0440711712363727,0.0735674248735862,0.0764375676437058,0.0770579326738169,0.162728971042234,0.131739959411292,0.14832350142646,0.0348765271853539,0.0381605389920944,0.195544474577409
0.0309828119697316,0,0.0126730910406183,0.0362312734987297,0.00941381399962408,0.0494813386595049,0.0863645344902157,0.0989546364316918,0.0236506429405852,0.000556282562629197,0.0222031687219976,0.0975299115759114,0,0.0262462600887201,0.0126526669978089,0.0991186308831932,0.110690441513552,0.169328052028193,0.0747729405014684,0.101314122224282,0.0230001249006906,0.0200516815905359,0.151743038706892,0.0513354906988522,0.0771060780882853,0.0725974117413756,0.107528146249023,0.161343300309833,0.0574807777587571,0.0510669743185176,0.0509047409445772,0.126067093693788,0.0978777812378923,0.108551247817872,0.0626312855068481,0.0317266113412399,0.0325215573283755,0.0274096493257995,0.0863330645808089,0.0797072088908187,0.0704496647479393,0.0255706439686634,0.0705156300715415,0,0.00586059030859539,0.0313324428534431,0.0588777149255263,0.148243969750653,0.181764371339366,0.171083604700141,0.0838002828999088,0,0.0652788310168389,0.00831248884965117,0.0612039568382334,0.0137558018495735,0.173753823544171,0.160268830431444,0.113044440021652,0.0392882286979871,0.0390619994325567,0.0490889563667197,0.0811400614988396,0.00578494317440557
0.0605570025395615,0,0.0466122242100608,0.125009348036985,0.0815276010557013,0.0216974024837157,0.100708853931981,0.167158097153439,0.0859527672955424,0.0575412171601273,0.126663640447735,0.10799070683947,0.0262462600887201,0,0.0341737836149044,0.189903305079782,0.184601382520506,0.116874010798507,0.11781995958332,0.112034338388475,0,0,0,0.0185589964558775,0.060977770142239,0.0756716856573012,0.111444075205003,0.153365784317656,0.0751328928923255,0.142931442628419,0.100940692954562,0.136636142994484,0.200765218147093,0.0802999358879989,0.0647042003988777,0.0148924445161283,0.0636543871636433,0.12055056611382,0.162768978981527,0.0485873972365633,0.158790486031715,0.109438377782843,0.0913520217714959,0.0518776861260263,0.033863939329405,0.0662380545217097,0.177457635345327,0.190738101289816,0.151056706214845,0.134361727728659,0.0614802669467498,0.0636570439750703,0.0245357569506793,0.00407768406439853,0.0248127180690762,0.0341308010177042,0.159507764703142,0.078436677556672,0.160517903529436,0.0518912889312718,0.0558577674334433,0.0793612996849467,0.109309410122253,0.00675480817966284
0.00947375850109227,0,0.0385872846262282,0.106428262396602,0.043092898490989,0.0327696590306857,0.0678841742988544,0.139867705018352,0.0442773597487732,0.0243698753841307,0.110482921903967,0.081795924569842,0.0126526669978089,0.0341737836149044,0,0.29669668145234,0.233625732302212,0.0565581336320171,0.0480164748714835,0.018705441756246,0,0.00352827006684854,0.0258566839881232,0.0121148756754445,0.141133875898176,0.0294168914838846,0.0329495623868181,0.0935527701816861,0.0799736939743678,0.186308244004226,0.0643125621172997,0.165287208400239,0.29685296935029,0.0512031809979797,0.034609656007186,0.0027338174168349,0.0251871940941877,0.1025962207758,0.207322137916415,0.0707534965252108,0.142541964020535,0.0880139493628405,0.0240218187541278,0.0622852466732198,0.041750502666754,0.138250371648582,0.193339008349819,0.159893098171077,0.0648275062794298,0.0369519414555197,0.000786197455193026,0.02012942657888,0.0451651776753215,0.0121302100546765,0,0.0480542677922137,0.203721389616037,0.0954837456487164,0.142573816700021,0.0220152099382537,0.0220317490964448,0.119098301458521,0.0664915549646979,0
0.0445314981016453,0.004067990701749,0.0231181523224529,0.0349890121830075,0,0.159536875953364,0,0.0183190625044416,0,0,0.0193449495196414,0.0785368835907442,0.0991186308831932,0.189903305079782,0.29669668145234,0,0.246248344146158,0.0374359259856936,0,0.0331992871938441,0.0774191861339127,0.0157889612951363,0.0619491606533308,0.00644602312244575,0.0893375718058585,0.174452508455414,0.162928942177563,0.0499119776232863,0.00226014578448422,0.0403421623951563,0.117201878318354,0.186907993216805,0.0973028316216766,0.131737654056813,0.00270322377659696,0.0682366705997914,0.0603999949012576,0.0195512526924763,0.171374587504112,0.0369948555635201,0.0496799804757851,0.119837996941095,0.169913206434571,0.120940069088673,0.41649434905793,0.385900457875848,0.255734922044392,0,0,0.0178445053756178,0,0,0.0048116839633322,0.000986067940654796,0.116403979818456,0.132559090047825,0.00469149301272899,0.0718688855591032,0.187965101982902,0.0978717523314983,0.0976970879447506,0.0050105895522077,0,0.154987316085684
0.0926790119520349,0.0155104142994328,0.0787344020720647,0.230959319787138,0.0585269225132438,0.108980205929041,0.0361434536855925,0.00577170297046318,0.0525616069059778,0.0468343428474849,0,0.00830950029151119,0.110690441513552,0.184601382520506,0.233625732302212,0.246248344146158,0,0.0069510039191376,0,0.00526425919592959,0.0645644774078964,0.00695485241116106,0.0386416195058711,0,0.11791466539999,0.196640493983964,0.240863923960519,0.150815924668421,0.0534098780515402,0.196436354105994,0.240865434823947,0.0450328498110542,0.0377423053813099,0.074263313921127,0.0166101711439788,0.0989454600966092,0.129321966189207,0.00869720293583012,0.0334521811901445,0.00847964216064688,0,0.0777650110331937,0.119859615781437,0.192827425749868,0.350834974877146,0.318335576348827,0.400933270155866,0.123529516418763,0,0,0,0,0,0,0.085041139917311,0.135108556041674,0.030651888295812,0.105990322527326,0.258523459842352,0.147451274566206,0.136300287287766,0.00337783157008244,0.0111604333678073,0.173411549526145
0.195849537512155,0.0185766902641509,0.0531736390871655,0.24725375776754,0.155321568079152,0.126161432438345,0.150972314699356,0.0535894759381065,0.230836723021545,0.219868177242622,0.0302750179842916,0.0153783155747031,0.169328052028193,0.116874010798507,0.0565581336320171,0.0374359259856936,0.0069510039191376,0,0.15690509262198,0.0158431949118265,0.0440996294642566,0.097469441951321,0.177339452292285,0,0.0532041680135599,0.212651978046053,0.294181738940848,0.232723534845195,0.037315635114725,0.103566777238526,0.32527376319989,0.00825484268272682,0.00428761913385546,0.0830536666638741,0.0848826986294992,0.236682302183311,0.243468798971316,0.0474146921489803,0.000378486116247546,0.0313596001560895,0.0143837294026308,0,0.039505205334086,0.190650914176876,0.222636937872597,0.117761940050297,0.2364305639941,0.147447920865746,0.170718611136333,0.0558219702026177,0.0700547824644345,0.166947062354524,0.0842638023252158,0.00480578910577502,0.0481612320594378,0.0717924271417371,0.0177812619805165,0.0748156719300577,0.181843154161175,0.237535687584196,0.227601812625716,0,0.128534238006495,0.312730757756406
0.0881207339330533,0,0,0.0837299293040382,0.0511375346441795,0.0681263487067851,0.0365528862053026,0.0104379902074208,0.0848164187014908,0.148274892046664,0.00709965628884411,0.0599447659029249,0.0747729405014684,0.11781995958332,0.0480164748714835,0,0,0.15690509262198,0,0.0809272581039052,0.0678289273036306,0.10163373468299,0.22039064787671,0.0273369393900555,0.0404899571995285,0.0435378033062378,0.0279548083588437,0.00320052399420656,0,0,0.109461315672279,0.0329922024126187,0,0.2207956088371,0,0.211827652926514,0.0869157338279779,0.0143734084932181,0.0329718860921478,0.128068458609976,0,0.0102129315466009,0.0607050631943358,0.0919722615288015,0.0872734413061919,0,0.0332777422494167,0.00217696329000416,0.080735138810069,0.192481793102422,0.064885742229434,0.142792444116481,0.0835004557069139,0.00981401430447702,0.0676668874691545,0.0149149433923902,0.0259985399655686,0.01099237699146,0.0138474226347206,0.10702350967818,0.100716265664018,0,0.0167513683255685,0.155544903937076
0.0813937260719543,0,0,0.109152091108686,0.0741833137039814,0.0716312190529346,0.0201366966123347,0.0480262994729804,0.197599645968879,0.181926258235612,0.0890570772711741,0.0360215484483189,0.101314122224282,0.112034338388475,0.018705441756246,0.0331992871938441,0.00526425919592959,0.0158431949118265,0.0809272581039052,0,0.0690928061885596,0.0562810499796469,0.204010749711481,0.0110183868657383,0.0883492907480903,0.0800338387378347,0.0525242460217817,0.0317018554906841,0.0037353158202562,0.0313243333151234,0.118098427025864,0,0.0450090945434781,0.0837919886604939,0,0.167629424203857,0.0984000175169699,0.0648408519453287,0.0486480184203172,0.0725050818081829,0.0719949530966252,0,0.0293132277952643,0.105551964998821,0.0721247629762589,0.0237604724627117,0.0891892504004334,0.0647101543445117,0,0.0162914538406443,0.0310597402031488,0.150910157142492,0.0960315463942788,0.023935052509704,0.0837884479370444,0.0282998235181844,0.0414363555060319,0.016637582198962,0.0533971580068712,0.103972750857432,0.109662171229002,0.000587154139638933,0.0239265655505298,0.113448250631104
0.0399484396416468,0.00133587337322258,0,0.0650659129777457,0.0425638805905617,0.00554128600504781,0.0568357521885244,0.0610702462447039,0.0641226682237702,0.0436806175220463,0.0408288028130144,0.029337314396638,0.0230001249006906,0,0,0.0774191861339127,0.0645644774078964,0.0440996294642566,0.0678289273036306,0.0690928061885596,0,0.0446145212580988,0.0396995627732607,0,0.130824501716534,0.0969284769842056,0.0867929203670253,0.0600728469939486,0.00347067985919217,0.0117646354899155,0.054593229919442,0.0418848208126351,0.0254176658059741,0.0186941415151158,0.0398589932603985,0.0234745676106215,0.0657735721085981,0.040852720842778,0.0363683189931367,0.00563791278541823,0.0563041780506141,0.00570440024935955,0.00200448535769926,0.0171725557974676,0.0313292519911154,0.0924811203546859,0.104321221657362,0.13525044386305,0.0893960914110869,0.065746082639709,0.0687361442735426,0.0274188844425058,0.00669614574178006,0.0442129672467482,0.024787511662676,0.069438916679213,0.100722473118903,0.0322070137109257,0.090524735307704,0.0314210079621704,0.0469235805255154,0.0238906566454742,0.0390005027489639,0.00827326692242112
0.0705174795682077,0,0.0381199040369457,0.0258247522435724,0.0390314499096481,0.00725584341322238,0.119951118997868,0.0806040386341167,0.0453072161512308,0.0204289591039714,0.0192914152578216,0.0178771909270035,0.0200516815905359,0,0.00352827006684854,0.0157889612951363,0.00695485241116106,0.097469441951321,0.10163373468299,0.0562810499796469,0.0446145212580988,0,0.113670422289018,0.0280916706073326,0.0926467125187343,0.0672231599971659,0.0973553198026361,0.0867874968470268,0.0449998956218461,0.044401941468001,0.0504244858902946,0.0126783480481956,0,0.0487384899086883,0.0514978612825519,0.00829976797937453,0.061286190616204,0,0.0253023604869732,0.0829490500451446,0,0,0,0.00853217426133985,0.0458713176890762,0.0539403359448755,0.0459525135923144,0.0218799357643857,0.116342831883196,0.112862209371022,0.128360420654083,0.0459849863001879,0.00831657391939805,0,0.0179225722553378,0.0793535558591815,0.0575902401858583,0.126721591735996,0.0681696151478227,0.0663173636433758,0.0261430252970592,0.011050649265033,0.0719839939830414,0.0525004579290207
0.191237031324714,0.0140950188970237,0.0630783258686255,0.161039699161916,0.161243495080438,0.117272576937703,0.189780231727435,0.127933536900367,0.200213833343579,0.193763662904578,0.0545997404921195,0.00952751165914597,0.151743038706892,0,0.0258566839881232,0.0619491606533308,0.0386416195058711,0.177339452292285,0.22039064787671,0.204010749711481,0.0396995627732607,0.113670422289018,0,0.00733963617694562,0.0780995541813845,0.273967082955712,0.304162876968305,0.252030387140704,0.0762330856199436,0.0792665012420864,0.208927575241509,0.0397179110518921,0.00171014803954382,0.0744065577908337,0.103154333611717,0.236456012143161,0.208880117899034,0.0439511691472018,0.065536915261523,0.0264965390387743,0.048447470295103,0.0493726957882198,0,0.0743324027733984,0.133282752282591,0.146813577148228,0.16118799960799,0.162054862804554,0.260836039170658,0.261717227900083,0.268959860360185,0.187207517283968,0.0644510942263774,0.11740595518139,0.0510354641121454,0.245280469562945,0.0810951740025316,0.18523672744252,0.2324546523938,0.181330956722905,0.185591483799002,0.0316284280497698,0.149152510863001,0.19303299691999
0.0610246581922383,0.000201005230390458,0.00239035575796659,0.00162620260265,0,0.0470033767055386,0.0587148873827115,0.0731554850852676,0.0112906267161325,0.0234007553537036,0,0,0.0513354906988522,0.0185589964558775,0.0121148756754445,0.00644602312244575,0,0,0.0273369393900555,0.0110183868657383,0,0.0280916706073326,0.00733963617694562,0,0.00533404831019715,0.0373735418529774,0.0640532732202116,0.0214120332505412,0.0101848405781768,0.00790667485896835,0.0555620485959918,0.00365059382120974,0.0153365017620522,0,0.0129243547585795,0.042552705894552,0.0344740684958967,0,0.00604308986334921,0.0150197824887341,0,0.00621583637052358,0,0.038510654941923,0.0772125444310007,0.0249284455470976,0.031726862091852,0.00895998519974036,0.013497735753344,0.0152732203930466,0.0658259444223114,0.0295018722587454,0.0317650828790928,0.00182930102615089,0,0.00890991263951843,0.015088414234663,0.0339333950324224,0.0167407319948698,0.0412632286131932,0.0494538451797531,0.0072479436095277,0.0145958920539506,0.10032235559232
0.0368465141421865,0,0,0.000367244729186782,0.0185287637063735,0.142073888506596,0.00735068085010027,0.0302158901510488,0.00235150826324979,0.0594016468634391,0.0260338765595151,0.121949471840451,0.0771060780882853,0.060977770142239,0.141133875898176,0.0893375718058585,0.11791466539999,0.0532041680135599,0.0404899571995285,0.0883492907480903,0.130824501716534,0.0926467125187343,0.0780995541813845,0.00533404831019715,0,0.12280899250987,0.0458244860487678,0,0.122640067857545,0.0217519399510528,0.0430624330612889,0.118969240873516,0.113901606040718,0.147488221746714,0.0336529939429826,0.0876162266468537,0.0273384894288153,0.00224535949977265,0.121766466118328,0.0834189010556028,0.08212818384772,0.0778963629425211,0.0989236574435934,0.0283454094459997,0.156643973685205,0,0,0,0,0.0663650861002044,0.0241794106852443,0.019137416923122,0.0206292356843698,0.126899801979934,0.170769593352727,0.30713192025127,0.206771583241285,0.0755669883873237,0.0236799517406593,0.0411322690932864,0.0439409670856681,0.047838950956912,0.0556948750887086,0.093661692260661
0.0410909188157383,0,0.00932895213970667,0.00830612449414936,0,0.136801790328231,0.0808508509990846,0.103917098396881,0,0,0.0220120241071463,0.160857886727627,0.0725974117413756,0.0756716856573012,0.0294168914838846,0.174452508455414,0.196640493983964,0.212651978046053,0.0435378033062378,0.0800338387378347,0.0969284769842056,0.0672231599971659,0.273967082955712,0.0373735418529774,0.12280899250987,0,0.0514765441443088,0.118589961369179,0.0325333357917791,0.0483626184572296,0,0.211221024941711,0.152140467731431,0.160557751435719,0.0558880083946069,0.0950852854435862,0.0123773248019804,0.0261261122306005,0.138976378464099,0.130476639744699,0.0785495501440094,0.0326939184936694,0.124795539605846,0.0374375258866657,0.0654472796531129,0.0519709839511857,0.0720762147089318,0.195163741927114,0.194406883738964,0.159350765404245,0.0377863470934655,0.006168443355437,0.134430284142593,0.0339171347949307,0.119752202938452,0.0183565383346041,0.2325791999062,0.122329788211771,0.140033769127754,0.0387492882554356,0.0271527093996047,0.0747175885917095,0.0570831088389933,0.0519604935935013
0.0583644969565513,0.00625839370203986,0.00485778280539658,0,0,0.182855112420995,0.0796526289507651,0.0734443820743859,0,0.0357739943757061,0,0.174519865965458,0.107528146249023,0.111444075205003,0.0329495623868181,0.162928942177563,0.240863923960519,0.294181738940848,0.0279548083588437,0.0525242460217817,0.0867929203670253,0.0973553198026361,0.304162876968305,0.0640532732202116,0.0458244860487678,0.0514765441443088,0,0.0984471886345822,0.0376134148819289,0.0372496271243114,0.0287085296800696,0.255708221074982,0.158771734382368,0.214727850567271,0.0547387555328475,0.175913779683411,0.0211144144184725,0.0116165833298456,0.157964822222852,0.159877460231771,0.0582143071564786,0.0194545272042605,0.108444874174362,0.0691343850375846,0.0994187064999652,0.0326619300395538,0.0360953700129218,0.134085281143152,0.23415121842577,0.176835644815183,0.0245720817941398,0.035715432312002,0.158645152817415,0.0352414049608111,0.0947267536350863,0.0135676174027171,0.184005388371792,0.102665153734399,0.0440544825442062,0.117911651964347,0.0956031076962816,0.0679223463425677,0.0474220112666648,0.122705260826494
0.109978024585838,0.0127814062749715,0,0.0458190368285215,0.0251928338571378,0.161433059739787,0.0378112014080816,0.0576652740230312,0.00935727466075648,0.0437555687490268,0,0.10323899068408,0.161343300309833,0.153365784317656,0.0935527701816861,0.0499119776232863,0.150815924668421,0.232723534845195,0.00320052399420656,0.0317018554906841,0.0600728469939486,0.0867874968470268,0.252030387140704,0.0214120332505412,0,0.118589961369179,0.0984471886345822,0,0.008143175790375,0,0.214023730095108,0.220958110937449,0.0645763940182197,0.179075567096809,0.0447572540842227,0.180363128357004,0.0992781087329836,0.0089609970134251,0.106530430611027,0.113189987945154,0.0256110304315798,0.0378055835555787,0.132873945574655,0.185894424464644,0.228103717274806,0,0,0.0303154375525359,0.171910064263126,0.127775375975321,0.00985495042335367,0.0450289420729818,0.118636846101264,0.0100120784489539,0.0793406540902642,0.0264001553727825,0.114268679870771,0.018791009592896,0.010285886435984,0.233426421102039,0.188540235794241,0.0255444889231569,0.0145614886360297,0.139249139780376
0.0356634516440887,0,0,0.0197085042193106,0.0351801537654613,0.0906089920258625,0,0.055003227512767,0.00913482541614337,0.0328031761627119,0.0198972955744685,0.0574893557483546,0.0574807777587571,0.0751328928923255,0.0799736939743678,0.00226014578448422,0.0534098780515402,0.037315635114725,0,0.0037353158202562,0.00347067985919217,0.0449998956218461,0.0762330856199436,0.0101848405781768,0.122640067857545,0.0325333357917791,0.0376134148819289,0.008143175790375,0,0,0.0688754716687636,0.0406477607108734,0.0339903473053011,0.0905285428572581,0,0.0899130539208883,0.035781661914147,0.00504253638360681,0.0542910779453302,0.0633728387725533,0.0224194620669845,0.0466326377871507,0.0677237454666312,0.0421631638827694,0.133805793712607,0.0298991124677766,0.0156120778336096,0.011863100106897,0,0.00718929379558661,0.00209083585585614,0.00518155217273692,0.0229663604310555,0.036385081178618,0.0212417109931086,0.0289025736922131,0.0550267237641045,0.0206860381110424,0.017494520883005,0.0667326950009567,0.0698054413485381,0,0.0189956617250643,0.0916524711138694
0.0240378280726274,0.00788293627133424,0.0200051483994853,0.00744492697781704,0.0081414937049579,0.11481051510212,0.00285840748903973,0.0673906567328982,0,0.00628833954138371,0.0231749977020434,0.076157085368888,0.0510669743185176,0.142931442628419,0.186308244004226,0.0403421623951563,0.196436354105994,0.103566777238526,0,0.0313243333151234,0.0117646354899155,0.044401941468001,0.0792665012420864,0.00790667485896835,0.0217519399510528,0.0483626184572296,0.0372496271243114,0,0,0,0.0993155350858104,0.173487980134095,0.102656664186064,0.137650558374666,0,0.0678341385411911,0.0321995519511063,0.033791770599109,0.154111298306423,0.0658315495646007,0.0499368195336408,0.0915603760028145,0.140606111627085,0.0945271344562019,0.270179197651585,0.085486074095268,0.0220938293305406,0.0134709084006505,0.0506266506435077,0.0547926342311948,5.59112210089908e-05,0,0.0205384619520921,0,0.0362999091508414,0.0200976195726445,0.0662680599947611,0.00569819556592168,0.0401514002102771,0.0830877396553669,0.0810256642557946,0.00872107507040193,0.0104878425588199,0.0951442306050321
0.0165317234436174,0.00114564670165536,0.0205176543666765,0.0127929177494358,0.0238231180307575,0.0922086584628307,0.179442568336632,0.119145330398445,0.0110892613859405,0.00287277887263327,0.0375666950801835,0.154238661700768,0.0509047409445772,0.100940692954562,0.0643125621172997,0.117201878318354,0.240865434823947,0.32527376319989,0.109461315672279,0.118098427025864,0.054593229919442,0.0504244858902946,0.208927575241509,0.0555620485959918,0.0430624330612889,0,0.0287085296800696,0.214023730095108,0.0688754716687636,0.0993155350858104,0,0.275773265465615,0.134642386310008,0.259615547073118,0.127239249611498,0.0987047068025558,0.00878842449647127,0.0426669825880181,0.143790050608377,0.178370741045241,0.0962235758545167,0.0626623581567473,0.114774622369657,0.0609290017260846,0.0817746449697313,0.0166949156227784,0.0548239322662215,0.158128459424969,0.330979836684299,0.27215615121407,0.0770513547487082,0,0.0902340884461002,0.00509429741773106,0.085235506353817,0,0.177364399872855,0.126988290862579,0.0307159467899241,0.0413089483513659,0.0670385433841149,0.0500310862511955,0.197140159488171,0.0578383804866165
0.0970218256473837,0,0.0624557453499021,0.207162881777733,0.103666022090439,0.111384746771563,0.0858752146989452,0.0252270097694477,0.101365628138853,0.0733259670575667,0,0.00593539228048475,0.126067093693788,0.136636142994484,0.165287208400239,0.186907993216805,0.0450328498110542,0.00825484268272682,0.0329922024126187,0,0.0418848208126351,0.0126783480481956,0.0397179110518921,0.00365059382120974,0.118969240873516,0.211221024941711,0.255708221074982,0.220958110937449,0.0406477607108734,0.173487980134095,0.275773265465615,0,0.0169681259008836,0.0321963509814503,0.0409285809439633,0.119741564841104,0.163010612554513,0.0290542706169317,0,0.0101206799485016,0,0.0432606046285752,0.0933196217945539,0.184300219645136,0.327006461582716,0.27431350708737,0.304457777492585,0.133998018166118,0.0611882380316254,0,0,0.0244159942463155,0.00570773749723706,0,0.0628961439065711,0.133099673711132,0.0565022936831967,0.126340036812776,0.271583542371481,0.183146544606653,0.164013293579188,0.0206346906581481,0.0329949594495779,0.179667053380512
0.0366100540284485,0.0080221963103116,0.0372201652753912,0.0738389216279696,0,0.107725164356527,0.00879946111206773,0.0248159086385798,0,0.0015058206219239,0.026089372109804,0.0145137899220548,0.0978777812378923,0.200765218147093,0.29685296935029,0.0973028316216766,0.0377423053813099,0.00428761913385546,0,0.0450090945434781,0.0254176658059741,0,0.00171014803954382,0.0153365017620522,0.113901606040718,0.152140467731431,0.158771734382368,0.0645763940182197,0.0339903473053011,0.102656664186064,0.134642386310008,0.0169681259008836,0,0.0519058539465556,0,0.030312050621647,0.0480092118748318,0.0122091873816476,0.0520776031608247,0,0.0295409296926469,0.168392559086888,0.158597996005081,0.159095380088233,0.368262483605084,0.244356683636298,0.224567177642746,0.0355093664164737,0,0.00832470684153535,0,0,0.00354874745190364,0.0195521639822843,0.0940740997624434,0.140250551627216,0.00660852769289922,0.0910891862146512,0.184974322810741,0.0764435260021145,0.0777969720988414,0,0,0.0890542438107508
0.154257678720273,0.0121392448175245,0.101439517598271,0.220851257652039,0.11966627236153,0.081985237529745,0.222637120532484,0.15980858659661,0.197008892985291,0.188901937407972,0.073299016886816,0.023754770016776,0.108551247817872,0.0802999358879989,0.0512031809979797,0.131737654056813,0.074263313921127,0.0830536666638741,0.2207956088371,0.0837919886604939,0.0186941415151158,0.0487384899086883,0.0744065577908337,0,0.147488221746714,0.160557751435719,0.214727850567271,0.179075567096809,0.0905285428572581,0.137650558374666,0.259615547073118,0.0321963509814503,0.0519058539465556,0,0.0863724858448334,0.167134735949013,0.209343059534873,0.0558659697814437,0.014112188335301,0.00905903275872385,0.0851612045268478,0,0.0160417343950213,0.129366008038984,0.203110979787479,0.212138939704254,0.249566153079446,0.15913256537498,0.17076029966119,0.229532087573247,0.121507153002045,0.11619110185907,0.0312316257289675,0,0.0135421448861363,0.0754122044256081,0.143423613807793,0.126360171594198,0.190098952853412,0.177972548800506,0.176010866379433,0.0363715291673622,0.144094256528126,0.260829343726317
0.0533632400719647,0,0,0.0655631331451591,0.0467565536160493,0.0625388152791519,0,0.0605593587092326,0.0434263943368239,0.0666898924507561,0,0.0278952908604266,0.0626312855068481,0.0647042003988777,0.034609656007186,0.00270322377659696,0.0166101711439788,0.0848826986294992,0,0,0.0398589932603985,0.0514978612825519,0.103154333611717,0.0129243547585795,0.0336529939429826,0.0558880083946069,0.0547387555328475,0.0447572540842227,0,0,0.127239249611498,0.0409285809439633,0,0.0863724858448334,0,0.112254386463462,0.0683768573541342,0.00341129405527895,0.0222709916539291,0.0416819679339811,0,0.0106356619370829,0.0721092827050369,0.0882846991355973,0.124665297291601,0.0140247771117818,0.039610245744592,0.0195603652196785,0.0276498381960146,0.0357188421856106,0,0.0314021958191641,0.0416577086925472,0.00775572076060812,0.0299047085070523,0.0151550070622527,0.0367195154522479,0.00511058418649375,0.0397702817422135,0.120205746627306,0.0907943433499228,0,0,0.10258060202357
0.0752029744394225,0,0.0631805518220089,0.0667753161209172,0.0909970705634719,0.00180253005127546,0.18793478226012,0.174041935432429,0.115333105280095,0.043396597250743,0.118021746874233,0.10902133084801,0.0317266113412399,0.0148924445161283,0.0027338174168349,0.0682366705997914,0.0989454600966092,0.236682302183311,0.211827652926514,0.167629424203857,0.0234745676106215,0.00829976797937453,0.236456012143161,0.042552705894552,0.0876162266468537,0.0950852854435862,0.175913779683411,0.180363128357004,0.0899130539208883,0.0678341385411911,0.0987047068025558,0.119741564841104,0.030312050621647,0.167134735949013,0.112254386463462,0,0.102175862657406,0.0436584913466128,0.0998413021401342,0.172247393917126,0.10620478326568,0.0472512513164146,0.0513813275728723,0.00710418559238861,0.0142186817724132,0.0946488215984511,0.0928033314774967,0.109983301227422,0.300499728431833,0.271257988384455,0.250876295428645,0.108760229498674,0.0235983817996544,0,0.0291644575151367,0.0793572950160183,0.13538186410132,0.186117042492418,0.118677074295746,0.0715593382871246,0.0396727970888816,0.0394848461067321,0.165114802966656,0
0.00594560998897242,0,0.0190121130137986,0.0347832354544439,0.0491045137891572,0.0568944258173022,0.117944045502448,0.0929462305451364,0.0239598067113638,0.00757115421200543,0.0177376554829155,0.12464593841803,0.0325215573283755,0.0636543871636433,0.0251871940941877,0.0603999949012576,0.129321966189207,0.243468798971316,0.0869157338279779,0.0984000175169699,0.0657735721085981,0.061286190616204,0.208880117899034,0.0344740684958967,0.0273384894288153,0.0123773248019804,0.0211144144184725,0.0992781087329836,0.035781661914147,0.0321995519511063,0.00878842449647127,0.163010612554513,0.0480092118748318,0.209343059534873,0.0683768573541342,0.102175862657406,0,0.019503801342119,0.089004666310681,0.136004684044823,0.0616198819034679,0.0309257336722465,0.0886947684056002,0.0363908060400676,0.0362242812763329,0.0135347756426281,0.0218227020867241,0.0847878657687025,0.25544224099638,0.231955614232527,0.067933841666017,0,0.0752112503969303,0.0156428755407166,0.070277293534287,0.0208411921033454,0.113016123709593,0.0970272832312204,0.0248666070160485,0.0115587189955104,0.0163487144685697,0.0350468958626191,0.131442406625724,0.0484240054707528
