0,0.0519708166883388,0.135222514249808,0.0296079986339215,0,0.118488286074941,0.273300882510102,0.132456403672618,0.0608539666571556,0.0676130232395826,0.17977784068428,0.201028419727256,0.0402618311097324,0.0138449544113926,0.0203864771916614,0.0689698538776654,0.131646368286171,0.0785364218093392,0.170731391129038,0.0847228034310736,0.073696877254368,0.0212404967524813,0.0200752959688522,0.0573813951844146,0.0683365281923574,0.00892771624895105,0.102353453572366,0.0864142849207878,0.115458985670914,0.00510286254829214,0.143502367855614,0.0225444278292602,0.0360838481044992,0.0965824653550467,0.0382752957544577,0.0081891510627629,0.0550908795895707,0,0.100238853112009,0.166613820014906,0.0725128141473502,0.161113492420925,0.233356205421392,0.0326616629084027,0.0933504531758502,0.136756502211295,0.17032301318392,0.0820754373055274,0.161280885337067,0.228030367192004,0.120882774417619,0.0317957500144974,0,0.00932165625525939,0.00291494105808339,0,0.13398223895252,0.148185845651785,0.0495892292058148,0.00514369050800202,0.0273409017610747,0,0.0980652860106417,0.159214617123784
0.0519708166883388,0,0.0186788447741104,0,0.121518396854706,0.00483594642829826,0.00811048703818583,0.0510815323178521,0.0167998862179177,0.0295861581079695,0.030438979277196,0.0663758643336736,0.0533712649934803,0.00586506614963515,0.0614348450481628,0.00775083664654887,0.0625209567782792,0.0484996740948556,0.000511803808456848,0.0246234314644827,0.0489147769801964,0.0183893994359513,0.0763214258645378,0.0835426902754422,0.0576406914303615,0,0.0178874370785915,0,0.0140355046236024,0.07372577289337,0.00118571087680308,0.0097078709305922,0.0209950163523958,0.095978532852796,0.0282818351687637,0.0632745207918719,0.0336253230715348,0.0459418056197771,0.0450799757829485,0.128139622468737,0.00552576032073427,0.0745469636277958,0.0236450129506887,0.0291381599184901,0.0551073718780499,0.128197664581758,0.00910467324361622,0.00681129768761392,0,0.0179287563833193,0.00295433015424279,0.0901066946482345,0.0295539947578416,0.00551845155505023,0.00646461815478973,0,0.0280324871857563,0.0525204619877305,0,0.0208409667416167,0.0388246484990298,0.00117796904401013,0.0123781589491497,0.0258369224424406
0.135222514249808,0.0186788447741104,0,0.00415305231567143,0.187727587902764,0.015853542944238,0.0357365808604785,0.0627043940772557,0.0308871270070581,0.00895819818770606,0,0.114872644030547,0.159789360505376,0.00461803550858354,0.0682779946994532,0.013989710220053,0.120671505777223,0.0315848743081916,0,0.0321035189564941,0.0273305550030026,0.00257250656379211,0.0882926807998718,0.0819559955297359,0.0137628842185933,0.0438836638635215,0.0415941762976821,0.0178554145023807,0.016865413623161,0.0386911887967884,0.0183959013350346,0,0.063547617665622,0.135465562910424,0.0392919366646124,0.0878457667520962,0.0236329104797811,0.0548923761493265,0.0793316239877373,0.205229579858503,0.0160924635632399,0.110669937209116,0.0178045746359162,0.152002693395397,0.031243275199408,0.154887199592575,0.0077613345460712,0.149328464960054,0.0368249042554982,0.0205185775185948,0,0.188745664478664,0.0902791049650802,0.0904522337389853,0.0793425153222462,0.0116551822333988,0.00792173166502781,0.0170110075108961,0.0032201728726976,0.0502486391782704,0.0528078141489749,0,0.0271993243900289,0.0148754063599092
0.0296079986339215,0,0.00415305231567143,0,0.0543207661342351,0,0,0.0103759248541426,0.00968180885007782,0,0,0.0126762117354235,0.0660729928227764,0.00934307371650118,0.0420856794174457,0.00393721293023763,0.010733504650174,0,0,0.00465951003230918,0.00895985307842884,0,0.030314132774793,0.00339206051115278,0.00346400129788695,0.00760538367528655,0,0,0,0.0176721855030128,0.00101450840014892,0,0.00521426305461638,0.0155877385317185,0,0.0222577616188932,0,0.0165096317081956,0.0131712126391357,0.0254159429313636,0.00049864538187489,0.00568637716593955,0,0.0535738581437576,0.0238556837761619,0.0558633836093613,0.00506798258875293,0.0453888644129281,0,0,0,0.0774145729167768,0.0200847024174677,0.032029378249553,0.0301718777015034,0.0138260648581572,0,0.011366674458923,0,0.0236726687628725,0,0.00535143411902416,0,0
0,0.121518396854706,0.187727587902764,0.0543207661342351,0,0.113740323621673,0.247279372682061,0.0614739929313536,0.105735423318989,0.167414917143381,0.251068256524357,0.210286042024018,0.0283140281125531,0.0648338666997848,0.0666929433301831,0.109934293841429,0.101375166161995,0.119166708406778,0.17653682125739,0.0500769534872326,0.162584330835461,0.00546729655315306,0.0549038206641606,0.101195755856323,0.109861898057843,0.0336909520428859,0.118542766841037,0.12159142508789,0.193591931523508,0.0710958881265133,0.238189463253027,0.0969416002796883,0.0245832749764437,0.1365285171278,0.0338475530752971,0.0177941074747019,0.119994404257351,0.0434612496191574,0.0697489595273096,0.168450277284383,0.0854261420522006,0.18088939135536,0.225373574855903,0.0399535517186307,0.172704782148088,0.211599243454612,0.233279926313151,0.0891813414095183,0.148088324587068,0.247061417092078,0.0858943562824549,0.0782122987199164,0.000654086507273204,0.00623330724640776,0,0.00151157688485678,0.183274870744499,0.217255442772271,0.0989167441588714,0.00717703117513166,0.123280605238826,0.0402630334904569,0.146398946761617,0.194409629353795
0.118488286074941,0.00483594642829826,0.015853542944238,0,0.113740323621673,0,0.0875967958086053,0.029112747098576,0.102450132888827,0.00941127729838297,0.0352426987593355,0.172742489624052,0.0975923385099334,0.0177574245593048,0.046612180879466,0,0.141343399068865,0.0278095112743151,0.0362906950508321,0.0878202424001545,0.0421951677371092,0,0.084812686861943,0.0843012297069627,0.0168560851868404,0,0,0,0.0331084637948629,0.0649697448615351,0.0369630067575697,0.0146169045778259,0.0109586361579385,0.0646741666962652,0.0153828290451138,0.0130509499943813,0,0.0567819534627752,0.0229606792409829,0.118433981803674,0,0.12786078865494,0.0887952206132406,0.0230648601116097,0.0552705161433499,0.118083750190826,0.033498630830484,0.0075999209723733,0,0.14236159112889,0.0113847357458887,0.202407959100539,0.00613643826989359,0.00949482504471614,0.0447884319832707,0.00629868988639572,0.0543612613942146,0.0643905898251259,0,0.0723641701026123,0,0.0354077887012062,0,0.0208140655781808
0.273300882510102,0.00811048703818583,0.0357365808604785,0,0.247279372682061,0.0875967958086053,0,0.074349353428703,0.0758276499888896,0.00192382202907006,0,0.235983410768089,0.216885297771982,0,0.0568131927453646,0.00426006942352097,0.137234016476898,0.0663232899061123,0.0256735430002551,0.077878295838252,0.00982638658833152,0.0405791278881304,0.219786816474884,0.11355585540755,0.0195925425142271,0.0139547586804405,0.023079593265412,0.0218468289809866,0,0.0754557310198386,0,0,0.10766944547663,0.0792139162431575,0.0225932156032038,0.135421306562804,0.0302242156389951,0.0698414294029003,0.0288828726551021,0.22065120929319,0,0.156007807654077,0.066812420256271,0.121031862631225,0.05708400720577,0.172907313255544,0.0122043431858311,0.128997023861541,0.0764232838303961,0.0887118329200472,0.0014474861856462,0.356536295089459,0.0700249532604926,0.046994733788201,0.0895830263109503,0.00683895399648024,0.0550056246206702,0.0271810225067399,0,0.0853952473767811,0.0370154034074776,0.01183526437132,0.0697344259246753,0.0154837362642965
0.132456403672618,0.0510815323178521,0.0627043940772557,0.0103759248541426,0.0614739929313536,0.029112747098576,0.074349353428703,0,0.0303097453806235,0,0.034667235115805,0.158856346934469,0.1511803197281,0.0273878696322775,0.00899296223022091,0.0128601051356356,0.0137195639410472,0.0130849115288784,0.00207988253493218,0.0292363745508854,0,0,0.13490830971136,0.00170198957803137,0.00488285274993733,0.0392734983104202,0.0295519692806948,0.0363471645864758,0.0473901041628213,0.0030671622234955,0.0307226730082868,0.00610203251653417,0.0310647760206171,0,0,0.015539254648088,0,0.0189478224558847,0.0425126506406836,0.0208741759465792,0.00662895549080509,0.00752914119651656,0.0128231114163899,0.118875701497161,0.0122208404997068,0.00362376742342367,0,0.0727252230814391,0.048369243312337,0,0.0135703914435046,0.153496983740445,0.0573491439703682,0.0318814584304754,0.0932751308731593,0.0325668089568157,0,0,0.0239007791600075,0.0603849368268781,0.0376785260357306,0.018044375947485,0.0696880154494831,0.0106373476035637
0.0608539666571556,0.0167998862179177,0.0308871270070581,0.00968180885007782,0.105735423318989,0.102450132888827,0.0758276499888896,0.0303097453806235,0,0.0663451013321484,0.0501742745306344,0,0.0330673672469272,0.0216254582741176,0.0329287720723123,0.0191711310749416,0.00593126127517432,0.021822543396108,0.10157954966158,0.022332799384687,0.0373101583675919,0.00422654944267776,0.00483813069249068,0.00105657945990168,0.0314916278585857,0.0411580898821502,0.0468561814184256,0.0916116370630741,0.0223497604317389,0.0444757958874821,0.0316188941524436,0.0143915771899204,0.0702935863947277,0.0206268274593765,0.0226654374325938,0.0519855928065448,0.0158508088019963,0.0896963623821716,0.00337144712100021,0.00116172767009644,0.0508620405985422,0.0691957319767393,0.0220392993915709,0.0221415133828346,0.00838256906514512,0.0105527934282648,0.0179285612678177,0.0854395158569715,0.180325938591901,0.127203746219219,0.089561095661218,0.0926719695109606,0.0287247029680453,0.0499362550014886,0.028731633103737,0.0366584742252915,0.0267937702433869,0.0346025066072511,0.0318853025208361,0.0213623756253826,0.0324541489110248,0.0135733928904137,0.0398739762536561,0.0595740453815116
0.0676130232395826,0.0295861581079695,0.00895819818770606,0,0.167414917143381,0.00941127729838297,0.00192382202907006,0,0.0663451013321484,0,0.023246753031032,0.164829866725915,0.108067920740419,0.0359037561239601,0.128284471198261,0.047218924308586,0.0399591566181145,0.0944159286208151,0,0.0102564304487139,0.0678651738623251,0.0171908685014856,0.128817349912857,0.0918305186416011,0.0326529662449314,0,0,0.000730661526292548,0.00854365453075248,0.102940390218975,0.0316791211663933,0.0289033808396681,0,0.106759674927326,0.002479732946151,0.06461740562512,0.00293874612241013,0.0994276986392247,0.00726127746965433,0.113609704174116,0.00217571683521427,0.0538235980397098,0.0474535933577453,0.00148894768695795,0.106822171669838,0.17349454606651,0.0626210921385871,0.0163424823205611,0.00896475189098024,0.0245672350025676,0.00335683124943239,0.230985688104398,0,0,0.0113949120931921,0,0.0850755504028955,0.0544639143415686,0.0209731818332542,0.0187971854019286,0,0.0299859219243676,0,0.0558311339320858
0.17977784068428,0.030438979277196,0,0,0.251068256524357,0.0352426987593355,0,0.034667235115805,0.0501742745306344,0.023246753031032,0,0.191265821949192,0.266979040401163,0.011633540024052,0.0807178939640139,0.0368592523401589,0.0986961085654107,0.09424591274815,0,0.0781616582228553,0.0711641060855334,0.0356669004782993,0.203620324840348,0.133262184304524,0.0900952828115687,0.0670099091000781,0.131201833117395,0.0330299966714684,0.0656572088814378,0.0667205959481302,0.0620132664331114,0.00120767244332545,0.0519425679759491,0.136999135825284,0.0309004388034154,0.15315126977938,0.045677185673069,0.0802270978703621,0.0301238650272852,0.199811896286075,0.0168786272928979,0.120510374982515,0.00968567940708761,0.256257369662518,0.0423292824656314,0.217566429582745,0.035282121255829,0.236108894365785,0.0538407127329487,0.0433314669035533,0,0.296627305146521,0.148602135614279,0.15711177368007,0.132594155985117,0.0253612513220096,0.065126734615299,0.0799096800381352,0.0113437091410155,0.0964128225859286,0.149666750266739,0,0.137334182400156,0.0522885491245097
0.201028419727256,0.0663758643336736,0.114872644030547,0.0126762117354235,0.210286042024018,0.172742489624052,0.235983410768089,0.158856346934469,0,0.164829866725915,0.191265821949192,0,0.235267614914661,0.0193544553372301,0.0404978593444349,0.0824432320302341,0.00820547464784289,0.031862938925108,0.162771073546606,0,0.032033021485851,0.0306803562699674,0.182076176775243,0,0.0712203290630981,0.113759144832722,0.172377118264851,0.180556559583904,0.164445817066483,0.0351054839627903,0.190536204913486,0.0306848181185467,0.116241843768296,0.0058187147961637,0.0392191798052161,0.110026621127298,0.0662667761920273,0.0800717583843711,0.0859931700083972,0.0437904912753174,0.182505158180804,0.024431411863401,0.174557865791421,0.242354825129385,0.0270370273763087,0.0205362141657103,0.148759936327736,0.290626329469649,0.258846131249832,0.167642604016093,0.147025611654325,0.285519200455828,0.0814327636190115,0.133323407740957,0.0908505876535181,0.0447574612022765,0.106974707131831,0.122509087963466,0.0768863341403376,0.0411815215209221,0.110808817646849,0.00922489368951997,0.182607733232659,0.156084467949708
0.0402618311097324,0.0533712649934803,0.159789360505376,0.0660729928227764,0.0283140281125531,0.0975923385099334,0.216885297771982,0.1511803197281,0.0330673672469272,0.108067920740419,0.266979040401163,0.235267614914661,0,0.0679016017676711,0.0450074424786726,0.138432855022389,0.0446864022486652,0.15851378275832,0.136429761638363,0.0420840149665439,0.119891497715438,0,0.0133007186904138,0.0712134143868098,0.237368998090482,0.210380113590296,0.190112044571591,0.275445391849997,0.155648589881373,0.0534184745464932,0.292595341464673,0.0852391400270037,0.0711594007324782,0.0816974608170667,0.0498620481298104,0.00631990704102006,0.0787643703362254,0.00344332867400169,0.0784779182137662,0.17042290786281,0.0945315790409004,0.21688059095306,0.209936563973423,0.169520514063515,0.183106295400659,0.174889386840841,0.271103136361102,0.292099048368542,0.282469085224254,0.248579212303222,0.117970367088985,0.00436094212821698,0.0752597939445591,0.190780536638979,0.0137407659700061,0.112368291572953,0.167793653417563,0.261744157910809,0.173805229939741,0.0029233684451755,0.152121182464416,0.00869000646336851,0.128963777189536,0.203083450891172
0.0138449544113926,0.00586506614963515,0.00461803550858354,0.00934307371650118,0.0648338666997848,0.0177574245593048,0,0.0273878696322775,0.0216254582741176,0.0359037561239601,0.011633540024052,0.0193544553372301,0.0679016017676711,0,0.186663122793425,0.0255326218953842,0,0.0486237303653009,0.00809389615674611,0.00171591561202696,0.0497266982484567,0.0511946891656178,0.0622040796689271,0.0257736091093856,0.0573630790505121,0.0122154761641006,0.0116737327430786,0.00210809023473662,0.00274163203755251,0.0494319247875238,0,0,0,0.0651525400258647,0.00756439808432561,0.0369544428970581,0.0204505344235446,0.0267029830159483,0.0236795461601119,0.0549239380535222,0.0119554510617644,0.019125696513123,0,0.0829610644639269,0.109943421186342,0.169714546789979,0,0.0343449040301228,0.00645468578999696,0.00837348872894513,0.00308004012392111,0.0934459955317864,0.0166192640320587,0.0155356084886171,0.00815269565948623,0.0187314402400979,0.0203644018141607,0.0300012232639737,0.0283558320622335,0.0157086312944444,0.0152559635549906,0,0.0119319259818769,0.0214726657657667
0.0203864771916614,0.0614348450481628,0.0682779946994532,0.0420856794174457,0.0666929433301831,0.046612180879466,0.0568131927453646,0.00899296223022091,0.0329287720723123,0.128284471198261,0.0807178939640139,0.0404978593444349,0.0450074424786726,0.186663122793425,0,0.0875516987139969,0,0.0041937116426401,0.0420743719328201,0,0.0211993175853525,0.0210857469451938,0.0258393170398395,0.0134690426159674,0.0554573834142407,0.0764423102800263,0.108575961188515,0.0200683908114536,0.1100667543027,0.0175104946412885,0.164016666750216,0.0243515650023216,0.0190253498121815,0,0.0191844192475384,0.03315682277142,0.0695445873724918,0.00937915125240135,0.00784307151757044,0,0.0544404639203075,0,0.0487600416235574,0.137064063937114,0.124653316384571,0.0328967752126958,0.188041955488552,0.121265493596281,0.0487328182540813,0.0269677436595314,0.00737700782784394,0.0629088249140026,0.0449252388103139,0.0752125417024789,0.0325760969505486,0.0178710928502293,0.113807893951765,0.0849561814569703,0.0928621302759402,0.0346404846720923,0.0918614012503192,0.00568170199273277,0.06831913005734,0.045986256617791
0.0689698538776654,0.00775083664654887,0.013989710220053,0.00393721293023763,0.109934293841429,0,0.00426006942352097,0.0128601051356356,0.0191711310749416,0.047218924308586,0.0368592523401589,0.0824432320302341,0.138432855022389,0.0255326218953842,0.0875516987139969,0,0.0363391191637468,0.0767620659053814,0.00104675666316016,0.0248143126838139,0.0552185827112978,0.00977646820718778,0.0901463546897281,0.0339640545610064,0.00549560758522713,0.0377052174486758,0.05231357791974,0.0253341573291325,0.0357543325437074,0.0630979919270327,0.0684174980023712,0.0108236062462096,0.028388866045541,0.084470810881138,0,0.0709863873209905,0.0131516220100077,0.0243784441572595,0.0113080476109821,0.130874101991674,0.0208909722595402,0.0736064665837671,0.00726535835205541,0.156373628750768,0.0553151877141175,0.215187062499844,0.00140748200470812,0.0853171095358455,0.00864430160519193,0.0162508700189132,0.00743150811219369,0.140417301934442,0.0449621460222093,0.0674760497182371,0.0564020152448424,0,0.0322583936492259,0.0321855646124264,0.0373066594443044,0.0278250420133029,0.0712292969786412,0.0109922615497728,0.0402233920035262,0.0198268579384285
0.131646368286171,0.0625209567782792,0.120671505777223,0.010733504650174,0.101375166161995,0.141343399068865,0.137234016476898,0.0137195639410472,0.00593126127517432,0.0399591566181145,0.0986961085654107,0.00820547464784289,0.0446864022486652,0,0,0.0363391191637468,0,0.0163471759545824,0.127758974786007,0,0.0279219195567391,0.041264214489316,0.094797664250598,0.0083197949251597,0.00842928514148025,0.0428237725336552,0.113900282371834,0.104839218970979,0.0857510288096481,0.00398048619709997,0.0681054062926355,0.00778147159532003,0.100056494543882,0.00698229414098484,0.0314835588979204,0.0866734919257708,0.0849382098157568,0.0418283244972757,0.0270409441801089,0.000249237485949529,0.0545392489844023,0.0187959044570873,0.100509030059791,0.0611846295421761,0,0,0.0463634720714195,0.10212622835303,0.145264206242388,0.0675469069256908,0.071021995768896,0.122257605610389,0.0391675545474189,0.0152958388042508,0.0347524260483563,0.0128019835979823,0.0178238859758166,0.0352719372555218,0.0526463857170639,0.0310419308893788,0.0572079245729884,0.0023696850208682,0.128076005299059,0.0861507726800747
0.0785364218093392,0.0484996740948556,0.0315848743081916,0,0.119166708406778,0.0278095112743151,0.0663232899061123,0.0130849115288784,0.021822543396108,0.0944159286208151,0.09424591274815,0.031862938925108,0.15851378275832,0.0486237303653009,0.0041937116426401,0.0767620659053814,0.0163471759545824,0,0.0349328014650907,0.0353614815800671,0,0.00244141905459504,0.0976545303509199,0.0158853988248403,0.0485586647945726,0.0794198445752538,0.0750022452959453,0.0910973340358461,0.0938402483251213,0,0.13344156374,0.0208288970263169,0.0425002458196347,0,0,0.0758517909935037,0.0106208161569159,0.0233915290209735,0.00994180770707164,0.0285758550288544,0.0412260869358096,0.0511133614322958,0.0441046174179448,0.181423655834101,0.00904068845888183,0.0278383249572333,0.0844043703053955,0.172545049821869,0.0836866066200806,0.0226977035935942,0.0386874543513005,0.1533878670336,0.0541254052528937,0.105439429361328,0.108702641029132,0.0475217358045698,0.0485717915087162,0.0547255353128456,0.0579066897087709,0.0481636587048899,0.0698464697953185,0,0.0800705794641003,0.085729089559719
0.170731391129038,0.000511803808456848,0,0,0.17653682125739,0.0362906950508321,0.0256735430002551,0.00207988253493218,0.10157954966158,0,0,0.162771073546606,0.136429761638363,0.00809389615674611,0.0420743719328201,0.00104675666316016,0.127758974786007,0.0349328014650907,0,0.118194100056893,0.0407078546578622,0.0199378830359015,0.136032899766615,0.0974076022675856,0.0278827140303827,0.0100441876727148,0.00865867212591505,0.0293029412970733,0.0089813263542648,0.0747076816696129,0.00286494254082494,6.65841718570787e-05,0.0541234805768025,0.0693890232644533,0.00537534320253557,0.11795395834524,0.00432653536412865,0.0704913300965704,0.0243449612543928,0.11163198086128,0,0.102306917513315,0.0533386855040673,0.0547703980335712,0.0344169991887711,0.12023806910833,0.00816177068060831,0.0562052205710283,0.0502084207796104,0.138330544042633,0,0.267742627683471,0.0417835507426858,0.0376283478225642,0.0857935081588621,0.00974013001083597,0.0587932954837396,0.0329955846039602,0,0.0856494446548716,0,0.00169157508165304,0.00839844190286192,0.0106207064735556
0.0847228034310736,0.0246234314644827,0.0321035189564941,0.00465951003230918,0.0500769534872326,0.0878202424001545,0.077878295838252,0.0292363745508854,0.022332799384687,0.0102564304487139,0.0781616582228553,0,0.0420840149665439,0.00171591561202696,0,0.0248143126838139,0,0.0353614815800671,0.118194100056893,0,0.0305185894442688,0.00271054668165291,0.0271153715208804,0.00471173704324257,0.0355145265722967,0.0847698578968409,0.0716487831079411,0.148380835578432,0.0282821749300535,0.0208445947975665,0.0393436599052804,0.0362284117143282,0.0770919183392948,0.0279835491873346,0.00649400950789777,0.0629033013948516,0.0204026128071325,0.0231826660770814,0.0116586526564641,0,0.0380675645364533,0.0212609846043583,0.0338169829785788,0.0278677665945455,0,0,0.0225764858504676,0.081209150150018,0.197652019204401,0.134769905202229,0.104882799934794,0.0839665553149896,0.0320770626722239,0.0508026396312737,0.0834152462877727,0.057232672991105,0.0244407254738987,0.0532322704663678,0.0519777510164665,0.0339395901519245,0.0379867577525434,0,0.075657415191931,0.0859826568702215
0.073696877254368,0.0489147769801964,0.0273305550030026,0.00895985307842884,0.162584330835461,0.0421951677371092,0.00982638658833152,0,0.0373101583675919,0.0678651738623251,0.0711641060855334,0.032033021485851,0.119891497715438,0.0497266982484567,0.0211993175853525,0.0552185827112978,0.0279219195567391,0,0.0407078546578622,0.0305185894442688,0,0.0272584117924036,0.0910661787144216,0.0534270624738722,0.0424975577337699,0.0759820700062821,0.101576974450118,0.0816782048769354,0.0520950680272594,0.0345346597372284,0.0982732731299908,0.0633262669534695,0.0515751415809433,0.0363202893180006,0.0663173229907819,0.129234223771258,0.0523682746357275,0.0471754733257152,0.0112443937383009,0.0734464192775247,0.0672381535724892,0.0663865714780135,0.0178699279388518,0.137035074554644,0.0179270675352896,0.0443834546373073,0.0769925549593098,0.134970996476533,0.0598151172127912,0.0171699352455665,0.041341692675839,0.15424143618799,0.0873106554771068,0.0881592299594856,0.0846695880636257,0.0396309627218058,0.0351571088047227,0.0669062382745674,0.0776166374679105,0.0411804103637178,0.111608695705106,0.0154211710969795,0.101629531923075,0.0593041639168306
0.0212404967524813,0.0183893994359513,0.00257250656379211,0,0.00546729655315306,0,0.0405791278881304,0,0.00422654944267776,0.0171908685014856,0.0356669004782993,0.0306803562699674,0,0.0511946891656178,0.0210857469451938,0.00977646820718778,0.041264214489316,0.00244141905459504,0.0199378830359015,0.00271054668165291,0.0272584117924036,0,0.00309551411731053,0.0250995031740853,0.0378657660012662,0,0,0.00729644853003086,0.0368189927960762,0.0342163435773973,0.0491771279232915,0.0232705785250586,0,0.0229941887064463,0,8.32900546392185e-05,0,0.0143941688140316,0.0113510539745104,0.0111303850391817,0,0,0.0158914936186637,0.0148481631190643,0.0272990890075781,0.0273487630188615,0.0384621437486772,0.00398324282599526,0.00650106113932718,0.0389599138592958,0.0193557224752449,0.0304047900905833,0,0,0,0,0.0510196058841156,0.0538348998481493,0.00800661908700482,0.0140630139090446,0.0089779932349985,0.0180631756370917,0.00756919105293772,0.019346019829546
0.0200752959688522,0.0763214258645378,0.0882926807998718,0.030314132774793,0.0549038206641606,0.084812686861943,0.219786816474884,0.13490830971136,0.00483813069249068,0.128817349912857,0.203620324840348,0.182076176775243,0.0133007186904138,0.0622040796689271,0.0258393170398395,0.0901463546897281,0.094797664250598,0.0976545303509199,0.136032899766615,0.0271153715208804,0.0910661787144216,0.00309551411731053,0,0.111372615915491,0.142749937934406,0.0637151416047677,0.113513934595436,0.13803562222931,0.200243955722991,0.0345831033766251,0.213095950820936,0.0595807636348408,0.0357273638540443,0.0803295486456394,0.0500246395244894,0.0265998081139353,0.0525640779265602,0.0308106083065925,0.0825732662672796,0.149217495336108,0.12414590314587,0.0974327696820553,0.19559532800652,0.113506448825777,0.110668550891773,0.10881777500256,0.171261837686705,0.138043415415507,0.162574352314662,0.18927504931391,0.119273053154854,0.0131353111233407,0.0246187667285738,0.0541700530771199,0,0.0331310388027872,0.161248044265174,0.197841356944502,0.0791182553589375,0,0.0845135169065738,0.0119634370676087,0.150421901091213,0.136092135298926
0.0573813951844146,0.0835426902754422,0.0819559955297359,0.00339206051115278,0.101195755856323,0.0843012297069627,0.11355585540755,0.00170198957803137,0.00105657945990168,0.0918305186416011,0.133262184304524,0,0.0712134143868098,0.0257736091093856,0.0134690426159674,0.0339640545610064,0.0083197949251597,0.0158853988248403,0.0974076022675856,0.00471173704324257,0.0534270624738722,0.0250995031740853,0.111372615915491,0,0.0320834400957696,0.0302167259527926,0.0965054172652617,0.10202034158287,0.153075198801862,0.0122697691115815,0.129731864959303,0.0405693579698442,0.0584542954430711,0.0162975258243698,0.0270362082030161,0.11157935832593,0.0581093582847845,0.0491786714418535,0.0174484997455752,0,0.104297681649177,0.0177683760144266,0.0731356288925818,0.102518872356994,0.0214465177163032,0.00382556737142102,0.0640723436081651,0.0957067108843339,0.105514398546679,0.0834587104651763,0.068059033377243,0.119134622354727,0.0245043908239651,0.0291815999025882,0.00487929605561782,0,0.05063603386984,0.10148928264122,0.043487199499621,0,0.0888234618888544,0.0155519352108263,0.163072052025379,0.0620815993954318
0.0683365281923574,0.0576406914303615,0.0137628842185933,0.00346400129788695,0.109861898057843,0.0168560851868404,0.0195925425142271,0.00488285274993733,0.0314916278585857,0.0326529662449314,0.0900952828115687,0.0712203290630981,0.237368998090482,0.0573630790505121,0.0554573834142407,0.00549560758522713,0.00842928514148025,0.0485586647945726,0.0278827140303827,0.0355145265722967,0.0424975577337699,0.0378657660012662,0.142749937934406,0.0320834400957696,0,0.0524492669071966,0.0642307875416934,0.0330983205254828,0.100861462102734,0.0185077568444307,0.131559848949491,0.0227823834627186,0.0151298843508137,0.0306379224186893,0.0133927931610498,0.110506039882379,0.0302592825658761,0.0271863695096643,0.0137438467197414,0.0623510760634481,0.0198504392509512,0.0968324777110054,0.00455048092748949,0.273486317311136,0.0400205626709911,0.161315281971992,0.0272162749328258,0.174411595323588,0.0104946042864972,0.0201736222390302,0.0261799998405833,0.176929710194502,0.0725700374351914,0.104351116469211,0.0770641803104094,0.0130094434386531,0,0.0636917383517802,0.0283411170820408,0.050948228867718,0.0929134857716258,0.0137167541820645,0.101223167742328,0.0147540430296804
0.00892771624895105,0,0.0438836638635215,0.00760538367528655,0.0336909520428859,0,0.0139547586804405,0.0392734983104202,0.0411580898821502,0,0.0670099091000781,0.113759144832722,0.210380113590296,0.0122154761641006,0.0764423102800263,0.0377052174486758,0.0428237725336552,0.0794198445752538,0.0100441876727148,0.0847698578968409,0.0759820700062821,0,0.0637151416047677,0.0302167259527926,0.0524492669071966,0,0,0.0283627550183046,0.0114956449037706,0.0380477584362931,0.0386917947867274,0.0044037253728109,0.0104701494228442,0.068820026829235,0.00411818264178284,0.00184535272748062,0.016712510598016,0.0161757937028515,0.0142947044714031,0.0988080043651903,0.000305742831960796,0.150255095791565,0.0422820566536869,0.159873285310105,0.104995073013357,0.18635087420341,0.0164180679014416,0.040013414207181,0.0153118987476714,0.0866803535992011,0.0126279176472782,0.0936075768505308,0.0525620311817682,0.0449216356554664,0.0615381171543147,0,0.0472998178785453,0.108372545587263,0.0474090010149084,0.0291210505860646,0.0255989398338316,0,0,0.0659768900630028
0.102353453572366,0.0178874370785915,0.0415941762976821,0,0.118542766841037,0,0.023079593265412,0.0295519692806948,0.0468561814184256,0,0.131201833117395,0.172377118264851,0.190112044571591,0.0116737327430786,0.108575961188515,0.05231357791974,0.113900282371834,0.0750022452959453,0.00865867212591505,0.0716487831079411,0.101576974450118,0,0.113513934595436,0.0965054172652617,0.0642307875416934,0,0,0.041098494213253,0.0217280847083522,0.10046487202569,0.060347778526562,0.0259860399973391,0.0102921889029612,0.0978683926354034,0.0029971318324329,0.0201522604352999,0.0149399551200875,0.0811704647810149,0.0194253477249173,0.155583266679013,0,0.151593888625232,0.067285213695008,0.0994312626241504,0.134851654667404,0.240321762206403,0.0874171502269648,0.0529190196885265,0.00588585971790311,0.110932161239321,0.00347018759366068,0.22681596492255,0.038579236570058,0.0299175584434827,0.044519750970619,0,0.0915505775629615,0.16171344036678,0.0152061254571885,0.0728796343900509,0.00317443644450177,0.0443093148804136,0.0123817758655188,0.0927792030463197
0.0864142849207878,0,0.0178554145023807,0,0.12159142508789,0,0.0218468289809866,0.0363471645864758,0.0916116370630741,0.000730661526292548,0.0330299966714684,0.180556559583904,0.275445391849997,0.00210809023473662,0.0200683908114536,0.0253341573291325,0.104839218970979,0.0910973340358461,0.0293029412970733,0.148380835578432,0.0816782048769354,0.00729644853003086,0.13803562222931,0.10202034158287,0.0330983205254828,0.0283627550183046,0.041098494213253,0,0.00988944393535744,0.0382729076027782,0.0106166197925958,0,0.0190873513277603,0.0908120789167447,0.00386674744016332,0.0734808198092913,0.0299109234118439,0.0252220507559491,0.0228008779995017,0.153813790739958,0,0.184908049613615,0.0766149635465898,0.194170858920086,0.0435260421849268,0.161716104080378,0,0.109210306488815,0.00507963974272729,0.131290419705646,0.0197266593133734,0.187937667508386,0.0914416882132445,0.0985994637643942,0.111375977514458,0.0211317488464771,0.0396585915018103,0.0805919528675903,0.00161442454594919,0.0902774278176671,0.0617160657894369,0,0.0177775795567108,0.0509472892529115
0.115458985670914,0.0140355046236024,0.016865413623161,0,0.193591931523508,0.0331084637948629,0,0.0473901041628213,0.0223497604317389,0.00854365453075248,0.0656572088814378,0.164445817066483,0.155648589881373,0.00274163203755251,0.1100667543027,0.0357543325437074,0.0857510288096481,0.0938402483251213,0.0089813263542648,0.0282821749300535,0.0520950680272594,0.0368189927960762,0.200243955722991,0.153075198801862,0.100861462102734,0.0114956449037706,0.0217280847083522,0.00988944393535744,0,0.0798380574413406,0.000111719523283914,0,0.0414548719275521,0.113867474639453,0.0152415834335305,0.115730387663608,0.0477974020796801,0.0690508294416369,0.0321179927374413,0.183711760058712,0.00688239492220645,0.0767600225926862,0.0236560784449365,0.122760828542925,0.0863783099725061,0.212963838426834,0.017420525393884,0.0854502842613903,0.0142470080095331,0.026634944644978,0,0.243707068963376,0.0588520888605575,0.0527589138027982,0.0498293625732073,0.00770853525152622,0.0816854324079938,0.107145036134647,0,0.0471537620921881,0.0502580978709931,0.00870390129880521,0.119665805271969,0.0487610018472205
0.00510286254829214,0.07372577289337,0.0386911887967884,0.0176721855030128,0.0710958881265133,0.0649697448615351,0.0754557310198386,0.0030671622234955,0.0444757958874821,0.102940390218975,0.0667205959481302,0.0351054839627903,0.0534184745464932,0.0494319247875238,0.0175104946412885,0.0630979919270327,0.00398048619709997,0,0.0747076816696129,0.0208445947975665,0.0345346597372284,0.0342163435773973,0.0345831033766251,0.0122697691115815,0.0185077568444307,0.0380477584362931,0.10046487202569,0.0382729076027782,0.0798380574413406,0,0.102790588299017,0.0684116791229158,0.0147039699381215,0,0.02714015178654,0.0610861733205473,0.04469204276456,0.00893498364151991,0.00348952104037463,0.00407718744540211,0.0899567452354496,0.0253333812765558,0.04622316354065,0.0848943066748048,0.0339920888918731,0,0.101735502191129,0.0815260860439684,0.0624506795777129,0.0685176986258473,0.0503597311143896,0.0649614463416195,0.0277453350211033,0.0587679912503983,0.00642722900854687,0.0210327865776475,0.0688424338482253,0.0500666083119946,0.0600386783925922,0.0299401179374691,0.0923609190329358,0.0606089765526729,0.107677416769256,0.0656199404504577
0.143502367855614,0.00118571087680308,0.0183959013350346,0.00101450840014892,0.238189463253027,0.0369630067575697,0,0.0307226730082868,0.0316188941524436,0.0316791211663933,0.0620132664331114,0.190536204913486,0.292595341464673,0,0.164016666750216,0.0684174980023712,0.0681054062926355,0.13344156374,0.00286494254082494,0.0393436599052804,0.0982732731299908,0.0491771279232915,0.213095950820936,0.129731864959303,0.131559848949491,0.0386917947867274,0.060347778526562,0.0106166197925958,0.000111719523283914,0.102790588299017,0,0,0.0306893356999184,0.145637696030468,0.0103031953568363,0.147954458509942,0.0374029760560104,0.0879622375764986,0.0292793270290408,0.191893940599694,0.0106653999426399,0.106913868189035,0.0229755830279358,0.266908034555942,0.185100470375368,0.312291572927981,0.0616178695227431,0.208649366996726,0.0285696096271221,0.0308716053050867,0.0026712603710525,0.315614281669722,0.11784453619617,0.113232705435259,0.082681591845799,0.0161103840368551,0.104314032936657,0.177073322679948,0.0117043779344994,0.0659609855236699,0.0693227214833001,0,0.0883242866166246,0.0669402881597682
0.0225444278292602,0.0097078709305922,0,0,0.0969416002796883,0.0146169045778259,0,0.00610203251653417,0.0143915771899204,0.0289033808396681,0.00120767244332545,0.0306848181185467,0.0852391400270037,0,0.0243515650023216,0.0108236062462096,0.00778147159532003,0.0208288970263169,6.65841718570787e-05,0.0362284117143282,0.0633262669534695,0.0232705785250586,0.0595807636348408,0.0405693579698442,0.0227823834627186,0.0044037253728109,0.0259860399973391,0,0,0.0684116791229158,0,0,0.00330201648127764,0.06193630564744,0.0327112805084351,0.0123707676332266,0,0.0677039684091502,0,0.0444334162603665,0.0316843601661221,0.0655285053871232,0,0.0789119696974753,0.00429338291701686,0.0691640364955872,0,0.0524543204072386,0,0.0125014966684518,0.0101660115493238,0.0865380398521323,0.0312210177090186,0.0709594576347743,0.0433910089104312,0.00494946246969757,0.00362393971122924,0.0313110942732632,0,0.0172005764515964,0.0125430614187896,0,0.00355382109885438,0.0112126077318544
0.0360838481044992,0.0209950163523958,0.063547617665622,0.00521426305461638,0.0245832749764437,0.0109586361579385,0.10766944547663,0.0310647760206171,0.0702935863947277,0,0.0519425679759491,0.116241843768296,0.0711594007324782,0,0.0190253498121815,0.028388866045541,0.100056494543882,0.0425002458196347,0.0541234805768025,0.0770919183392948,0.0515751415809433,0,0.0357273638540443,0.0584542954430711,0.0151298843508137,0.0104701494228442,0.0102921889029612,0.0190873513277603,0.0414548719275521,0.0147039699381215,0.0306893356999184,0.00330201648127764,0,0.0893258029228494,0,0.0252119912617666,0.0224073421899929,0.0101378220838269,0.060884566326122,0.128773493570504,0,0.109744798874773,0.126375592407183,0.0360832045997602,0.0287319427776964,0.0997041334978341,0.0456745000864898,0.0276964316179201,0.0126730688729937,0.102024036644624,0.00540435399491247,0.0666286995642483,0.014368919672538,0.0175932085921071,0.0381937300774623,0,0.0659381455685377,0.0677340004038751,0.0123315952920884,0.0216391791188978,0.00020366602995332,0,0.0229420883667722,0.0756761351365661
0.0965824653550467,0.095978532852796,0.135465562910424,0.0155877385317185,0.1365285171278,0.0646741666962652,0.0792139162431575,0,0.0206268274593765,0.106759674927326,0.136999135825284,0.0058187147961637,0.0816974608170667,0.0651525400258647,0,0.084470810881138,0.00698229414098484,0,0.0693890232644533,0.0279835491873346,0.0363202893180006,0.0229941887064463,0.0803295486456394,0.0162975258243698,0.0306379224186893,0.068820026829235,0.0978683926354034,0.0908120789167447,0.113867474639453,0,0.145637696030468,0.06193630564744,0.0893258029228494,0,0.039999436507456,0.0843725747183521,0.0904447676598064,0,0.0115828264826171,0.0306944919645651,0.032176933262972,0.0378323373221722,0.0697208884527273,0.147108546691809,0.0531066475708685,0.00606358294515813,0.100346438359212,0.121567248892076,0.0709394912432551,0.0302822384112843,0.0370830913523896,0.114929403267514,0.0772601075391267,0.0518320967164796,0.0684038643883151,0.0184695280034715,0.0577645506710964,0.0690248939790002,0.104092048802735,0.0229673823266563,0.148919876603517,0.000346057339449379,0.118109427466413,0.119708468909338
0.0382752957544577,0.0282818351687637,0.0392919366646124,0,0.0338475530752971,0.0153828290451138,0.0225932156032038,0,0.0226654374325938,0.002479732946151,0.0309004388034154,0.0392191798052161,0.0498620481298104,0.00756439808432561,0.0191844192475384,0,0.0314835588979204,0,0.00537534320253557,0.00649400950789777,0.0663173229907819,0,0.0500246395244894,0.0270362082030161,0.0133927931610498,0.00411818264178284,0.0029971318324329,0.00386674744016332,0.0152415834335305,0.02714015178654,0.0103031953568363,0.0327112805084351,0,0.039999436507456,0,0.00812760354567723,0.0114678505889452,0.0377920372733204,0,0.00354833808966562,0,0,0,0.0327876181714653,0.00634945421688035,0.0359932777793324,0.00906576542494,0.0151261469198497,0.012011412876678,0.00869259439573932,0,0.06300351540231,0,0.0196419092930793,0.0345536412569046,0.00279483451034023,0.00591137193720233,0.0272759428501097,0.00494621540365528,0.0327719937102775,0.00866954111605781,0.0303834804570542,0.0371776066314724,0.0329438283496466
0.0081891510627629,0.0632745207918719,0.0878457667520962,0.0222577616188932,0.0177941074747019,0.0130509499943813,0.135421306562804,0.015539254648088,0.0519855928065448,0.06461740562512,0.15315126977938,0.110026621127298,0.00631990704102006,0.0369544428970581,0.03315682277142,0.0709863873209905,0.0866734919257708,0.0758517909935037,0.11795395834524,0.0629033013948516,0.129234223771258,8.32900546392185e-05,0.0265998081139353,0.11157935832593,0.110506039882379,0.00184535272748062,0.0201522604352999,0.0734808198092913,0.115730387663608,0.0610861733205473,0.147954458509942,0.0123707676332266,0.0252119912617666,0.0843725747183521,0.00812760354567723,0,0.0572641203894552,0.0223545128207688,0.0443615016292944,0.0767905156700886,0,0.0896421040355231,0.120086655089466,0.0160299303701368,0.0869477444409819,0.148104663257589,0.0950369973715194,0.0227785243581703,0.075626868452557,0.169623251894759,0.0760211092057153,0.0328281849481206,0,0,0,0,0.138204860819303,0.165702533053104,0.0379492084657488,0.0318351879028787,0.0300372048413531,0.000560819309527198,0.0741881737671984,0.0991453562613249
0.0550908795895707,0.0336253230715348,0.0236329104797811,0,0.119994404257351,0,0.0302242156389951,0,0.0158508088019963,0.00293874612241013,0.045677185673069,0.0662667761920273,0.0787643703362254,0.0204505344235446,0.0695445873724918,0.0131516220100077,0.0849382098157568,0.0106208161569159,0.00432653536412865,0.0204026128071325,0.0523682746357275,0,0.0525640779265602,0.0581093582847845,0.0302592825658761,0.016712510598016,0.0149399551200875,0.0299109234118439,0.0477974020796801,0.04469204276456,0.0374029760560104,0,0.0224073421899929,0.0904447676598064,0.0114678505889452,0.0572641203894552,0,0.0463334653287112,0.0290302288701235,0.0810322886748733,0.000876301433134273,0.0346186522076563,0.0434210268559952,0.0479506931427566,0.0653068120981094,0.108909861371205,0.0130621086244842,0.0409734242556825,0.0189521981398154,0.0270699013174338,0.00183419346804331,0.12197802411852,0.0101083967963745,0.0357740588845776,0.0386652789242793,0,0.0454092585804172,0.0637776762423427,0.0103080742820877,0.041215376269027,0,0.0100151129624352,0.0293952575245983,0.0196690079669533
