0,0.0415446853329938,0.041547136237354,0.0950730611956414,0.146452646763971,0.0188324270003872,0.0514946667995287,0.0433088369154676,0.155067788362256,0.177159390681446,0.0962780225771375,0.058392564769714,0.0534162802062937,0.0759363610952989,0.106163969548482,0.0199856488214525,0.0795709803851463,0.062056751573743,0.0520676110315495,0.10180554484341,0.157209273457365,0.0523518785968887,0.0833891969256696,0.0454589054997574,0.0292735371957648,0.0180956449531503,0.036346842447477,0.0137847555575804,0.00456423935392,0.021707720925459,0.0372797184849665,0.0213100330271992,0.11497118277969,0.0964441321826544,0.00831960720468267,0.0273937078790187,0.0441427735715067,0.0643887826196698,0.0173269523656356,0.0573953038919249,0.0847739445474176,0.166003437510749,0.142706050782067,0.0457109481835459,0.014206639695011,0.0295976845447734,0.0168184805367623,0.0239369481502591,0.0361894762516723,0.0887753010616142,0.0678630109301943,0.0746783760486016,0.0608295007789626,0.0455309289154353,0.076668717320045,0.0118165675254669,0.0175548089683016,0.041515850782627,0.0345758541710783,0.0297202086631692,0.00640996805779311,0.0378376654734744,0.0252347291997086,0.143982508747509
0.0415446853329938,0,0.0949624286256116,0.00590926115605548,0.0754680530895001,0.0561423348599872,0.0537749876490637,0.0675093642334898,0.0880807105420234,0.141506997592463,0.0810729081030583,0.0783631256592146,0.103292372191506,0.171341601292809,0.207055673016917,0.129327969603989,0.0523315789202535,0.0220034603926675,0.00127202371628694,0.0826379931154445,0.211317900766304,0.031014503321011,0.139710544423908,0.145491655622404,0.0549707560924234,0.045822068833613,0.0926689914056651,0.0374558562139474,0.129678548376424,0.142659577283894,0.027648123454435,0.0778560717020178,0.024987521802953,0.107622994373937,0.0339360311278023,0.0341002636913196,0,0,0.033951690786447,0.149614820934707,0.0536149646020199,0.217045225802371,0.200808599792982,0.031499847478994,0.162670079582406,0.167494310922421,0.0943926459998383,0.0374199111920807,0.0197328501833725,0.052903862208341,0.0684151784332935,0.165492763471183,0.135967722147781,0.0609375853026175,0.115275144958828,0.0292729547818001,0.100750304555041,0.105251500684635,0.095450132811327,0.0141077579536724,0.0229533975982605,0.0304622757907279,0,0.152900910478857
0.041547136237354,0.0949624286256116,0,0.0637369502923577,0.115827953662132,0.0139279057367125,0.0984299409008803,0.0473337965152631,0.09688825158588,0.085563989086796,0.111059161030123,0.00133861897472238,0.0990763320861322,0.0393363315750286,0.101395184167086,0.0835378606112138,0.000954961224687331,0.0403680538250624,0.074673651168257,0.0741108140391417,0.154029637430435,0.0592552993368346,0.0680311212702078,0.0388280046196633,0.00769614737097541,0,0.0470197518949116,0.0854738369385075,0.0701348076334616,0.0929726316034595,0.00581811151426894,0.0683777028011294,0.0638210266850461,0.0479177535668559,0.0420905239571291,0.0464175334224644,0.0212541499763995,0.0391931081443185,0.03399947573967,0.0258997201098815,0.113151225763779,0.125775118982451,0.103453346949724,0.0787074740281318,0.0157970478201535,0.0896614641009915,0.0678651676087792,0.126451609214929,0.104366033112546,0.140905096006888,0.116825492723834,0.0667352140431207,0.079051282727335,0.0546771091430929,0.000330468831645165,0.0200371401898875,0.0122903539434451,0.0665096538938669,0.0466777696057862,0.0524253323749473,0.0377912823726248,0.10298255003258,0.0602257247923155,0.119657832123132
0.0950730611956414,0.00590926115605548,0.0637369502923577,0,0.245585280744801,0.0891176627172231,0.00536303147144467,0.0705770898281963,0.170872361215723,0.267467815780572,0.141772449714078,0.0726440525901296,0.0909980208210755,0.139356343528583,0.232410988926091,0.16021093212747,0.127385474764667,0.035679170029274,0.0272363279544109,0.149849954303639,0.132580999330321,0.0181479292235064,0.0473979768601884,0.0485782771526738,0.0705388829530921,0.0843704335250885,0.164017624576781,0.0621278780428748,0.126559582756807,0.10810541423717,0.031432333900483,0.0408990888608984,0.0907997088916782,0.0915716045189027,0.0672059960596921,0.079380932194197,0.0449688161541694,0.0627617260609825,0.0661656376254577,0.148350797699533,0.144352817679256,0.283697210639272,0.194811164005986,0.00623436072548992,0.151219738698435,0.16109847005191,0.122446397686264,0.0719099380543978,0.0572684486629874,0.0632632968758004,0.0889328860363141,0.129046082257522,0.107804419336432,0.064614761282385,0.0981466944385634,0.0587114048277825,0.0680961844048146,0.0760168910846959,0.164861868569196,0.0321892702046885,0.0382341940743461,0.000540478363599135,0.00530683505677598,0.121354711678822
0.146452646763971,0.0754680530895001,0.115827953662132,0.245585280744801,0,0.10221291676694,0,0.0536661553230673,0.0463679073916022,0.340067812061951,0.0785104889386643,0.046312296557892,0.0530689197470534,0.12919073000357,0.254788606123263,0.240147109356181,0.0889226307171399,0.0511679038203491,0.0906880984160468,0.0741311173627107,0.104012738209919,0.0247569267163514,0.00705823336580397,0.0179525300346666,0.0749075770277747,0.0957856278685975,0.290897859656163,0.137942161792339,0.11267925961436,0.130734283242955,0.0675574117166742,0.0932302334216978,0.0409510459974416,0.0489469358650676,0.116501258616737,0.138132221989211,0.201387499789977,0.0357761623262601,0.0700298547013218,0.102960057035953,0.0835069338538455,0.24294286938249,0.156606324400637,0.0620885085878043,0.167793563318475,0.235300692677563,0.210252757473992,0.141980936160284,0.147959910313097,0.0811779999666718,0.0480996685538264,0.11025886286312,0.0825672514049671,0.0274039777234232,0.0823481756537246,0.103507357829514,0.0501734056993262,0.0950512073214856,0.258842303702054,0.0828144084344266,0.099776714970793,0.00268301680513113,0.0415108548027401,0.0863980178451898
0.0188324270003872,0.0561423348599872,0.0139279057367125,0.0891176627172231,0.10221291676694,0,0.0765918522061253,0.0438305984342947,0.0765656082922551,0.0648484945964351,0.0286842873232976,0.0495545794755143,0.0388384131851246,0.00562807844509243,0.0165363016582852,0.050797958859125,0.101574176247482,0,0.0601035679645705,0.140627250100472,0.174595587811542,0.0662483753191034,0.00934667096967179,0.0109909649465645,0.00797304569926341,0.00810131502173726,0.0277220386479626,0.0276952283235729,0.0553460610065608,0.0471389151653859,0,0.0402336843281065,0.0874105449720032,0.0979347648628397,0.0164958402726423,0.0429877519603421,0.0274971901482476,0.0465299156752595,0.0380227181246453,0.0666028267934265,0.0781507561311685,0.0746891367196785,0.0299477392485581,0.0500299776875963,0.00438435395878979,0.0344950372351317,0.0669968373775311,0.0876991556299488,0.0973426904283257,0.140060419946568,0.0535676031239945,0.0396757074670205,0.0186050394640469,0.0241905084230674,0.101387329676089,0.00120190102008571,0.0234350176468575,0.0284780098095925,0.0127989492595606,0.014173521754608,0.0193374755958611,0.0316513401638581,0.0170159400088374,0.169545486115638
0.0514946667995287,0.0537749876490637,0.0984299409008803,0.00536303147144467,0,0.0765918522061253,0,0.0866061357339938,0.00884160484222302,0.153393456282898,0,0.0365590953089135,0.0104445435967088,0.0674590729330342,0.119233519453189,0.138806598199173,0.057796568560282,0.0539324811894583,0.080530038847537,0.0176974083611424,0.195032563786892,0.0693715454535455,0.0146086470060998,0.00194796901228205,0.018403654508642,0.0180198592677582,0.184355728135049,0.10291787132325,0.167288182162282,0.0869816944111922,0.0862389325483011,0.0540262926098042,0,0.106796836175308,0.0728342741541441,0.139270104484102,0.0451776769575111,0,0.143449590967645,0.114305443102672,0.000120343724154979,0.104272260891974,0.0417968311032869,0.0274502537015462,0.0786925268452779,0.118486236746899,0.118756534762181,0.0757890985182103,0.0661181569542594,0.023088708379061,0.0186043588230081,0.0701959356813685,0.0156243268953863,0,0.0695149594845819,0.0444849745938985,0.0643920939591068,0.0916446207712799,0.154217457054953,0.0467419858632481,0.0344827832745167,0.015092721871924,0.0766148197321847,0.0960708181018711
0.0433088369154676,0.0675093642334898,0.0473337965152631,0.0705770898281963,0.0536661553230673,0.0438305984342947,0.0866061357339938,0,0.00930825413366753,0.00635031581083482,0.00312411729092386,0.0234883170254364,0.00128402135922832,0.0271817147944591,0.0632913329222867,0.0577506562991174,0.00535676700647491,0.0940424521695794,0.129782440134588,0.00747077275739808,0.00647846300115431,0.120339751542448,0.135426369026546,0.100083247673904,0.0695788448451228,0.041309845828793,0.0469241261911606,0.00802323973603262,0.0231151107742658,0.0234167448786414,0,0.00920839535071114,0.0112216564420031,0.0400356915436913,0.0931938470784652,0.12910105282442,0.108452564786735,0,0.199504045647686,0.0316605422876521,0.0411897358846132,0.0309012482831143,0.0264479304078947,0.0409440685607101,0.0247807755281555,0.0993423312239054,0.0928364246002145,0.0701763674403531,0.0541240901973573,0.0376319564429239,0.0820205116220617,0,0.122955600491816,0.087366739004866,0.000601296906382567,0.0523514235797858,0.111960220365345,0.0260955638606676,0.0409614390750155,0.039330652807184,0.0325142713829123,0.0359361986441194,0.0753481662322735,0.047016293266748
0.155067788362256,0.0880807105420234,0.09688825158588,0.170872361215723,0.0463679073916022,0.0765656082922551,0.00884160484222302,0.00930825413366753,0,0.159350841318374,0.0620806218525146,0.0122052662744419,0.0255029289267891,0.127834936286419,0.272510093260995,0.26856016398869,0.0510401331184344,0.0826365477769638,0.0886530365474839,0.0126327485927773,0.0716660932384819,0.0614342513568172,0.00738311577587154,0,0.0681884983440793,0.0674707855923059,0.214135154433637,0.104726849204817,0.178231058096327,0.149153960734609,0.0587071811716235,0.113717873981256,0.0495900352157037,0.00133591363768245,0.12616411092563,0.164493560573587,0.124960398179462,0.0426344536594488,0.0253595732749576,0.0538801136266573,0.0404890667407442,0.233304110183843,0.13345672170208,0.0974806717007384,0.161782620384895,0.252056688648193,0.232251508956232,0.0985325725149135,0.112558019289604,0.0994599509651378,0.0161183065535501,0.13395453965743,0.0199737746337282,0.00683616817637804,0.0113844264969822,0.0543575135973967,0.0654953815550451,0.120558137080895,0.189882943271611,0.0719819902791075,0.0904541438504052,0.0220016623401264,0.0842949632787703,0.0703671713375165
0.177159390681446,0.141506997592463,0.085563989086796,0.267467815780572,0.340067812061951,0.0648484945964351,0.153393456282898,0.00635031581083482,0.159350841318374,0,0.00529967144559944,0.00730850646308321,0.00888622319007893,0.0941605320424479,0.140553730266478,0.262200995053724,0.0255152169911997,0.110575920677984,0.158946585028089,0.254071488157602,0.323240836778626,0.133483960156274,0.0569981578634755,0.021840202667013,0.00693613159156363,0.0428658106718523,0.161190174071644,0.119400088450556,0.153774112907311,0.16903426039292,0.0643356871612364,0.216383779040318,0.243414397221153,0.117891892383164,0.155593700657216,0.190323243634377,0.176886487308974,0.0898871738577732,0.0273970083033802,0.0436542050670088,0.00782088712892302,0.107214921941773,0.110080641630493,0.106990723848861,0.153007546452781,0.243938534159217,0.215220838706929,0.0934617803967489,0.163422147030894,0.257297682659411,0.0302432359167618,0.119111176136959,0.0250420212381951,0.00468532523611655,0.0676273562842831,0.00634882209218945,0.0462338390496892,0.0793481297351919,0.138061805085109,0.080920736894881,0.147541173372894,0.0307441051003034,0.125420966685471,0.337476481277117
0.0962780225771375,0.0810729081030583,0.111059161030123,0.141772449714078,0.0785104889386643,0.0286842873232976,0,0.00312411729092386,0.0620806218525146,0.00529967144559944,0,0.0127233064028247,0.0333027879551906,0.15391234432506,0.158081832712072,0.184074294510545,0.0119160324094107,0.0330088263292602,0.0803082082729703,0.0450485961367859,0.029630599637044,0.0613399879440434,0.0241936990659845,0.00180531048216017,0.0392778845366389,0.0457225771175821,0.0853980026451859,0.0465289926948398,0.12866743957419,0.0934608977181258,0.0231155081106156,0.0388911976275137,0.0879856109852037,0.0176231182513156,0.0578484946646773,0.107443162794925,0.0868968232301437,0.0532835713236715,0,0.0224743198026656,0,0.0779655932464696,0.102369943485216,0.136935854489234,0.150317088733629,0.192321529826554,0.233496950883427,0.10313616547399,0.0590874489876956,0.0654253588669474,0.0350606947420212,0.0950951226658708,0.0230123676320293,0,0.0127978862580147,0.0180544073523012,0.0707399699653687,0.0587604614218378,0.0759827828256911,0.0342519279252378,0.0439251782002942,0.0395086780996588,0.0488829690100513,0.0711654297035902
0.058392564769714,0.0783631256592146,0.00133861897472238,0.0726440525901296,0.046312296557892,0.0495545794755143,0.0365590953089135,0.0234883170254364,0.0122052662744419,0.00730850646308321,0.0127233064028247,0,0,0.0133138090445948,0.025434477149711,0.0372986719876181,0.0620654365519299,0.0509526381935086,0.0884195450606025,0.0264434218901787,0.0603919279628983,0.0792962087670308,0.0584939463634275,0.0656763326523989,0.0496246915319715,0.0286719613921692,0.0469407786691294,0.0328737806622994,0.0351490376967663,0.0538577021409146,0.00494646268587543,0.0368030588913331,0.0246311224364986,0.0657781897953379,0.0827736107771509,0.100208497965572,0.0775546947127504,0.00625671859558122,0.0945812275875065,0.0516912154191805,0.0013869369076412,0.026353773374517,0.0267722223227873,0.0361938344572346,0.0136825711817057,0.0280503393014248,0.0458296457205094,0.0551428746895295,0.0457811435967769,0.0531547703189641,0.0489403527984951,0.0341416282536882,0.0527444520746953,0.0584613217201659,0.0207792361855699,0.0239782263540104,0.0324421108966036,0.0199184307126557,0.0296145121875592,0.0550699650758562,0.0544341675264177,0.0316611172620207,0.0596882297156246,0.089114194600305
0.0534162802062937,0.103292372191506,0.0990763320861322,0.0909980208210755,0.0530689197470534,0.0388384131851246,0.0104445435967088,0.00128402135922832,0.0255029289267891,0.00888622319007893,0.0333027879551906,0,0,0.12817844118941,0.125335423460975,0.0975202374988323,0.00349187200639854,0.0157310439248597,0.0724436070479426,0.0829014041971316,0.0689396079642891,0.0384887210985841,0.011672452435534,0.0169368112256386,0.0219222043326814,0.0116735758178541,0.0531793491957525,0.095904240077965,0.0503722910255508,0.114018639329402,0.0749486576429425,0.0587269146459149,0.0527909917481547,0.0285981630586892,0.0503162331712016,0.0585135265732473,0.0468917435800641,0.0360501875332153,0,0.0161336639478608,0.0132789651930821,0.101649066652211,0.125604807414375,0.119089466986049,0.168446729737807,0.126053771328795,0.0929151903432145,0,0.0137016940893312,0.064129033274979,0.0454770060359684,0.101183878469226,0.0243000005840189,0.0249052502386969,0.0475551513986299,0.0102005747935306,0.0148982221865423,0.0559587985680873,0.0837534220046928,0.0922839843785271,0.0875184899120741,0.0506407272209428,0.0319205018761859,0.103631012823455
0.0759363610952989,0.171341601292809,0.0393363315750286,0.139356343528583,0.12919073000357,0.00562807844509243,0.0674590729330342,0.0271817147944591,0.127834936286419,0.0941605320424479,0.15391234432506,0.0133138090445948,0.12817844118941,0,0.0729423776793243,0.0679625777467861,0.0253412879817333,0.00574230678036547,0.138238173756251,0.12129773398453,0.183544577769445,0.115022999555861,0.103545226418195,0.0639834848378095,0,0.000970818080589797,0.0276280398339034,0.0445468592944387,0.0442880794785577,0.0685294611062537,0,0.0986926486872942,0.110748475903131,0.115555627715355,0.0533294100982992,0.0985291334636847,0.0790299958868692,0.0290616219151974,0.0147770251400987,0.0357137287392067,0.111512527618488,0.147346147228906,0.172503689620567,0.194795407205044,0.0111622519391844,0.0596953178954588,0.130320108777158,0.131249378424825,0.102270263386663,0.145051393888677,0.109920360308953,0.0460452928068297,0.0685974806545619,0.060909287801074,0.0792409693602749,0,0.00812202151366606,0.0429200950779587,0,0.0680791519639452,0.0729014016020329,0.107930482217104,0.0612547239948749,0.175595766704869
0.106163969548482,0.207055673016917,0.101395184167086,0.232410988926091,0.254788606123263,0.0165363016582852,0.119233519453189,0.0632913329222867,0.272510093260995,0.140553730266478,0.158081832712072,0.025434477149711,0.125335423460975,0.0729423776793243,0,0.23735518614248,0.056333717177728,0.0692747712804375,0.238457290208624,0.249797806850338,0.248279389241183,0.206617987939093,0.178065631210816,0.10069029976985,0.0183681617657632,0.0221337363286791,0.0605959145547976,0.0773328664609793,0.111631226125626,0.197716887820063,0.0152881384950539,0.126650914964569,0.24917247312674,0.200958899937456,0.117744655425157,0.231136127062987,0.180300901347053,0.0912935149876543,0.0942391660317066,0.0375424793503834,0.123676220305985,0.244047431962296,0.00982623239804875,0.170050961597177,0.132667163586485,0.194503824212519,0.268622762797795,0.139125457695533,0.131038470160489,0.198567316982351,0.107852103600299,0.0539204945375606,0.10613613994616,0.118250630526487,0.0851449795890368,0.00978215139311765,0.0252139831055359,0.0423107578593863,0.021422858862943,0.0871757089750857,0.0932551988283358,0.125986038772278,0.158011257020426,0.298042823266269
0.0199856488214525,0.129327969603989,0.0835378606112138,0.16021093212747,0.240147109356181,0.050797958859125,0.138806598199173,0.0577506562991174,0.26856016398869,0.262200995053724,0.184074294510545,0.0372986719876181,0.0975202374988323,0.0679625777467861,0.23735518614248,0,0.109710716592589,0.0550899217376628,0.193520382811125,0.294560812260046,0.313224363732436,0.197760760743736,0.173111696007244,0.0992870556497841,0.150602530229541,0.0446938446650638,0.141660202939553,0.0249823259616343,0.0224886957602081,0.0576157594873312,0.0100890019720936,0.0640300548872941,0.244118548694578,0.23192965225349,0.0654239525228426,0.163569061835346,0.156928498108511,0.0850909867244822,0.0799307604746612,0.0295295772176956,0.161118130162585,0.28700832037306,0.0866687753878214,0.077951055162228,0.0100736349477683,0.0173336122607941,0.157824972546683,0.094936105420664,0.097964327504111,0.196273486663084,0.128388408788873,0,0.120597775299574,0.16919740519687,0.136546549390021,0.0581443340939842,0.0530602006092889,0.0340033629184631,0.122997702778375,0.0392242554073235,0.0236759395656758,0.08306134524022,0.0980323482325574,0.334616252804978
0.0795709803851463,0.0523315789202535,0.000954961224687331,0.127385474764667,0.0889226307171399,0.101574176247482,0.057796568560282,0.00535676700647491,0.0510401331184344,0.0255152169911997,0.0119160324094107,0.0620654365519299,0.00349187200639854,0.0253412879817333,0.056333717177728,0.109710716592589,0,0.052168747993482,0.0553957464177174,0.0507858371452625,0.0429975862225679,0.0551894844559871,0.0335940902288732,0.0530004996940372,0.0554311849263337,0.0861669448524371,0.137576413787177,0.0694608872510738,0.0242236023303449,0.00772335741095838,0.00243687977595856,0.0469726357416102,0.0714699727599317,0.00149181225059649,0.0627447770693376,0.0593941791112929,0.0941599241072335,0.0214580475220823,0.00447961807185404,0.0435164219452501,0.0264994930612263,0.0246439806511189,0.0359268552912062,0.0549417513574714,0.0273910972995292,0.113329418049973,0.144124845139961,0.129429942678722,0.116155249958881,0.120359530321849,0.0283165242992212,0.0135412174183032,0.0543229736905316,0.0385303830221268,0.000109241780034543,0.0420101746240694,0.092938027286013,0.0465862468448185,0.100930722734755,0.047464048630769,0.097967772214466,0.0180732291821365,0.0259050918000278,0.0757531824010197
0.062056751573743,0.0220034603926675,0.0403680538250624,0.035679170029274,0.0511679038203491,0,0.0539324811894583,0.0940424521695794,0.0826365477769638,0.110575920677984,0.0330088263292602,0.0509526381935086,0.0157310439248597,0.00574230678036547,0.0692747712804375,0.0550899217376628,0.052168747993482,0,0.0593054095945766,0.00605277602566235,0.181307763608519,0.0262966255335467,0.078249923765823,0.080766831767437,0.00696538910494615,0,0.00789029749064903,0.00905192277873926,0.112376278100038,0.0896851835285443,0.0168294423896235,0.128860337332518,0.0424106972221255,0.111192409306007,0.0835775761572763,0.0925477675813928,0.038193021310744,0.0271291634172557,0.115227703076672,0.129778938553122,0.0148314723183882,0.0923428238216069,0.0253252417710701,0.00546011522165696,0.00954911020306418,0.080112821117254,0.0275459344685723,0.0115490783731301,0.0706123931021858,0.0578087403106516,0.0444680830422984,0.0932620586782797,0.0670870287641447,0.0130652537772653,0.0691153112841762,0,0.0514280573085065,0.0690725086049818,0.0114574618695337,0.00587616048146994,0.0182054587482661,0.024572771450682,0.0229712017410465,0.106588831208032
0.0520676110315495,0.00127202371628694,0.074673651168257,0.0272363279544109,0.0906880984160468,0.0601035679645705,0.080530038847537,0.129782440134588,0.0886530365474839,0.158946585028089,0.0803082082729703,0.0884195450606025,0.0724436070479426,0.138238173756251,0.238457290208624,0.193520382811125,0.0553957464177174,0.0593054095945766,0,0.115984805844135,0.209868714871114,0.0349622181992598,0.185417407119067,0.140746710742373,0.102478904388771,0.0612411199418806,0.118916905939547,0.0514455853047949,0.185055266205044,0.107244200353493,0.0227679854941447,0.0409291054080414,0.0383874908681426,0.113826285446661,0.04039318789625,0.0751236989073751,0.00900781263772158,0.0140947123004942,0.051386386874749,0.198164657754234,0.0729947210917888,0.215423289576718,0.15286390718528,0.0409309158983406,0.150965268541812,0.236351466460875,0.196809426002963,0.0712557654240519,0.0348345327984118,0.0350999759623162,0.0550724743843067,0.146897783011113,0.161556939743287,0.0920765317119566,0.0935442373848629,0.0621203618178346,0.166191326521908,0.15143172292546,0.124065057799239,0.0201190421417268,0.0153429107013399,0.00778939762960283,0.00578941346987006,0.189378383818212
0.10180554484341,0.0826379931154445,0.0741108140391417,0.149849954303639,0.0741311173627107,0.140627250100472,0.0176974083611424,0.00747077275739808,0.0126327485927773,0.254071488157602,0.0450485961367859,0.0264434218901787,0.0829014041971316,0.12129773398453,0.249797806850338,0.294560812260046,0.0507858371452625,0.00605277602566235,0.115984805844135,0,0.0248457522797996,0.0188198980462684,0.0286819368236365,0.0255600594533949,0.0913366490083151,0.132478110258225,0.333189794081368,0.20811062888913,0.06948479946961,0.0691151431604968,0.0813811340718218,0.0764442644857766,0.050933658904992,0.00558517544367062,0.0359483651757301,0.0729579611394807,0.0545264147878319,0.0194103070519359,0,0.0519202449282617,0.0254262661867991,0.184947723758139,0.0988530289521371,0.111171357965114,0.147934642695832,0.269771013953537,0.283708848771997,0.245184326593896,0.276078678592487,0.296606113042955,0.105416692680132,0.105778930655531,0.0597836779455035,0.0190253802599737,0.0365786861385922,0.132765596276128,0.0490073126707729,0.120990386295343,0.289768262288502,0.112748315505047,0.138868229828897,0.0212261978409163,0.00682626554065737,0.0813859665122354
0.157209273457365,0.211317900766304,0.154029637430435,0.132580999330321,0.104012738209919,0.174595587811542,0.195032563786892,0.00647846300115431,0.0716660932384819,0.323240836778626,0.029630599637044,0.0603919279628983,0.0689396079642891,0.183544577769445,0.248279389241183,0.313224363732436,0.0429975862225679,0.181307763608519,0.209868714871114,0.0248457522797996,0,0.161626881113223,0.166285621649718,0.122515905988807,0.193017585301003,0.107618415176972,0.354796344307399,0.271482175208027,0.134592810879508,0.222946334462669,0.141830232667006,0.131909375855305,0.0265271072824752,0.0686220393985292,0.189824213947005,0.1726431227795,0.126460823482283,0.00316444743674834,0.0809255034393292,0.0342234774151793,0.0149526889718357,0.151759971911168,0.154696773323484,0.189396481026634,0.141641998081362,0.27296096114904,0.227481388301578,0.262187856144376,0.19901292056234,0.131830200295453,0.0421146776329675,0.210782018817242,0.104576972074466,0.0891251271076634,0.0822585387237344,0.1469815125942,0.0741090361803261,0.242652719652414,0.306920115084917,0.20010424997661,0.171615616003103,0.150556939322063,0.203784934785931,0.0987032044017227
0.0523518785968887,0.031014503321011,0.0592552993368346,0.0181479292235064,0.0247569267163514,0.0662483753191034,0.0693715454535455,0.120339751542448,0.0614342513568172,0.133483960156274,0.0613399879440434,0.0792962087670308,0.0384887210985841,0.115022999555861,0.206617987939093,0.197760760743736,0.0551894844559871,0.0262966255335467,0.0349622181992598,0.0188198980462684,0.161626881113223,0,0.113431575852088,0.110451356587127,0.0941205312820781,0.0733777672184845,0.100924370908059,0.0549152426111983,0.221577072095959,0.111553310361062,0.0243577697987846,0.0528317931537685,0,0.08054746027532,0.0372995458821545,0.169146807789966,0,0,0.0957531053591073,0.197884678404839,0.0507092381640583,0.176205815179535,0.11089043673104,0.0603897725217966,0.122809016660111,0.231770508802791,0.197713222469407,0.101168973118664,0.076545002596169,0.0504307832844608,0.0481240268325617,0.131185467769114,0.137109297656087,0.0944738626721694,0.0715915311875479,0.0475030958946874,0.183968692963453,0.152428593320464,0.102963192009299,0.0281956695133442,0.0319339279882921,0.0124651616116773,0.0139849387459123,0.160552225118168
0.0833891969256696,0.139710544423908,0.0680311212702078,0.0473979768601884,0.00705823336580397,0.00934667096967179,0.0146086470060998,0.135426369026546,0.00738311577587154,0.0569981578634755,0.0241936990659845,0.0584939463634275,0.011672452435534,0.103545226418195,0.178065631210816,0.173111696007244,0.0335940902288732,0.078249923765823,0.185417407119067,0.0286819368236365,0.166285621649718,0.113431575852088,0,0.0833404597277351,0.0191079934983782,0.0228768036670693,0.0476229146959053,0.0392461000343607,0.249528757161719,0.203950535044267,0.0408007739965142,0.122765483384062,0.00541763225802957,0.0641749173934317,0.139357710234168,0.234973196313943,0.0763551849667698,0.0069828148344053,0.164111192780289,0.20444706194384,0.0246427159889579,0.148577838624304,0.10555016488534,0.0587028623717477,0.16812417817598,0.215375372563193,0.190951864089434,0.0162372410551972,0.0417230125578779,0.0258040043154126,0.0467959627062716,0.152829596316526,0.130304482270295,0.0270346778297566,0.0460234720130265,0.0156028496109996,0.162218211881957,0.120378986535846,0.0628440978610543,0.0486659480444338,0.0444027729693298,0.0482296484956257,0.145983316982622,0.162114617777725
0.0454589054997574,0.145491655622404,0.0388280046196633,0.0485782771526738,0.0179525300346666,0.0109909649465645,0.00194796901228205,0.100083247673904,0,0.021840202667013,0.00180531048216017,0.0656763326523989,0.0169368112256386,0.0639834848378095,0.10069029976985,0.0992870556497841,0.0530004996940372,0.080766831767437,0.140746710742373,0.0255600594533949,0.122515905988807,0.110451356587127,0.0833404597277351,0,0.000146451968950567,0.00246835495913008,0.0377002748093622,0.0437380525656436,0.210345981214158,0.178211087447175,0.0466803802440997,0.0984284030807803,0.0182068854867645,0.103414331995881,0.113058696862687,0.1924053123176,0.0817985258591794,0.014607307002646,0.154565870894498,0.194050507723446,0.0133677091999693,0.0508306410810713,0.0520106392825514,0.0575146862290856,0.114212169016876,0.128609095420121,0.113660539335805,0.0105314626801944,0.045095113345492,0.0328452380826353,0.0410588451691556,0.122342668268218,0,0.0268751273612588,0.0439112902073079,0.0119420766626152,0.0701836723365664,0.0757028019466521,0.0421259288675416,0.0670904395919334,0.0687475169327621,0.123580130972062,0.152073473098923,0.147204313038711
0.0292735371957648,0.0549707560924234,0.00769614737097541,0.0705388829530921,0.0749075770277747,0.00797304569926341,0.018403654508642,0.0695788448451228,0.0681884983440793,0.00693613159156363,0.0392778845366389,0.0496246915319715,0.0219222043326814,0,0.0183681617657632,0.150602530229541,0.0554311849263337,0.00696538910494615,0.102478904388771,0.0913366490083151,0.193017585301003,0.0941205312820781,0.0191079934983782,0.000146451968950567,0,0.00621963489698222,0.0133521394038171,0.0152402083460436,0.135120893725207,0.0684673014350465,0,0.0596165845199419,0.103840635982016,0.147462684454361,0.0351084979459208,0.13324806854773,0.0901525448579957,0.00874573205205279,0.0986255712466349,0.0842871438269625,0.0502308240701815,0.0231178203209288,0.00223835654345136,0.0171371182688624,0.0144801017367351,0.125634685371961,0.160719011058771,0.122877066207036,0.182284147140937,0.147721646146129,0.0542743089202652,0.0306252844540141,0.0175169760591779,0.00255253581252239,0.0509164747094377,0.0114889218018163,0.0826646309433563,0.0986067156996749,0.00641479849161187,0.00753360708886211,0,0.0200623289231337,0.0453728343156706,0.201898722195283
0.0180956449531503,0.045822068833613,0,0.0843704335250885,0.0957856278685975,0.00810131502173726,0.0180198592677582,0.041309845828793,0.0674707855923059,0.0428658106718523,0.0457225771175821,0.0286719613921692,0.0116735758178541,0.000970818080589797,0.0221337363286791,0.0446938446650638,0.0861669448524371,0,0.0612411199418806,0.132478110258225,0.107618415176972,0.0733777672184845,0.0228768036670693,0.00246835495913008,0.00621963489698222,0,0.00795254859934885,0.024562537678574,0.0486361676900008,0.0385532070228454,0,0.0192527153765655,0.0900616211840954,0.0495781265086071,0.0121269972839454,0.0462436546099308,0.0266428737714756,0.0631518129656864,0.0200162256990015,0.0402892648649335,0.089565121946098,0.0594936980667063,0.0321113159573344,0.0322639166503984,0.0027124003310063,0.0347939303234764,0.0622410509578705,0.0889198689854696,0.107637302456131,0.127991305525242,0.0370268132152759,0.0255676665837818,0.0215862008071062,0.0329874298965875,0.0414017731165609,0,0.0221187341555823,0.00988514835178382,0.0171989661558629,0.0117780460760361,0.0108530358870774,0.0230750347374418,0.017090463043039,0.129592349322461
0.036346842447477,0.0926689914056651,0.0470197518949116,0.164017624576781,0.290897859656163,0.0277220386479626,0.184355728135049,0.0469241261911606,0.214135154433637,0.161190174071644,0.0853980026451859,0.0469407786691294,0.0531793491957525,0.0276280398339034,0.0605959145547976,0.141660202939553,0.137576413787177,0.00789029749064903,0.118916905939547,0.333189794081368,0.354796344307399,0.100924370908059,0.0476229146959053,0.0377002748093622,0.0133521394038171,0.00795254859934885,0,0.0538098903542646,0.0716586738564256,0.0478793302435533,0.0352108860075498,0.0958951643841625,0.220559971532883,0.174582328821935,0.0230956189803686,0.0482725885695795,0.0532800835915965,0.128163436284283,0.00557307669676071,0.0793645014820045,0.121530672045392,0.143345419194165,0.0731454437842732,0.0770897266171333,0.0204795129540789,0.113116401292438,0.10717308518625,0.12274041907322,0.17208362580628,0.312409006521677,0.0978563228883993,0.0424383589638593,0.0576063206280394,0.0514095814809366,0.138720639058211,0.0045505934575632,0.0637918313141255,0.0542398228791009,0.0745460573871496,0.0108586504337685,0.0610655501910424,0.0457094666869353,0.0321729203435405,0.325375339916757
0.0137847555575804,0.0374558562139474,0.0854738369385075,0.0621278780428748,0.137942161792339,0.0276952283235729,0.10291787132325,0.00802323973603262,0.104726849204817,0.119400088450556,0.0465289926948398,0.0328737806622994,0.095904240077965,0.0445468592944387,0.0773328664609793,0.0249823259616343,0.0694608872510738,0.00905192277873926,0.0514455853047949,0.20811062888913,0.271482175208027,0.0549152426111983,0.0392461000343607,0.0437380525656436,0.0152402083460436,0.024562537678574,0.0538098903542646,0,0.0205372476066894,0.00629810170458887,0,0.0734014417044369,0.114192604834932,0.119103442280588,0.0217912014638712,0.0229967609592642,0.0189905232464077,0.0429035737336682,0,0.0446466658440968,0.0639100330102879,0.129933250676431,0.0669211661355218,0.018283790525249,0.0171679532093141,0.0449580691964776,0.00940514150933652,0.0464291379516116,0.102099822311185,0.177622133974034,0.0594247135712838,0.036821929132876,0.0486134440491485,0.0379065430402418,0.148775180489035,0.0194840981552331,0.0272284520158982,0.0126228603491838,0.0637680901016306,0,0.00467760592143917,0.0180843047832679,0.00832725054385809,0.216138565187222
0.00456423935392,0.129678548376424,0.0701348076334616,0.126559582756807,0.11267925961436,0.0553460610065608,0.167288182162282,0.0231151107742658,0.178231058096327,0.153774112907311,0.12866743957419,0.0351490376967663,0.0503722910255508,0.0442880794785577,0.111631226125626,0.0224886957602081,0.0242236023303449,0.112376278100038,0.185055266205044,0.06948479946961,0.134592810879508,0.221577072095959,0.249528757161719,0.210345981214158,0.135120893725207,0.0486361676900008,0.0716586738564256,0.0205372476066894,0,0.0769629780504391,0.0233143797968887,0.00595151475558332,0.110119747264662,0.106437049833932,0.101128561592783,0.222140924214095,0.188156421521229,0.0693260159373165,0.0856272870917859,0.0622077835504344,0.0722104330107805,0.192226061928166,0.0507529982631982,0.0743826008068631,0.0186025396276993,0.0366343585380834,0.012722578508868,0.028810096866918,0,0.0207923368254195,0.0596802209901242,0,0.186465720497136,0.194217582517087,0.0727775184589923,0.0406770265211113,0.171204102393676,0.103155612277638,0.0440176983607844,0.0489656366308355,0.032217421834861,0.125839748728335,0.182556549064652,0.124901645485457
0.021707720925459,0.142659577283894,0.0929726316034595,0.10810541423717,0.130734283242955,0.0471389151653859,0.0869816944111922,0.0234167448786414,0.149153960734609,0.16903426039292,0.0934608977181258,0.0538577021409146,0.114018639329402,0.0685294611062537,0.197716887820063,0.0576157594873312,0.00772335741095838,0.0896851835285443,0.107244200353493,0.0691151431604968,0.222946334462669,0.111553310361062,0.203950535044267,0.178211087447175,0.0684673014350465,0.0385532070228454,0.0478793302435533,0.00629810170458887,0.0769629780504391,0,0.00696567250591889,0.100084881330546,0.0878400363777428,0.114008139698596,0.114722958008429,0.0644194688721327,0.116191168052491,0.0227850128570537,0.0215755000133226,0.0916604187243931,0.0491224013471187,0.212007019576987,0.0937696586885419,0.0927928767101613,0.0289212026296698,0.108158102587371,0,0.0340997701360096,0.00320020252355595,0.03521673999594,0.0438818211439632,0.0887945803848966,0.149208282034607,0.09255354739656,0.106940099795781,0.00818122041436306,0.0997209613378206,0.118447614305577,0.0285555939325676,0.038220471463383,0.0311649713315237,0.109387366785968,0.129774345685853,0.1056479235081
0.0372797184849665,0.027648123454435,0.00581811151426894,0.031432333900483,0.0675574117166742,0,0.0862389325483011,0,0.0587071811716235,0.0643356871612364,0.0231155081106156,0.00494646268587543,0.0749486576429425,0,0.0152881384950539,0.0100890019720936,0.00243687977595856,0.0168294423896235,0.0227679854941447,0.0813811340718218,0.141830232667006,0.0243577697987846,0.0408007739965142,0.0466803802440997,0,0,0.0352108860075498,0,0.0233143797968887,0.00696567250591889,0,0.0452476777614637,0.0383993996864528,0.0355747836313868,0.0214380677062955,0.00427361035847843,0.00422059111681858,0.013317632824773,0,0.0385382953290205,0.0104423202651665,0.0510123394011247,0.0118694494688741,0.0357793498062544,0,0.022393735365352,0,0.0329255560482104,0.0186016883142845,0.0591940385348862,0.00648284012957529,0.00190996622025898,0.0368711169059003,0.0113151701940051,0.0483687265240589,0.00190120239853073,0.0192752570213782,0.00652216805237847,0.00458892643782379,0,0.000752658679996866,0.0152822759159607,0.0277059906314289,0.0725505774669635
0.0213100330271992,0.0778560717020178,0.0683777028011294,0.0408990888608984,0.0932302334216978,0.0402336843281065,0.0540262926098042,0.00920839535071114,0.113717873981256,0.216383779040318,0.0388911976275137,0.0368030588913331,0.0587269146459149,0.0986926486872942,0.126650914964569,0.0640300548872941,0.0469726357416102,0.128860337332518,0.0409291054080414,0.0764442644857766,0.131909375855305,0.0528317931537685,0.122765483384062,0.0984284030807803,0.0596165845199419,0.0192527153765655,0.0958951643841625,0.0734014417044369,0.00595151475558332,0.100084881330546,0.0452476777614637,0,0.0722470488509351,0.0885582018384629,0.0951896981835754,0.0302399903879859,0.0538220322827325,0.0201913635747334,0.0223045644114631,0.0491216350681009,0.0207405904491892,0.139118627769435,0.0812940371829014,0.0678665826290434,0.0145108960035187,0.0507278550204871,0.00666491088514425,0.0554793109438557,0.00716813594478801,0.0223092334042012,0.0223788498494371,0.119685820250015,0.0780180783471472,0.0442373012474559,0.0807868035376721,0.0350685242757945,0.0327097894752386,0.0913934976751769,0.0732788058699962,0.106428683189029,0.0318736762824174,0.0918028084709096,0.1091687413088,0.0708925829154961
0.11497118277969,0.024987521802953,0.0638210266850461,0.0907997088916782,0.0409510459974416,0.0874105449720032,0,0.0112216564420031,0.0495900352157037,0.243414397221153,0.0879856109852037,0.0246311224364986,0.0527909917481547,0.110748475903131,0.24917247312674,0.244118548694578,0.0714699727599317,0.0424106972221255,0.0383874908681426,0.050933658904992,0.0265271072824752,0,0.00541763225802957,0.0182068854867645,0.103840635982016,0.0900616211840954,0.220559971532883,0.114192604834932,0.110119747264662,0.0878400363777428,0.0383993996864528,0.0722470488509351,0,0.0128772510247869,0.0652255956947777,0.0749707352793588,0.0682059529559487,0.0666966854765207,0,0.0616972718862713,0.0869532296051104,0.219117421634818,0.125834402109462,0.0460833804337807,0.127888355422582,0.246468985657364,0.196011503577024,0.140641651329476,0.144444181712702,0.0706104237726797,0.0525352120825272,0.0959248176851688,0.0787675076345881,0.0401280466616562,0.029002949692753,0.0754364147633055,0.0768315370135299,0.0995270131171676,0.200632670473253,0.0603487886392204,0.0811398368327747,0,0.014312279468911,0
0.0964441321826544,0.107622994373937,0.0479177535668559,0.0915716045189027,0.0489469358650676,0.0979347648628397,0.106796836175308,0.0400356915436913,0.00133591363768245,0.117891892383164,0.0176231182513156,0.0657781897953379,0.0285981630586892,0.115555627715355,0.200958899937456,0.23192965225349,0.00149181225059649,0.111192409306007,0.113826285446661,0.00558517544367062,0.0686220393985292,0.08054746027532,0.0641749173934317,0.103414331995881,0.147462684454361,0.0495781265086071,0.174582328821935,0.119103442280588,0.106437049833932,0.114008139698596,0.0355747836313868,0.0885582018384629,0.0128772510247869,0,0.124299459081709,0.110055083480997,0.0727280136362104,0,0.0308363701011373,0.112866077294849,0.0227425148137365,0.104518681344003,0.0840414524549038,0.0966625199744022,0.0928952072706247,0.250638399653995,0.194235733842334,0.174479266083321,0.117054400846828,0.121220410025933,0.0193547156206275,0.118203735203681,0.0741668502221607,0.058770950086247,0.0114158651855048,0.10561238879809,0.116911526936087,0.170305504472444,0.147437290045659,0.0861935659517835,0.0871244706085501,0.049055066058172,0.096644249792278,0.1197996231438
