0,0.0582372145647664,0.0073127907626527,0,0.0306057749371099,0.0720539001620403,0.0753100655135999,0.12234991979985,0.0616768025052196,0.0715352468900994,0.0147314779279932,0.134739412206981,0.104386769747617,0,0.0173974890340533,0.00124944107602171,0.0846092317449735,0.0482049822949613,0.149674562778833,0.178452634288341,0.079657601760628,0.0879447024358353,0.0866276798636672,0.0925554817247131,0.00113178451582231,0.00871807257592007,0.0358641098364361,0.0417944325734134,0.0209957448409666,0,0.0272041356207501,0.0300113632379084,0.075903152612518,0.0446560963660918,0.0525776967306872,0.0203027505659396,0.0384765131729107,0.00687108086045647,0,0.0917961942627171,0.0797851082718006,0.162985692477506,0.0393500453766876,0.00188777615548903,0.184708610407586,0.00938440965248867,0.0422878828440152,0.0544350711268134,0.0896699393005658,0.156127219641067,0.208822058267527,0,0.166240762713656,0.0211975072545869,0.0759564653938111,0.0334391279678948,0.0553592750179102,0,0.0344257099416483,0.000412466077106701,0.00729803763211113,0.00177594054584147,0.014336483899786,0
0.0582372145647664,0,0.030427118117208,0.0418738279673022,0.0356370965631371,0.0517239361326733,0.0860889903605083,0.0625374077029738,0.00844263358875342,0.0415961149120501,0.0109247014554374,0.00958461982704213,0.0208126857336594,0.0202951041454667,0.000405117827019166,0.0265175251116205,0.00246589677538728,0.00142213638682948,0.112014206828105,0.07731926060597,0.0297088394155193,0.111810605535003,0.00882330600577877,0.0334266781694766,0.015322356124764,0.0208466195605334,0.0359338068417181,0.0141170403601297,0.0675998753497953,0.010473022989194,0.0357659754529141,0.0253440878121014,0.0543778107967779,0.0370166851982725,0.0141916549346258,0.0655168453833969,0.0550655430365397,0,0.00979937438362455,0.0216585354273516,0.0204058712357157,0.069298758754819,0.0313599241168243,0.0463162144611427,0.123142483875467,0,0.0204827796968731,0.0502290562019795,0.0284049668015951,0.0531604697949355,0.141005206230793,0.0465329156914976,0,0.0877075938150145,0.0283143569576982,0.0535344752418743,0.0240777191719445,0.00295270207339558,0.00420541709025266,0.0428505835870091,0.0146264590233997,0.0179134819599198,0.0493451245407413,0.0066251764436507
0.0073127907626527,0.030427118117208,0,0.0106624934067081,0.087154019176461,0.0150666477693959,0.0575494445755147,0.0789108090669229,0.0205497361954394,0.070316019557639,0.0416711686329064,0.0318669527740296,0.0911883276318731,0.0645161939086496,0.0265309772609295,0.060359702205593,0.0352971055763653,0.0331613772488762,0.0328521364587462,0.100809440039328,0.0617544866929125,0.0994302660425186,0.00984240848583637,0.0373528579172313,0.0456976925710924,0.0653133305565309,0.0329205580769203,0.00594421213062778,0.0097294867409033,0.00617647832078699,0,0.0240176127706448,0.0108665121741777,0.00881931499894235,0.0158119755053478,0.00803044570415821,0.00572163562004111,0.0289787677097907,0.00380780108575632,0.044720717205515,0.0193738280841646,0.12547284860618,0.0591194164167171,0.0626673046744248,0.154363100657616,0,0.0244490551815174,0.134004949393567,0.0397766577566969,0.0799518755030892,0.126449150740545,0.0304048494198059,0.0301213706352423,0.0805408566923737,0.0939475458282036,0.146227555161624,0.0267286954149048,0.0055347012043384,0.0076958903163584,0.0350480085463455,0.00899167922259528,0.0136720749063435,0.00677717597610641,0.0105738938623245
0,0.0418738279673022,0.0106624934067081,0,0.0274309682024425,0,0,0.0223196292567827,0.0102103960344704,0.0114766298049402,0.00151269711587068,0.0188360026756905,0.0128747470990449,0.0244059330935423,0.00377886291557229,0,0,0,0,0.00339584511334497,0,0.00355971987612098,0.0173443530254195,0,0,0,0,0,0,0,0,0,0,0,0.022519462326182,0,0.00119142215621542,0.00136095596578635,0,0,0.0125633777457856,0.0307757188527539,0.0591546961585499,0.0200854363483978,0,0,0,0.026657957347808,0,0,0.00888924888751962,0.00433423023714968,0.0345713491544048,0.00137208917477872,0.0184422679291936,0.000219002645220158,0,0,0,0.0118078388089435,0.00874137022969987,0,0,0.0142018216754202
0.0306057749371099,0.0356370965631371,0.087154019176461,0.0274309682024425,0,0.0226613436919669,0.0569111148990809,0.00454522183128426,0.0172998275086195,0.0153265998934923,0,0.0505994583210177,0.052526458312645,0.0548099916770076,0.0264057875450884,0.0546943059377702,0.0139873308081327,0.0383757962938094,0.0458388759059018,0.0442195443221938,0,0.00204441317240109,0.0357535247129722,0.0172506539398832,0.0660392399392071,0.0593967727953265,0.0633969923190918,0.0730665022859561,0.0401047074987246,0.0726107329547206,0.0901617742464372,0.0786586748504452,0.034312032082411,0.0598286107636702,0.0439404878937974,0.0358557644626251,0.0241746503925232,0.0110587958674258,0,0.00726035244901154,0.0129653518305063,0.0413577832228781,0.00706453788019268,0.101965575435621,0.0640275444829122,0.0925789704885636,0.131780469076604,0.0681729416737811,0.0378818317876159,0.0548694278614595,0.0224677212910012,0.0304537739813206,0.0412214874094369,0.0264322922616412,0.00397123054994191,0.047384151259126,0.0376564864118997,0.0874546871344876,0.0905535005276618,0.0576656906120606,0.0448550130512484,0.00551683206000961,0.0482436863832812,0.0446349875008898
0.0720539001620403,0.0517239361326733,0.0150666477693959,0,0.0226613436919669,0,0.011294953136587,0.0521953827384566,0.0311963774141262,0.0484616632776973,0.0185618266404449,0.105487312331534,0.108912569739781,0.0106970333673521,0.0184537225428115,0.0257907780512623,0.0577790206842222,0.0617372118896758,0.008030265063688,0.118116184015762,0.0528141889299726,0.0619365418956152,0.094373011430499,0.0424622975189403,0.0236219008549982,0.0290621240636449,0.019727316210141,0.0111059094806466,0.00723505719463111,0.00800209947923661,0.0138871133853567,0.00293314038932081,0,0.0294267996071398,0.0245803412419593,0.0833152130530379,0.0289896182345293,0.0136220549834952,0,0.0545539807323663,0.0362796256211506,0.162066610112946,0.0444410694544047,0.00808228750769036,0.087878160682906,0.0384537226199377,0.0377453798140407,0.0531264118807179,0.0816435344769523,0.101335712419789,0.0834083906171127,0.141024283762522,0.126155644265708,0.0513289154415771,0.067178023346761,0.0519240890324432,0.0246044772698769,0.00976117985741206,0.0141206833212325,0.0692267347658873,0.0401450861922679,0.0183124281194106,0.0307473338480637,0.0157775912078393
0.0753100655135999,0.0860889903605083,0.0575494445755147,0,0.0569111148990809,0.011294953136587,0,0.0544706643006055,0.0191729988334211,0.0608749784089417,0.0224396647644592,0.0694588462816197,0.159661831652189,0.0144763395181674,0.0234253005566351,0.0497358447034747,0.045733338479789,0.0763392673207806,0.0489568848143059,0.106076759282898,0.0858891709494333,0.0790682087492998,0.084082741341162,0.0565034944572946,0.0539143673781044,0.0853585066768613,0.0771558991478152,0.0482659918453226,0.0182509511461911,0.0198805663595127,0.026592703963323,0.019634373873585,0.00615276465427714,0.0747725046799515,0.00182364466200742,0.0869339002061961,0.0328533870792049,0.0168436701483072,0.00225758842735127,0.0617071185020248,0.0095723970858648,0.170508238651756,0.0358899103775975,0.0518399983610659,0.0857741434247275,0.0255741312538949,0.0405886980605897,0.14796060376709,0.170087908438449,0.0531190342387492,0.0871950353272302,0.179181471819401,0.119763052879757,0.0554449181960964,0.109585334408121,0.127482311337108,0.00622803279479252,0.0173669124106307,0.022675827945577,0.0894253095398639,0.035439316232501,0.0213574284164285,0.112890973780847,0
0.12234991979985,0.0625374077029738,0.0789108090669229,0.0223196292567827,0.00454522183128426,0.0521953827384566,0.0544706643006055,0,0.000655250608420046,0.0436571693810777,0.0215154735502107,0.0661221106396441,0.111267200058023,0,0.0181691345941134,0.0419632505097219,0.0150824231125168,0.0686703665819332,0.177524408075103,0.00366436449855515,0.0701290315453959,0.0793680900532779,0.0544703845596129,0,0.0495089462918356,0.108778692475361,0.071174535152271,0.0991751540274729,0.0503334728619892,0.046524513796903,0.119828111049178,0.0728121786732959,0.0290783291008003,0.0836414706170296,0,0.204700157233706,0.059859734689758,0.0111625543411417,0.0172176447073335,0.00182971617765632,0.0192312466600344,0.113777429128332,0.0432711603727232,0.0397314100556488,0.0362425117986835,0.0270779193507567,0.0331171330488102,0.0612656985408225,0.156078560072709,0.0115144656002649,0.0307419382615242,0.175300630528523,0.0475205123130152,0.0557371212489417,0.113286822049456,0.10604939891414,0,0.0454501362331634,0.0681169341516836,0.127481689272937,0.0549690521291493,0.0168298032429768,0.121447618974256,0.0100358077000588
0.0616768025052196,0.00844263358875342,0.0205497361954394,0.0102103960344704,0.0172998275086195,0.0311963774141262,0.0191729988334211,0.000655250608420046,0,0.00561933671300976,0.0469989800605567,0.0394124442879446,0.0520558482854784,0.0118264265022317,0.000343889525339656,0.0218289901799227,0.0139698934270463,0.0705596490981664,0.0506932470278167,0.00496045987142327,0,0.0225767990913552,0.0488873042598234,0.00956511914092396,0.0311250430894677,0.0252665162179925,0.0470785670747912,0.0304514091173329,0.00083314680664539,0.0107923962060383,0.0302235424674607,0.02339821080674,0,0.0509994940869355,0.0420694908029073,0.0908091098487673,0.0232159752192069,0.0586825491226547,0,0.00464838775094317,0,0.0767090415709393,0,0.00188839267767773,0.00226261468000847,0.0551389255706599,0.056561379127676,0.0636816587607506,0.0801751735395485,0.0353262358222948,0,0.14375497383741,0.0837906696379172,0.0310561762542834,0.00927464407144129,0.0344454428079547,0.0121505166736641,0.0105627847763351,0.0206799579479188,0.0344672073368571,0.0209939630479437,0,0.0352027883661465,0.0034946376688537
0.0715352468900994,0.0415961149120501,0.070316019557639,0.0114766298049402,0.0153265998934923,0.0484616632776973,0.0608749784089417,0.0436571693810777,0.00561933671300976,0,0.0426576613224439,0.0367139193467611,0.0507940013219217,0.00415829081932717,0,0.0461331224068111,0,0.0920712088379489,0.115699772377314,0.0624682927532259,0,0.0515329400508898,0.0682282129999529,0.01902984010141,0.0541634737430507,0.0292184481917876,0.046647873617694,0.0555587483290553,0.0463686897905099,0.0205762387099365,0.0649028783719032,0.0739328308607881,0.0109502965258235,0.0985925612586344,0.0720180687594556,0.134905878281515,0.0497981042919901,0.00301971683149991,0.0196840831157876,0.00304866882927078,0,0.0848884379324229,0.00992892873708482,0.00555215067966155,0.0595587539002166,0.0855907182776798,0.058157300513797,0.054413376909758,0.0947367007754307,0.0812578512905333,0.0756601093949174,0.11501909007278,0.0706441979510577,0.0713566321029514,0,0.0200097239419363,0.0197669356659644,0.0414344856513137,0.0415808322481782,0.0588984536042885,0.0472991695324442,0.0188466269596661,0.0848186152821076,0.0462704476274251
0.0147314779279932,0.0109247014554374,0.0416711686329064,0.00151269711587068,0,0.0185618266404449,0.0224396647644592,0.0215154735502107,0.0469989800605567,0.0426576613224439,0,0.0499084639186892,0.00184894379153583,0,0.00397182204728553,0.0414808235165418,0.0106054375678742,0.0419985924377642,0,0.0277417809061636,0.0326547846496828,0.0199691390851724,0.0362941946403966,0.0257952197396295,0.0295676038824315,0.00562628007043687,0.000350570122471799,0.00349274725270174,0.00610918149567907,0.0184003306488706,0.00217594458853896,0.0123942742264081,0.00891506509987358,0.0428009696475277,0.0401673138282187,0.0242298997185005,0.0090728027750137,0,0,0.00741298793705362,0.0546472962463741,0.0496376859130309,0,0.0110849227047276,0.010865157099315,0.0697738793835572,0.0754299060028583,0.0540138274363527,0.0337539937397037,0.0262599018316728,0.0102903914410777,0.0235943566026695,0.0856527436236049,0.0303068213740883,0.0125488707200909,0.016271013450635,0.0310105290047345,0,0,0.00309198471731865,0.00601747488095852,0.00937286546092011,0.00637516063295948,0
0.134739412206981,0.00958461982704213,0.0318669527740296,0.0188360026756905,0.0505994583210177,0.105487312331534,0.0694588462816197,0.0661221106396441,0.0394124442879446,0.0367139193467611,0.0499084639186892,0,0.0436528113368632,0.00576209038546207,0,0.000943052107763434,0,0.0728883638122984,0.194950087359997,0.0634350929285664,0,0.0586297224338907,0.000280364926759252,0.0340733688837202,0.0103176842467509,0.0628614754768205,0.0913115097051479,0.10463777968043,0.0263620685549914,0.0161121284403049,0.129108422783602,0.0818952641599332,0.0714403379754751,0.0698546389261533,0.0436120589338561,0.188607672934927,0.0955496203496623,0.0482309158850606,0.00147487554464043,0,0.0481998521546622,0,0.00063270309571869,0.0252266396024769,0.107699522694952,0,0.0198630111642781,0.0802546534554013,0.193437468975237,0.0824821549434056,0.137376485784492,0.179706470738585,0.00483120724721587,0.016858455896102,0.0333747630270342,0.0485276443083572,0.00573308510159686,0.0176152481760539,0.0548543852595816,0.0915215806757623,0.0460030091882099,0,0.0889940894142858,0.019759763894921
0.104386769747617,0.0208126857336594,0.0911883276318731,0.0128747470990449,0.052526458312645,0.108912569739781,0.159661831652189,0.111267200058023,0.0520558482854784,0.0507940013219217,0.00184894379153583,0.0436528113368632,0,0.00825487984584851,0,0.00661773364894611,0.033024612618508,0.0380059401440169,0.256196206661268,0.197319796928888,0.085290140907686,0.11274809340308,0.00656191201627293,0.0915142822440191,0.00654993576524224,0,0.053791251730904,0.130243237042371,0.0940995507606949,0.0142777141552773,0.188987302517023,0.06424620277188,0.0799712046927556,0.0997435764075185,0.0288328044500449,0.18284473749234,0.122535767452531,0.00290006927203148,0,0.0607883352215019,0.035456157963416,0.12377229179849,0.0151846300694187,0.0335646732343331,0.253869296866604,0.0231531620826266,0.0267586448502829,0.0011739609575033,0.119278356425606,0.161368259611888,0.276921873352684,0.0888111213337329,0.0016145731218967,0.0647599859551248,0.0488855842091836,0.00246002520145947,0.0215485881962869,0.0673823518675046,0.0857288572513182,0.0744067044379744,0.0377785029863016,0,0.135152302381338,0.0159413042936835
0,0.0202951041454667,0.0645161939086496,0.0244059330935423,0.0548099916770076,0.0106970333673521,0.0144763395181674,0,0.0118264265022317,0.00415829081932717,0,0.00576209038546207,0.00825487984584851,0,0.0483073675709891,0.0213383532949229,0.000968313665949835,0.0220521503458057,0.0564208744956607,0.00934791137724749,0,0,0,0.00167494034206381,0.00557115927825533,0.0330749562860661,0.0245465243830431,0.0538584417939895,0.0203180496881995,0.0307290900079334,0.0545041929420484,0.0171347025106636,0,0.0178859735870336,0.00913363376253703,0.0383831402498475,0.008864152009708,0.0230279555341329,0,0,0.00538673397963801,0.00148565169213775,0.00842141603496281,0.0092580632659534,0.0383789684326456,0.0282379005178101,0.0185842142866122,0.0247713576677104,0.0359805837282656,0.0235600743885942,0.0430448420452753,0,0,0.0048699709240303,0.0101753940649502,0.0115899919866298,0.00557450515452668,0.045315494127869,0.0629261972731605,0.00402047110167165,0.00565344625406572,0.0124630642903068,0.0277438292067429,0.00105252822490683
0.0173974890340533,0.000405117827019166,0.0265309772609295,0.00377886291557229,0.0264057875450884,0.0184537225428115,0.0234253005566351,0.0181691345941134,0.000343889525339656,0,0.00397182204728553,0,0,0.0483073675709891,0,0.0711435044177718,0,0.0447571605333536,0.0665710855937201,0.0262473643868688,0.0115416533880967,0.0463269495851051,0.00775871507056492,0.00204085648907988,0.046296838084636,0.0173968800969914,0.0184664175475953,0.0333098777157935,0.02110405793883,0.00728986751176174,0.0399834014085604,0.0247439411480626,0,0.0267782705714003,0.0319612018628163,0.0799799876556359,0.0235768683520908,0,0,0,0,0.0273533654251383,0.0096594512744786,0.00826669554496884,0.0398123492238785,0.0605597355230481,0.0427743564426098,0.0355683972022824,0.0441873213739424,0.0403321841010831,0.0555894167246832,0.0355036579198965,0.00663537191580157,0.0528050471648427,0,0.025374357292362,0.00212910073570039,0.0243843314124658,0.0310575190233324,0.0257433696005296,0.0227139064059253,0.00208907893269762,0.0351597801781405,0.043243635637223
0.00124944107602171,0.0265175251116205,0.060359702205593,0,0.0546943059377702,0.0257907780512623,0.0497358447034747,0.0419632505097219,0.0218289901799227,0.0461331224068111,0.0414808235165418,0.000943052107763434,0.00661773364894611,0.0213383532949229,0.0711435044177718,0,0.015431801071479,0.0510433872573147,0.0666306057264485,0.0682089163431897,0.0233529565460798,0.0297962930782212,0,0.00801900223557979,0.0132604446126475,0.00884134651421387,0.034660680509882,0.0600917912344775,0.0609280105770026,0.035978962191774,0.0398821072932048,0.0314158611658952,0.0181038396991042,0.0149374255936874,0.0418223884471858,0.0163142523469141,0.0252325535737885,0.0233842157126678,0,0,0.0209556822714438,0.0258808041928384,0.0196769921902554,0.0118813408310447,0.0840039955733948,0.0831928375744793,0.0314093893129715,0.0744376252137818,0.0686782460441239,0.070946894595467,0.0938517565807864,0.00627566145142117,0.00243844600761156,0.00440798850517303,0,0.0197605768790442,0.0360056460569386,0.0653542224941687,0.0600669144657856,0.00270780427325062,0.00236286346225006,0.0102351212024112,0.0156615814595975,0.0164060999048872
0.0846092317449735,0.00246589677538728,0.0352971055763653,0,0.0139873308081327,0.0577790206842222,0.045733338479789,0.0150824231125168,0.0139698934270463,0,0.0106054375678742,0,0.033024612618508,0.000968313665949835,0,0.015431801071479,0,0.0446839448010525,0.101389816271803,0.0167331647107418,0,0,0,0.00499065195013983,0.0269567255298946,0.0517546951562598,0.0494301454935296,0.0771869176601616,0.0224946970405635,0.0221765092034208,0.079250904419846,0.0420566934024504,0.0210796775853058,0.0609345769088235,0.00726552483497719,0.0867702666798397,0.0553294669294081,0.00637209765037551,0,0,0.0150433472113594,0.00707684893583691,0,0.0201335433730023,0.0562056897716276,0,0.0121324387919855,0.0480899003268597,0.103937812870035,0.037255468094284,0.0494568565258223,0.0813700273185343,0.00151537587428101,0,0.0239472778914469,0.0376533621262187,0.0294555291155216,0.0205179359719242,0.0405600096066572,0.0473497444658373,0.0144142732486968,0,0.0601032766643794,0
0.0482049822949613,0.00142213638682948,0.0331613772488762,0,0.0383757962938094,0.0617372118896758,0.0763392673207806,0.0686703665819332,0.0705596490981664,0.0920712088379489,0.0419985924377642,0.0728883638122984,0.0380059401440169,0.0220521503458057,0.0447571605333536,0.0510433872573147,0.0446839448010525,0,0.0842447604765041,0.162519220475542,0.065955226122368,0.0979069875232882,0.0429561358624071,0.0171749983211289,0.0286579458183384,0.00883617131954057,0.00502323400740408,0,0.0380025659358015,0.0426905328573207,0.0060012518484938,0.0196802045934442,0.0258528755288519,0.023497772891476,0.0115334268936854,0.0808242465431771,0.057624847319029,0.021656049173123,0,0.0276629243554394,0.0422404342599407,0.083844960972191,0.032824088641932,0.0150073765984058,0.162843898612171,0.0795798736289079,0.0449992305254899,0.019407244951898,0.048604625304636,0.140623256358589,0.144562449196204,0.136565423145192,0.0568031520391353,0.0612696564085914,0.0590572949103398,0.0515468041614382,0.00958023332614311,0.0120607866953659,0.00573346897338942,0.0487566134741809,0.0304564470912166,0,0.0249476680064431,0.0186302622140572
0.149674562778833,0.112014206828105,0.0328521364587462,0,0.0458388759059018,0.008030265063688,0.0489568848143059,0.177524408075103,0.0506932470278167,0.115699772377314,0,0.194950087359997,0.256196206661268,0.0564208744956607,0.0665710855937201,0.0666306057264485,0.101389816271803,0.0842447604765041,0,0.278029052348953,0.111533521767643,0.113325808351702,0.181661149835236,0.0969510811060206,0.0565954433421879,0.122246903563487,0.0680244094327154,0.0349745741422956,0.0118037349447151,0.0360606681741671,0.0503267216631463,0.0134553588066422,0.0247912263217648,0.0425330768489098,0.051190989396851,0.226996947536032,0.0374644427652696,0.0050333917677254,0,0.127649414481968,0.0933411491178412,0.295131422482218,0.132918768457422,0.0902358255632663,0.284785557234271,0.0463950387634195,0.0612431397356905,0.149617510904186,0.185737553797716,0.279583597419293,0.339442575398377,0.278208925057248,0.208463361197447,0.0999173544430621,0.183950862029072,0.14965866148502,0.0372831564177727,0.0169757483147579,0.0196125480785133,0.197233104748416,0.104565636582109,0.0424777915832881,0.100399519278633,0.0205783517293713
0.178452634288341,0.07731926060597,0.100809440039328,0.00339584511334497,0.0442195443221938,0.118116184015762,0.106076759282898,0.00366436449855515,0.00496045987142327,0.0624682927532259,0.0277417809061636,0.0634350929285664,0.197319796928888,0.00934791137724749,0.0262473643868688,0.0682089163431897,0.0167331647107418,0.162519220475542,0.278029052348953,0,0.0339564008247496,0.067795095515018,0.0885351382105856,0.0284319346023103,0.0906916104619405,0.119751818366529,0.114796495808484,0.142498956602141,0.0719852708772329,0.0709912198655965,0.146617663661179,0.110064483066882,0.0299245109774607,0.162526166535422,0.0546353574806896,0.310034080755507,0.117234010834471,0.0147317715965999,0.0250193286667659,0.0201735626457393,0.0091210237233453,0.140327135566401,0.0430194551684096,0.0586033972287647,0.0869908978275086,0.0785478195428312,0.0751768695215096,0.11073781698867,0.242799861880776,0.196335840878713,0.0959694654723679,0.29824255822002,0.124349598853621,0.0628741323050169,0.106116931765659,0.124782107008149,0.0332725511059166,0.082827772099815,0.0948066459986974,0.180014995379341,0.100563397853912,0.0252486038244324,0.206706995621466,0.0105964487092385
0.079657601760628,0.0297088394155193,0.0617544866929125,0,0,0.0528141889299726,0.0858891709494333,0.0701290315453959,0,0,0.0326547846496828,0,0.085290140907686,0,0.0115416533880967,0.0233529565460798,0,0.065955226122368,0.111533521767643,0.0339564008247496,0,0.00199856435090336,0.00178940430324084,0.0264480409580594,0.0406723084330126,0.0917519402634472,0.0755777212139657,0.102244478436848,0.0414011423751101,0.041758047015365,0.0815950929215485,0.0773057888812436,0.0139189352486061,0.0767227661096972,0.0176971241463151,0.110272747400414,0.050197527195355,0,0,0.0231666890156937,0.0333029245461177,0.0290560334442523,0.0043450036142416,0.0286764562342142,0.101889243629716,0.00736854124164242,0.0291958279211102,0.0483977210245371,0.143149998353217,0.0922126591184038,0.0897069182115804,0.0737091098578299,0,0.00377121163658123,0.0696197370353343,0.07422277239706,0.0272941860890597,0.0471148873714465,0.0770015031801813,0.0596523391289821,0.0211266448438039,0,0.0755052785883914,0
0.0879447024358353,0.111810605535003,0.0994302660425186,0.00355971987612098,0.00204441317240109,0.0619365418956152,0.0790682087492998,0.0793680900532779,0.0225767990913552,0.0515329400508898,0.0199691390851724,0.0586297224338907,0.11274809340308,0,0.0463269495851051,0.0297962930782212,0,0.0979069875232882,0.113325808351702,0.067795095515018,0.00199856435090336,0,0.0985950671860584,0.0412097450823428,0.0726728456129534,0.0613790915562197,0.0543720396978304,0.08586821703118,0.0913003419743305,0.0555355973719168,0.0820516971027239,0.0529572917361412,0,0.097648075116928,0.0499736855994092,0.128645280940926,0.0478698214713761,0,0.0125884151848461,0.0312252051651315,0.0387340567290315,0.0949669131526032,0.0229594604547524,0.0264067631662854,0.0898123649463689,0.0429775472221437,0.0667959677671324,0.0819948093021194,0.147129397094535,0.11607656406865,0.108557032650746,0.102655493846289,0.10824047295289,0.0429113030170695,0.002220760983128,0.0676831411255015,0.0622330506355578,0.0706438930449155,0.0741029415307754,0.0822822957508735,0.058196164726197,0.0332133966647138,0.115788187274736,0
0.0866276798636672,0.00882330600577877,0.00984240848583637,0.0173443530254195,0.0357535247129722,0.094373011430499,0.084082741341162,0.0544703845596129,0.0488873042598234,0.0682282129999529,0.0362941946403966,0.000280364926759252,0.00656191201627293,0,0.00775871507056492,0,0,0.0429561358624071,0.181661149835236,0.0885351382105856,0.00178940430324084,0.0985950671860584,0,0.064335228904886,0.00866396036357402,0.00163361055890054,0.0585593581731174,0.0552466843237948,0.0262621900320683,0,0.08463538554267,0.0410911701837213,0.0616503781195137,0.0245765567372783,0.0396743257078948,0.165125881244626,0.10091056324176,0.0218425331755334,0.011342824631012,0.0248477691622529,0.0411028313749026,0.0353421297811962,0,0.00536665491356978,0.1086463329812,0,0.0107658960764934,0.0303891997564426,0.116116259344955,0.0821975837215725,0.135437910114676,0.143419521472004,0.0736923334660802,0.078095816482842,0,0.00939699575019572,0.0290295292195171,0.0185362160010845,0.0241870789903662,0.0748140808938692,0.0200578794060008,0.0195798698716911,0.0606753445680609,0.0279093350630587
0.0925554817247131,0.0334266781694766,0.0373528579172313,0,0.0172506539398832,0.0424622975189403,0.0565034944572946,0,0.00956511914092396,0.01902984010141,0.0257952197396295,0.0340733688837202,0.0915142822440191,0.00167494034206381,0.00204085648907988,0.00801900223557979,0.00499065195013983,0.0171749983211289,0.0969510811060206,0.0284319346023103,0.0264480409580594,0.0412097450823428,0.064335228904886,0,0.020093828248222,0.0371043218637812,0.031384266435508,0.0327422753509478,0.0574720801132299,0.00203971935976457,0.0499227409053255,0.0459777596145853,0.034492427341614,0.0500307637538387,0.00327957369919008,0.0906678550140782,0.068485697633852,0.0047446952760695,0,0.00389474759175788,0,0.0374526692352324,0.00780989457674825,0.0313115011598861,0.0351092045624876,0.0154773185247197,0,0.0389641721301857,0.0820817110851916,0.00954754577617175,0.0228983135209399,0.155618074764239,0.0797784741663285,0.0340875876919425,0.0426886475912849,0.052816823954598,0,0.0156325840601828,0.0123234977666742,0.0758056420662122,0.0462632997498105,0,0.0614078482041186,0.00564880135693129
0.00113178451582231,0.015322356124764,0.0456976925710924,0,0.0660392399392071,0.0236219008549982,0.0539143673781044,0.0495089462918356,0.0311250430894677,0.0541634737430507,0.0295676038824315,0.0103176842467509,0.00654993576524224,0.00557115927825533,0.046296838084636,0.0132604446126475,0.0269567255298946,0.0286579458183384,0.0565954433421879,0.0906916104619405,0.0406723084330126,0.0726728456129534,0.00866396036357402,0.020093828248222,0,0,0.0190948787840973,0.0447793713149466,0.0355270372896756,0.0192450645583612,0.0262589622192376,0.0121303417200864,0.000951893036635803,0.023572462703921,0.0142429184371249,0.0224117975262727,0.0260552140381268,0.0246372383778238,0,0.00554545986709924,0.00475196152058863,0.0615487429465235,0.025710936142934,0.000508483831717797,0.121741365807385,0.0431800355243792,0,0.0701642937571608,0.04245860832547,0.0841708904648916,0.112579765748885,0.0174512520498783,0.00972946035539871,0.0167201041844389,0.0221220454307934,0.0443224083787234,0,0.096745938047293,0.0524092612238092,0.0228638668191717,0,0.00536979773400059,0.0303994059832573,0.0102567505592664
0.00871807257592007,0.0208466195605334,0.0653133305565309,0,0.0593967727953265,0.0290621240636449,0.0853585066768613,0.108778692475361,0.0252665162179925,0.0292184481917876,0.00562628007043687,0.0628614754768205,0,0.0330749562860661,0.0173968800969914,0.00884134651421387,0.0517546951562598,0.00883617131954057,0.122246903563487,0.119751818366529,0.0917519402634472,0.0613790915562197,0.00163361055890054,0.0371043218637812,0,0,0.0154053784682419,0.130465720138563,0.0475447075323334,0.0180357747645795,0.113429301514901,0.0337077933614491,0.0326746933355632,0.0453492878571823,0.00873789839557794,0.0438015194677844,0.0386475756645175,0.004378149313992,0,0.0504703722079889,0.0127205192215447,0.0878059551174327,0.0541661021334561,0,0.183486160036503,0.0123017754889443,0.00908416540092897,0.0116647036165866,0.0598934147259245,0.116098203882597,0.184478457471077,0.0019695533640287,0.0133423003734519,0.030133257171875,0.120480935333324,0.0633869457758388,0,0.0552500726074476,0.129522374601006,0.00469700648434109,0,0,0.0680843438183807,0.00272109178723776
0.0358641098364361,0.0359338068417181,0.0329205580769203,0,0.0633969923190918,0.019727316210141,0.0771558991478152,0.071174535152271,0.0470785670747912,0.046647873617694,0.000350570122471799,0.0913115097051479,0.053791251730904,0.0245465243830431,0.0184664175475953,0.034660680509882,0.0494301454935296,0.00502323400740408,0.0680244094327154,0.114796495808484,0.0755777212139657,0.0543720396978304,0.0585593581731174,0.031384266435508,0.0190948787840973,0.0154053784682419,0,0.0649005428141038,0.0437069915320592,0.0311516019020472,0.0591239619798725,0.0244679090670913,0.0369439159176957,0.0283183708835257,0.0235108797626129,0.0270657811915395,0.0385022826889336,0.0140399308946696,0,0.0431574064606073,0.0161689071989578,0.0977431502327445,0.0556075923222337,0.0313346774385629,0.14087865770486,0.0543698518165993,0.0467235552682894,0.0624890807498995,0.0135049831130408,0.0983090374624461,0.12537119176758,0.0580561124834494,0.0835039161422302,0.0327394593620205,0.0781768189417121,0.0474606023837786,0.0110339329750088,0.0218651077836216,0.0718803185248613,0.0497934754288827,0.0433204829000134,0.0152363550340235,0.0371934419533739,0.0185938525539425
0.0417944325734134,0.0141170403601297,0.00594421213062778,0,0.0730665022859561,0.0111059094806466,0.0482659918453226,0.0991751540274729,0.0304514091173329,0.0555587483290553,0.00349274725270174,0.10463777968043,0.130243237042371,0.0538584417939895,0.0333098777157935,0.0600917912344775,0.0771869176601616,0,0.0349745741422956,0.142498956602141,0.102244478436848,0.08586821703118,0.0552466843237948,0.0327422753509478,0.0447793713149466,0.130465720138563,0.0649005428141038,0,0.00732057612607079,0.0389015140712209,0,0,0.0141057568714538,0.0100069299925592,0.00294060131830568,0.0195179634385103,0.0186354235258373,0.00378640402802572,0,0.0666138124483375,0.0175341653544227,0.148924719112422,0.0865427222134172,0.0828005515025666,0.171354254851436,0.0194460072551835,0.0122375796216322,0.160587822949918,0.010957858200454,0.117260893363485,0.167506494455687,0.0679175185062142,0.085881237916172,0.0596808019665646,0.151360455189404,0.166430773127938,0,0,0.000552975128071797,0.132815282979573,0.0587659998818828,0.00528628836442493,0.0159172701326573,0.0146832619880678
0.0209957448409666,0.0675998753497953,0.0097294867409033,0,0.0401047074987246,0.00723505719463111,0.0182509511461911,0.0503334728619892,0.00083314680664539,0.0463686897905099,0.00610918149567907,0.0263620685549914,0.0940995507606949,0.0203180496881995,0.02110405793883,0.0609280105770026,0.0224946970405635,0.0380025659358015,0.0118037349447151,0.0719852708772329,0.0414011423751101,0.0913003419743305,0.0262621900320683,0.0574720801132299,0.0355270372896756,0.0475447075323334,0.0437069915320592,0.00732057612607079,0,0.0104038640467182,0.0010596906425012,0.00711875595817489,0.00281504153098754,0.0357859129331927,0.00383591619769353,0,0.00311966638210921,0.0229022954901403,0,0.0388894111370111,0.00343276433254124,0.125286026957172,0.0255652873135154,0.0368231706131116,0.0854754123045362,0.029864815044379,0.0271887229263179,0.131332051823661,0.0330701817954237,0.0432448106674222,0.0818665215524116,0.0270704034619367,0.0516756470217896,0.0342437326729262,0.0683746228186436,0.122689204074592,0.0334930361257572,0,0.0108426159009458,0.0348347925247883,0.00806442130416343,0.00464277156232235,0.023662163368595,0.0262894950962514
0,0.010473022989194,0.00617647832078699,0,0.0726107329547206,0.00800209947923661,0.0198805663595127,0.046524513796903,0.0107923962060383,0.0205762387099365,0.0184003306488706,0.0161121284403049,0.0142777141552773,0.0307290900079334,0.00728986751176174,0.035978962191774,0.0221765092034208,0.0426905328573207,0.0360606681741671,0.0709912198655965,0.041758047015365,0.0555355973719168,0,0.00203971935976457,0.0192450645583612,0.0180357747645795,0.0311516019020472,0.0389015140712209,0.0104038640467182,0,0.0154063249954278,0.00314968477661481,0,0.0108427137898092,0.0329273610860148,0.00198672654785539,0.0104734398771097,0.0126407147678604,0,0.0057493733973053,0.00742043064609159,0.0675662945349483,0.0389905675172846,0.011376387305071,0.0860871917094726,0.00653884703473656,0.0246565984471018,0.138478169850692,0.0287725408174059,0.0525409475794477,0.0942750646219231,6.86380742006374e-05,0,0.0462354732920873,0.0448846215418443,0.084132237318301,0.00501943006113959,0.014515917511321,0.0219431494229008,0,0.000538732467107138,0.00294228860525566,0.0122605800274863,0.0119288336141793
0.0272041356207501,0.0357659754529141,0,0,0.0901617742464372,0.0138871133853567,0.026592703963323,0.119828111049178,0.0302235424674607,0.0649028783719032,0.00217594458853896,0.129108422783602,0.188987302517023,0.0545041929420484,0.0399834014085604,0.0398821072932048,0.079250904419846,0.0060012518484938,0.0503267216631463,0.146617663661179,0.0815950929215485,0.0820516971027239,0.08463538554267,0.0499227409053255,0.0262589622192376,0.113429301514901,0.0591239619798725,0,0.0010596906425012,0.0154063249954278,0,0.000381515793919049,0.00840793137094061,0.000194132737396607,0.0195182860025832,0.0129784432911024,0.0171668030735523,0.0127062714883046,0,0.0826575759047111,0.0429026548525146,0.176050704776533,0.100319748657274,0.0980153309600387,0.191274985116318,0.0152235030830027,0.0325516553256008,0.107331361968793,0.0286412801365639,0.130542508302808,0.213078008847546,0.0550040700401354,0.114567553076693,0.0668320840569655,0.151787275118656,0.139830890979844,0,0.000236418765609208,0.0159923532731409,0.145724233768032,0.0832054595365205,0.036119362666418,0,0.0109286794029908
0.0300113632379084,0.0253440878121014,0.0240176127706448,0,0.0786586748504452,0.00293314038932081,0.019634373873585,0.0728121786732959,0.02339821080674,0.0739328308607881,0.0123942742264081,0.0818952641599332,0.06424620277188,0.0171347025106636,0.0247439411480626,0.0314158611658952,0.0420566934024504,0.0196802045934442,0.0134553588066422,0.110064483066882,0.0773057888812436,0.0529572917361412,0.0410911701837213,0.0459777596145853,0.0121303417200864,0.0337077933614491,0.0244679090670913,0,0.00711875595817489,0.00314968477661481,0.000381515793919049,0,0.0228159269544619,0.010527086539064,0.0053721063658481,0.0345894765743721,0.0154071190843219,0.030379141160118,0.00273535671675013,0.0565944665275953,0.0223828873812102,0.109582374387785,0.0354107761828658,0.0138286515448493,0.15441562572524,0.0700589379526174,2.56378487497929e-05,0.0729689763136998,0.0294925959794356,0.0658787056199826,0.103226219298863,0.0761234772417464,0.0627810027105804,0.0321828023568525,0.0914543483343681,0.0727289745273985,0.0194880101938994,0.000375151671564992,0.0163197604456581,0.0374366510425516,0.0109710511901811,0.0101012393721115,0.00556674591286681,0.00581015873191941
0.075903152612518,0.0543778107967779,0.0108665121741777,0,0.034312032082411,0,0.00615276465427714,0.0290783291008003,0,0.0109502965258235,0.00891506509987358,0.0714403379754751,0.0799712046927556,0,0,0.0181038396991042,0.0210796775853058,0.0258528755288519,0.0247912263217648,0.0299245109774607,0.0139189352486061,0,0.0616503781195137,0.034492427341614,0.000951893036635803,0.0326746933355632,0.0369439159176957,0.0141057568714538,0.00281504153098754,0,0.00840793137094061,0.0228159269544619,0,0.0203265612510674,0.0206877818830083,0.0400031727757219,0.0190827894531527,0.000592031411529529,0,0.0394846305316087,0.0215263353606056,0.0605069245494692,0.0123278245675854,0.0207718264020965,0.0353203482359191,0.0100771858299367,0.0138680254556618,0.050505799182521,0.0640035636748914,0.0301453722809862,0.0260129849073064,0.0740723824191136,0.117243957440716,0.00454143187595726,0.0578860803282114,0.0397941328995265,0.0146827980175957,0,0.0182690140290456,0.0448726225871091,0.0278298864684582,0,0.0088472205810892,0
0.0446560963660918,0.0370166851982725,0.00881931499894235,0,0.0598286107636702,0.0294267996071398,0.0747725046799515,0.0836414706170296,0.0509994940869355,0.0985925612586344,0.0428009696475277,0.0698546389261533,0.0997435764075185,0.0178859735870336,0.0267782705714003,0.0149374255936874,0.0609345769088235,0.023497772891476,0.0425330768489098,0.162526166535422,0.0767227661096972,0.097648075116928,0.0245765567372783,0.0500307637538387,0.023572462703921,0.0453492878571823,0.0283183708835257,0.0100069299925592,0.0357859129331927,0.0108427137898092,0.000194132737396607,0.010527086539064,0.0203265612510674,0,0.0319094101329982,0.0322636916680216,0.00531903327240416,0.0198505522598735,0,0.0528418423148138,0.0556696748713785,0.132089654216471,0.0445971487490822,0.0334316569590576,0.182456919039336,0.00183713082185539,0.00943351501132366,0.0728913947312084,0.0594405451730083,0.123917705643126,0.147354432093433,0.0726409501877673,0.0827768445150159,0.0466980317308364,0.0906346511313351,0.0951390064473234,0.0244128372424443,0.00400965864280864,0.0208197988633583,0.0448283357622833,0.0157411749706475,0.0107277876945084,0.00927201531729473,0
0.0525776967306872,0.0141916549346258,0.0158119755053478,0.022519462326182,0.0439404878937974,0.0245803412419593,0.00182364466200742,0,0.0420694908029073,0.0720180687594556,0.0401673138282187,0.0436120589338561,0.0288328044500449,0.00913363376253703,0.0319612018628163,0.0418223884471858,0.00726552483497719,0.0115334268936854,0.051190989396851,0.0546353574806896,0.0176971241463151,0.0499736855994092,0.0396743257078948,0.00327957369919008,0.0142429184371249,0.00873789839557794,0.0235108797626129,0.00294060131830568,0.00383591619769353,0.0329273610860148,0.0195182860025832,0.0053721063658481,0.0206877818830083,0.0319094101329982,0,0.110104212818,0.0529235662209804,0.0417464002686609,0,0.000835549664453961,0.0223184398875132,0.0552564043612313,0.0146769237054674,0.00550273272116376,0.0130895791569955,0.0770510894256581,0.0304685302559329,0.00411987025079718,0.0367674697326692,0.00479247082071346,0.0175948307851996,0.143805468249065,0.0549436243260382,0.0419388062137661,0.0326329265188421,0.0207200567185368,0,0.00580771845485776,0.0191458626016352,0.0395307850489765,0.0299603560966238,0,0.0334612401946149,0
0.0203027505659396,0.0655168453833969,0.00803044570415821,0,0.0358557644626251,0.0833152130530379,0.0869339002061961,0.204700157233706,0.0908091098487673,0.134905878281515,0.0242298997185005,0.188607672934927,0.18284473749234,0.0383831402498475,0.0799799876556359,0.0163142523469141,0.0867702666798397,0.0808242465431771,0.226996947536032,0.310034080755507,0.110272747400414,0.128645280940926,0.165125881244626,0.0906678550140782,0.0224117975262727,0.0438015194677844,0.0270657811915395,0.0195179634385103,0,0.00198672654785539,0.0129784432911024,0.0345894765743721,0.0400031727757219,0.0322636916680216,0.110104212818,0,0.0485879272767973,0,0,0.117391890237697,0.123278327436389,0.297413190335091,0.114784889423267,0.0243692388672051,0.27178031298362,0.0184106915132887,0.0422274863415013,0.0812580927088312,0.0988612367336609,0.264750863000311,0.366931885697742,0.0649261602006434,0.171818353398743,0.0653702031881463,0.151571133191723,0.0980377146992842,0.0456528550026283,0,0.00531036496186367,0.117839295905958,0.0532604612973794,0.0394250008038152,0.0140089052639551,0.0139467916341331
