0,0,0,0,0.00140085855353397,0.00819101565112476,0.0611729753167319,0.0021122715403771,0,0.00683405154101838,0.00919200596786314,0.0654345277003174,0,0.0123174970279033,0.0160699369199521,0.00183321399269159,0,0.0286746330740414,0.0243149787828649,0.0285212677348339,0.0180820297824857,0.00543515166416455,0.0236064958163217,0.049202117462172,0.0522708714472732,0.0333828744806617,0.00369899969609638,0.0266451020593345,0.0537975454855235,0.00767115611188994,0.0587661350778194,0.0341384443865586,0.0252418667568481,0.00194557285906739,0,0.0186830779004752,0.00312894516094444,0.0261481122135282,0.0056381893160628,0.0495275447697914,0.0108090433500925,0.0297250262910298,0.000182190105076867,0.0199580839036356,0.0126021976209442,0.00606450267465493,0,0.00852273993066417,0.013155873759037,0.048040603828575,0.0137878122039995,0.0430558634373493,0.000674024684312228,0.00144950901563748,0.0328865503474183,0.0239110757626127,0.0148607669995521,0.00367207890781855,0.0248106756919607,0.000313197317383672,0.0422692012125239,0,0.0422459447919038,0,0,0.0176540138592344,0.0239941225468616,0.0050189600617007,0.0101223737643155,0.0424174574499064,0.0255535032708021,0.00358988485622256,0.00760340909627034,0.0548227484664886,0,0.0135894893322158,0.000214433474852969,0.0240032419223034,0,0.0118881975606516,0,0.0173823453012934,0.00995970827837376,0.00767402283234381,0.0150396331579233,0.0148716890038297,0.00505248569353184,0.0193536581833071,0.0183830247250682,0.00363133868321893,0.0206580465152654,0.0148218053784387,0.0106152263993359,0,0.0266670984616767,0.00205817695030839,0.00434777493083508,0,0.00352256075431038,0,0,0.0118175144279473,0.0159307063904779,0.0158518190444424,0,0.000899365829738948,0.0255492373774861,0.0146111148822694,0,0.00252696838552147,0.0294278980424207
0,0,0,0.0061458067587118,0.0383594567302434,0.0136918587743388,0.00811051906257984,0.0145788291277242,0.012528318155817,0.0264061181696603,0,0.0247011556500381,0.0227805744831834,0.0172751113171038,0.0265525994658107,0,0,0.0083785915772548,0.0181543293199543,0.0169647656318709,0.0254654453911719,0,0.03564192620677,0.0115509710090337,0.011969143551,0.00516416515558834,0,0.0197520397385571,0.017584138783805,0,0.0253307079116003,0.0261297884496872,0.0212107585340474,0.00295545222717231,0.0124078010966085,0.0349345656566957,0.00266431937912506,0,0.00302261568478937,0.00883267729406747,0,0.023615648628975,0,0.0122354318014613,0.0171436083816464,0.0028047088960706,0.00771068223016294,0.0251117496263137,0.0246974386270608,0.0192742588601759,0.0192017084666457,0.030850366540134,0.0152013991729074,0.0198497756593921,0.0195096422844375,0.0493934421268544,0.0411750095603319,0.0313747682072019,0,0.00317812775946791,0.0343678658843518,0,0.0186932009844007,0,0,0.063432295255366,0.0577180484462238,0.0124295514438795,0.0123525966874565,0.0375638151243487,0.00992691829520897,0.00699747871150496,0.0116697446334081,0.0133218853458259,0.0126605201272167,0.0139705553012159,0.0170519232054952,0.00915693449022056,0,0,0.0238370843416616,0.0256216675274027,0.0253166864843043,0,0.010269351096414,0.0176376269840654,0,0.00953119623075866,0.004681821646361,0.0185106521898367,0.00314001366142455,0.00649064015163024,0,0.0254740828880537,0.0231555188412363,0,0.0216619256901287,0.0161462551277429,0,0.0238546597147675,0,0.00266339245932773,0.0058056182566823,0.0170480924718267,0,0.00120736533294407,0.02278346696395,0.0108484873282766,0.024554225535608,0.00302155485228087,0.0194408020630423
0,0,0,0.00321232572040126,0.0222389854094299,0.00323250203424482,0,0.00622416381161335,0,0.01213552832406,0,0,0,0.00734853654778417,0.0244797630739033,0,0.00675699813314784,0,0,0.00602053012250741,0.0160465054519151,0,0.0199404399373799,0,0.00240370329250836,0,0,0,0.0267440191963606,0.024774293565172,0,0,0.0410973311542711,0,0.0486148271948329,0.0158975459417134,0,0.00234013913019015,0.00559296833876914,0.0151999936089937,0.0091794567564191,0,0.0135601717126386,0,0.027311949172496,0,0.0105098165483835,0.00418827689445898,0,0.0352479681936508,0.037550238943249,0.00584764290539578,0.0285972685645834,0.0253558115539637,0.0234167859209321,0.0442498358757176,0.0356230043647087,0.0167202002146693,0.00304749323005466,0.0359432818166635,0.0154564215040493,0.0153052535308699,0.0126537104943603,0.0297691100350441,0.00344597670847373,0.0293573527153365,0.0453022130179604,0.0329697364532194,0.0103699346096358,0.00428395055007542,0.0180872450777047,0,0.000141542190801192,0,0.0282749604336955,0.020366858238557,0.0329588900564673,0.00115368805459047,0.00144399041354514,0.0032310230754111,0.0159216062349183,0.0145917248140816,0.0216654169698559,0,0.0161964423413433,0.0083662987664642,0,0.0117654885415998,0.00116861688565298,0.00216932303365499,0,0,0.000214763705287673,0.0272633573252513,0.0168929244957433,0,0.0218599736424589,0.0311540362463186,0.00288215648941204,0.0339922566395953,0,0,0,0,0.00182201311663832,0,0.0129717486874872,0,0.0062427245703988,0,0.0365135592860751
0,0.0061458067587118,0.00321232572040126,0,0.0388678300738889,0.0175848404366211,0.0202027446586659,0.00662002236202499,0,0.0164344946780521,0,0.0181811910834534,0,0.0273349368493142,0.0478372603209061,0,0.00437279368895606,0.0329802821370823,0.00775818807651301,0.031745442249295,0.0311052448866742,0,0.0458932458982846,0.0202977819357335,0.0119634589764297,0.0350456095016376,0.018761374248843,0,0.0445286438919807,0.00966162128972605,0.0255746621147784,0.021009130837176,0.0529089658251311,0,0.0362975871834736,0.0147658024032972,0,0.0117590025792051,0.0243195043652295,0.0138038455450727,0,0.0143006344459976,0,0,0.0223042123276614,0,0.00903777760012836,0.00517685319016817,0.00198302722546236,0.0250088403947444,0.0257959015527405,0.00324467131682438,0.0149185786907506,0.0172095174583222,0.0195398370344954,0.022622888769669,0.0165971771749973,0.0105586948921309,0,0.00846758273888653,0.00587365208130069,0.00378414852662922,0,0.00591521879207123,0,0.0153993351592253,0.0371658474110121,0.0114651872916553,0.0074019282688363,0.0179505793601759,0,0,0.00082078987293263,0.0291257430350829,0.00607173684375293,0.0277236296604489,0.0274008315327352,0,0.00790946236908054,0.0213265507155175,0.0197798434763894,0.0278993486176001,0.00784048970123422,0,0.0252166526274974,0.013323151048024,0,0,0.0185730243870297,0.0176648124714759,0.00265882512769457,0,0.0315199852536461,0.0326826083998478,0.0401989238417941,0,0.0335524076687131,0.0397050264645951,0.00254453071201635,0.0396036589265716,0,0,0,0.0129478270696213,0,0.00284787597371337,0.0346640541585795,0,0.0231015570569993,0,0.017325066922332
0.00140085855353397,0.0383594567302434,0.0222389854094299,0.0388678300738889,0,0.012975617076283,0.0351427962319232,0.00755470872648419,0.0460831098336283,0.00270652929476155,0.0129150822692437,0.0155260621180474,0,0.0425681374620572,0.0547668757469273,0.00613404340089455,0.0302624434929967,0.0572006957452709,0.0234646618165379,0.0305408232329596,0.0468221829083166,0.0184843491649363,0.0261948022107945,0.0187584961614005,0.0202916081908611,0.063376289808984,0.025814514408495,0.00333727790034692,0.0346374466440163,0.00926194274370713,0.0352187133364208,0.0329727273061894,0.0318698527766835,0,0.0423454463036202,0.0109314554035315,0,0.030027554219752,0.0465981751453365,0.00132982766583613,0,0.0272351225541263,0.0140409999397979,0.00583174036126137,0.014444912841413,0,0.0196424842177562,0.00833545022886568,0.0105540264358034,0.0132117467557564,0.0184077912076477,0,0.0180317815095898,0.0164711165018672,0.00658243100759164,0.00808358837234292,0.0110815353724371,0.00590235817666821,0,0,0.000906713442045948,0.000836157150967367,0,0.0117964714440133,0,0.000870867519620427,0.0241278424069428,0.0186439904818883,0.00973160882469957,0.0213066600479562,0,0.00644027085945004,0.00875801413343986,0.0253627819299862,0.0031576428345211,0.0396916960143519,0.0402269984983312,0.00648604871573095,0.0265522851514884,0.0327009756588309,0.0240609156374409,0.0363620421788284,0,0.0189638268963341,0.0306163717495164,0.0305251675047077,0.00942910869233645,0.00728757922822176,0.0467607597272343,0.0225188807097895,0.0195015868776166,0.000259656964853843,0.077035618881757,0.0477488994032538,0.0519425218611579,0,0.0521284555116453,0.0519565670876965,0.0173891662068571,0.039849683603357,0,0.00962473454235524,0.001649820228128,0.0371699817009184,0.00668358783387695,0.0224281094829019,0.0467815027584202,0.0129354285759738,0.0197996022012253,0.00389312812224908,0.00113866215065357
0.00819101565112476,0.0136918587743388,0.00323250203424482,0.0175848404366211,0.012975617076283,0,0.0163611568265306,0.0148311352721825,0.00959130358699143,0.0189251244609829,0.0218551046669163,0.0334517303025186,0.0106486799578389,0.0176963327262336,0.0306362586643682,0.021298387079583,0.0383420723521515,0.0358045140262858,0.0335273795400992,0.0214621871703236,0.0221045945712867,0.00775787260279345,0.0336256142803968,0.0262890710791711,0.0083902101777222,0.0370606821172715,0.00148643220756732,0.0393076300900367,0.0760235524843125,0.040638745183255,0.0293042215176313,0.0128400963731772,0.0733266195468075,0.0201194391959384,0.0576207469927656,0.0170879410555344,0.0181102074982683,0,0.0292652179050432,0.0532540202653253,0.0263410887212136,0.0140518691576664,0,0.0420729660996527,0.0094964275991766,0.0215171484353005,0.0243489418066454,0.00237065402168348,0.00399397977545147,0.0420116714909434,0.0323766470838688,0.0397101036126652,0.0170873927938449,0.00832452971460962,0.0335841718823853,0.010403613019445,0.00703411548241718,0.0354372823542845,0.0197160039143776,0.0219350547534756,0,0.044701698515396,0,0.0423535832612393,0.0173264827284149,0.0142165835519414,0.0270788108014881,0.0294572995143889,0.0143275563745585,0.0273257281511588,0.0128076282562679,0.00710095751941677,0,0.0474301569025819,0.0290136495207324,0.0356087756620867,0.0235986578108567,0.00282283898991393,0.00634999069293128,0.0283055694905912,0.00367395282961263,0.015412323082975,0.0123604164359523,0.00489604412527531,0.0052665130793804,0.017681649553147,0.00351899861815984,0.0225913070315766,0.0239225885249549,0.0073635163537104,0.000886155924139007,0.000834146642160852,0.0474078288990611,0.0342731899380827,0.0468101629668757,0,0.0356148069949632,0.0572544750814638,0.0479903696182861,0.100592060446662,0.0251981999888068,0.00143443117263761,0.0164293618829076,0.0215250659091492,0.0493552848547665,0.0250448377196198,0.00462050461585973,0.00225009209215201,0.0178285112309126,0.00993589252772219,0.0424190509618209
0.0611729753167319,0.00811051906257984,0,0.0202027446586659,0.0351427962319232,0.0163611568265306,0,0.0607452023898212,0.0171274804186329,0.0682544068182147,0,0.066610565663464,0.0294264767273184,0.0523882610991373,0,0,0.0215556044775067,0.0451536142143593,0.0729009243183188,0.0472844206369952,0.0159852877536585,0.037507227086709,0.0242135650285675,0.078146464790657,0.0725627245540333,0.0269502348280822,0,0.0604980106085961,0.0267922180806879,0.0249763257855244,0.0950220904984976,0.0515289497719573,0.0521951440573206,0.0359248168803718,0.0160282742869439,0.0478000418542101,0.0191908846286007,0,0,0.0785438453159118,0,0.0450104984094168,0,0.0647185822814952,0.00373254481379885,0.0559318520409102,0.00303255853767484,0.00566539820596661,0,0.00506879544584137,0.000940897132520153,0.0784132657765272,0.0033930592626144,0.00400920361758791,3.03334137199228e-05,0.00536886356782429,0,0.00786283260972638,0.0222230275672782,0.00201242269221687,0,0.00846752894014557,0.0122550090884792,0.00131555606067216,0.00242607801696927,0.0117331659003348,0.0219620165141255,0.00600770101990681,0,0.0161834543466134,0,0.0120574695551729,0.0377946246164001,0.0189684170066748,0.00420966888082744,0,0.0037965100507289,0,0,0.00779253524909013,0.00590508339675156,0.00433036507460809,0,0.0156624647400522,0,0,0.00450457194350846,0.0045610814503458,0,0.00464801527507724,0.0112631060463526,0,0,0.0247287856336084,0,0,0.00518485676936201,0.018697151419184,0.0808536824356739,0.080237415051793,0.0520831858986415,0,0.0186577454795294,0.0437648827100109,0.0778221859438461,0.0342282362632283,0,0,0.0393903005923478,0.0218979850566347,0.0146882201157898
0.0021122715403771,0.0145788291277242,0.00622416381161335,0.00662002236202499,0.00755470872648419,0.0148311352721825,0.0607452023898212,0,0.00845381376225882,0.000703641516828866,0.00744433331196448,0.0491467847713304,0,0.0316532296268823,0.0348159994375137,0.00506701298921721,0,0.055161807927322,0.0202884509880096,0.0445222806033293,0.0307527469071394,0.0134972307749388,0.0248409979366316,0.0430262560499398,0.0224080155503,0.0630758425949337,0.0128567468753823,0.0201909648461519,0.0593066162658611,0.0104264196911889,0.0386068344996426,0.0293250483927091,0.033369974928791,0,0.00452757234354901,0.00025304696723105,0.000242856621706303,0.0510385592154904,0.0279482747868184,0.030612753847186,0,0.0223589894255901,0.0107530891334432,0.00657288893138265,0.0159544982882452,0,0.00252314725706027,0.00249030201816989,0.0150858265924413,0.0372296894257622,0.0118502735486622,0.00413936798207591,0.0053940323447463,0.00201279315530252,0.0210533048960602,0.00285586276490223,0.00263559151671338,0,0.0120823238224436,0,0.020425738707178,0,0.0146973802450362,0,0,0,0.0177451945059404,0.00791283517563774,0.0104446084006178,0.0327123971937477,9.91625500114347e-05,0.00260480223623211,0.0110922931506111,0.0554505247405138,0,0.0374362826121596,0.0188873574770021,0.0263197312008923,0.0146127507588986,0.0453741677617072,0.0155090889073913,0.0414836994889235,0.00125051532444957,0.01148413134467,0.0368831750468594,0.0236646499598055,0.0120442991686487,0.0260803869281923,0.0484336502659059,0.0144603954880131,0.0348451165379974,0.0103082563162917,0.0416287756492263,0.0236706206041017,0.0302398166435786,0,0.0293561320993972,0.0260163791222877,0.0144654511852613,0.0154273375550787,0,0.0116139915683044,0.00922037398254222,0.0422258469935082,0.00563603546456635,0.017793975764587,0.0551524679472276,0.0157015360492073,0.0177322867668813,0.00204333658702454,0.00392709569245056
0,0.012528318155817,0,0,0.0460831098336283,0.00959130358699143,0.0171274804186329,0.00845381376225882,0,0.0317485775280386,0,0.029651081778461,0.032375333812579,0.0220115483364041,0.0318130352512802,0,0.00195742254178193,0.0327786600551058,0.0303080729093634,0.0239860331853903,0.0325228605857112,0.00111295603252797,0.0362042396942687,0.0229326183488074,0.0182642516917261,0.028577274776517,0.000291267222613814,0.0126965870279876,0.0239058605568465,0,0.0435312743567861,0.0316492148527381,0.0294505953668417,0.00628524448349692,0.0226025260817571,0.0161144562049013,0,0,0,0.0150607446693201,0,0.0273023533885203,0,0.0172395282487435,0.0108713148607506,0,0.00835198486953409,0.0106776239922741,0.0143126535406756,0.0101204953842755,0.0139560318711053,0.00910438092600776,0.0140821502211765,0.0112705981266907,0.00488468626697518,0.0226636751222076,0.0164024851968991,0.00723147732708466,0,0.00635747106457319,0.00650103774856505,0,0,0.000303197118484734,0,0.0311521124702367,0.0334576166849541,0.0040999779035186,0.014592157292911,0.0318316385937121,0,0.00848179518905175,0,0.00925126867705598,0.00747123748293311,0.0220572858300945,0.0217229188526109,0.00891197732042225,0.00232303880096065,0.00765476263820852,0.0152732753992037,0.0233770599557922,0.0124381723195498,0,0.0162674162949895,0.0129362132211621,0.000860874511117006,0.0101750233285825,0.0213084769006146,0.0147463928533197,0.0058625665033949,0,0.0179375863846843,0.0285633018682613,0.0460606903959261,0,0.0327744453198558,0.0254098392626945,0,0.0253796145498498,0,0.00214918744383981,0.000751808367414149,0.015948203590767,0,0.00613995690817514,0.0357453611123178,0.00939794975233198,0.0139847681073465,0,0.0153754999918584
0.00683405154101838,0.0264061181696603,0.01213552832406,0.0164344946780521,0.00270652929476155,0.0189251244609829,0.0682544068182147,0.000703641516828866,0.0317485775280386,0,0.0063244002670119,0.0433604302691634,0.00047970043988552,0.0297263633713718,0.0261652845749928,0.0147244753521884,0.00537387601020871,0.0659008380035161,0.0280771241063646,0.0445485202214623,0.0461165051277609,0.011678660734112,0.0169179840757503,0.0403829291906493,0.0189816586601581,0.0696630422985392,0.0151299806264463,0.0288854447034687,0.0520441654197003,0.0141905088518302,0.0480690345736385,0.0431691934753524,0.0261050904353644,0.00549139175342669,0.0127076812820643,0,0.0066266213562242,0.0462944146059049,0.0300956990612034,0.0313861751967461,0,0.0356452292065864,0.0106432958543183,0.0206879542594404,0.0099119104804521,0,0.0046635269944306,0.00218587916236751,0.0150871010731679,0.0211856027960362,0.00554384107106694,0,0.00964210328449807,0.00597430300423187,0.0077293596793207,0,0,0,0.00312584107234042,0,0.0133239675064406,0,0.00315242102453085,0.00231723732258683,0.00770979357738332,0,0.00578026007710907,0.0101661249957436,0.026140285928737,0.0375531851989959,0,0.0139405915594042,0.0238304859608348,0.0487494649021412,0,0.067867519014349,0.0364416259152709,0.0299971431036306,0.0268757960978974,0.0662647594946328,0.0426070018807758,0.0725796396916377,0,0.0159304173149421,0.0539642889243765,0.0365421669868971,0.0257760450480527,0.0312371197539833,0.0791829203270926,0.0291580192949562,0.055070615319043,0.0104214761225991,0.0615475666831965,0.0565253745150509,0.0342569805448553,0,0.0548200741750032,0.042930807501817,0.0164030866778285,0.0138518138872615,0,0.0157340311820207,0.0120600375961175,0.0550102425985716,0.0217327091789691,0.0291462743747211,0.0701279810857247,0.0214594678443784,0.0104733463024247,0,0
0.00919200596786314,0,0,0,0.0129150822692437,0.0218551046669163,0,0.00744433331196448,0,0.0063244002670119,0,0,0,7.26872276722238e-05,0.0214610452063785,0.00855674550073334,0.00911830341739375,0.0178080336143018,0.000559631542971969,0.0036099243939044,0.012548144817845,0.000161458361359059,0.017508490505322,0,0,0,0.00146959806531632,0.0269436041429397,0.0343418785976547,0.025746676622652,0,0,0.0501784989031924,0,0.0395426814956693,0.0111750932828476,0.00886453728133931,0.000281765822045113,0.0260147133087839,0.0327586731268521,0.00790088532647214,0,0.00561783851109902,0.00195951215423544,0.0272880182644285,0.017297575949588,0.019511006801897,0.0149348198673786,0.0107922207827014,0.032552563459003,0.0306321965241746,0.0116125759569928,0.0333988179907711,0.0211776043951408,0.0224338486362051,0.0269676778565055,0.0156632159242063,0.0141061583778394,0.0117884044176682,0.0297999265554043,0.00890786558281342,0.0228404094198564,0.0145883844289359,0.0542673909584389,0.00811220212352604,0.00813212137232406,0.0430268916022892,0.0562265521223572,0.00345333720911963,0.000876105915067404,0.0166909518020132,0,0,0.0187500313407772,0.0320640446680514,0.0183501202916536,0.0368504906752911,0,0.0123253257393266,0.0162244174967754,0.00754427255309513,0.00782025558206207,0.00431601735149765,0,0.00833905576727378,0.0184846491285805,0.0136924150918511,0.0400610286729717,0.0171296238381205,0,0.00604043444775698,0,0.0122630635698708,0.0184553120043659,0.0264089487962883,0.000240855223310226,0.0322982021108115,0.0594850917949743,0.0354656587461085,0.0615736572670129,0.0015070128678918,0,0.0258299818226515,0.0185841048558137,0.0294614004626162,0.0277842912881883,0.0222435074284754,0.00172543616982238,0.00893550968538081,0,0.0230820541623079
0.0654345277003174,0.0247011556500381,0,0.0181811910834534,0.0155260621180474,0.0334517303025186,0.066610565663464,0.0491467847713304,0.029651081778461,0.0433604302691634,0,0,0.00866490035926851,0.0261539427719394,0,0,0.0120840699988399,0.0619169510286107,0.0770761072070107,0.0110479842661021,0.0434652203420601,0.0214134044594935,0.0147328305975855,0.0404663196935878,0.0367777359083699,0,0,0.0574474210238955,0.0169997706016846,0.0486893705739156,0.0577661302690662,0.0180081798557492,0.00322424894001542,0,0.0215918419369155,0.0376167111802828,0.017590565231914,0.00819859522327223,0.00916676144398947,0.025060064814546,0,0.0264173530748132,0,0.034766001272899,0.0241500851482463,0.0677239259961715,0.019993552424588,0.00931047581860757,0.00571774258531508,0.023428527342746,0.0133823432883893,0.0703762853969198,0,0.0026127269576535,0.0203382614062388,0.00166257189404611,0.000639534685122855,0,0.0411798873071918,0,0,0.0121436536909654,0.0351635259352774,0.00907740031565038,0,0,0.00746084775957304,0.0135789255578458,0,0.00874185518939452,0,1.98145617863951e-05,0.033209209959298,0.0553661685768257,0,0.0113705549529161,0.0170351748205776,0,0.0107727332364308,0.0482695587600279,0.00489224458903153,0.0206453308506614,0,0.0160747458766327,0.0202387929499972,0.00190440663923558,0.0153367286739087,0.0218502630718524,0.0241284962514633,0,0.0408497621624475,0,0,0.0361889068764636,0.0024370158243463,0,0.0105262441492571,0.00993347398565602,0.0763331483190924,0.0414688868708516,0.0431531938275782,1.39768790151865e-06,0.0437148436481333,0.0757913496829713,0.0875540211238395,0.0665157783860426,0.0170430269849811,0.0115194501925392,0.0309834002685576,0.0220063628622701,0.00353499458545228
0,0.0227805744831834,0,0,0,0.0106486799578389,0.0294264767273184,0,0.032375333812579,0.00047970043988552,0,0.00866490035926851,0,0,0.0332954781751446,0.0154789768506347,0.0338709050643968,0.0302102759164283,0.00102934198313973,0,0.040700658112481,0.0115741983559978,0.029429760716728,0,0,0.00510180670213099,0,0.00763410564970675,0.0324690118172796,0.0503081202698975,0.00560857854000935,0,0.00959867812543432,0.00300498873332545,0.0691050591288587,0.00623857859255747,0,0,0.00497258292040411,0.000611312789888964,0.0412664818154912,0,0,0.00440739956440567,0.0067721968377086,0,0.00200354361135521,0,0,0.0414482047536954,0.0283640591151528,0.00422448094027313,0,0.000148971633068096,0.0333386166708464,0.016162883231177,0.012342508800016,0.0545884656960132,0.0198657111318538,0.0192512442864038,0,0.0357414760838754,0.00860592671652755,0.0188428026619127,0.01494466312004,0.0464542956890343,0.0290609795731677,0.00508631594131797,0.0114907477275805,0.0420077361350195,0.0110503630683083,0.0181208710992161,0.0151991226718091,0.0267439440895938,0.028803200750315,0.0218023691315528,0.00977628980248479,0,0,0.00161227862430611,0,0.0179308241403011,0.00635923258137456,0,0.0121957809842311,0.00149291220734297,0,0.00818940650891627,0.00539243414954414,0.00449134222208614,0.0067927856848965,0,0.0322682166306461,0.0339162980046427,0.0391178317238518,0.0106460027271147,0.0173018836651561,0.0180312176274083,0.0321287746548625,0.0161237731743301,0.00063380370697224,0,0.0103644042254579,0.00234908207651837,0,0,0,0,0,0.0270089353118691,0.0531715855492989
0.0123174970279033,0.0172751113171038,0.00734853654778417,0.0273349368493142,0.0425681374620572,0.0176963327262336,0.0523882610991373,0.0316532296268823,0.0220115483364041,0.0297263633713718,7.26872276722238e-05,0.0261539427719394,0,0,0.0335043457506399,0.00619504980019157,0,0.0635470120241449,0.0178442662275146,0.0394135659599365,0.0304218101307295,0.0104269506087189,0.0136657825854458,0.0143235496744413,0.00457933351987682,0.0579798568212184,0.0121506138317032,0.0254047471574455,0.038025789445143,0.015123299810812,0.0245887118108951,0.0286043130453054,0.0141442261916247,0,0.00763267983717489,0,0,0.0459156799518692,0.0371897370375413,0.00278186440413512,0,0.0198307557922246,0.011344421842609,0.000742867225779735,0.00983702512634981,0.00360079791895575,0.00629467635298661,0,0.0103077780619049,0.0211845394235006,0.00271271623848403,0,0.00295363631298967,0.000197904865043448,0.00968437738140378,0,0,0,0.00528801148289247,0,0.00853195892993843,0,0.00367515650198163,0,0,0,0.0070976133707852,0.00764966510762843,0.0126919666913958,0.0308438458096043,0,0.00296100765242025,0.0150812391967455,0.0525976737185221,0,0.0540360541673005,0.0270611389888085,0.0233411558735035,0.0198186553186347,0.0646806273950431,0.0291520231164009,0.0597208841052813,0,0.00993585240110521,0.0391062374193671,0.0285348839049001,0.0182081076365052,0.0300978221375317,0.0621271294036376,0.019556382479934,0.0415018746639614,0.00438232402933777,0.0502335641193847,0.0408636287580838,0.0357563262811746,0,0.0402539675479906,0.0386325423502002,0.0205697088351689,0.0402506932142976,0.000819141043911583,0.00895393523772679,0.0101301590709338,0.0503095744292334,0.0275601552438373,0.0281004395254772,0.0611411750228655,0.0136637524634066,0.0558478866253931,0.0118466988543969,0
0.0160699369199521,0.0265525994658107,0.0244797630739033,0.0478372603209061,0.0547668757469273,0.0306362586643682,0,0.0348159994375137,0.0318130352512802,0.0261652845749928,0.0214610452063785,0,0.0332954781751446,0.0335043457506399,0,0.00932956975524017,0.00417595703454729,0,0.0147890023545048,0.0184470735455386,0,0,0.0250103110305605,0,0.00118185156719887,0.0101472356104215,0.00199959317121879,0.013412361193498,0.00375610686489028,0.0239636788675389,0.0109928972764334,0.0156183596931143,0.0256786036088737,0.0067312689854155,0.000682312000254711,0,0.000796909168882503,0.00173493371149954,0.000629492489838316,0,0.00530526463395802,0.00787117431699868,0,0,0,0.0037110781290456,0.00162660894204125,0,0,0.0116751576081264,0.000660920621576672,0,0,0,0.00935421784397776,0,0,0.0139914590411832,0,0,0.00319411580739333,0.00700844115787452,0,0,0.00925237646466175,0,0,0,0.0159175820637335,0.00350292672559775,0,0.00866071173771136,0.00359833458350374,0.0181100324060779,0.0249857139233566,0.0380319795700206,0.0122224191744334,0.0146462139162036,0.0106980928393871,0.0253461666823821,0.0141100629798123,0.0328385799332128,0.0241681428704261,0.00201399375172981,0.0139700635296335,0.0161516023594002,0.0105126044740338,0.0223389938025208,0.0219990948651576,0.00412991395528711,0.0057201338127775,0,0,0.027344103910778,0.0213750293414595,0,0.016904471454881,0.0136855952922641,0,0.0464966998556423,0.0202168337045015,0,0.0159996953876641,0.0278484934441838,0.0283603603163823,0.0146756991373615,0.0194530775566386,0,0.0518361222687055,0.0237093159575206,0.0279597572171876
0.00183321399269159,0,0,0,0.00613404340089455,0.021298387079583,0,0.00506701298921721,0,0.0147244753521884,0.00855674550073334,0,0.0154789768506347,0.00619504980019157,0.00932956975524017,0,0,0.0134910838244138,0,0.00830701197567972,0.00356364652423483,0,0.00908824967727144,0.00188007931108908,0.000868398568749355,0,0.0012650453436024,0.0161329396776911,0.0201689706746279,0.00165354591114945,0,0,0.0268446423140116,0.00881508348835119,0.00567929015509747,0.0260708879819935,0,0.0149557275465824,0.015369868980958,0.0301667770961734,0,0,0.024871341702898,0.0145701251535858,0.0365385098187619,0.0213302289955112,0.00146070115360029,0.0300387761952773,0.00431664466876881,0.0259470730552822,0.0315401666339062,0,0.0190920776124598,0.0391701855829476,0.025655703379061,0.0313545871602717,0.0236817118601377,0,0.00344696045698295,0.0442177936382051,0.0157450792218316,0.0102324262168552,0.0120891663506931,0.0143450557408617,0.0130705079189076,0,0.00429415438605352,0.00917077439918482,0,0,0,0,0,0.00592029222655761,0,0,0,0,0,0,0,0,0,0,0,0,0,0.0125994530380344,0,0,0,0,0,0,0,0.00047312119236835,0,0,0.0150841270042722,0.00155618648654948,0,0,0.00864859338538692,0.0110380607288283,0,0,0.00216201131892833,0.00299408534683692,0,0,0.0109364331099076
0,0,0.00675699813314784,0.00437279368895606,0.0302624434929967,0.0383420723521515,0.0215556044775067,0,0.00195742254178193,0.00537387601020871,0.00911830341739375,0.0120840699988399,0.0338709050643968,0,0.00417595703454729,0,0,0.0191169159553792,0.0122951687006981,0.00118585305017195,0.0127861272629508,0.00349788264715438,0.0297896331284138,0,0,0.00525554380691726,0.00734314893068998,0.00902976515563199,0.0168538001870069,0.0103395760978884,0.0173028582490616,0.0317502578040692,0.0149568067908412,0.0170659749223076,0.0287846353288928,0.0399746378586749,0,0,0.0144611958344123,0.00416913574062927,0.0057280838132617,0.016186964944283,0.000164377988934398,0.0131567243074869,0.0248362625300783,0.0253252046104086,0.000757089157688243,0.0188893759300442,0.0164940951055049,0.028982460721599,0.0270327555445021,0.0140502782185939,0.00870941081359736,0.024921503096064,0.0192081745880949,0.031984644487602,0.0277014792186037,0.0178136189447381,0,0.0183438071990144,0.0277432992646861,0,0.0164981948398878,0.00134800639282146,0,0.0182372742443146,0.0341917585563699,0.00898288416268883,0,0.00530222421136964,0,0,0.0135565302044206,0.00896228751481392,0.0139694687597033,0.00475477551427795,0.00746879162939978,0,0,0.000924728199149886,0.0123952693685712,0.014026298548909,0.0163487415373943,0.00588614394816827,0.00657584411548303,0,0,0.00249328915641269,0,0.00473068582914186,0.00727599025312702,0,8.89198304651542e-05,0.0139998818234664,0.0176950657163026,0,0.0111254428577505,0.0161406427295734,0.00926047095943592,0.0342000161980379,0,0,0.00169926173523883,0.00452632168749432,0,0,0.00625110128448999,0,0.00683871816496946,0,0.022159429129978
0.0286746330740414,0.0083785915772548,0,0.0329802821370823,0.0572006957452709,0.0358045140262858,0.0451536142143593,0.055161807927322,0.0327786600551058,0.0659008380035161,0.0178080336143018,0.0619169510286107,0.0302102759164283,0.0635470120241449,0,0.0134910838244138,0.0191169159553792,0,0.0495268904121111,0.0670318870882893,0.0122730223748683,0,0.0517483979203564,0.0587575931479493,0.048732225800155,0.0307009394591137,0.0139730512243386,0.0433309683888541,0.084550333642828,0.0109270132762383,0.071299572015738,0.0499655434893031,0.0809506060665707,0.0206789680175748,0.0162647028908775,0.0463544653578805,0.0283543379932431,0.0110421590454155,0,0.0925956990104315,0,0.0520270139774918,0,0.0562178984416791,0.0222385449022704,0.0182925104712361,0,0.014246243779224,0.00565256514315706,0.0461513005439055,0.0315033134685836,0.0467618931283454,0.0140713201875141,0.0248590753279235,0.0258464689351791,0.0383218033423978,0.0206199254416539,0.00973585928504801,0,0.0246576893082504,0.0163054408845741,0.0175638164027431,0,0,0.0219505632833493,0.0266306250586493,0.0142655269238719,0,0.0243878196483026,0,0.0061643131072242,0.0289675430519089,0.0187626086256473,0.00470773390394788,0,0.0297466424930735,0.0196046348780996,0.00507055404074963,0.00353590315650854,0.0413382925554265,0.0355613924454086,0.0405285887609335,0,0,0,0.0255683527491322,0.0191584416705703,0.016204615199471,0.00859269854352238,0.0293396711174398,0.0204771735849652,0,0.0044965789081572,0.0435090403187461,0.00726750483495174,0,0.0271383500991998,0.019349471680404,0.0299583919725111,0.0735715809007941,0.0149241763119384,0.000906066609483806,0.00816298065599983,0.0332577893249623,0.0686329474796159,0.0365204198121052,0.00966565349693023,0.00433879270310813,0.0484780412879951,0.0333423075879489,0.020225935471471
0.0243149787828649,0.0181543293199543,0,0.00775818807651301,0.0234646618165379,0.0335273795400992,0.0729009243183188,0.0202884509880096,0.0303080729093634,0.0280771241063646,0.000559631542971969,0.0770761072070107,0.00102934198313973,0.0178442662275146,0.0147890023545048,0,0.0122951687006981,0.0495268904121111,0,0.016042662366483,0.0329004493636644,0.00309687728159751,0.0223345407252372,0.00883818610652078,0,0.0313615018401255,0.00981776211092777,0,0.0570328059663149,0.0386654336868307,0,0,0.00625790779850165,0.000908291071706589,0.0295682781227151,0.004685948481087,0,0.0209884525832887,0.0104047402223699,0.0277599139294065,0.0274901016137113,0,0,0,0.0212224053305037,0.0398933827185017,0,0,0,0.0402807734807004,0.0149486501192347,0,0,0,0.0344026135186924,0.0012126137675813,0,0.00695352867387594,0.0480005278262637,0.0027119703346977,0.00345851120812907,0.0212496709578214,0.0406499447205988,0,0,0,0.00511777794609901,0.00506743109676753,0,0.0184966406415249,0,0,0.0200885443204141,0.0538701889891409,0,0,0,0,0,0.029971283405571,0,0.0102858340547103,0,0.0138149091538159,0.0191471803539113,0,0.00128604186591994,0.0076885994098945,0.00516022738320216,0,0.0311256989049182,0,0.0165527432591785,0.0157148783232933,0.0226690784763902,0,0.00101261582220848,0.000224002177584387,0.0270738038811923,0.00215499917618724,0.01391795066195,0,0.0161413286764457,0.0295295989713508,0.00385052790602354,0.0108567758979398,0.0128745663013933,3.74609762501662e-05,0.0143402712749037,0.0239888237648192,0.00407396394305595
0.0285212677348339,0.0169647656318709,0.00602053012250741,0.031745442249295,0.0305408232329596,0.0214621871703236,0.0472844206369952,0.0445222806033293,0.0239860331853903,0.0445485202214623,0.0036099243939044,0.0110479842661021,0,0.0394135659599365,0.0184470735455386,0.00830701197567972,0.00118585305017195,0.0670318870882893,0.016042662366483,0,0.0312764243049027,0.0085232898515131,0,0,0.0133542782312228,0.0517907048386323,0.0123031975038484,0.0330967801701057,0.0256207670951824,0.0212625955481532,0.0132190248307497,0.0176160655122133,0,0,0.00446945512438492,0.00105446471884906,0.00380209868336706,0.0504703998403826,0.0505899738079723,0,0,0.0146887610837106,0.0248451850601559,0,0.0076518108732453,0.0222049650275824,0.0048982208075237,0,0.00623030889732079,0.014979359889993,0,0.0158501490688373,0,0,0.00432608652928678,0,0,0,0.0170908419336877,0,0,0,0.011399603590774,0.000747439204987532,0.0041645139638718,0,0.00159763642513363,0.00910488322182412,0.0112552934853851,0.0235518142872278,0,0.0108925964097005,0.0245493817382548,0.0561732538271219,0,0.0565392717949791,0.0263887949380484,0.0192684766922739,0.0223361685976565,0.0805031175221485,0.0337178306456093,0.0685908784427392,0,0.0180129942523631,0.0316799784119825,0.0333638604814398,0.0260940182243465,0.031770070192844,0.0687864947457349,0.0242042094955155,0.0470046569035849,0.00545833718970107,0.0486678567733953,0.0468300135022036,0.0209745354874278,0,0.0417207305340483,0.0395704819671749,0.0311465456808967,0.0437600817754364,0.0168723448596319,0.011893035599995,0.0122234746411342,0.0596863675542114,0.0514306832365801,0.0416314415602148,0.0542694529798928,0.0143808571968128,0.046642663264733,0.0308218726283973,0
0.0180820297824857,0.0254654453911719,0.0160465054519151,0.0311052448866742,0.0468221829083166,0.0221045945712867,0.0159852877536585,0.0307527469071394,0.0325228605857112,0.0461165051277609,0.012548144817845,0.0434652203420601,0.040700658112481,0.0304218101307295,0,0.00356364652423483,0.0127861272629508,0.0122730223748683,0.0329004493636644,0.0312764243049027,0,0,0.018385625695029,0.0411089195589963,0.0396388136763105,0.0207492060116558,0.00966668839545402,0.0229847412995076,0.0286837848485168,0,0.0409593193946522,0.029156248273345,0.0272067828430919,0.0398048974277127,0,0.031336560160982,0.0103875640665863,0.00933390075884903,0.0196194927702925,0.0500864868687584,0.00118028339283813,0.024084026939741,0.0107531891573399,0.04298323585827,0,0.0280776604184073,0,0.0100707841812035,0,0.00284249720878693,0,0.0219503843649808,0.00576855452343669,0.00485217456488611,0.00424221499802604,0.0258424399326142,0.00688139747919263,0.0165239313338702,0.00164359824295939,0.0115956502990846,0.0195734840138307,0.00508878682557382,0.01761561365961,0.0168262365338734,0.0261225967385204,0.0164759212599838,0.00679810150973241,0.0182411882473611,0,0.0128886805016587,0.0157697793161523,0.0139554514791376,0,0,0,0,0,0.00113393991381938,0,0,0.0151726249985039,0.00106618405802876,0.00393531194656059,0.00492286867475235,0,0.00199612029784111,0.0092304009843815,0.00246776841647814,0,0.0216167706426676,0,0,0.00255449349280715,0.00218461217050484,0.0217509850205516,0,0,0,0.000359560255962918,0.0152683044261573,0.00334143272496716,0,0.000620217201736921,0.0124895713277578,0.0244740804626183,0.0135217725632371,0,0,0.0316869660187145,0.0195864176142681,0.00630586464027721
0.00543515166416455,0,0,0,0.0184843491649363,0.00775787260279345,0.037507227086709,0.0134972307749388,0.00111295603252797,0.011678660734112,0.000161458361359059,0.0214134044594935,0.0115741983559978,0.0104269506087189,0,0,0.00349788264715438,0,0.00309687728159751,0.0085232898515131,0,0,0.00266936905109731,0.0133004318617938,0.00352081555058477,0.00740254281243941,0,0.0157294312005178,0.0640348212849804,0.0296700414356074,0.0195633299019758,0.0176890027123689,0.0526949164563398,0.0212252280324352,0.0233253011461926,0.0171692117078003,0,0,0,0.0812894311448586,0.0374664189357911,0.0100119056322271,0.00239229176019308,0.0190958492830582,0.0221892493261167,0,0.00467930749379794,0.00733766571020524,0.00575926877469037,0.0585332148969855,0.0409152814190528,0,0.0195502035973222,0.0229427505334775,0.0152828733505096,0.020509295417702,0.0172121582875758,0,0.00541326854552201,0.0550855926699718,0.0121222480153245,0.0259286585625591,0.00236181375134372,0.0299896772628126,0.00857422540913678,0,0.0112709172056291,0.0242548432154665,0.00434132568188414,0,0.0106671279189466,0,0.0128805705244437,0.0126508569765228,0.0254933797805532,0.0177809831590335,0.0102867523263535,0.00793774878947134,0,0.0266398251316002,0.0125058793344528,0.0121335208157137,0.00837123709882686,0.0128411914642978,0.0157584127995537,0.00935354531368178,0.0016966377929701,0.0142424264567455,0,0,0.00445202947914349,0,0.0145414737498103,0.0164945779148952,0.0230810111470701,0.00220180840376413,0.00763417500358849,0.0134912939380804,0,0.0470996737051706,0,0,0,0,0,0,0.0146351308893929,0,0.0106591841546566,0,0.0361372718977175
0.0236064958163217,0.03564192620677,0.0199404399373799,0.0458932458982846,0.0261948022107945,0.0336256142803968,0.0242135650285675,0.0248409979366316,0.0362042396942687,0.0169179840757503,0.017508490505322,0.0147328305975855,0.029429760716728,0.0136657825854458,0.0250103110305605,0.00908824967727144,0.0297896331284138,0.0517483979203564,0.0223345407252372,0,0.018385625695029,0.00266936905109731,0,0.0060573950962769,0.00650169471724876,0.0198466615339661,0.0252792343594816,0.0355268837677037,0.0362990255412331,0.0168651067613695,0.0130671581305401,0.00616845335258995,0.0146704456981155,0.0341678309740174,0.0313267436246643,0.0288992245297621,0.00659200567990981,0.00715042359382849,0.0526004812679946,0.035881197399357,0.0157897572767061,0.00811791416159929,0.0108342656926151,0.0289127711648981,0.00130754195429276,0.0332030536255832,0.00781137017459739,0.00731754940939834,0,0.00927194916115475,0.00808545717778535,0.0112685778301817,0.0121991473035822,0.0120686906415339,0.0104403306135943,0.0082177779860883,0.00025072612041161,0.0257623719120255,0.00100639731373912,0.0190965157626136,0,0.0259401743487159,0,0.0313195105716705,0.0166440688500008,0.00143046085261946,0.0224521047796346,0.0247226271611258,0.000340891824280272,0.0116867899205651,0,0.00267978632913283,0.0026208009298214,0.0163418819530231,0,0.0148373330946316,0.0203813165146533,0,0.0210088930958343,0.0166042494935452,0.0114180074718956,0.0110356893528171,0,0.00636584725540912,0.0111782497997663,0.0134278082822788,0.0131296663349046,0.0173131771552865,0.0256822403248199,0.00502758873451654,0.0145397626230844,0,0.0277483657613044,0.0319260614856727,0.0305486645927667,0,0.0201400530560812,0.0236595363771448,0.0435269740792509,0.0268616086591212,0.0105968222380259,0.00342702577920866,0.0212705889346524,0.0384862705397817,0.0439780555917618,0.0356621982537584,0.00461448572199521,0.00406473118526303,0.029116319705817,0.0202023300947522,0.00705137357421156
