0,0.00719016865916796,0.038222083963441,0.0678650762110456,0.0410915954121228,0.0383500907258237,0.022429550204661,0.00399720106222876,0.00717819771847945,0.00153313443152885,0.0119952702141792,0.0413721146115821,0.0394651629555983,0.00140850697290884,0.0488526266352412,0.0378987730218527,0.0190793334240663,0.0514533415419425,0.0152183631716575,0.00420965818210773,0.0194015426878782,0.0177868266540553,0.0299909126944079,0.0122090376186058,0.0026108178179709,0.00258956302862146,0.0147945228593926,0.0143313591246887,0.0228616458945293,0.0302410941449625,0.0307017499649884,0.00553965230861194,0.00583031895859754,0.041404880490361,0.0380130259578487,0.0217462611789452,0.00607420296193824,0.0676300910371592,0.0350674074113299,0.0348771036079321,0.0275219356592654,0.00211227343661942,0.0109490112926046,0.00243681161556938,0.0262186135207859,0.0266122433741781,0.0561938851051491,0.0325084041260658,0,0.00051563282486588,0.0224216823600507,0.00988725928661293,0.0133191095621191,0.043352454139338,0.00984448741760047,0.0377372754047732,0.00816748639323294,0.0228840611122861,0.0218568517665289,0.0154729134446012,0.0353705089959471,0.0276956364367128,0.0125570215483471,0.0191086172047177,0.0228535643899571,0.00567521174648196,0.00677512458974018,0.0108793576839905,0.0264151421382432,0.0186935714281118,0,0.00274818288905513,0.0145494135274028,0.0112633328311867,0.0179989035596858,0.0156593112663568,0.0351443845393311,0.000638647234970346,0.0661828297657655,0.00238870785828013,0.0132607975682673,0,0.00871411290427031,0.0802918130705209,0.00552522573372706,0.00565989061978951,0.0610980619227963,0.0107196018246108,0.00477949538621772,0.011661023260053,0.00298496832822555,0.00525423704375672,0.00119670073118478,0.0138749640519305,0.0248718444604522,0.0471385645368337,0.00315024140816031,0.00825713370913002,0.0530925170471133,0,0.0508709944417499,0.0209719065919404,0.0770593695602336,0.046310865486337,0.0313803660628679,0.014792864023624,0.0166415203691749,0.0172390367096607,0.0567280020603232,0.0640558722243219,0.00811771635374908
0.00719016865916796,0,0.0246109747651078,0.0973641005894972,0.070376564741002,0.0808842794529728,0.0334361130634418,0.000845769091240853,0.0382370208242012,0.0189050391673951,0,0.0457715041149384,0.07747166272986,0.00500515644434085,0,0.0240059359843657,0.0186743557361233,0.0409463668830641,0.0159206917152291,0.00150816376285433,0.00091253019711302,0.0208401825271127,0,0.00144395074185478,0.0120392626942453,0.00869272915124765,0.00213777890469039,0.0161232056083068,0.0339738478322173,0.0100140425696079,0,0.020601747621881,0.0456089755642454,0.0218186226342511,0.0600834541257999,0.0531522690890552,0.0441151571589448,0.0268341647930727,0.0273075600724327,0.0445519353313372,0.0311938160457986,0.0247927971473634,0.0151447562967774,0.0284046716410372,0,0.0752324461377697,0.000324876783552076,0.0208829549032816,0,0,0.0207711761962716,0.00147082184633099,0,0.0152195242073335,0.0323187610113484,0.035389740714522,0.0108627860690285,0.0314320810896489,0.0357575540525914,0.0180400196743707,0.0464476833226588,0.0289169000140794,0,0.0420218749711385,0.0187556195580958,0.00730889000523581,0.0219219121159812,0.00521477778806727,0.0696900335372926,0,0,0,0.020618958704942,0.017519016909294,0,0.0528080740327776,0,0,0.0421496789364365,0.0148910149534538,0,0.00885898187313594,0.008337316645367,0.00493927008571505,0.0115195387690915,0.00210011362438155,0.031411009476775,0.00470426048267817,0.0347168017610509,0.0302110557377452,0.0071854159947605,0.00637042458155567,0.0328934260823211,0.00838012399327251,0.0402796150804776,0.0337539152300925,0.0199265247141422,0.0481464810015397,0.0209519843846553,0.00746696474671109,0.0430313514944404,0.0144297294156812,0.0402337085664257,0.0366843213626038,0.0329634798924983,0.0225954246774534,0,0,0.0381115172322084,0.0363899928127412,0.01610311544936
0.038222083963441,0.0246109747651078,0,0.000659869842516427,0.0127599762128091,0.0225339874350021,0.0325079107579124,0.0249928153030211,0.0194461439511444,0.022373964942886,0.0446407951294519,0.00450555969402795,0.0213418241658355,0.0173997516354811,0.0408893810902287,0.0426472920846327,0.00762860236295971,0.0216400364001827,0,0.0281190569342679,0.034311997499423,0.0227455081958433,0.0343410341598178,0.039115998367173,0.0209115650517655,0,0.056072268190053,0.0399869011520748,0.0340787492173504,0.0134687787939431,0.0302183767221974,0.0171415180358672,0.0079060741835378,0.0174009134119693,0.0327502795774174,0,0.0119352956156051,0.0310098774586241,0.006912587131656,0.0220203219328594,0.0283945749175073,0.0133886477653287,0.0190473153565655,0.0293289118825308,0.0387974322943278,0.0136557209538919,0.0196222607766142,0.0148655322286896,0,0.00491858956505237,0,0,0,0.0141449841043578,0.0220931724514947,0.0412158791666661,0.00743035259153189,0,0.00311749665800518,0.00572118993426057,0.00264035391073858,0.0220589380991612,0.00698340549182153,0,0.00487687482849747,0,0.00420395699431533,0,0,0,0,0,0.00378266718557374,0.00568660390246164,0.0239293474822268,0,0.0194954527100237,0.00552040566447251,0.0309912388800876,0.0108874626164437,0.00889107975958562,0.0240683724168586,0.023142764160845,0.0443186699975325,0.0101284884921191,0.00370056490147163,0.0206863591672065,0.0524866443291676,0.0247164670992599,0.0100097314971396,0.0252288308732125,0.00995617900186201,0.026556136628781,0.0235485873776698,0.0173697753444308,0.0439613599616235,0.0198810642096016,0.0214152029987966,0,0.0413088448116775,0.0220785013467233,0.0193307032397876,0.0377407709833474,0.0112794254991563,0.0166988651422439,0.00915477525777163,0.0140200456447725,0.00645887731758234,0.00576213158659082,0,0.0129762575262748
0.0678650762110456,0.0973641005894972,0.000659869842516427,0,0.0353278465307205,0.0191877266566528,0.031029487186582,0.145898836215306,0.0696800947916137,0.0618050854086421,0.0917839181182875,0.0078739147185414,0.0359204827973807,0.0683409580014387,0.0465868854431893,0.0750093826212838,0.0883067241773381,0.0250375660361593,0,0.0322518142640282,0.0162259784324953,0.0185962750308572,0.0503566032520891,0.0314256699754887,0.0324325718455011,0.10949632795996,0.00564197122584305,0.0398351409178792,0.0409835378145038,0.0338107769786698,0.0336621697224005,0.0427709257238832,0.0453704027795622,0.0108110630543607,0.053457283842364,0,0.0447070802024993,0.0594348137800758,0.0136557615686077,0.0280708150618034,0.0433381789313496,0.0459832158583405,0.0386053496355824,0.0556750358724037,0.0473863939199869,0.0360428431897662,0.00510261160646515,0.05192148066747,0.0225030175413525,0.022746161872797,0,0.0617931317726118,0,0,0.0717420572821051,0.0288856500204505,0.0337796878049487,0,0.0231112806024755,0,0,0,0,0,0.054147029670007,0.00632740553476834,0.0493809915503635,0.0288744967527756,0.0195642348476342,0.0280867538590421,0,0.0238738401726795,0.0326564994894803,0.108988175568964,0.0359138701612301,0,0.0510790732661373,0.0123942956328622,0.074716952195711,0.04215938561819,0.0332907110881608,0,0.0516194549946557,0.0728161989164578,0.0507427169317698,0.0303821485424151,0.0140525871475828,0.131013949098778,0.0130342431915901,0.0609778784333203,0.0190369117274231,0.046270644192763,0.157732840561349,0.00376704749818237,0.028612080549908,0.0675305780093634,0,0.120290048467135,0.00983516339480129,0.014559631904335,0.039603701340871,0.0125321184854275,0.0865476589577928,0,0.0222537858994485,0.0289940397079776,0.054354884773234,0.018348533411505,0,0.00793024188266547,0.0456855372175558
0.0410915954121228,0.070376564741002,0.0127599762128091,0.0353278465307205,0,0.0510267834298724,0.0293492321391583,0.0911943726122416,0.0601786369661475,0.0442846835838877,0.129524993101339,0.00200694179745182,0.00475072435850457,0.0544288678663977,0.0148183463505994,0.110485357844929,0.0173806985360001,0.022971167626015,0,0.0455934262685687,0.0473075530400756,0.034812753011915,0.0699938511905968,0.0520034946457671,0.0388967789468634,0.0271964938986467,0.0500160335808935,0.0744410599488062,0.0676468590449273,0.0118813132030858,0.0176392068194019,0.0125741634823348,0.0274789981968487,0.00888279741149789,0.0112674787233605,0,0.0140188821200798,0.0573352849048402,0.00498561763753192,0.0442070214413496,0.00840472038771944,0.0358586485658601,0.0380130250417984,0,0.0033387535109579,0.00365448742577462,0.0245257563001214,0.00186335415246068,0.00256424606416572,0.0133716611483966,0.0234663746707895,0.0492031064370984,0,0.0205789441935415,0.0668808466435496,0.0232523011765826,0.00547319405290962,0.0211288552591904,0,0.0253011468205055,0.0399895712631983,0.0394819703778914,0,0.020423990457546,0.0354397142580674,0.024743221086204,0.00509724931047134,0.0349099233292389,0,0,0.0195321626161541,0.0248775721981184,0.0173030714750866,0.0720973270368001,0.0864640525498186,0,0.0138547647100964,0.0111489150428868,0.0138317901532043,0.016688613139051,0.00586334672962086,0.0416109360756147,0.0617576585913396,0.0291696023835834,0.0441953227460929,0.00206779303581586,0,0.143997679507645,0.0239387998154464,0.0437649897269958,0.0194448747638068,0.0134080168303617,0.0919351360812454,0.0129392170824746,0.0304049803626657,0.091181288329414,0.013662836768198,0.0977895044008294,0.0335295533536808,0.014843071900626,0.00507637315782636,0.0229473965715955,0.018086698787928,0.0330160396777098,0.0435309459714224,0.0202889481611039,0.0361023820264363,0.0109248086532472,0.0186589652167295,0.0225324214877713,0.0513341709370617
0.0383500907258237,0.0808842794529728,0.0225339874350021,0.0191877266566528,0.0510267834298724,0,0.0364456000573699,0.113340609571573,0.0775896366649854,0.0959718720738347,0.0997061880349521,0.0283978074282352,0.0558273324062782,0.0871135189219483,0.0436524454302613,0.0676623629955432,0.0555388869152582,0.0410957279345174,0,0.0687136348770027,0.0656399388812884,0.0409104055591732,0.0345148718833765,0.0647263030618205,0.0554574360788994,0.082013831380889,0.0331249586731955,0.0782489857692838,0.0518548491359987,0.0188674003785565,0.0532151398924283,0.0172372502996539,0.0169742941982163,0.0271789567876403,0.0843879816744551,0.00258090073811058,0.0240425166542518,0.0160706833760982,0,0.0143026818581579,0.0877963360069715,0.0585222931056964,0.0479797450716775,0.0307398451541203,0.0952177862388373,0.0491247305426892,0,0.0833810698508177,0.0261755146968292,0.0145377049680144,0.0102598146403858,0.0304980730489893,0,0,0.0935461937900539,0.0539962044983692,0.0563824389988347,0.0167070778749879,0.0281262380392737,0.00384995870755683,0,0.000322445698324129,0.00101916072601944,0,0.076950124965377,0.0280060142582351,0.0952621449804705,0.0420037961502993,0.0242840674480241,0.0388649373312615,0,0.00398497082827825,0.0213859051279233,0.133985508696549,0.0233200516255873,0,0.0319796717457125,0.0259486506767166,0.0446577200194054,0.0745030189149042,0.0401569967119062,0.0278182086678216,0.0600347510919692,0.027938312510319,0.0827856041221297,0.0406938066473702,0.00369422814852562,0.073787360795103,0.0449862998480133,0.0640406296100439,0.039903941810966,0.0726382899420731,0.103921651119938,0.0514922812396734,0.0539951124613718,0.0644881837229867,0.0125695084115571,0.105915864906963,0.035432445421663,0.0287867319183102,0.0383857131233162,0.0482799039484285,0.0370145304575786,0.0260419307383962,0.0497070236413483,0.0533728618923324,0.042003207013883,0.00524697828059378,0.0148590323193741,0.0389195817023359,0.0692791424298618
0.022429550204661,0.0334361130634418,0.0325079107579124,0.031029487186582,0.0293492321391583,0.0364456000573699,0,0.0398020026680218,0.0350300607863786,0.0641659647307466,0.0602250177884898,0.0207624643296512,0.0258030196497429,0.041474079143757,0.0178894774552097,0.0354676145790557,0.0274760102961313,0.0246284725206679,0,0.045467909881006,0.056652815804997,0.0338312876594683,0.00130453825886428,0.04415719461079,0.0345128697066117,0.0120071406554383,0.0410864890392214,0.0653868439340771,0.0347838008776265,0.00485472747150814,0.0222233279936432,0,0,0.0176763951690592,0.0493603970728394,0,0.00591825921652403,0,0,0.00135272102019251,0.0563655188544881,0.0372626922228796,0.0306069534255286,0,0.0556003173323958,0.0238642304215592,0,0.0491030674190367,0.0169845258639632,2.3065753501402e-05,0.0129429864436148,0,0,0.0047741580347366,0.0544230634832746,0.0252156888556175,0.0253386270387885,0.0177011641969609,0.0161529513682719,0.0031853930735249,0,0,0.00796407577928725,0,0.0401614886321657,0.0109392867965376,0.0596336558654605,0.0202627218575359,0.00233503331266371,0.0179367885283401,0.00522080045448336,0,0.0110345768664556,0.0544762786670449,0.0129950437140281,0,0.0209692422408903,0.0274327977375391,0.0300754134254453,0.0500089034130202,0.0293843181216937,0.0311205207767288,0.0356539874412964,0.0212976042614739,0.0461892245026683,0.0296297074174235,0.00532920310862281,0.0194687886039216,0.0281866859730455,0.0381114244720719,0.0346187508192198,0.0390162689309153,0.0271702053115616,0.0509208581778306,0.0351184239357717,0.0203198371608658,0.0197962387745047,0.0450315001380233,0.0390967471938536,0.0361474492624417,0.00311413442670196,0.0424916926716714,0.0239483052807137,0.0273274682724744,0.0344517883530004,0.0360737563629426,0.0180063806570988,0.0173566494002834,0.0206865004687107,0.0412856352886905,0.0466439535293672
0.00399720106222876,0.000845769091240853,0.0249928153030211,0.145898836215306,0.0911943726122416,0.113340609571573,0.0398020026680218,0,0.0442203298989446,0.0174090412859058,0.0196028334724624,0.0535847499459511,0.0887052657319643,0,0.0236539898775183,0.0414617017986266,0.034781608564277,0.0573063788796376,0.0151116125952437,0,0,0.0241195733020119,0.0127373755724838,0,0.00861022852881732,0.0230311958993909,0,0.00519459163318104,0.0426580398984782,0.0172799603253559,0.00576887809156784,0.0290051176441479,0.0484839758327073,0.0187635342779008,0.0772785012812454,0.0568607020935848,0.0565289377870094,0.0589643921460535,0.0355290711603235,0.0565511158797856,0.0428086168049241,0.031658518907055,0.0179027225972572,0.0335981847433102,0.00720539632764319,0.0843709340207632,0.00816112639673182,0.0288374951265411,0,0,0.0237782386148901,0.0100916196839568,0,0.0199421962502756,0.0433935412159023,0.0499017539039479,0.0197029932700131,0.0359663322536073,0.0466523374478074,0.0192465303609275,0.0571405191291667,0.0376470310277318,0,0.0428087697640546,0.0298361606080156,0.00488024132728566,0.0267223304313393,0.00356092890578099,0.0772054790318873,0.0179113575959215,0,0,0.0243727339694152,0.0150676990600181,0.000886092537483422,0.0601723174804937,0.00207645678955549,0,0.0608938560035924,0.0127320049123453,0,0.00959613485350188,0.0169375269572953,0.0249730087307187,0.0132576056556711,0.00260975132788808,0.0522697514495122,0.0261248629017085,0.0324244479826034,0.0419420688877048,0.00101243753535425,0.0015178122908646,0.0856980714123506,0.00553451550835602,0.0494389771497457,0.0697594958212969,0.0117331290601317,0.0820222216621908,0.0227189735165961,0,0.0808373184060422,0.0131533005027316,0.0655206823308908,0.0400534393518595,0.0397200320085081,0.0296464416494325,0,0,0.0433231627320442,0.049949177345785,0.0131304095654468
0.00717819771847945,0.0382370208242012,0.0194461439511444,0.0696800947916137,0.0601786369661475,0.0775896366649854,0.0350300607863786,0.0442203298989446,0,0.0130852618954661,0.039723469721344,0.030043388249689,0.06136143626096,0.0482335634297854,0,0.0329499783833636,0.012323450234339,0.0163560880472991,0,0.0284191798668529,0.0129308892212046,0.0161082223341259,0.0146446491856178,0.00278709867985421,0.00484077620194625,0,0.0097576873896353,0.0346369827307208,0.00270752448186997,0.00571056927244436,0.00185002386007646,0.0188450765217564,0.00117335724975407,0.00670570389381835,0.0450371199311082,0.0295905845360397,0.0144497384674638,0,0.00309120926376424,0.0119080972095566,0.0280122774018905,0.0171724860811203,0,0.0261292632519395,0.0145487833414982,0.0639998347359712,0.00707287538023283,0.000227064022380625,0,0,0.0126215274531865,0,0,0.0104376099828538,0.0113686187332331,0.0380654824077522,0.00027962459516981,0.0248224678333726,0.0119809772941459,0.0194999176953451,0.0419601574623034,0.0342296984764672,0,0.0315591558964128,0,0.0167751189518845,0.016441179576099,0.0153741793520351,0.0409239049314872,0,0,0,2.5476836667147e-05,0.0505953025301912,0.044535636241916,0.0305875416655243,0,0,0.00521001095691635,0.00490918155894467,0,0.0383500162705124,0,0,0,0,0.00863376600014264,0.0530768043945591,0.0471523913604055,0.0138147401518972,0,0,0.00759688634624703,0,0.0286913000407179,0,0.0249348672113387,0.0125489352931268,0.00704662231299739,0,0.0201614631949011,0.000126238366584928,0.0142971712277751,0.0271302088152406,0.0167888101216405,0.0102020842749717,0,0,0.023572038128573,0.0224081357720378,0.0473308239486667
0.00153313443152885,0.0189050391673951,0.022373964942886,0.0618050854086421,0.0442846835838877,0.0959718720738347,0.0641659647307466,0.0174090412859058,0.0130852618954661,0,0.0151023196693034,0.0185526703655002,0.0560009958736665,0.0233472963389354,0.0138596530183638,0.0304484849928352,0,0.0262182380966157,0,0.0438529373269789,0.0378847383274428,0.0211497659515891,0,0.027285567736158,0,0,0.00664174001115581,0.0231630824578546,0,0.0126107696470793,0.0410556787301659,0.0286576987941522,0,0.00749139856772816,0.0682825998359792,0.017840323061973,0,0,0,0,0.0883480288741793,0,0,0.0369562028547917,0.0874981142502729,0.0295582592177122,0.0176104177142614,0.0624766259978054,0.00240020254037285,0.00201296037045671,0.0138320225323766,0,0,0,0.00782169875357008,0.0634015145737312,0.0306721022686694,0.0244447972031491,0,0,0.0121468048099376,0.0331299601458389,0.000138247551749349,0,0.023500397520161,0,0.0338914246251511,0,0.0130634284511764,0.00533313101020536,0,0.00846582939161955,0,0.00582688480085964,0.00845364990403047,0.00804572148893599,0.0126779213669677,0.000907720322601729,0.00476421875450637,0.02287399127002,0.0270992825735202,0.0585808134642519,0.00480964303636901,0,0.0110731253698179,0.0245812463182914,0,0.00846915256512742,0.0504552983025598,0.0163594626404935,0.0155748878755472,0.0244658134430064,0,0.0299639699632685,0.0179231110747618,0,0.00209172951423392,0.0112273991134406,0.0104359167838585,0,0.0428070435222013,0.0231456688362097,0.0138517191360748,0.00875263506668235,0.0265054429711628,0.0153915545343086,0.0173843542670327,0,0.00564990083275713,0.0235493647496071,0.06487122604759
0.0119952702141792,0,0.0446407951294519,0.0917839181182875,0.129524993101339,0.0997061880349521,0.0602250177884898,0.0196028334724624,0.039723469721344,0.0151023196693034,0,0.0924458675311737,0.137159410671066,0,0.00383780218562569,0.0110903269629543,0.00871335431689069,0.0848881140859157,0.0123279658519884,0,0,0.0272806371066816,0,0,0.00978722159132013,0.00507608006546577,0,0.0110637465487616,0.0522448247134724,0.00376751687072227,0.0203383587849003,0.0242198576734266,0.0158694443572052,0.0265811323179042,0.124742531995225,0.0927306865607446,0.0481989555800631,0,0.00357845704764981,0.035877721054907,0.101986429568311,0.0277147848937553,0.0129121745198058,0.0267390751118053,0.0434658324388632,0.105768838851231,0,0.0929109172479767,0,0,0.0914811487573797,0,0,0,0.062175751062117,0.0729013123852354,0.0230535201354543,0.0858984653570187,0.0326765936719178,0.0054630946304331,0.0387676270978646,0.0448397278823757,0,0.0322345091480915,0.0498895432132393,0,0.0253659505160521,0,0.0704411913193866,0,0.0171626931211545,0.000606473888914513,0.00488106828001374,0.0160799374553976,0,0.0419365086617966,0,0,0.0267382458358201,0.0212399832387197,0.00637576564359454,0.0662771464454394,0.0382449644164234,0,0.020430264224296,0.0180596923637016,0.0257667452779723,0.0303013525464952,0.0742453496373448,0.0445113476656307,0.0193232253500858,0.00279463138494761,0,0.0395982369583189,0.0749429102350175,0.0281224633272398,0.0349327990816013,0.0438033243823724,0.0537655962087112,0.00597218049877609,0.0405628914487098,0.0387457183518775,0.0116036248679873,0.0708308509694657,0.0759353527010147,0.0470430185830197,0.032450709237504,0,0.066687069165065,0.070056714860448,0.008720853345805
0.0413721146115821,0.0457715041149384,0.00450555969402795,0.0078739147185414,0.00200694179745182,0.0283978074282352,0.0207624643296512,0.0535847499459511,0.030043388249689,0.0185526703655002,0.0924458675311737,0,0.0242777058093494,0.0275066259704631,0.0265464101814401,0.0855563828256085,0,0.0272384385899553,0,0.0268764655076317,0.0333790686030812,0.0135732830363117,0.0659475709677685,0.0338559430755928,0.0166170022329964,0.00490259209251257,0.0353655334086758,0.0470637230279788,0.0521635613731899,0.0121789239668977,0.0260214875570099,0.00905058733231054,0.0115580942083706,0.0130007145769651,0.0377701212273523,0,0.000609034630349596,0.0532239684762882,0,0.0386285462155814,0.0416296795091011,0.00704910323751299,0.0267426613327428,0.00300386679526798,0.0250544747606116,0.00564112553953505,0.0202398237152028,0.0141868933496781,0,0.00275603659729266,0.00771298706302652,0.0255848722996878,0,0.0195992633013727,0.0351318904577968,0.0614655982300726,0.00173683131366949,0.0137572615365379,0,0.0203955350856428,0.0262544955937666,0.0419707487207275,0,0.0102958243820317,0.012374426780435,0.00950489546006247,0.00662928493626445,0.0176947648139493,0,0,0.0111818695666958,0.0127987822160349,0.00472998739241495,0.0333954253712348,0.0568309199718332,0,0.0180943511713105,0.00322707200547343,0.0160318487467562,0.00857261323170891,0.0034651587938617,0.0530972864449215,0.0325873640028652,0.0338938229448181,0.0162307041400064,0,0,0.107804348950029,0.0491906343294065,0.0179320860979666,0.0196186763705064,0,0.0573223770433086,0.0111291565762018,0.0128905781046447,0.0616438530646661,0.0188789646841514,0.05433103760411,0.0221636818163474,0.0201748433656062,0.0120438202407967,0.0211631973371964,0.0183783371339728,0.038918998878727,0.0237798414987837,0.0156371835672868,0.0385461866372076,0.00397847283421817,0.0133474098853814,0.00145059217336638,0.0253394397024539
0.0394651629555983,0.07747166272986,0.0213418241658355,0.0359204827973807,0.00475072435850457,0.0558273324062782,0.0258030196497429,0.0887052657319643,0.06136143626096,0.0560009958736665,0.137159410671066,0.0242777058093494,0,0.0574615276262647,0.0141136872533513,0.105732082727927,0.0220164060211593,0.0296368071241636,0,0.0516428464917291,0.0584743035664454,0.0341951015639645,0.0670807944438251,0.0594257149812367,0.0426599478559067,0.0228851438005045,0.0515347861851665,0.0807639497305309,0.0627970458119881,0.00821683986028708,0.0198697977324604,0.00976433107674988,0.0131936909952527,0.0250369049839713,0.0369409332955747,0.00687010692331941,0.00528820287167097,0.0328750282642833,0,0.0211406128979772,0.00415357056032649,0.0407538586613805,0.0362374790745677,0,0,0.00339630931247229,0.00121907391451119,0.0360660756037071,0,0.00160001750075094,0.0254262706173597,0.028169301247999,0,0.0287387446217667,0.0670931826947738,0.017549630373499,0.00934906741874538,0.0325977531794055,0,0.0369263053778896,0.0545443460063312,0.0391543165322306,0,0.0359788681355299,0.0527864683571782,0.0387999285641869,0.0143265083931138,0.0474072351954225,0,0,0.0147876764450473,0.00646398514941141,0.00936486735935031,0.0787906176348221,0.0644649498410768,0.00442731450186651,0.00198161076948983,0.0194344664971664,0.0186698388933846,0.0269456779142517,0.00799485523061504,0.0302333815487013,0.0580702744516996,0.0246470892651535,0.0543000235317003,0.00856391153265798,0,0.128253482962837,0.0202293165971678,0.043774102490098,0.028539512017827,0.021674198839857,0.087038996144727,0.0474856256658182,0.0381105720082525,0.0692284972124787,0.0151625353797734,0.0938442034308125,0.0452238461619664,0.0285067112000171,0.00189452242389762,0.0365860084033117,0.0187570055992309,0.0407656244229984,0.054591188132351,0.0299811378599514,0.021487261216157,0.0101384571109559,0.0289030173367081,0.0327177880676972,0.0542039422468019
0.00140850697290884,0.00500515644434085,0.0173997516354811,0.0683409580014387,0.0544288678663977,0.0871135189219483,0.041474079143757,0,0.0482335634297854,0.0233472963389354,0,0.0275066259704631,0.0574615276262647,0,0,0,0,0.0160668745654385,0,0.00694558530747712,0,0.0117493266397243,0,0,0.015232065001475,0.00509573068349032,0,0.0100842316791241,0.0124351145345465,0.0103834157553588,0.0125574652123049,0.0364162318315111,0.00801714566587803,0.00977185128819368,0.060634238231857,0.0221530392284889,0.0370105097831126,0,0.00265547798299643,0.00187387355133579,0.0539514313661794,0.0280803469597114,0.0103107065456086,0.0423044144790968,0.0405051132059285,0.0536927508283019,0.00182839165185028,0.0298022041338811,0,0,0.00484320595389608,0,0,0.00107634410488524,0.0422985219906461,0.0391142605954446,0.0278221119997577,0.0118466868450197,0.0233027317078553,0.00526761250575172,0.0235575071963998,0.0243892891017601,0,0.0125045357658227,0.0210663587396234,0,0.0442199587594782,0,0.0347268178805601,0.00366647598584391,0,0,0.00411203967343175,0.0142342685968338,0,0.0230363707515354,0,0,0.0156521224092721,0.0314265134506435,0.0094451491856543,0.032522786837886,0.0155518719975245,0,0.020504497928925,0.0168970026477611,0.00725105063009763,0.013132422453334,0.0541205589254937,0.0359799126129476,0.012864221725354,0.0175876957769844,0.0117746148306073,0.00247925761111417,0.0392170219458629,0,0.0142201913236522,0.055519963014752,0.00261992281598829,0,0.0325545687670474,0.00842722264670808,0.0161995780967487,0.0200470888023615,0.0243988536304102,0.0271607131471514,0,0,0.0190362994605926,0.0212835491489989,0.0275028228671929
0.0488526266352412,0,0.0408893810902287,0.0465868854431893,0.0148183463505994,0.0436524454302613,0.0178894774552097,0.0236539898775183,0,0.0138596530183638,0.00383780218562569,0.0265464101814401,0.0141136872533513,0,0,0,0.0601405705748096,0.0213555608556784,0,0,0.0114830547535338,0.0118644550310681,0,0.00422031090154883,0.00457294398596146,0.00420205398901849,0.01105282526024,0,0,0,0.0290166567299473,0.0131254258087626,0,0,0.0119991912779397,0,0,0,0,0,0.0270409255647301,0,0.0109846733525948,0,0.0315898133021733,0,0,0.0246598242258293,0.0377666347079235,0.0181363173970539,0.0261159067255589,0,0.0108187475554941,0.00588606652642438,0.00302863733243094,0.0270536925601928,0,0.0271375679913591,0,0.00945510422992791,0.0373753971695417,0.0331712328695071,0.0102428092850051,0.0159466667065485,0.00737814862259492,0.0206119976923241,0.00367467509493552,0.000964251159921608,0,0.0117742126917333,0.0159374033021281,0,0,0.0317192685225837,0.00629012298868272,0.00874258289537469,0.0252934111420613,0.0259125503126274,0.000619407351753072,0.00498519219220734,0.0118754288558345,0.026439122531753,0.00866829706528279,0.00279330185727664,0.00279014592841974,0.0158130716954158,0.00892239915102168,0.0185687777251633,0.0118579118170111,0.0103959201863282,0.0105108902345289,0.010714551125547,0.0256970886446985,0.0292861810362676,0.00998289743972069,0,0.0267736572583532,0.00542620520615899,0.0722982920355558,0.0352163467149237,0.00476921598838704,0.0278073253995912,0.0215891253187401,0.0397621089000474,0.0123873612642146,0.00414105008718017,0.0563527084534579,0.0315486770469741,0.0470801196948563,0.0461814554521836,0.0226961953843338
0.0378987730218527,0.0240059359843657,0.0426472920846327,0.0750093826212838,0.110485357844929,0.0676623629955432,0.0354676145790557,0.0414617017986266,0.0329499783833636,0.0304484849928352,0.0110903269629543,0.0855563828256085,0.105732082727927,0,0,0,0.0161096340562252,0.0519668458640629,0.0163789842054488,0,0,0.0372956472883818,0.00373672735847321,0,0.0279687928241683,0,0.0132228719451105,0.0171623241608584,0.0620610923249585,0.0131020751600042,0.00675112856955835,0.039005045186116,0.0195543473613349,0.0290982299864142,0.0855963724549867,0.0417501929215191,0.0466335986082909,0,0.00880746908385815,0.0323434001740292,0.062777749120492,0.0326977183782415,0.0274043338901482,0.0456527903330855,0.0239622997754728,0.0953609162325035,0,0.0575236471934394,0,0,0.0591111169502261,0,0,0,0.0651171397245016,0.0482209960552716,0.00763107520875053,0.0473008569528942,0.0254646707888304,0.00241863381385902,0.0307300335419318,0.0265976858085479,0,0.0217749839577528,0.0350473258118309,0,0.0237616139598422,0.0015300655719709,0.0662862874612774,0,0.0183320653462415,0,0.00938486432206885,0.0252519145449086,0.0131576534802699,0.028115488214043,0,0.00922251897972997,0.00951495492389069,0.0248759128651344,0.000150838881220477,0.0458346755835328,0.0301141146292339,0,0.0276649915589804,0.0135114072784959,0.00346587647280504,0.0577306149646784,0.0736043820532649,0.0449997805127646,0.0156811666675674,0.00647143752852948,0.0118953945754039,0.0278810951654652,0.0679016864221011,0.0109241429151359,0.0451587807399071,0.0370891028585932,0.0434811717542021,0.0168444366946669,0.0212623808749887,0.0315522678302199,0.0135095061565907,0.0720387181277782,0.06729865379596,0.0363435608970844,0.0134565477605274,0.00474772400476757,0.0734857007920106,0.0646025696167143,0.0241704900199476
0.0190793334240663,0.0186743557361233,0.00762860236295971,0.0883067241773381,0.0173806985360001,0.0555388869152582,0.0274760102961313,0.034781608564277,0.012323450234339,0,0.00871335431689069,0,0.0220164060211593,0,0.0601405705748096,0.0161096340562252,0,0.00867759878244781,0,0.0028382950890029,0.0250618350275506,0,0.0189179994523273,0,0,0.0309161784986805,0,0,0,0.0203449699626666,0.0258550751187517,0.010678168601779,0.0113981518670215,0,0.0234707581850294,0.00929750897704665,0.00508129770525628,0.0157048851572399,0,0,0.0183466263638319,0.00383166011599827,0,0.0470659323029143,0.0333206628000252,0.0144457939915398,0,0.0140569571032112,0,0.00178361809358126,0,0,0.0117894619119931,0,0.00972875970608317,0.0197572125495425,0.00275669039575742,0,0.0058227483482788,0,0,0,0.00845800945688306,0,0.0168759032199695,0,0.0290395772347966,0.00124573530923127,0.00899937112165159,0.0377003939623089,0,0,0,0.00645102654563818,0,0,0.0132513602419879,0,0.0552043753548417,3.68257754139231e-05,0,0,0.00146960568146798,0.0249025587485258,0.00274283394570444,0,0,0.0493849735839423,0,0.00843600478691907,0,0,0.0923746873521405,0,0,0.0112069829170538,0,0.0564032799315136,0.00422255762440215,0.0116347744926736,0.037845301033413,0,0.06884082535123,0,0,0.00465940504620589,0.0176399201017523,0,0,0,0
0.0514533415419425,0.0409463668830641,0.0216400364001827,0.0250375660361593,0.022971167626015,0.0410957279345174,0.0246284725206679,0.0573063788796376,0.0163560880472991,0.0262182380966157,0.0848881140859157,0.0272384385899553,0.0296368071241636,0.0160668745654385,0.0213555608556784,0.0519668458640629,0.00867759878244781,0,0,0.0123825637075228,0.023470858182279,0.00263842997621132,0.0791500337965994,0.0116068513459189,0.0122379387522904,0.00149566434503866,0.026899905429282,0.0394348830847254,0.0254726071948645,0.00351304909679825,0.00829632192547864,0.0135733531828183,0.00760563602254382,0.00986783285013916,0.0154177955355923,0,0.0020611966941183,0.0307079283927755,0,0.00761423814338676,0.0139659403189393,0.0188926265788378,0.019532092022283,0.0118917689326855,0.00777628449274844,0,0.00991096909384801,0,0,0,0.0138962922294601,0.0106996166107864,0,0.0105190465524313,0.0302841537845869,0.0173078486813507,0,0.0235658261970813,0,0.0188938430821482,0.030091497193569,0.0260362432535603,0,0.019891274740349,0.0101095374229404,0.0199857939890898,0.0064671854313563,0.0256783278172892,0,0,0.00815138249864593,0,0,0.0428808925124308,0.0429630879732632,0.00732423743286412,0.00199792095466292,0.0133835560036928,0.0173127433966694,0.00988803039956304,0,0.0523252391921544,0.0158590792310509,0.0279217998969805,0.00973500736810202,0,0,0.111098385882928,0.0402388190887653,0.011672498738844,0.0108515233242366,0,0.0613528877124682,0.0151931362316079,0.0055831467151281,0.0341880275173136,0.0235079544152461,0.0453127217534066,0.0509469847683038,0.0272506358840501,0.0178565589752181,0.0192376350240199,0.0218661295727022,0.0593333859219319,0.00707754015240564,0.0147023197633513,0.0365594181911864,0.015643335674292,0.0452112589031512,0.0408165866032261,0.0294321352928803
0.0152183631716575,0.0159206917152291,0,0,0,0,0,0.0151116125952437,0,0,0.0123279658519884,0,0,0,0,0.0163789842054488,0,0,0,0,0,0,0.00949534513168921,0,0,0.00159453810084332,0,0,0,0,0,0,0.00221998588588613,0,0,0,0,0.00875007738001526,0,0,0,0,0,0,0,0,0,0,0,0,0,0.00249007724929927,0,0.00106227440216675,0,0,0,0,0,0,0,0,0,0,0,0,0,0,0,0,0,0,0,0.00294652694484902,0.0140605787655169,0,0,0,0.0049502572536912,0,0,0,0,0.0157494795734535,0,0,0,0.0415802709442353,0,0,0,0,0.0310587672883975,0,0,0.0044127213917343,0,0.00530019291244564,0.00319399618650497,0.000976913526784838,0,0,0,0,0,0,0,0,0,0,0
0.00420965818210773,0.00150816376285433,0.0281190569342679,0.0322518142640282,0.0455934262685687,0.0687136348770027,0.045467909881006,0,0.0284191798668529,0.0438529373269789,0,0.0268764655076317,0.0516428464917291,0.00694558530747712,0,0,0.0028382950890029,0.0123825637075228,0,0,0,0.0175226713406728,0,0.00919512345869229,0.0417522148947929,0.0140539483844426,0.00430254572613048,0.00256071715568469,0.00768373395589426,0.0124897255311466,0.0281580660913118,0.0464751501312101,0.00190736528733407,0.0133616099431224,0.0660633335141443,0.0116743527216856,0.0271882026449155,0,0,0,0.0792052524640646,0.0260654082640934,0.0129764650662476,0.0518199915417364,0.0685545956064982,0.0391593965208798,0.00625205535774218,0.0515703201582952,0,0,0.00138987484393353,0,0,0.00257317818048892,0.0377767050435092,0.0456302648114394,0.0481705717498998,0.00493459639668025,0.0172975100318494,0.00622284104246377,0.0161167348551453,0.0274947864522674,0.000783569089868688,0.00398844923567755,0.0262532698512126,0,0.0576108604321775,0,0.0217439314014798,0.000482130281344769,0,0,0.00182567852315789,0.0119377564553021,0.0047823576000271,0.0114627286496105,0.00123403913437544,0.00567208391593443,0.00774142482008466,0.058370839062008,0.0243069313462199,0.0434089916126639,0.0260561757469766,0,0.0460501067336822,0.0343537045904134,0.0023633360271668,0.0144068323313994,0.0750654305257537,0.0305359623169699,0.0384304196314273,0.0614973575113961,0.0060117661426707,0.0209063840477772,0.0431390778332658,0,0.027258715657575,0.0371841778781294,0.00778416593727995,0.0146808377730644,0.0306980326345912,0.0274984012360697,0,0.0231151783948534,0.0309630799914893,0.0346266278886959,0.0078598837514507,0,0.0242996068525238,0.0240585407350084,0.0207063034123525
0.0194015426878782,0.00091253019711302,0.034311997499423,0.0162259784324953,0.0473075530400756,0.0656399388812884,0.056652815804997,0,0.0129308892212046,0.0378847383274428,0,0.0333790686030812,0.0584743035664454,0,0.0114830547535338,0,0.0250618350275506,0.023470858182279,0,0,0,0.0164234190426284,0,0.0107472799004066,0.0218976919871209,0.0167921693019419,0.013342365824433,0.00545970757235896,0,0.0115675264160031,0.0569687600414825,0.0483065255273316,0,0.00761554487293961,0.0725818182440302,0.0152165122467848,0.013360392905755,0,0,0,0.0910986309337065,0.0163476711051427,0.007358643368003,0.0723675243601914,0.0935890680390095,0.0375719761836345,0.00896934502914489,0.060787149143919,0,0,0.00512272438803913,0,0,0.0151567311612271,0.0238823879912348,0.0694090647463116,0.0486210605754809,0.0112056285369943,0.00939157967453414,0.0203884105333366,0.025424861010342,0.0400965352505885,0.00696005837452244,0.0121451544797283,0.0245763572041511,0.0136989424435772,0.0534318159381762,0.00326494330404457,0.0249060838412605,0,0,0,0,0.0214512992463316,0,0.0129452195066636,0,0.0320091310719089,0.0149747019811731,0.0581558165613823,0.0239159844025354,0.0485605999037521,0.0211679569690769,0.00653098371827112,0.0289501264982246,0.0310241317032871,0.00512094222957634,0.00877311705323029,0.0710031616397841,0.0160921832394847,0.0383288374850725,0.0536401625809696,0.00118908158351102,0.0373168911598988,0.0321885892079928,2.21460249705011e-05,0.0350481849327319,0.0211412771432309,0.0236615440376283,0.0503813718709084,0.0542507587724497,0.0367000152797119,2.01703960403596e-05,0.0280393320225993,0.0303624950398014,0.0321491666785204,0.0213324666249259,0.00754658210438241,0.0368853115193558,0.0342528568384715,0.0280568825179041
0.0177868266540553,0.0208401825271127,0.0227455081958433,0.0185962750308572,0.034812753011915,0.0409104055591732,0.0338312876594683,0.0241195733020119,0.0161082223341259,0.0211497659515891,0.0272806371066816,0.0135732830363117,0.0341951015639645,0.0117493266397243,0.0118644550310681,0.0372956472883818,0,0.00263842997621132,0,0.0175226713406728,0.0164234190426284,0,0.0277988916627553,0.0214492860977638,0.0190330330451713,0,0.0545044689211109,0.0244020315075328,0.0254856044372869,0.0172454017454934,0.0314162879074179,0.0260789938362131,0.00709501253632888,0.0186612566003919,0.0457424374839385,0,0.0144762671142105,0.0148438475402815,0.00537422087273527,0.00730081133140433,0.0565674461616374,0.00199284773752841,0.0270615784754486,0.0269112079089366,0.0449238983949393,0.013163786866439,0.0280893321396308,0.0304849973748715,0,0,0.000837227081336159,0,0,0.00838533203241917,0.0185479600032502,0.0391473533985041,0.0176520435190684,0,0,0.00730735528725942,0.0127518256515181,0.0255413637434934,0,6.06131418781613e-05,0,0,0.0181158110592684,0,0.000444655249831357,0,0,0,0.00217786611648885,0.0149063581407803,0.0481866883058586,0,0.0110614929499686,0,0,0.0176471343916718,0.00942912260235976,0.0483215523999568,0.0367380378402052,0.01192843894455,0,0.00913312276315898,0,0.0643597893137243,0.0762525585767846,0.0153510238662725,0.0191297538111786,0.00510162921042799,0.0181561433660537,0.0213312356671288,0.0205606813963988,0.00899000400675946,0.0192058671753267,0.0171559187198303,0.00432136859495152,0.00195719579968827,0.00783524452852092,0.0191362091196314,0.00482573044590953,0.0179328499488083,0.00834120944113051,0.0113594623473665,0.0226124485436342,0,0.0266913636588038,0.0187654448058187,0.0262035917261604
0.0299909126944079,0,0.0343410341598178,0.0503566032520891,0.0699938511905968,0.0345148718833765,0.00130453825886428,0.0127373755724838,0.0146446491856178,0,0,0.0659475709677685,0.0670807944438251,0,0,0.00373672735847321,0.0189179994523273,0.0791500337965994,0.00949534513168921,0,0,0.0277988916627553,0,0.010512951979439,0.00765030400154002,0,0,0,0.0117803574457576,0,0.0205010516367242,0.000173861772015027,0,0.0062531030422839,0.0488920816395481,0.0340225233664372,0,0.00487551436289688,0,0.0115067185357476,0.0537075155247814,0.00168592345610879,0.0117831942051185,0.0103678204997598,0,0.0480282424293849,0,0.0447079831948585,0,0,0.0465909169478808,0,0,0,0.0211645743894304,0.0571285224275772,0.017631289750155,0.075278162855577,0.0135480784177125,0,0.0287455065150961,0.0349768795620043,0,0.0197323417021306,0.0350833746786261,0,0.0256654612975471,0,0.0349552524081802,0,0,0,0,0,0,0.0273436266695373,0,0.0059664273765088,0.00358780457872063,0.0151280639697375,0,0.0559749645153624,0.00347601599668524,0,0.00699140199141794,0.0135152462321769,0,0.0144280291007673,0.0619429318891819,0.015515415391726,0.00621704157223605,0.00308858813624935,0,0.0352362651872312,0.0438976607977002,0,0.0419338872227661,0.00192917817204792,0.0581744720571232,0.0162024604889945,0.0181625086441665,0.0434816511194063,0.0119331084335307,0.0693850015907939,0.0536696477536105,0.0462866848598755,0.0448926628109866,0.0170678454680956,0.0550409267355842,0.0639309991294999,0
