0,0,0,0,0,0.0326496719835104,0.0407260858061747,0.0214489594744967,0.0068069227903108,0,0,0,0,0.0219166939479236,0,0,0.0182099234716357,0,0,0.0232599132722602,0,0.00420835472520812,0,0.0184177109617528,0.00763949479157307,0,0,0.0116188573222279,0.0122166377081645,0.00655978229936183,0.00347912238960022,0.00280687869014198,0,0,0,0,0.000128937077130957,0,0,0,0,0,0,0,0.00343232639243087,0,0,0,0,0.0207389461579707,0,0.0264689006417985,0.0190535686841181,0.00259130336411006,0,0,0,0.0215840773963967,0,0,0,0,0,0,0,0.0434443559236,0,0.0489291813824143,0.0184393826978363,0.0144536323574363,0.003143319071952,0,0.0233251028427943,0,0.00995515634294852,0,0.000913824729600964,0,0.0141747034031656,0,0.00734374651423069,0,0,0.00222227230941795,0.00126962074793347,0.00873044022589211,0,0,0,0,0,0.00665938992438667,0,0,0.0154301642213276,0,0.00721907906858675,0,0.0367019211366261,0,0,0.0219649136762336,0.0209355820852201,0,0,0,0,0.00358753703792866,0,0.00426431609374683,0.0646046489703303
0,0,0.00064264962603977,0.00133269039946767,0.0280888759185108,0.0227288944829656,0.0110623450664999,0.0129420818352411,0.0130923690109812,0.0107596272231349,0.00912610370738111,0.00400749057269537,0,0.0166949197186644,0,0.0173139368984804,0.00431436601940814,0,0.0060265664076786,0.0137456945482338,0.00971837705973315,0.00853871360955019,0,0.0167258120467695,0.0148887017187007,0.0128272100042859,0.0111348522161005,0.0214923855049128,0.00067016325102752,0.0277971375826809,0.0148053431076454,0,0.010047958767514,0,0,0.00467623607653577,0.00501046027040121,0,0.00851363521455113,0.0012217907411368,0,0,0,0,0.00862813074420559,0,0,0.0144595121597291,0,0.0346305033874923,0.0241337149530964,0.0172570020373064,0.0085375442661157,0.0244463177180684,0,0.00291297678019712,0.00574377918896398,0,0.00657503307735669,0,0.00704132127266757,0,0,0.000672140332130979,0,0.0633770321559137,0,0.00159808224337322,0.0496607015671072,0.0235371355582534,0.0189639389915571,0.0175574875920032,0.0487249504419854,0,0.0251556246834463,0,0.013243739553267,0.0188271269812927,0.0395557371956747,0,0,0.00220041562284191,0.0278413757497917,0.015178649750962,0,0,0.00353443082494984,0,0,0,0,0.0269963413537639,0.0133374473006484,0.00612907924233254,0.033122793776512,0,0.0243991707503153,0,0.0162499101469098,0,0.00219037940187227,0.015882426642408,0.00260040422341753,0,0,0.00311555552647747,0,0,0.0194956711129635,0.00839621955720872,0.0236239325412516
0,0.00064264962603977,0,0.0276386254606574,0.0162096241734683,0.0293172572935364,0.0498476319273971,0.00356906261743386,0,0,0.0108957188173787,0,0,0.013773846892886,0.0175801407122425,0.00133433026191195,0,0,0,0.0152231041922193,0,0.00631583848957195,0,0.0128381852291729,0.0190011642833082,0.0157298780329928,0.00140988152587734,0.012646034083661,0.0157692734162538,0.0367965722755465,0.0248903597741341,0,0,0.01066646707003,0,0.0143713133437984,0.0551190303143718,0,0.00482235924656366,0.00289700518062649,0,0.00424666156804959,0,0.0162412886151923,0.000746212846640259,0,0,0.00123408567028559,0,0.0237137462295312,0.0071876237837973,0.021567411892326,0.0114390183495298,0.0312728536897855,0,0,0.0171922009451651,0,0.00115910133339266,0.0306170261792595,0,0,0.00126619083732082,0,0,0.0911842523698812,0,0.00964624724178744,0.0514128925527002,0.049207450043367,0.019384989556856,0.0406768977131806,0.0631046154698092,0,0.00245942875512093,0.00117395154561529,0.0257624490470468,0.024701457897069,0.0373846481778605,0,0,0,0.033872409691424,0.0125967923065553,0,0.00463946433366143,0.0116754064592109,0.0226045507157004,0,0,0,0.0246367341574966,0,0,0.0290594711573638,0.00988361859359243,0.00642555682096945,0.0180046887047004,0.0366491267926642,0.0159079240136483,0,0.0546120935209921,0.0134994739509584,0.023049937759694,0,0.0159558081009023,0,0,0.0381276959575841,0.000720114114465416,0.0478077922287451
0,0.00133269039946767,0.0276386254606574,0,0.0414418196406193,0.0220231901079697,0.030648221941539,0.012698962596625,0.00957166691540278,0.000216754387870825,0.012378264326298,0.0017387206127713,0,0.0144383418147277,0,0.0304723403731931,0,0.00914560833171076,0,0.0132431215860934,0.0107201751374267,0.0167467362819634,0,0.0154877115911415,0.0182721699806533,0,0.00226237725888903,0.0133383081070176,0.0076364497835876,0.00911009921703895,0.024313604244868,0.00572389305371759,0,0.0122811351723262,0,0.00495584164296533,0.0181937353769494,0,0,0.00741384318762963,0,0,0,0.0338599978457892,0.00216551713385112,0,0,0.0156149647010348,0,0.0379790766870916,0.0459871823024623,0.0263279722033841,0.0150869900895542,0.0252353472990664,0,0.014002965566145,0.00304197159159493,0,0,0.00720736264925142,0.015250036565119,0,0.00892671181821593,0.0266084967073972,0,0.0786787273658922,0,0.0152318200894978,0.0494121909432981,0.040843527733031,0.0164842296127112,0.0109057530861196,0.0451545476200614,0,0.0136624559695089,0.0033078036288655,0.021507921906144,0.0186103388206117,0.0399318624700955,0.00447282484976185,0,0,0.0271198802140458,0.0116555310324589,0,0.00802098795553503,0.00319150702068311,0,0,0,0,0.0274334262403866,0.0388958075259868,0,0.0296140365164091,0.011753726462333,0.0280130432539278,0,0.0150859519753375,0,0.0193217037230794,0.0373872733743874,0.00217041750435681,0,0,0.0317995181983573,0.0204523644839451,0,0.0233075629366453,0,0.0279999884512229
0,0.0280888759185108,0.0162096241734683,0.0414418196406193,0,0.00639982224635555,0.0527829077130315,0,0,0,0.0273147803701658,0.00428188197809271,0.0727417701051162,0,0.0267948261872758,0.0228969986572741,0,0.0622661290481822,0.00262889636895462,0,0.0713651032159812,0.00125587243012799,0.0437809342352741,0,0.000417021358405778,0.0552460921244157,0.00215945053973595,0,0.00513838778535999,0.0402038416107472,0.00360577886058226,0.0151103952959018,0.0200363880326832,0.000599173414747756,0,0.0104337098853403,0.0614202866301438,0.0363691165531861,0.02694373508622,0.00169996245470876,0,0.0392094308668262,0,0,0,0,0,0,0.0287052630369304,0.00602739367522541,0,0,0,0.0146119419417732,0,0.000638376194331367,0.00929801830016775,0,0.023059828420956,0.0455888320496962,0.000521820586098191,0,0,0.0055175134202225,0,0.0707511577695103,0,0.00357482032023689,0.0435523223706052,0.0445050003107854,0.0166697439156531,0.0297434022576873,0.0511836311863189,0.0330214386591445,0,0.0121690975855214,0.0256022317044898,0.0297549935841026,0.0292575758801187,0.0101610316946784,0.00135928348988092,0.00644822503463142,0.0426932868519974,0.0159673616913402,0.000949089329048156,0,0.0264772466179407,0.0261996181033383,0.000655711425710867,0.0108743637265541,0,0.0169895509800079,0.00932985397609637,0.0513116471440845,0.0211199846257992,0.00772047590342277,0,0.0261491898183859,0.0273740975507523,0.0447143682411183,0,0.0490753529586653,0,0.0189115047392004,0,0.0289183246276948,0.0195597443199944,0,0.0345914709573522,0.00321768414543602,0.0410586147612129
0.0326496719835104,0.0227288944829656,0.0293172572935364,0.0220231901079697,0.00639982224635555,0,0.0729595209402497,0,0.00920556824561122,0,0.0240563733261344,0.0273834112922786,0.0589161237703896,0,0.0185486953296493,0.0333295536896442,0,0.0160242920697312,0.0268269557296591,0.000416760633245268,0.0443307871364163,0,0.0389047234788232,0,0,0.0451668772239308,0.0270969415797357,0,0.00286732265941724,0.0399471495300836,0,0.0106954032209559,0.0645419042882153,0,0,0.0164284868374912,0.0265346278077058,0.0416424517674832,0.0591465168897697,0.00591769279372999,0,0.0226399635888179,0.016702397178954,0,0,0.000998202815341391,0,0,0.0353033608033475,0,0,0.0165250938077846,0,0,0,0,0.000391943133289568,0,0.00248343076278459,0.0134381017061165,0.00560477694269042,0,0,1.95229237573048e-05,0,0.0330219668419525,0,0,0.0281211625327013,0.0548727847646528,0.0249872961116743,0.0254732392324041,0.0493769141590605,0.0119146820898763,0.0025204076585422,0.0243475900541796,0.0384497681662701,0.0358270702007824,0.000800733956469893,0.00494954215282184,0,0.0020785584808823,0.0430280966171907,0.0269654824792306,0.0284109949724801,0.0103729109323679,0.0154496250828833,0.0263217549641574,0.000519955592618488,0.0226816008446709,0,0,0.0240674897751423,0.0251177098280287,0,0,0.00289261546782833,0.0191268373958715,0.0441206206129382,0.0374848724516179,0.0372141012084641,0.0381339133377083,0.00242194463290963,0.0364421122941131,0,0.0127834691376631,0.031054219317234,0,0.0152925555350151,0.0132283859669301,0.0680761099639932
0.0407260858061747,0.0110623450664999,0.0498476319273971,0.030648221941539,0.0527829077130315,0.0729595209402497,0,0.0200648570300497,0.0496285304015809,0,0,0.0503575035573598,0.0520394610652389,0.0191769593579251,0.0202211461041184,0.0584309932854973,0.0553863043010829,0.0252392771228928,0.0347920052653519,0.063479558652594,0.0633740780460399,0.00243974843332114,0.0270320491011586,0.0739202485783635,0.0363535878797008,0.0334641404261555,0.0556088531856972,0.0662259616076576,0,0.00415631174575798,0.0113072943891311,0,0.0789015752903284,0.0049937140943614,0.0105483747184337,0,0.0113357045207122,0.0382507930159354,0.0570827557574916,0.0156950321712641,0.0048892883519936,0.0110068264280336,0,0.00389266481416799,0.0332025399242869,0.00869844250533043,0,0.0367887857688679,0,0.0656367818223675,0.0284523826254333,0.0852642360274245,0.0319972200922259,0,0.000110411357938562,0.0290880334133369,0.0128592788477665,0,0,0,0.0254520975652071,0.00165732807692581,0,0.0359257356405715,0.00425741604384721,0.0615779154804986,0.00576941944818728,0.0129722666332122,0.0491536639958981,0.013502258202709,0.02842793160093,0,0,0.00675684836009141,0.0363974641643774,0.00132429202818063,0.025800676950209,0.00248461930822631,0.0555821577207665,0.0371962605574391,0.0138585690438653,0.0110018783993109,0,0.0244151484986325,0.0311174988151691,0,0,0,0,0.0442340457859978,0,0.0322849268312526,0.0476271743736022,0.0326450686138646,0.0542642403762325,0,0.0695655904130407,0.00288505665422776,0.0164624527691886,0.0341336204978058,0.0787903242966595,0,0.0111909623341413,0.0276522296495577,0,0.0325585654359374,0.0538529287719594,0,0,0,0.0300819618430212
0.0214489594744967,0.0129420818352411,0.00356906261743386,0.012698962596625,0,0,0.0200648570300497,0,0.0436661569073859,0,0,0,0,0.0014898995123176,0.0172353392817099,0,0,0.00208851268311747,0.00867549873616785,0,0,0,0.015634044993297,0,0,0.0228466941904026,0.00495273426894233,0,0,0.012963641073556,0,0.0234047414417515,0.0221127717821988,0,0,0,0.0159221621972694,0.0195753843109763,0.00637155042793359,0,0,0,0,0,0,0,0,0,0,0,0,0,0,0,0,0,0,0,0,0,0.00843081202737806,0,0,0.00114221676640478,0,0.00103127854459437,0,0.0015243320881789,0,0,0,0,0.00654648358457307,0,0.0036736233859491,0,0,0,0,0,0.00998706749153595,0.0140949150163409,0,0,0,0,0,0,0,0.00470117195631475,0.00623002260405347,0,0.00622235872081604,0.00683022247831884,0,0.00247523941553689,0,0,0.0165447556039996,0.00366583851742901,0,0.0211196114568384,0,0.00780356669688592,0,0.00143346726328538,0.0101952352106953,0.00385669316009836,0.00445387079646513,0.0122424351858305,0.0184521525484196
0.0068069227903108,0.0130923690109812,0,0.00957166691540278,0,0.00920556824561122,0.0496285304015809,0.0436661569073859,0,0,0,0,0.00162149298868421,0.0351312889084263,0.0156885209629554,0,0.00514208827887159,0.00333611790528512,0.00438411979959412,0.00863340908232932,0,0,0.0173385918883791,0.00571417554184221,0.00854166053514811,0.0242600670952462,0.0065795186936172,0,0.00117998062616325,0.0240637359892187,0.0139062440251935,0.0187705058629357,0.0159814044879585,0,0,0.0106157144539811,0.0218765653838354,0.017490722916151,0.00390746859019793,6.3962658688509e-06,0,0,0,0,0,0,0,0,0.00967398251846216,0,0,0.00468615126768783,0,0.0066000141782499,0,0,0.00700162192741857,0,0.00499076394945948,0.00452469656238324,0,0,0,0.000705668551069786,0,0.0418688406518609,0,0.00845808473860253,0.0112899817759843,0.025144041028787,0.0032693717859177,0.0142775366859148,0.0411663484205648,0.00177429828046467,0.00192496894375682,0.0182441251898312,0.00235960808131952,7.92115048026606e-05,0.00715148999322797,0,0.00932808208998781,0.0105628002770173,0.0122726445289333,0.00872430512360011,0,0.0120491706825264,0.00430797626337215,0.000968095490806134,0,0.00513701719863294,0,0.00827693141755607,0,0.00397539707751106,0.000736452416790843,0.00985311197737044,0,0.00299177394814928,0.0345162842403706,0.00167051588683022,0,0.0338551324254287,0.00159025884226025,0.00711948176884143,0,0,0.000554135493764541,0.00436266861249718,0.0150743027595188,0.0179743005949223,0.0445713260611249
0,0.0107596272231349,0,0.000216754387870825,0,0,0,0,0,0,0.0172128582045193,0,0.0144100098825738,0,0,0.00265000010970206,0,0.00331497374962975,0.00166594340233952,0,0,0,0.014995956239572,0,0,0.00360200460709091,0,0,0,0.00153511797481495,0,0.00790601084800112,0,0,0,0,0.0157525459664882,0.00605591706114373,0,0,0,0,0,0,0,0,0,0,0.0209441758043376,0,0,0,0,0.00368467608455472,0,0.0200313565790016,0,0,0.00489361418931896,0.00928466714043984,0.00308561844936905,0,0,0,0.0252393562676675,0,0.0138077866667581,0.00581883931300071,0,0,0,0,0.00344993858178223,0.0164019028159453,0,0,0,0,0,0,0,0,0,0,0,0,0,0,0,0,0,0.00420881264145494,0.00229787086936778,0.00759658241100691,0,0.00198693251726683,0,0.0175337096545646,0,0.00526049648507437,0.00739165482717687,0.00174277484260653,0,0,0,0.00824828375446056,0.00589855014890839,0.00946272145138354,0.00869843561482735,0,0
0,0.00912610370738111,0.0108957188173787,0.012378264326298,0.0273147803701658,0.0240563733261344,0,0,0,0.0172128582045193,0,0.0302880109202401,0.0171792515179329,0,0.00938572335002169,0.0022473952109873,0.0189772270842674,0.0158728061930804,0,0.000833593888931743,0.0235006578820465,0,0.017405153945048,0.00412891192215765,0,0.00234144785731858,0,0.0352850281476157,0.0143891524962485,0,0,0,0.00182537015971321,0.0185961861232362,0.00776681742908593,0,0.00189350883174738,0.00327172006944877,0.00290583237027088,0.00265144678667675,0.00574335428184237,0.0139941185225035,0,0.00514183870386133,0.0382903115499198,0,0.0259089668425843,0,0,0,0.0136936952159064,0.00967545357033458,0,0.0118561613487365,0.0281008182233549,0.0124990708751796,0,0.00127393736865351,0.0387762304405875,0.0169937177223416,0.0113441457278023,0.0177764749735516,0.0212698855317533,0.0224936026035989,0.0120084131235407,0.000433841237894732,0,0.0166072874525514,0,0,0,0,0,0.0193549112071403,0.0145610568238866,0.0104019895006166,0,0.00882334462140682,0.0166226345797758,0,0.0188085528562025,0.0152411175080755,0,0,0.0058978573966942,0.00195388188161994,0.0256112564381959,0.000258844046513883,0.00326471064758411,0.012972120742911,0.0219554172519153,0.0209757971811737,0.00932069902503985,0.0233589035784491,0.0300189567225994,0,0.00917720919738178,0.000353129190887075,0.0102082599095745,0.011903025392792,0.0106557071751632,0.000968173894312437,0.0143212898383361,0,0,0.00451570861704348,0.00479285274369023,0.00362098941152585,0.00742930737936885,0.00289487013602243,0.00894039117587012
0,0.00400749057269537,0,0.0017387206127713,0.00428188197809271,0.0273834112922786,0.0503575035573598,0,0,0,0.0302880109202401,0,0.0262985891255344,0,0.00553048759507755,0,0.0115750550472012,0.00969297216405088,0,0.00252880635197473,0,0,0.00523263591317281,0,0,0.0162089856004049,0,0.000512414629517435,0.0125389774183448,0.0204877634360145,0,0.000732186992156644,0.00457716881190979,0.0145927113991747,0,0.0170123345325275,0.0110649466008582,0,0.0124197506282026,0.00470076678943133,0,0.0192090403637236,0.00297802757484114,0.0011264862075193,0.00335135289610764,0,0,0,0.0173368944889797,0.0062995187977025,0,0,0.00489220200526876,0.0086288206867585,0,0,0.0150021168035602,0,0.00239001192273248,0.0110317986354956,0,0,0.00467741091532478,0,0,0.0634498504081881,0,0,0.047054635159552,0.0495534797833746,0.0317297292173652,0.0252639172731686,0.044007901686059,0.00151807192536185,0.0136909879394311,0.0153352834227856,0.0414659018563642,0.0389259848905411,0.0397778003138545,0,0,0,0.0490338144769402,0.0273922448804203,0.00672214724231397,0.00268151576171628,0.0164432417844044,0.0148455539994492,0.000932656302675017,0.000985811103308326,0,0.0344049723748744,0,0,0.0392522550168466,0,0,0.0094861982742413,0.0443678284861749,0.0116069696302415,0,0.0272364603993558,0.0200978997091785,0.0125166789406358,0,0,0,0,0.0135154658183072,0.0105033908994779,0.0514141726609591
0,0,0,0,0.0727417701051162,0.0589161237703896,0.0520394610652389,0,0.00162149298868421,0.0144100098825738,0.0171792515179329,0.0262985891255344,0,0.00844978773728444,0,0.0116243729393932,0.0360569396363453,0,0,0.0257842758386954,0.0364145229554335,0,0,0.0311830555459362,0.0167943184680291,0,0.00216506756727966,0.0563736206323355,0.010724099606707,0.0236501590291963,0.00976092299727027,0,0.000177807425663148,0.00484947326741324,0.0012806359815035,0.0251274622140416,0,0,0.000741121012224503,0,0,0,0,0,0.0345417599902082,0,0,0.00850530845385554,0.00031447191486165,0.0456081708276334,0.0152446148094823,0.0343893706274356,0.0157465665060507,0.0214938404821689,0,0.0166087550803646,0.0300436604810349,0,0,0,0.00109677197111495,0.000925475172100197,0.000798535738345223,0.00776626012064352,0,0.0911389245400316,0,0.0158349294602945,0.0751053987118314,0.0536829338471415,0.0475762037170093,0.0335575434617086,0.0666012873567933,0,0.0402491945640868,0.0196397077077067,0.0404603970639291,0.0432142423239265,0.076817957156089,0.00143997357755969,0.00129410392312117,0,0.0590419906537095,0.0427814814396759,0,0,0.0180990060790002,0,0,0,0,0.0566324586941577,0,0,0.0785733323669932,0,0.0315692873558621,0.0020318928653356,0.0427680862234286,0,0,0.0261876844758128,0.0210295326509598,0,0,0,0,0,0.00684595524130457,0.0206522191604671,0.0636489458361702
0.0219166939479236,0.0166949197186644,0.013773846892886,0.0144383418147277,0,0,0.0191769593579251,0.0014898995123176,0.0351312889084263,0,0,0,0.00844978773728444,0,0.0186832357673143,0.00856664140966359,0,0.00873757811349431,0.0165892807196817,0,0.00491154017224616,0,0.0205928290655958,0,0.00470458057635209,0.031164911985768,0.00799517799376828,0,0,0.0236778097029476,0.00564447436010266,0.0241449896103403,0.0307443088362704,0,0,0,0.0172222604640982,0.0190020571433974,0.0165689315280677,0,0,0,0,0,0,0.00422998679902613,0,0,0.00895506553700617,0,0.00325849625796675,0,0,0,0,0.000468650531566784,0,0,0.00606797687081246,0.0051646405985025,0.0139319684942579,0,0,0.00222079937298361,0,0,0,0,0,0,0,0.00739531657303213,0.0134532307785815,0.00477900862062304,0.00139933247247621,0,0,0,0,0,0.0040932220249717,0.0154264658540661,0,0,0,0.0106895700918734,0,0.00107318601715072,0,0.00659501412157948,0.0116727753989846,0,0.0163957465799842,0.0127156906952356,0,0.00343924989792311,0.0103845512715384,0.00881974814756917,0.00927974610003317,0.01543140464118,0.0137259891402326,0.021946186031208,0,0.0194276036309744,0,0.00753878446971923,0.0169869995128566,0,0.0139760033775099,0.0120090500475227,0.00965650043541592
0,0,0.0175801407122425,0,0.0267948261872758,0.0185486953296493,0.0202211461041184,0.0172353392817099,0.0156885209629554,0,0.00938572335002169,0.00553048759507755,0,0.0186832357673143,0,0.0208453912440045,0,0.00682257255875036,0,0.0127293689284286,0.00887612855994608,0.00744907883777837,0,0.0133589387062983,0.0167982615650742,0.00942518591497205,0,0.0232148527959895,0.0131596368433556,0.00893032101068431,0.018938936927349,0,0.00339656443205506,0.00885759499241329,0,0.00899012849497974,0,0,7.84367257305983e-05,0.00263598176306312,0,0,0,0.0337248190224,0.0105229917118704,0,0,0.0116429937978198,0,0.0292446131686131,0.0563478782467072,0.0184833332991358,0.00791384660648201,0.00900694523741423,0.000193821013672545,0.0179633467194018,0,0,0,0,0.0394652482421725,0,0.0177955444008364,0.0212353360841891,0,0.0861646000126487,0,0.000750875029799489,0.0490354465950326,0.0335130799660599,0.0183715986484447,0.000128147046972091,0.0338186735164692,0,0.0236145469063094,0,0.0214082763444958,0.0122945576282729,0.0479994247184661,0,0,0,0.0160245047929471,0.00256831147282835,0,0,0,0,0,0,0,0.0415362022859854,0.0342874166680969,0.00392254345044551,0.0386972327864615,0.00677630705421316,0.0313382990301865,0,0.0153710086322656,0,0.0152187192801738,0.0298847000465681,0.0135094797732915,0,0,0.0145731383171954,0.0124657828434928,0,0.00567781746765283,0,0.0352452397906459
0,0.0173139368984804,0.00133433026191195,0.0304723403731931,0.0228969986572741,0.0333295536896442,0.0584309932854973,0,0,0.00265000010970206,0.0022473952109873,0,0.0116243729393932,0.00856664140966359,0.0208453912440045,0,0.0280416714332395,0.0149217436717628,0,0.00848893266291394,0,0.00493483290541339,0.0298234733539873,0.00966115760288274,0.0159998319685885,0.0292913506608984,0,0.012960219258763,0,0.0472484797679439,0.0247991500779542,0.00618322728414897,0,0.00268187068055687,0,0.0316595997026151,0.042185720083928,0.00976557987119333,0,0,0,0,0,0.00324518109832703,0.00470496650326943,0,0.000562871104897035,0.000597691229442116,0.00286484375139354,0.0214145168272849,0.00457732185984401,0.0217081228415616,0.0279110837354515,0.0303880390225222,0,0,0.0418964033397174,0,0.0161103768067916,0.0330660831650231,0.00375695028146367,0.00944129557551797,0,0.0290210969275109,0,0.0590755734120047,0,0.00148343803341575,0.0652067657285012,0.0472171577108925,0.0452149889533478,0.0419519534985844,0.0663785313576805,0.013437542569776,0.0151111144530423,0.0243898429821801,0.0390663855674822,0.0487439519669944,0.053885880629731,0.00956331801621094,0.00840647175484337,0.014751166243825,0.0579544038592991,0.0367317276011092,0,0,0.0247950434210074,0.0118470787902096,0.00681897595286483,0.0161347676982278,0,0.0407177224965606,0.00105583538631964,0.00910326873454251,0.0446807222733383,0,0.00440875857193962,0.0248734375068187,0.0414301210428166,0.0179977735429518,0,0.0694062356039653,0.00875733438700604,0.013761389584393,0,0.0083713525239794,0,0,0.0328626887325668,0.0133345249160866,0.0521670344984819
0.0182099234716357,0.00431436601940814,0,0,0,0,0.0553863043010829,0,0.00514208827887159,0,0.0189772270842674,0.0115750550472012,0.0360569396363453,0,0,0.0280416714332395,0,0.0018537539155248,0.00617447923179365,0.00631774849531316,0.0118549499394268,0,0.0245672755366243,0.00906167341963351,0,0.0157581672277463,0.0210039597822996,0,0,0.0173524802882767,0,0.00237942070901905,0.043263180543123,0,0,0.00296849970997378,0.00240676987542576,0.0169777863660396,0.0337195403118669,0,0,0.0135656204200339,0.0400389340839916,0,0,0,0,0,0.0279379674334439,0.00393623408945633,0,0,0.000889222820652727,0,0,0,0.0144829672892806,0.00816320475409852,0,0,0,0.00521264841713221,0,0,0,0.0124836550024468,0.00740409690029502,0,0.0238203116160478,0.0618184364499015,0.0505281043964647,0.0198194741475016,0.0277573629542181,0,0,0.0217269804328515,0.044359692758365,0.0680052338403921,0.000935214009694325,0,0,0,0.0438909359546146,0.0244596472007943,0.0381818955822278,0.0276682932369674,0.0230054068223682,0.0222803544616531,0.0041408311078965,0.0196720414650462,0,0.0102525555160769,0,0.000362733941120136,0,0,0,0.00689014309091426,0.0165565257202334,0.00799625298060629,0,0.0106783793466558,0.00236168702483825,0.00751430091050977,0,0,0,0,0,0.0135605880356293,0.0296992603427037
0,0,0,0.00914560833171076,0.0622661290481822,0.0160242920697312,0.0252392771228928,0.00208851268311747,0.00333611790528512,0.00331497374962975,0.0158728061930804,0.00969297216405088,0,0.00873757811349431,0.00682257255875036,0.0149217436717628,0.0018537539155248,0,0,0.0100144199024181,0.0107992471775812,0.00349130933992312,0,0.0085573993050321,0.00135757232473713,0.0104514612541392,0.00379406588722757,0.0103522426857696,0.00896515463992264,0.0169611857631014,0.00549541174827824,0.000571335662877508,7.72378289923545e-05,0.012437336465482,0,0.0140893630973113,0.00542732219543115,0,0.00776049730795299,0.00414513654531037,0,0.00142163082845808,0,0.00836765371716489,0.00732473396345803,0,0,0.00711160206626174,0,0.0164798555465919,0.0268468831967773,0.0100393220195867,0.00785339485623286,0.0183527625997319,0,0,0.0108794574912434,0,0,0.00395010494599381,0,0,0.00940446200110839,0.00699384820195327,0,0.0761389118032441,0,0,0.0530863449541629,0.0326771343726331,0.0216367055226679,0.017127410497236,0.0369827363509588,0,0.0259119390891788,0.00236395516389162,0.0250179018637063,0.0270347949253989,0.0428325981668623,0,0.00128883988785219,0,0.0385042831694178,0.0127742783838925,0,0,0.0169289269493574,0,0,0,0,0.0389908561035636,0,0,0.0356835558283809,0,0.00683506671749066,0,0.0217284022722623,0,0,0.0278273024993993,0.00879285678617478,0,0,0,0,0,0.0214093287493796,0.00194085269544613,0.0305094505252852
0,0.0060265664076786,0,0,0.00262889636895462,0.0268269557296591,0.0347920052653519,0.00867549873616785,0.00438411979959412,0.00166594340233952,0,0,0,0.0165892807196817,0,0,0.00617447923179365,0,0,0.0168587171073565,0,0.00456775717617809,0.00374690446815616,0.0236053816125794,0.0226587105063747,0,0.00258374163656157,0.0309210767974017,0.00213829654551393,0.0285022164305485,0.0123202824593357,0.00915307094871909,0.00711576820146735,0,0,0.0184925857211072,0.00656797370698261,0.00362101730372282,0.0113102408643687,0,0,0.00478657580798914,0,0,0.00954663659421404,0,0,0.00124200479894568,0.0214676292429012,0.0317451980458127,0,0.00523646357140071,0,0.00896035207160443,0,0,0.0123275524116472,0,0.00167708367585314,0,0,0,0,0,0,0.0678062201753828,0,0.017144243792521,0.0421265742975307,0.0333820457387645,0.0209303518242779,0.0280992016373805,0.056801950085433,0,0.0055917453224738,0.00973985011979702,0.015294838185571,0.0206408942310852,0.0386418772213126,0,0,0,0.0348892396228918,0.0319588893272881,0,0,0.00170498692995933,0.0053812232570017,0,0,0,0.0154071495332702,0,0,0.0344454591538967,0,0.00388628338133996,0.00429962946102853,0.0292557128152377,0,0,0.020711202742822,0.0023431016256991,0.000436945915795722,0,0,0,0.000789825819525953,0.012270571943678,0.0100830249070863,0.049492445197713
0.0232599132722602,0.0137456945482338,0.0152231041922193,0.0132431215860934,0,0.000416760633245268,0.063479558652594,0,0.00863340908232932,0,0.000833593888931743,0.00252880635197473,0.0257842758386954,0,0.0127293689284286,0.00848893266291394,0.00631774849531316,0.0100144199024181,0.0168587171073565,0,0.0120040655446265,0,0.0240934738898284,0,0.00310432492823223,0.0321821453147535,0.00960846599340922,0,0,0.0394912162783486,0.000778501032333779,0.0143616553365839,0.0415916016428482,0,0,0.0189204989269845,0.0206745299321091,0.0225698134790796,0.0377273148255735,0.0022604336949982,0,0.0152657286225803,0.00577960537357454,0,0,0.00377642275536591,0,0,0.0303819242079427,0,0,0,0,0.00201740809524295,0,0,0.00597074632916478,0,0.00607426558929469,0.0117434053319476,0.0053820558897845,0,0,0.000895659963351291,0,0.0265926993991552,0,0,0.0284938341941012,0.0240103520028136,0.0235998428075677,0.0291541313998479,0.0542330118090807,0.00741142082645232,0.00656230924463724,0.0241480403977534,0.0168403632228514,0.0233462480278263,0.00181427639493993,0,0.00173005172637583,0.00698304181019442,0.0446441457925199,0.0412437021693121,0.02270721199171,0.0196127757389962,0.00628948077338793,0.0187754176922799,0,0.0112394197477683,0,0.00574840763667351,0.0138397868519504,0.0129780302102706,0,0,0.00176845585873863,0.0171841969889125,0.0465570785636012,0.0228073901945958,0.014497862185202,0.0323185196349687,0.00407371958643778,0.0290279368261599,0,0.00547816133329,0.0154147754432137,0,0.0183034028892206,0.0237503845781941,0.0567625698934064
0,0.00971837705973315,0,0.0107201751374267,0.0713651032159812,0.0443307871364163,0.0633740780460399,0,0,0,0.0235006578820465,0,0.0364145229554335,0.00491154017224616,0.00887612855994608,0,0.0118549499394268,0.0107992471775812,0,0.0120040655446265,0,0,0.00868613413234073,0.0102122956169688,0.00603742765080891,0.0280896901210848,0.00407965719711134,0.0231924607308241,0.0121103477419545,0.0343050794062091,0.00629508279074636,0.00468174887353922,0.00618226468561475,0.00762639919005623,0,0.0199325105097286,0.0301645212834655,0.00349434861098724,0.0119059007161573,0,0,0.00952037717842663,0,0,0.0130185968172918,0,0,0,0.0108738963914847,0.0209765491679367,0,0.0233420907201701,0.0121760470500019,0.0163973748385007,0,0,0.0206673941942332,0,0.000937350682651354,0.0161812289280134,0,0,0,0.00213847436896118,0,0.0899904725833951,0,0.00769511873492096,0.0684823064769231,0.0581958219943858,0.0358062653566709,0.0304912336002433,0.0613358462846307,0.00212704130464644,0.0250393614911973,0.0177696668976923,0.0423892360668452,0.0421533945680022,0.0650124944211273,0,0,0,0.0561858793453546,0.031408250180789,0,0,0.0182523695237551,0.0122584777729537,0,0.00203720299497007,0,0.0465972852677705,0,0,0.0623086842544568,0,0.00589606284725101,0.00952085510375942,0.0418828511047783,0.0152341135880069,0,0.0427938307518734,0.0166046706126031,0.00660675266742405,0,0,0,0,0.0223450121433441,0.0113070322117583,0.0592155103416918
0.00420835472520812,0.00853871360955019,0.00631583848957195,0.0167467362819634,0.00125587243012799,0,0.00243974843332114,0,0,0,0,0,0,0,0.00744907883777837,0.00493483290541339,0,0.00349130933992312,0.00456775717617809,0,0,0,0.0105489898416141,0,0,0.0221287236657432,0.0107239738006753,0,0,0.00144681761188689,0,0,0.0179670139534393,0,0,0,0.0086464034819165,0.0084427145208462,0.00795866204001839,0,0,0,0,0,0.00737280453977168,0,0,0.00400583697230304,0,0,0.00650009299786573,0,0,0,0,0,0,0,0,0,0.00558924091316956,0,0,0.00133377737646669,0,0.00325446649882253,0,0,0,0,0,0,0,0,0,0,0,0,0,0,0,0.0196138303384282,0,0,0,0.0118081559011813,0,0,0,0,0.0200116849772698,0.00162341522841733,0.0105629665295743,0.00388827043042394,0,0,0.00743211520012799,0,0.0143432050306697,0.00391026690898932,0,0.00256629463787327,0,0.0100060484314367,0.00456272585205604,0,0.00473432886988876,0.000702764611354181,0.00481088183794182,0.00607720263988513,0
0,0,0,0,0.0437809342352741,0.0389047234788232,0.0270320491011586,0.015634044993297,0.0173385918883791,0.014995956239572,0.017405153945048,0.00523263591317281,0,0.0205928290655958,0,0.0298234733539873,0.0245672755366243,0,0.00374690446815616,0.0240934738898284,0.00868613413234073,0.0105489898416141,0,0.0301882957078272,0.0181796886377063,0,0,0.0420133558560354,0,0.0190709093104454,0.0144225394265524,0.00764934622209402,0,0,0,0.014377291747997,0,0,0,0,0,0,0,0,0.0240780004157628,0,0,0.0151014089971058,0,0.043892047907753,0.0167284684693796,0.0232389022801514,0.0161388944946518,0.0177251148587432,0,0.0133960687814488,0.0172914482173703,0,0,0,0.00707528825745285,0,0,0.00957599076157571,0,0.0716613572824362,0,0.00878226378927617,0.0677600288185315,0.0292791587137341,0.0372614855608347,0.0167899408761005,0.0499628027466102,0,0.0288155827173871,0.00708034708961107,0.0247734738960488,0.0267657208373117,0.065862729600861,0.00290739028307076,0,0,0.0482436794971838,0.0352020519648006,0,0,0,0,0,0,0,0.0490249646535739,0.00272931216984644,0.000491135829996527,0.0563993100777782,0,0.0557158427235978,0,0.0337948082554463,0,0.00931300691932837,0.0156749467086106,0.00638375637313018,0,0,0,0.000948754681376342,0,0.00957585651305982,0.0136739648094685,0.0440400714937625
0.0184177109617528,0.0167258120467695,0.0128381852291729,0.0154877115911415,0,0,0.0739202485783635,0,0.00571417554184221,0,0.00412891192215765,0,0.0311830555459362,0,0.0133589387062983,0.00966115760288274,0.00906167341963351,0.0085573993050321,0.0236053816125794,0,0.0102122956169688,0,0.0301882957078272,0,0.00340447301400077,0.0362105651121297,0.0323977498711063,0,0,0.04960018156895,0,0.0174314693527029,0.0608117339529279,0,0,0.0253900594360227,0.0241813583120033,0.0327287254132955,0.0567923194488667,0,0,0.00979525150195695,0,0,0.00494137177464255,0.00739628838306997,0,0,0.0353480095561658,0,0,0,0,1.26781095520067e-06,0,0,0.00797767067362843,0,0.00918273955264244,0.0102519160784993,0.00669863583371058,0,0,0,0,0.0204230124797954,0,0.00130349954536107,0.0300516711503866,0.0267012115821501,0.024536382126548,0.0335453252429812,0.0680688508427495,0.00811519982112599,0.00298552009488903,0.0238639439462788,0.0135257000305513,0.0211352145194571,0.000719741832539274,0,0.00135246359917834,0.0123756542582491,0.0488652416496816,0.0556028259802516,0.00961972288677015,0.0253121801499095,0.00879170589288579,0.0166778250994401,0,0.0131384101497065,0.00517860684769596,0.00569662003677861,0.0119649955663108,0.0124135910285753,0,0,0.00382911285287615,0.0162244302998525,0.0466689376092883,0.0210432991626506,0.00992173516978218,0.0369872304777984,0,0.0239692398825366,0,0.00369907737393286,0.0133423946610688,0,0.0184864011539048,0.0262222188981385,0.0689161246846712
0.00763949479157307,0.0148887017187007,0.0190011642833082,0.0182721699806533,0.000417021358405778,0,0.0363535878797008,0,0.00854166053514811,0,0,0,0.0167943184680291,0.00470458057635209,0.0167982615650742,0.0159998319685885,0,0.00135757232473713,0.0226587105063747,0.00310432492823223,0.00603742765080891,0,0.0181796886377063,0.00340447301400077,0,0.0349469962547339,0.0421616584955722,0,0,0.0486484308887472,0,0.00295324035964904,0.0431409941109626,0,0,0.0412908951142396,0.0221801237941511,0.0252991716190879,0.0343225119430591,0,0,0.000568332789846881,0,0,0,0.00606834754553434,0,0,0.0124886967656294,0,0,0,0,0,0,0,0.00420336749349367,0,0.0143288250936633,0.0089899193165463,0.0111888794752956,0,0.00131324387706944,0,0.00181933852666272,0,0,0.0014024765132687,0.000531976032933,0,0,0.0350016101621199,0.0418928845508082,0.00602646255507399,0,0,0,0,0,0,0,0.0161599819415567,0.0015871809337609,0.00654857245806159,0,0.0146476835831557,0.0105717987572217,0.0137155342314311,0,0.00905536257955462,0.0273948158302566,0,0.0156346851814179,0.0102745051322042,0,0,0.0119291678167574,0.0135889306679544,0.00267724839551919,0.0215340852337634,0.00728849173692083,0.0286991034633861,0,0.0306365141853946,0,0.00300118285927047,0.0095140976247417,0,0.00897063974832918,0.00152701797777322,0.0180307776084777
0,0.0128272100042859,0.0157298780329928,0,0.0552460921244157,0.0451668772239308,0.0334641404261555,0.0228466941904026,0.0242600670952462,0.00360200460709091,0.00234144785731858,0.0162089856004049,0,0.031164911985768,0.00942518591497205,0.0292913506608984,0.0157581672277463,0.0104514612541392,0,0.0321821453147535,0.0280896901210848,0.0221287236657432,0,0.0362105651121297,0.0349469962547339,0,0.0139401260329711,0.0439377562212926,0.00490749263839286,0.0249250582436059,0.0377380265068637,5.78930575541517e-05,0.00350274033910882,0.00549113190477354,0.000668321847469225,0.0254960452934705,0.0213728522899001,0,0.0090770425620403,0.00954971355397905,0,0,0,0.0243130728807286,0.0150324458022711,0,0,0.0209105863827986,0,0.0489909403976983,0.0301478569065057,0.0397042120436167,0.0216163008198379,0.0399255843181413,0.00508820860143076,0.015944282330885,0.0311121590349218,0,0.00658804083515919,0.00996497975139492,0.0123045395819879,0.00575623975117117,0.0174426488679465,0.00948074149884549,0.000522631813852324,0.0955602787276258,0,0.00832667005885231,0.0713034016716401,0.0474594530483177,0.0389520189828239,0.041879293373879,0.069366478350843,0.00106338918198391,0.0328173231574145,0.00582573761594139,0.0366105145357597,0.0358522327346025,0.062575559502746,0.0121543970517062,0,0,0.04627653258754,0.027455760557275,0,0.00374930799233353,0.0137427819689134,0.0114573428654664,0,0,0,0.0453840518506535,0.0251683727192038,0.0101941624945896,0.0525208960415029,0.0190388547766679,0.0291551842280407,0.00843878867190045,0.0327388207501402,0.00050892545115554,0.00679587336870895,0.0318094134718695,0.0173148188329986,0,0,0.0151675591839198,0,0,0.0310522200155238,0.0223170717081438,0.0469029421449388
0,0.0111348522161005,0.00140988152587734,0.00226237725888903,0.00215945053973595,0.0270969415797357,0.0556088531856972,0.00495273426894233,0.0065795186936172,0,0,0,0.00216506756727966,0.00799517799376828,0,0,0.0210039597822996,0.00379406588722757,0.00258374163656157,0.00960846599340922,0.00407965719711134,0.0107239738006753,0,0.0323977498711063,0.0421616584955722,0.0139401260329711,0,0.0315790167447932,0,0.0243616407401307,0.0273434026758223,0.00506912573653808,0,0,0.00245886250080344,0.031412461258933,0.00919599690770539,0,0,0,0,0.00139199304790174,0,0,0.0273549091154248,0,0,0.00130321386097007,0.0031115430882924,0.0336935122535707,0,0.00547876236682664,0.00499203522370785,0.0118744050575026,0,0,0.0294120339153042,0,0,0.00397188877660908,0,0,0,0,0,0.0445185355642619,0,0.0302177906447009,0.05427633817349,0.0374993739123968,0.0482917967198825,0.0443033253718184,0.0726288294250029,0,0.0143285021184126,0.0278974816979027,0.0122352675633017,0.0226003699798974,0.0297229820004273,0,0.00475073017997601,0.00547199034265521,0.0505228934846478,0.0733278554749293,0,0,0,0.00283508888349782,0,0,0,0.00856719332834003,0.0014139694292656,0.00141857054492137,0.0197688025693019,0.00491151281537546,0.0436886422100704,0.0103710337825233,0.0198209308318427,0.000602969099631451,0.00230666661287558,0.020048448474606,0,0.0135897427980738,0,0.00363021583708636,0,0,0.0116021373993994,0.0325164696655839,0.0554820970633845
0.0116188573222279,0.0214923855049128,0.012646034083661,0.0133383081070176,0,0,0.0662259616076576,0,0,0,0.0352850281476157,0.000512414629517435,0.0563736206323355,0,0.0232148527959895,0.012960219258763,0,0.0103522426857696,0.0309210767974017,0,0.0231924607308241,0,0.0420133558560354,0,0,0.0439377562212926,0.0315790167447932,0,0,0.0486325165354126,0,0.0223150066332698,0.0872868612969735,0,0,0.0135400710480979,0.0272819003522887,0.0617446067497308,0.081312249709981,0,0,0.0205463449499559,0,0,0.00844553287455104,0,0,0,0.0381605885866247,0,0,0,0,0,0,0,0.00613614595942988,0,0.00769150838412092,0.0104536377493469,0,0,0,0,0,0.0644932309337254,0,0.00453092009765199,0.0365776286857091,0.0509310354800663,0.0176795885071544,0.027253880765219,0.0554479579438636,0.0129278425755305,0,0.0153071841206445,0.0258069759363951,0.0278684375231802,0.028818046858741,0.00117993674840004,0,0.00968457990548918,0.0513281484187171,0.0314839262526755,0.00494094546468415,0,0.0104684720419094,0.0263662361745676,0,0.0063577821518805,0,0.00995306816168269,0.012642557967167,0.0209467235151812,0.00668583524855165,1.58425849086623e-06,0.000312247188729543,0.0154878464335873,0.0540621784862076,0.029753682270647,0.0186784813444458,0.0430591224199889,0,0.0191523206649717,0,0.00792374837942262,0.0203143271508723,0,0.0187818211744331,0.0156648294540126,0.081988007636811
0.0122166377081645,0.00067016325102752,0.0157692734162538,0.0076364497835876,0.00513838778535999,0.00286732265941724,0,0,0.00117998062616325,0,0.0143891524962485,0.0125389774183448,0.010724099606707,0,0.0131596368433556,0,0,0.00896515463992264,0.00213829654551393,0,0.0121103477419545,0,0,0,0,0.00490749263839286,0,0,0,0,0,0,0.00996294163638398,0,0.000547591177153989,0,0.00440656954101548,0.00255803759458035,0.0130879926968214,0.00237073490255924,0,0.00666434422264776,0.00384815286407405,0,0,0,0,0,0.00364966053007216,0,0,0.0094936613059967,0,0,0,0.00118781582945739,0.00243639697885675,0,0,0.0003897706225569,0.00377190714991198,0,0.0018457995473163,0.00303671665810641,0,0,0.000522858567276025,0,0,0,0,0,0,0,0,0,0,0,0,0.00444095612895903,0,0,0,0,0.0161296142448014,0,0,0.00957966240167808,0,0.000783670015555581,0,0,0.00748477892163101,0.00575522179812493,0,0,0,0,0.00549420329129762,0.0132348424103321,0.0254872093215547,0.00346478112237264,0,0.0199012173145382,0,0.00620104694121109,0.0142062186726011,0,0,0,0
