0,0.0491604509608464,0.0119988814968656,0.0435831055290737,0.0137213719895736,0.0107622372348664,0.031580062465125,0.0439674605812758,0.0682616325956703,0.00861217793179367,0.0196360329220943,0.0159619628799314,0.0118696234929229,0.0676342176996729,0.0522137007523118,0.0655627632323955,0.0226425953467226,0.0177179556452394,0.0179332185913251,0.070135658562168,0.0715844514710249,0.0353546602666358,0.0418397783447413,0.0552732716947614,0.0459513267271659,0.0253278095612182,0.0167394341574895,0.0189340614527724,0.0104129746851968,0.00674357092989038,0.017247749882051,0.0186004423652793,0.0166066300459582,0.00954681714811201,0.00382296291494484,0.0121899573416097,0.0341653570989181,0.0228064055942839,0.0164409187863709,0.0138442413761533,0.0253395212482769,0.0160631255666941,0.0312729329793489,0.0379982866913898,0.0245734341102452,0.0211355755965047,0.021700717424804,0.0175945100732961,0.0157869581843078,0.021216644359666,0.00615300790712476,0.016918848318134,0.0245312721465286,0.0424622280875419,0.0182367774062912,0.0161557000064423,0.0306839547918049,0.0313096731853867,0.0218066008835665,0.0371919319831099,0.0134881200976022,0.0433806311957477,0.0285646881417038,0.0233845014000922,0.0180469036425799,0.0185611576323365,0.0241310501879482,0.0237452657572728,0.0169757372780156,0.0265258837508272,0.0166809217202539,0.0336731476216979,0.0148770166066701,0.0373246685441959,0.00868796615967826,0.0149001117440466,0.0206824463609314,0.0433906827396675,0.0161138669632559,0.0333043489662842,0.0430084543153679,0.0200671981862021,0.0137241308055922,0.00677461281779833,0.0318394309898057,0.025161299477702,0.0183145429636048,0.00716337321170202,0.023598677320852,0.0313757183631188,0.0146348015709787,0.00973456638087823,0.0133730003498112,0.0262638346660487,0.0108323111373023,0.0153649868412226,0.0101249926454999,0.0166470886477331,0.011917655166096,0.021182418195584,0.0282532391089936,0.0104252056584291,0.0120936845307453,0.0107328994597236,0.0216785068209879,0.0234992690858847,0.0373064502886857,0.0236338234522897,0.0266873143704201,0.0165519523306914,0.0131755569609284
0.0491604509608464,0,0.0157545237058744,0.0496945312513791,0.0119321078877358,0.0151758019290427,0.00959628436524066,0.031873912641965,0.0620104971362665,0.00894607184143156,0.0165331519129935,0.0153285468820918,0.0139431325809593,0.0437558847030324,0.0285793828612245,0.0462533119103634,0.0221592040636101,0.0245087967465913,0.0168929284818055,0.0378464196672752,0.0444540600340093,0.0348927579705726,0.0414174713758005,0.0343595004773639,0.0347069838084098,0.0127454408875,0.0166408240665861,0.0240790965243043,0.0148745937620458,0.00756083775043218,0.00743708860147558,0.0535162441187671,0.0105600717640039,0.00750057968590349,0.00528230800094005,0.0130201127615241,0.0461696561298944,0.0181934305375331,0.0176871767281859,0.0250788732279839,0.019757030448501,0.0179007009713304,0.0405792731069572,0.0302666787403425,0.0178956885293086,0.0230995444110952,0.0231782720769042,0.00263276104153727,0.0145810986439058,0.010573495733727,0.0278019386741906,0.0168870845842264,0.0132883679862807,0.0515258337296039,0.0117048704064093,0.0099983996507784,0.0341896864438528,0.0209055694346533,0.0373708286252972,0.0247490470652012,0.00882385966242958,0.0239192591008515,0.0266381048243702,0.0276464166388778,0.0151168085912269,0.0226540283294087,0.0340734981949383,0.0211374062475327,0.0214580356919829,0.0168884502170203,0.0221325958431972,0.0401591923155078,0.0162656506353157,0.0384230745489744,0.0104270590238331,0.0241700537562416,0.0225220644363974,0.0443521620155753,0.0102130442570843,0.0253306497784181,0.0405514741234014,0.0257299416397531,0.0131482696841014,0.0122852776527418,0.0206674636198518,0.0285341461584992,0.0172805357466082,0.0133829649001033,0.0211629128727137,0.0313653085530903,0.0216521307892221,0.0107755392252811,0.0228155581537731,0.0465723929074466,0.011707389805905,0.0121985780945017,0.00622595034165384,0.0206239725127287,0.0162059727398327,0.016624982062025,0.0388091093111356,0.0146915108033219,0.0227716478281465,0.0149832070871022,0.0304897549213278,0.0189927211541931,0.0391812793996699,0.0321137738592978,0.029091161329936,0.0111762217097387,0.0102089743879205
0.0119988814968656,0.0157545237058744,0,0.0195645711438203,0.0207530613410728,0.00871299584954224,0.0217116041525387,0.0128260596793347,0.0124518467424186,0.00968312082046891,0.0163114485700386,0.0122292626697619,0.0348884119334802,0.00992737431850435,0.0102928588118191,0.0107338706242613,0.0130436449816122,0.0138316177339324,0.0136527129423006,0.0159492803366357,0.0259195505783593,0.00664285542885903,0.0298583653823967,0.0167284975104244,0.0273903200713599,0.0109497197054723,0.0147405784024988,0.0122584568369542,0.00487621046276389,0.0144212375361555,0.0198051832712499,0.0137871223922972,0.0148557556735181,0.0142717981283527,0.0235336713212242,0.0093099657572859,0.0164609057824997,0.00997010015874116,0.0184677826755885,0.0239775770645353,0.0221522261593277,0.0212781846337829,0.0134519984603676,0.0369453197450807,0.0294735466019583,0.010476406639754,0.0231185236615861,0.0248688065886002,0.0276848119896478,0.0266320861406795,0.00569384046880921,0.0157828014569953,0.0209346054296208,0.00567536780290016,0.0186163268540887,0.0171637145319718,0.0196070120044438,0.0201177236241222,0.0148333793434817,0.016727955002587,0.0188446753279679,0.0269141254674662,0.0201527469557449,0.0119104684742288,0.0166520276035549,0.0151013559237647,0.0196214684931614,0.0162122826002289,0.0103529465529774,0.0200614976010206,0.0202842358364955,0.0437780963708416,0.0149654746995976,0.0490278511582201,0.0400185821611436,0.0125590205683139,0.0197029586528076,0.0366759178508368,0.0214382861651772,0.0106888516700437,0.021695533356387,0.0433012797826923,0.0101213792975715,0.0251560044194692,0.0492740671075826,0.0399373615561374,0.0303016621755626,0.0180146695576291,0.0250519780265781,0.0356110002629897,0.00929199747857938,0.0193051783118841,0.0106000289453953,0.0357773228619319,0.0124399868270758,0.0122678413751068,0.0150970792465016,0.0108397801179495,0.0147712201851144,0.0641283311517153,0.00966207398769383,0.00918488287672418,0.00962501259636088,0.0169903519700764,0.00689533787248301,0.0276086968993875,0.00990262362376688,0.0105820314167058,0.013790880435481,0.0187263214429695,0.0259827073395466
0.0435831055290737,0.0496945312513791,0.0195645711438203,0,0.0613630776138803,0.0234918160887948,0.0399310666020036,0.0483790817746594,0.0579720546327721,0.0312250116308048,0.0389730245979167,0.0369741436419366,0.00699272356973957,0.0524341822414562,0.0440156692993869,0.0239022892260267,0.0496994219995427,0.0241024119404006,0.0251230256461514,0.0350362656440204,0.0163781151220156,0.0153003256919282,0.00496463403065979,0.0308107983766552,0.0291872437392265,0.0359704027402319,0.0323200661438835,0.0190601231685558,0.0342009179146942,0.0239583135526424,0.0420516118856567,0.0398116591884557,0.0146701478665183,0.0527392951588673,0.0182073987845191,0.0286785777910397,0.0376798458595077,0.00284912334844172,0.016266419878304,0.0237056698179765,0.0220081955027367,0.027733103077615,0.0354994957362171,0.0133189780007296,0.0154119662154409,0.018093581230087,0.00946707198221617,0.0310379124306091,0.0272028928014204,0.0240004210423043,0.0495479900990291,0.0387153285762048,0.0347813846716248,0.0205700382247411,0.0285957996312923,0.0201351996450212,0.0245006173223142,0.0402811676973414,0.027958705326303,0.0379843379509858,0.0164247951691711,0.0411661301195356,0.0187670616017017,0.0185026658499029,0.0456738899481589,0.0263269991119989,0.0159777984275617,0.0373699408529212,0.0372926070947824,0.0367799282666181,0.0363443115164185,0.0619979085292297,0.023296766017466,0.0134825259462971,0.0369430670324952,0.0162891788383196,0.02663999133603,0.0309222519711936,0.030291039524271,0.0345089350003593,0.0490437654790869,0.0212131619125748,0.0229462392861659,0.0586019370643257,0.0164286703212207,0.0215827672369896,0.0470468273449296,0.0594586966244523,0.0415186643355021,0.0129745111668424,0.05531408989029,0.0555083008151764,0.0359084196007417,0.0547092342897656,0.0465372902125512,0.0276359338442261,0.0466578755234504,0.0261895891221894,0.0585554644211943,0.0123610198679464,0.0317742375753929,0.0168172948580522,0.0448536671766853,0.0452804885433069,0.042616018765873,0.03325497838267,0.0265349796141451,0.0379253666044838,0.0224476740938718,0.0212172832118807,0.0203278752354945
0.0137213719895736,0.0119321078877358,0.0207530613410728,0.0613630776138803,0,0.0360619913262392,0.0122247550724304,0.00662995357247526,0.0186303174263643,0.0320982663490096,0.0302497467287274,0.0195085673296163,0.0328525915952739,0.0185166222090889,0.0330491215897519,0.0334956817106182,0.0245536040740846,0.0260638738411333,0.0243767298803336,0.0501648526891411,0.0280503177736058,0.052871810520936,0.0237454396000214,0.0513311440261341,0.0297514491189237,0.018211945550873,0.0128253280149082,0.0506735066727997,0.0295504259676804,0.0164009476681538,0.0143056661515751,0.0355826457985987,0.00810711716632158,0.0184420627098663,0.0148024729264391,0.015634583660472,0.0287531659885895,0.0138181210080362,0.0193772701054018,0.0170856606482127,0.0277126723585897,0.0167456053026378,0.0382630475832866,0.0250385969881149,0.0343497672145836,0.0218786029417693,0.02751017486149,0.0142203547933478,0.0154343895798317,0.0275856277058673,0.0278908559119578,0.0180178224808629,0.0145238729459866,0.0201741893542729,0.010554084349512,0.0128105103036011,0.0180564757014484,0.0161046957071453,0.040622242316551,0.0411442987376327,0.0153789454308443,0.0204017649463575,0.0113433978891881,0.0102597907778748,0.0289175509377126,0.0224343146616706,0.0137417388638686,0.0135359729738588,0.017978661979978,0.0285452789283392,0.0324196989274563,0.0118214647188051,0.0148034167430854,0.0239972269133973,0.0116996968428783,0.0312037789801226,0.0194251653708187,0.0135067325988303,0.0255882186611234,0.0124710961075959,0.0145873046262999,0.0302687541427814,0.0368509772506937,0.0249947301925054,0.0165221267842954,0.0166089867165426,0.0241801902169587,0.0352817412714601,0.0271686665185729,0.014296751246053,0.037904944953425,0.0240180272286218,0.0242104672892448,0.0350436838166643,0.0257625758890895,0.0283965775408059,0.013087258735518,0.0203534810534324,0.0234530399200673,0.0317649512111092,0.0265308720647471,0.0146538753330497,0.0333379589009423,0.0364951903391639,0.040050591640514,0.019989579630713,0.0503218581558723,0.035446793166453,0.0349366632264505,0.00934094029889978,0.0112110322864336
0.0107622372348664,0.0151758019290427,0.00871299584954224,0.0234918160887948,0.0360619913262392,0,0.116103686688529,0.0200132705912777,0.0265416749161644,0.00700740086324208,0.0590651434837658,0.0146966969119059,0.0199141474571327,0.0321926831540917,0.0403561750911424,0.0294801337065587,0.0481851051233916,0.0288124722363278,0.0196804531228841,0.0528013633054942,0.0770685969394822,0.0497733564267136,0.019310241073599,0.0322598914968362,0.0417657635904188,0.0358064599250719,0.0172100762161207,0.0404717545694865,0.0587308582923377,0.0077131065316821,0.0132927306723513,0.0092690161094449,0.0272664928110959,0.0164247280639784,0.0126869777497394,0.0191120546388676,0.0055451503612763,0.0114102211437327,0.0206117610165498,0.0248772491846309,0.0283920727956857,0.0285196475533147,0.0101481625213672,0.0323840786343272,0.0303177110043809,0.0271153240319635,0.0154051515808595,0.0325517968694988,0.0249315075015217,0.0834353009689439,0.0112510620561046,0.0317538676559009,0.0495084123725523,0.0176582620611079,0.0661866685436418,0.0572644722156265,0.0345640092165043,0.0467634931482433,0.00853674191460028,0.034441762048567,0.0700368806130692,0.0840126353385516,0.0397578916221426,0.0374738106098684,0.0234459841299516,0.0262409254803315,0.0278594250184293,0.0441201404014499,0.0132733086979181,0.0321920732883552,0.0269484581347035,0.0223521244460639,0.0246459355295531,0.0334857479866432,0.00841865506735231,0.0152895803934062,0.0117639372082411,0.021505703901811,0.0248386512793807,0.0359263268302534,0.0631652697455259,0.0469928343233876,0.00878749493442346,0.00706434655862717,0.0694639265666586,0.053243634011777,0.0259671450889118,0.00243041737285267,0.0398888827522864,0.0615573851928888,0.00332924395165272,0.0150622935087918,0.0164336790968319,0.00387151637145711,0.0237256698866965,0.012504565872849,0.00967545676272783,0.0112363317671684,0.0124167430561153,0.0145505653231406,0.0318418074955167,0.0141449607502761,0.00871981131040995,0.0118074947897082,0.00478494997822375,0.0164006301739251,0.0241643065570724,0.0114975328348668,0.0247649317709769,0.026332339284371,0.0255291355047734
0.031580062465125,0.00959628436524066,0.0217116041525387,0.0399310666020036,0.0122247550724304,0.116103686688529,0,0.0101670927908145,0.0188528816637255,0.0647675180851145,0.0583420682014321,0.0429461592067174,0.0306523837655416,0.0124008583064662,0.0249581094137395,0.0273922763928607,0.0575341179516139,0.0716624414162199,0.0777024244375892,0.0384104204377966,0.0249454434122919,0.111025638000463,0.0193649272603213,0.0679063871020058,0.0194786702840551,0.0368361984091133,0.0314999237359776,0.156660748304625,0.124733869224117,0.0289375779669005,0.0108419128409057,0.0175827877506887,0.0231693936536146,0.0563353014344279,0.0903055327051231,0.0240393156532151,0.0293288998298961,0.022412748676072,0.0229729982579602,0.0817128539989037,0.0372075871910815,0.0859191189816205,0.038678555402308,0.0174963419360712,0.0253889616859809,0.0273062358455598,0.0885139446346274,0.0389918707400713,0.0371929393490953,0.0539261146800294,0.0902030743238919,0.0331562163539284,0.0610030334483685,0.0642952862188306,0.0161374765458292,0.0390330691984158,0.0417887584989945,0.116131959501186,0.0438302331190368,0.0180125918636925,0.0931110391090401,0.0713613704921409,0.0100780746240714,0.083564946475378,0.0153672331751918,0.0386569567765865,0.0743317150478438,0.0322097140976369,0.0594844938310887,0.149255394142081,0.0259618000418269,0.0115033293173268,0.0875592176796319,0.0427353247346953,0.0222999756811393,0.159799638730657,0.119051119069844,0.0399998756965391,0.0401279215386329,0.0813535004572331,0.041829859389505,0.107700026729189,0.125265356715704,0.0188172499092741,0.00739563864369101,0.0530666759080697,0.0159370819867129,0.091552602925779,0.0475340355739368,0.0312525522739431,0.0656073187520094,0.0222699550286391,0.0474542385313529,0.0299922983722614,0.0215848273392096,0.0781680818149407,0.0261321770976658,0.0508484281181917,0.0378507757656815,0.026790520621611,0.0372514484820371,0.0971284862773807,0.0315534985246671,0.0152265005846046,0.0542396649797704,0.102147001483902,0.0273156268525191,0.071043626728247,0.0792026858807176,0.0280200812784653,0.0162582187844477
0.0439674605812758,0.031873912641965,0.0128260596793347,0.0483790817746594,0.00662995357247526,0.0200132705912777,0.0101670927908145,0,0.0458767976272723,0.00676023557822463,0.0145208945786324,0.0135754983356089,0.0162896152507039,0.0401484221542157,0.0266263249117522,0.0463553774212116,0.0204996453749641,0.0220739375496228,0.0133750437360219,0.048571168774745,0.0421939540181514,0.0391270201056487,0.0369939309085356,0.0409260363987785,0.0227632777170112,0.013543385752554,0.0135105466051982,0.0183660722931779,0.0121439821947072,0.0065864267989316,0.00660032141869943,0.0308003680002412,0.0142852156810114,0.00874070412035745,0.00463100595906676,0.00563080530060195,0.0412927949326065,0.019151377440098,0.0145690040957665,0.0270080379685426,0.0134999518344023,0.0121335526181894,0.0342386002456711,0.0247124138195611,0.0157532926425362,0.0160181091244553,0.0262961537554846,0.00412593745033813,0.0174600826004754,0.00670057528716591,0.0145985743568016,0.0129159330699103,0.0131274634501289,0.0305158856239498,0.0172416266978518,0.016023099394268,0.0194083737079764,0.021017904313326,0.0348955117574453,0.0264755795123034,0.0144865617079092,0.0265601548940773,0.0163886458708796,0.00892310050980139,0.00970119914713711,0.0182704226398274,0.0172746387952351,0.0189523322148799,0.0223402454431923,0.0148585688008102,0.0144915557721153,0.0305216790954559,0.0163691368864537,0.0261741874100189,0.0147150747628414,0.0139993652688265,0.0209263052948069,0.0438767000327125,0.00841688859637013,0.016077745288323,0.0135616890059351,0.00735327673903326,0.00898149734351876,0.00847597848175266,0.0080308632266989,0.0106062585883592,0.00786866265569962,0.00481427105590265,0.0129349320990342,0.0115173396313046,0.0150208909302511,0.00881499512266279,0.0159683920285547,0.03975854404789,0.0103165426951725,0.0132269203536641,0.0104306656291566,0.0193080537493061,0.0107263440736819,0.016199727188093,0.0224797969361993,0.00767758105721593,0.0148127269449342,0.0103687876813832,0.0262024591363237,0.0187596278635028,0.0306840624720778,0.0348151818479932,0.0271321530915558,0.00863150945608923,0.0098953600957675
0.0682616325956703,0.0620104971362665,0.0124518467424186,0.0579720546327721,0.0186303174263643,0.0265416749161644,0.0188528816637255,0.0458767976272723,0,0.023440224974981,0.0162884369943216,0.00957014520622802,0.0252675709928174,0.0409117057534305,0.0393928957299865,0.0459025622720119,0.0229575444194478,0.0220217451576402,0.0352954623706606,0.0512437202114073,0.0513966470918889,0.0369743853152351,0.05546128154584,0.0456079460594002,0.0353287408496783,0.0180331508686196,0.0249536469205077,0.0291884581722043,0.0303724420946965,0.00771079731803614,0.0313140992228883,0.0438904453376183,0.0311121205251213,0.0201404318320104,0.0202792153778445,0.0228335814354753,0.0242312197684448,0.00868409388387317,0.0156206159464009,0.0250794776952682,0.0350474115696982,0.0212915491871408,0.0246666732774909,0.022625369938971,0.0344076949392493,0.0197646278186123,0.0271561490926116,0.00578235563735077,0.0308065172117081,0.00858699947006868,0.037255375829928,0.0112183963159887,0.0265399689272342,0.00977399147275793,0.0297204139238072,0.024384991118301,0.0284492244881407,0.0320105659980349,0.0224412984411731,0.032297931783075,0.0151984553434673,0.0381589666745472,0.0155810614592601,0.0210650440792792,0.0202762739661923,0.0252680080666841,0.0158273096473824,0.0490089251485737,0.047911124193354,0.021882414603893,0.0198702012878076,0.0223214875078487,0.015215226671991,0.0260419976670404,0.0255928595113754,0.0159655490878345,0.0183370224699147,0.0196668751236527,0.0194141839267088,0.0155312816174287,0.0306427142165859,0.0178768887489425,0.0209171115682824,0.0220998477903591,0.0109159517629383,0.0136600586630123,0.0181640809730762,0.0250902178393931,0.0158214884282197,0.0130313432851572,0.0260054269067203,0.0191751448826831,0.0183997117564886,0.0270525120803845,0.00602948241760155,0.0221566048128664,0.0212252316588438,0.0228427643162738,0.0157120017271868,0.0338100333016075,0.0245057173707333,0.0150572688461742,0.0218784277861215,0.0144649863279809,0.0316136657178557,0.0247889733723442,0.0213816391268429,0.0389900521204442,0.023483083726616,0.0125206229552023,0.0165440075630589
0.00861217793179367,0.00894607184143156,0.00968312082046891,0.0312250116308048,0.0320982663490096,0.00700740086324208,0.0647675180851145,0.00676023557822463,0.023440224974981,0,0.019282531367876,0.00467752847726494,0.015285257163502,0.0156932192770054,0.0221742358651799,0.0159948686166583,0.00935561124523045,0.0129429967533757,0.00653357152851171,0.0201685781361756,0.0319172550137857,0.0194730803254763,0.0308844447302311,0.0261287471058369,0.0838837572650926,0.0274592299847414,0.0102757667899541,0.0355065643275219,0.0361369893022502,0.00955935900231051,0.0154543129491966,0.0317634404708938,0.0172139924176922,0.00861442559808399,0.0287254540515026,0.0191413116030774,0.0189665669510956,0.0155751242331558,0.0066458184474822,0.0270597951176921,0.0433670143659116,0.0262761375513047,0.0124709218888126,0.0543867373997166,0.0527928374813526,0.0212735792689147,0.0165323005791432,0.00579332711838797,0.0296685166943909,0.0416823390388503,0.0195239673109412,0.0215481303672412,0.0279369866638664,0.0219319170319667,0.0329969674626911,0.0424496212250668,0.0354768342855874,0.0152693170752782,0.0219295521769311,0.0342767302267176,0.0453190566280401,0.0330849495646646,0.035877598697175,0.051492184003559,0.0236083536863503,0.0233774873937434,0.0323020727899089,0.0221078064414398,0.00660984088811673,0.0072666299457831,0.0260022843677624,0.0178302886935496,0.0109759324634627,0.0296751336565187,0.00859312874354622,0.023537991717148,0.0107309592864723,0.023664810665375,0.0357348792717801,0.0200897176812471,0.0407676767770742,0.0398266707408984,0.0122881016018075,0.0170767233338127,0.0536971833043924,0.0411041413273198,0.0320757184719673,0.023742175817757,0.0365381237016327,0.0450934149051392,0.0102036260185236,0.0210135587157416,0.00881846510982719,0.0199662303315203,0.0140684053657701,0.0230214660816078,0.0161322316234539,0.0195713248047214,0.0122218369488206,0.0451535199909961,0.0364313470641626,0.0157030883152042,0.00874317663987104,0.0169154151624819,0.0121863128589194,0.0073236302112971,0.0192919899529142,0.0228537185267198,0.0120130038538899,0.0124883396002135,0.0279465702775808
0.0196360329220943,0.0165331519129935,0.0163114485700386,0.0389730245979167,0.0302497467287274,0.0590651434837658,0.0583420682014321,0.0145208945786324,0.0162884369943216,0.019282531367876,0,0.0153949364839738,0.0187351596989845,0.0228410778893267,0.03724921281793,0.0206162301882445,0.0458346471585739,0.0423567359979647,0.0193268967111913,0.0308017289109519,0.0532653972957388,0.0434402755340882,0.02696278073925,0.0258681081859992,0.0387748276796704,0.0450623065496796,0.0130430933294121,0.0657624298013349,0.0860079734194578,0.00833359289976909,0.0053262146028735,0.0131109629549163,0.0265215539507527,0.00826925519215216,0.0297369748292071,0.0363617540268566,0.00455142384396526,0.0115547958670594,0.0171878497177371,0.0571779070108442,0.062553397389632,0.041088706428732,0.00422493286434918,0.0241424623521121,0.025230173420481,0.0259729343292175,0.0316898020924561,0.0246515655951867,0.0269841242632982,0.0616323345269463,0.053336031511884,0.0206563950799349,0.0158825173566678,0.0168897648574864,0.0293429528841838,0.0324475188212856,0.0477269811749744,0.0229489285124696,0.00968264707581358,0.027709104093342,0.056548817908737,0.0269972626687081,0.0336960270261022,0.0752351993799036,0.0308498391167738,0.0283682666495523,0.0490571239165481,0.0345551955359565,0.014851738166882,0.0207824161346009,0.0323079438314686,0.0269857160446577,0.0420997926635551,0.0285387600901196,0.00410248761852827,0.0462024044704467,0.0281337773367407,0.00820660181866653,0.0205024908875429,0.0252074901863161,0.0784388989838616,0.0833480931882877,0.0323843494367682,0.0139988550284094,0.061389065752113,0.0690923335168528,0.0276409862131931,0.0311839555635131,0.0472958516556139,0.0668646696035781,0.0322105221963367,0.0144874780960425,0.0265539484981194,0.0167950359415213,0.0131900009319313,0.018799825925367,0.00768733943806523,0.0271889463280389,0.037120705889327,0.015797733538023,0.0287061655299159,0.0538333398704629,0.026302881717083,0.0135830080837162,0.0338900670725249,0.0149590591241821,0.0173769824117736,0.0348821487231169,0.046851150300659,0.00793908752789368,0.0168918472501117
0.0159619628799314,0.0153285468820918,0.0122292626697619,0.0369741436419366,0.0195085673296163,0.0146966969119059,0.0429461592067174,0.0135754983356089,0.00957014520622802,0.00467752847726494,0.0153949364839738,0,0.0266206800113482,0.0175912676032393,0.0259648644693083,0.0176448914251709,0.0148204669109598,0.0233785836414404,0.0114964444032456,0.0284676502167917,0.0402155283762268,0.0238406810261421,0.0230496722458485,0.0194045747135304,0.0316063880455907,0.0215957191093646,0.0188094943661548,0.0336689283615446,0.0508808423603195,0.010319966570554,0.00456814196312002,0.0139484237413323,0.0235374603544934,0.00424495053474803,0.0208721689670395,0.0386353362262301,0.009289767030089,0.0140009459566594,0.0095315447427693,0.0303955099371333,0.0259664954573599,0.0209380484383829,0.00808178029283698,0.0245078339131932,0.0295010147362956,0.0286668125977713,0.0286809331615642,0.0139968173369099,0.0257912283372151,0.035679337954863,0.0176996106063965,0.0219396862163827,0.0225092689731749,0.0112340973106032,0.0277048929202306,0.0228421521846039,0.0297353766014026,0.0145195890426729,0.00725081942103285,0.0402203307756452,0.0294882176191627,0.0300328041162153,0.0447730448134261,0.0355016895158554,0.0264605512124364,0.0208706708411488,0.0203512296757319,0.0271536640633678,0.00865959724297859,0.00759354885456369,0.0290101627544872,0.0211192237626154,0.0101629396597535,0.0221820754415337,0.00226384533472646,0.00494658703869583,0.00256278044003017,0.023727178122896,0.0127456944976846,0.015036098148251,0.0446377866790919,0.0330561932691024,0.00335538368069607,0.00490120623632202,0.0624082071569916,0.0404303108363929,0.0289654769423247,0.00595683378619261,0.0328247365185382,0.0498368087538597,0.00304730174881146,0.00978596811616348,0.0205295111483842,0.00903738184502445,0.0125892941789479,0.0143673906731914,0.00607915929738065,0.00809673601856654,0.00892890503130716,0.0101578916546683,0.0283540694777423,0.0146310085864723,0.00680711188224975,0.00852149640542782,0.00688673320598781,0.0025034823773945,0.0149636379998455,0.0252602858776144,0.0225539640482925,0.00818663568201368,0.019056791414359
0.0118696234929229,0.0139431325809593,0.0348884119334802,0.00699272356973957,0.0328525915952739,0.0199141474571327,0.0306523837655416,0.0162896152507039,0.0252675709928174,0.015285257163502,0.0187351596989845,0.0266206800113482,0,0.0178173261404067,0.0224984815875246,0.00957597679381249,0.0131517513341303,0.0177425898527588,0.0159609345292508,0.0182743297276847,0.0298943798205476,0.0163712379626163,0.012740698925413,0.0140017202026753,0.028405333205177,0.0202918358023307,0.020978972207836,0.0239544536902246,0.0159410234246676,0.0232329649310015,0.0171696059797192,0.0160211434022805,0.0269983415394876,0.00997398986517724,0.0241390544686308,0.0257176996014199,0.0232229278321061,0.016670458399621,0.0211152970211803,0.0234901270805789,0.0750454898121357,0.0287243750872007,0.0308137833620005,0.0218916415047809,0.0282467604551421,0.00892588220727902,0.0186158112421072,0.0183092001123138,0.0222347469875243,0.0208557880972819,0.0202498347501395,0.0353056526032374,0.0222598757427816,0.0301170507734384,0.0166210261110204,0.0126888460140733,0.0280428871943428,0.0494945589714742,0.0389866621119033,0.0318301919923638,0.0159071809614058,0.034617678136361,0.0184447968873047,0.016782827026216,0.0212840769991376,0.0272370298556599,0.034859128889106,0.0169469368459233,0.0179301893466997,0.0522396926604485,0.0184846821744456,0.0080945339067375,0.00734478068456624,0.0206146876932701,0.0215005860742456,0.0355861813018853,0.0382519687668995,0.00895076115589244,0.0237206194557346,0.022416651637133,0.0132775932881259,0.0182936414912321,0.0505457054711051,0.00787481431750348,0.0165971379270466,0.0226840341234167,0.0118097483152956,0.033233843020449,0.0222762282431643,0.0255256286130863,0.0209044191750053,0.00793445055180445,0.0205982591364399,0.0117720994775542,0.0199046884662835,0.0106144394718841,0.0054350223768561,0.033583923701592,0.0108985763544082,0.034885107198985,0.0209728623530783,0.0140506364621446,0.0130176823960476,0.0119539421866993,0.0112519552581362,0.0356021930141413,0.0280087123624142,0.0149446895046824,0.0309278833088602,0.0176271074687005,0.014255735398204
0.0676342176996729,0.0437558847030324,0.00992737431850435,0.0524341822414562,0.0185166222090889,0.0321926831540917,0.0124008583064662,0.0401484221542157,0.0409117057534305,0.0156932192770054,0.0228410778893267,0.0175912676032393,0.0178173261404067,0,0.0143807066513993,0.0363996981336263,0.0357911573045157,0.0311769090602078,0.0315234602786192,0.0521382150573596,0.0371062530613575,0.0476607658353568,0.0494404601296702,0.0427484559521711,0.0228971118966334,0.00627098171033561,0.0148804754476758,0.0226350221567072,0.0234686666014707,0.00749528357292246,0.0173201723452741,0.0551285169653899,0.0126644847665289,0.0106907792394289,0.0133022655325622,0.0220507975740099,0.0277924098258657,0.0124567643854578,0.0171447282823059,0.0339341911996076,0.0149375876092387,0.0125650323199724,0.0257965535728002,0.0242575123874276,0.0276646357075637,0.0254003186535268,0.031839659182146,0.00763634156289456,0.0190414744550387,0.0136835260049077,0.0247298621555449,0.00895733437818664,0.0189507700697567,0.0173205596581452,0.0233593044650204,0.0212381288066816,0.0219402678808232,0.0192738044957763,0.0256635063243084,0.0292204747846182,0.0219216555179439,0.0298271309079171,0.0125080241856712,0.00952998948968394,0.024312827493885,0.0230714362428307,0.0139434447966592,0.0355820010569676,0.0240640374799037,0.0132245555933839,0.0181643155329609,0.0210529582408776,0.0185266593098185,0.0255115839965278,0.0115981187740364,0.0160536201778342,0.0136318350199257,0.0231743398861461,0.0126415563516105,0.0116912619554112,0.0156004969152422,0.0183412549165105,0.012320140302499,0.00664624271097706,0.0117424961392132,0.0129574416811155,0.0112929625108322,0.0106419799698227,0.0135589058791644,0.0122832762757662,0.0137772396467498,0.00693122426998932,0.0238944521757087,0.028027746060292,0.0102772863718172,0.0145856869690042,0.00900460959110389,0.0160301073568984,0.00751036412550522,0.0277020112413517,0.0244151578304373,0.0105140299281263,0.0168858452390849,0.0101326678707354,0.0272763847351136,0.0172241534685344,0.0358591244245955,0.0497777713287311,0.0308577279357508,0.00937443820733232,0.0107920254927505
0.0522137007523118,0.0285793828612245,0.0102928588118191,0.0440156692993869,0.0330491215897519,0.0403561750911424,0.0249581094137395,0.0266263249117522,0.0393928957299865,0.0221742358651799,0.03724921281793,0.0259648644693083,0.0224984815875246,0.0143807066513993,0,0.0237272784654225,0.0555685910728909,0.0418376122993774,0.0343729722392405,0.0434604785298662,0.046751448700663,0.054565842026232,0.044100136188667,0.0274785086804996,0.0294211280595141,0.00932436597050485,0.0233739637640875,0.0189042446477732,0.0360751805931272,0.013099149048186,0.0119265881013784,0.0525069327967697,0.0146578623018747,0.013830927749376,0.0190898121052317,0.0302096077837225,0.0237342644655563,0.0104483840248254,0.0187476844323941,0.0348527076055544,0.0170023714303353,0.00960576703480283,0.0218938901480657,0.0318614577048493,0.0333699544886417,0.0414909859872836,0.0494983045542257,0.0124216681659628,0.0124378103071889,0.0302922522883751,0.0319718885041465,0.0186139973197633,0.0266713741642409,0.0190198975140246,0.0158537381977148,0.0140532180115317,0.0268145381563101,0.0110459618686999,0.0226572295757719,0.0383619749677216,0.0235084510642418,0.0270827255478887,0.0184997531413693,0.0227945369345922,0.0441548609485508,0.0168052348723917,0.0122274037541045,0.0422553256354773,0.00650139672995234,0.0132900464025943,0.024153998902469,0.0235760643281865,0.0199578966767123,0.0349422490860237,0.0053788452066317,0.0135438595574347,0.00628146796663838,0.0155258147347471,0.0143842388400956,0.0121011128597251,0.0318325096976326,0.0256759971332721,0.0130804526160838,0.00813346505191765,0.0282828686508625,0.0253207657432341,0.0223884384381445,0.0218463955892178,0.0221158243026311,0.0357059061890962,0.0103813594651636,0.0099565689747869,0.0368331096349602,0.0186018587614415,0.0195117534054302,0.0245366843740515,0.0111203384206257,0.0135661436370992,0.0096544484130782,0.0280415558363554,0.0415150410239787,0.0152187177036772,0.0289716984203674,0.0150583439731056,0.0284422936010813,0.00615521107846615,0.0374089778226129,0.0532666211196351,0.0274596990384365,0.0140632901252312,0.0114979305181387
0.0655627632323955,0.0462533119103634,0.0107338706242613,0.0239022892260267,0.0334956817106182,0.0294801337065587,0.0273922763928607,0.0463553774212116,0.0459025622720119,0.0159948686166583,0.0206162301882445,0.0176448914251709,0.00957597679381249,0.0363996981336263,0.0237272784654225,0,0.0512739844350159,0.0384041232362215,0.0441000532873701,0.0249126642198435,0.0230513496191124,0.0359143939163265,0.0556714434096868,0.0207363983961815,0.0285648642508503,0.0250841768328405,0.0190774730385198,0.00594047282861893,0.0272551259637734,0.00866417311381715,0.043211983798068,0.0530619761561937,0.0251531192247259,0.00546483035163815,0.0103864412440352,0.015467865385154,0.0517918767336407,0.00903419087484365,0.015258283290877,0.0185475300564009,0.00787697170666197,0.0195005834633149,0.0390794577566739,0.0404870319847815,0.0160895098667821,0.0242609310335788,0.0153215091811267,0.0327065049501237,0.0253726079433124,0.0205335149604776,0.0295132104893233,0.0259862258883919,0.0265439504976145,0.0362502194717322,0.0182830484639854,0.0189270750057095,0.0381169584947243,0.018807579045782,0.0315140981429066,0.0288347688772809,0.0195106830844121,0.0301296339591436,0.0169817955943293,0.0113661857621009,0.0279932160702981,0.019544451321495,0.0109048131396411,0.0482162771073061,0.00540338935807962,0.0150587523272578,0.0217731249928649,0.0419064821669731,0.0169472956740612,0.0249992343730183,0.00614814172561241,0.0118371117872995,0.0144685812415797,0.0374845743508012,0.025918766169754,0.0167763628222614,0.0466459223610788,0.0392713492724047,0.0183652168682036,0.0231134373450143,0.0227463097195879,0.0144746698066773,0.0202804872433195,0.0229166492683712,0.0128283803504899,0.0124924127352368,0.0175072613671993,0.0150586986928194,0.021754717611849,0.0541045012013893,0.032679559215451,0.0100552711371588,0.0281172875020554,0.0380415872742943,0.0248640622323393,0.0344728242004097,0.0197968220798128,0.0289639000115653,0.0321430728261074,0.016496827475947,0.0378235821263538,0.0203305594347004,0.0320358100675206,0.0367049151229868,0.0427457570449913,0.0103662629606395,0.0231840931712552
0.0226425953467226,0.0221592040636101,0.0130436449816122,0.0496994219995427,0.0245536040740846,0.0481851051233916,0.0575341179516139,0.0204996453749641,0.0229575444194478,0.00935561124523045,0.0458346471585739,0.0148204669109598,0.0131517513341303,0.0357911573045157,0.0555685910728909,0.0512739844350159,0,0.0367354990880958,0.0254226458830345,0.0798003533739866,0.0838402219475099,0.0888252953674463,0.040441872932645,0.0609391052665843,0.0499024360392313,0.017046697180821,0.024773115430228,0.0261483600784776,0.0293761701034563,0.00563468093906033,0.0134726555019324,0.0341102838797975,0.0267900538573564,0.026251123138764,0.0145373709697772,0.0198989370042468,0.0159188046498829,0.0179757590470539,0.0248336133746673,0.0173039441362091,0.0199493039309587,0.0254283264655687,0.0210580522553025,0.053654350898987,0.0498031111352721,0.0216047568177272,0.0245194025179443,0.00669292825967491,0.0263159253598445,0.0286743117198842,0.0282969561632224,0.01836862575658,0.0514533870573781,0.0140755305530638,0.043918443061215,0.0303733822945944,0.0231288563054295,0.0519168924215069,0.0116810913289556,0.0551609971833298,0.0174340011573304,0.0641041515957907,0.0304729454394785,0.0141869681120636,0.0237191204381873,0.0167531922257486,0.00846220334392399,0.0368713402845674,0.00919652844831104,0.0607104276495683,0.0175575410993017,0.0136868480981631,0.0150998361710811,0.041396128248273,0.00247689714476249,0.0209387744915846,0.0299645706907101,0.0236972838872852,0.0247767945071885,0.0496638954584748,0.037104783272002,0.010689180490224,0.0290148091554542,0.00835160699164531,0.0384487469402233,0.0198072846606961,0.016961521130341,0.00791252769499659,0.0243135576032073,0.0278685392176598,0.00614227147300435,0.0145759646690467,0.013193224294865,0.00554588511303897,0.0187518488386442,0.0326083832436662,0.00733909794239206,0.00480958237888582,0.0113784343614347,0.0372406061355531,0.0366575683621297,0.0185277833675688,0.00673077452745557,0.00965980270090173,0.0241710371387896,0.0272092216788322,0.0382618401733289,0.0385889384393162,0.0502089459440303,0.0208958859162793,0.0179970468574141
0.0177179556452394,0.0245087967465913,0.0138316177339324,0.0241024119404006,0.0260638738411333,0.0288124722363278,0.0716624414162199,0.0220739375496228,0.0220217451576402,0.0129429967533757,0.0423567359979647,0.0233785836414404,0.0177425898527588,0.0311769090602078,0.0418376122993774,0.0384041232362215,0.0367354990880958,0,0.0194675319579343,0.0423049087820483,0.0527833443447666,0.0200642181870732,0.0219332412720707,0.0284923082015578,0.0426804293159295,0.0500711459798121,0.0123821800534116,0.0389213602886908,0.0496527095091559,0.0131700748773041,0.0127383875056541,0.0130550372182926,0.0197445241384768,0.0104746006466018,0.0193697728583371,0.0332465141394271,0.0126794533019264,0.00779671035328312,0.0154141560373024,0.0353515088908457,0.0255205017870507,0.023492122960062,0.00737504283486535,0.0374332162993981,0.0348504946289325,0.0205154672915833,0.0155149091377925,0.0248270338795947,0.0224596058861693,0.0519523371990599,0.0311265188222315,0.0293217565190276,0.0245867057004847,0.02402309967223,0.0366800781770883,0.0299831155302832,0.0294777322607697,0.0302912629210784,0.0103489652400938,0.0411215886150653,0.0402717002638907,0.047040978539222,0.0279135524526436,0.0336704725359322,0.0243681152350324,0.0253835020118574,0.0204629742209186,0.0361386053860828,0.00967211537357148,0.023474121288373,0.0241737916164263,0.0193073631492831,0.0225333807363057,0.0346692003978135,0.0129765486988729,0.0157624823954304,0.0117264384534284,0.0137279142138584,0.0214768406605316,0.0148982709212024,0.0477744148331217,0.03617648367625,0.0199493310996535,0.00312586067301645,0.0492456530480148,0.0398261440618846,0.024969434295738,0.00752145108169395,0.0316721664022263,0.0411599977025998,0.00568841610712247,0.00813815875868865,0.0214438191141094,0.0109558766849432,0.0126305987998766,0.00557342034758972,0.0127854218944497,0.0182289618103702,0.0141342527099714,0.0153649588561311,0.0252357507103013,0.021652409964588,0.0165747611151492,0.00737238053437192,0.0208139589648626,0.00349868114450668,0.0232496227432179,0.021876966583623,0.0261214415072904,0.0148333801782326,0.0180690143668527
0.0179332185913251,0.0168929284818055,0.0136527129423006,0.0251230256461514,0.0243767298803336,0.0196804531228841,0.0777024244375892,0.0133750437360219,0.0352954623706606,0.00653357152851171,0.0193268967111913,0.0114964444032456,0.0159609345292508,0.0315234602786192,0.0343729722392405,0.0441000532873701,0.0254226458830345,0.0194675319579343,0,0.0491407687746652,0.0683045563640752,0.0407660012563384,0.0327815888237506,0.0391832832414961,0.044443963448162,0.0354848011327451,0.0185107966544758,0.0394954592156058,0.0358457570558806,0.00595558424448558,0.00980929414227001,0.0184356832317159,0.0226849391624289,0.0118370319494502,0.00687348134881347,0.0132895561932081,0.0167883422304743,0.0141144396662014,0.00901934215427203,0.0236684901438803,0.0183079917941159,0.0274184092694613,0.0143390278454578,0.0233528342588451,0.0262933072628557,0.0287067877913725,0.022849063014176,0.0316391445405815,0.0179305098232551,0.0483038170954161,0.0167954480835016,0.0229180264616912,0.0459954481391457,0.0208520521455928,0.0439877162003985,0.0368986738635751,0.0317993580423269,0.040670541871555,0.00555884018395065,0.0347916391049608,0.0395187687200917,0.0598412681514975,0.0302897552112016,0.032624221608419,0.0163981819078759,0.0231903627772089,0.02051940811224,0.0418340020590516,0.010752983404176,0.0253240937324865,0.024355113304892,0.0307164832878292,0.0185318747721402,0.0541452682934608,0.011634947363103,0.00795300248329764,0.0138541292823326,0.0353314651023892,0.0246371319445596,0.0182465892991168,0.0528586481112146,0.0409243373235664,0.0065485052294812,0.00945803911935357,0.0594287775446292,0.0458096665004971,0.0252748166192425,0.00863064642227135,0.0391428692458167,0.0525263521374377,0.00336741474693072,0.00885400759001965,0.0110532736281417,0.0131891614314388,0.0110068039076724,0.01084992971467,0.0132111471060693,0.0157292806836577,0.00884041603459998,0.0178065723066486,0.0133087462833405,0.00972097348927036,0.0059046055622866,0.00929832362643903,0.0124976044545902,0.0143644512905479,0.021500759979812,0.025248619089509,0.0263735333584605,0.0138921971991844,0.0240382030682653
