0,0.0243165631087229,0.0191133421145695,0.0246718043640771,0.0220992504673147,0.0252790452356272,0.016089631169567,0.018333594847369,0.0212288404613036,0.0136823227093998,0.0329649540765587,0.0230620653540623,0.0151285171025988,0.0305992094812571,0.0265982659506501,0.0227498119438406,0.0145912825228867,0.0153240332510933,0.0335755768881889,0.0112722491193297,0.0223546476153424,0.0175962787865001,0.0232955784462088,0.0206665317353642,0.0159222930761638,0.0318188620185081,0.0270288106426453,0.0115211617144446,0.0121558188845326,0.0111030318297745,0.0232030282505792,0.0105427537852736,0.00832029576752946,0.0147835607795296,0.055613832497756,0.0407067197242645,0.0320311747714833,0.0334768326653926,0.0286617212972282,0.0205295751985333,0.0168928221920894,0.0241849733707244,0.0490187565244698,0.0100717657690415,0.0520320964823216,0.0218794250832009,0.0143964547422075,0.0113747171566256,0.0212637486685769,0.0161094189907009,0.0215107886603706,0.0374582354526335,0.0343816988149196,0.0559612570843169,0.0385042983956739,0.0139013239713467,0.0233402333869712,0.0589828064067023,0.0355902721364677,0.0502124873726559,0.0366136412946772,0.0414304965549746,0.0336731338458524,0.0573837988306349,0.0170182187684095,0.0387788154843395,0.0326622580637945,0.0651912765862453,0.0269145562112915,0.0797892380067264,0.085674838203098,0.0145568339883912,0.0445035716241895,0.0306541160287125,0.0193748846356667,0.0131005076865701,0.0858753481111581,0.0451631436070043,0.0574484037202497,0.0439980218843601,0.0307640403414526,0.0261969845143895,0.0712653007030722,0.0502893910445081,0.0355646285139839,0.0375435541924369,0.0515340325501699,0.0203044867014918,0.0518829820613497,0.0191334260379526,0.0286709693756283,0.0106414863940381,0.0225248003771817,0.0196612873428472,0.0413321846342839,0.0232643376252292,0.0248918521397568,0.045802101897422,0.0586845893665679,0.0369644196000579,0.0176240403644931,0.0327020835035209,0.0168663660055637,0.0285070566366333,0.0233409600164779,0.0143256341807058,0.0690161202412627,0.0236337381923851,0.0187681676504615,0.0270724277292852,0.0721710309150672
0.0243165631087229,0,0.0549060494389218,0.0277161985140951,0.0368659960778515,0.0402881364716136,0.0357110346495694,0.0324590828072238,0.0375357877877087,0.0231276679490308,0.0416057102003372,0.0355591034368922,0.0534609945036018,0.0264425853938687,0.0564902299391267,0.0437848895924667,0.0181997794557972,0.024720785292695,0.0431532137786884,0.026156902735355,0.00918412469575717,0.0216192240587902,0.0414252545566943,0.0275237503748893,0.0312183772975091,0.0349329026196785,0.0303429775850156,0.0251530712802882,0.020534335810956,0.0406902129145072,0.0277620709259775,0.0285907524994157,0.0293827905147726,0.0300519461524049,0.0412098620235951,0.0339346239448947,0.0463958697636189,0.0257487484689855,0.0204111168105754,0.0126469682876485,0.0258121431945424,0.0108074072082352,0.014018252018859,0.0438300665338346,0.0248123439105329,0.034303265648139,0.0125815658587387,0.0531532289288119,0.0220341962864108,0.0478340094900311,0.0319497590059656,0.0383127117417836,0.0266078233069844,0.0367201794905428,0.0221061951065347,0.0403922501167744,0.0484643173881019,0.0532128605110336,0.0478254118903468,0.0370337347751778,0.046107794801484,0.0587531995641181,0.00786294496930454,0.0504779910585456,0.055109337949724,0.0600984731942251,0.0423979618427202,0.045974622823708,0.0374493278269004,0.0315560844932567,0.0387687604475621,0.0347390338010078,0.0587084402950648,0.0264546746183721,0.0332741435090155,0.0173285266323694,0.0498845369535947,0.0547896284570299,0.0583858929599546,0.0274514813925265,0.0580654437431347,0.0432119488912196,0.0477559400323544,0.0585415579262297,0.0288154922571391,0.0696115235257875,0.0532480448440261,0.0730638234577595,0.0272556510888689,0.0482222250279523,0.0485743122044825,0.0326566517967111,0.0482087819014233,0.0598149698666416,0.0256959149622852,0.047745406463202,0.0548566400395844,0.0566743028437453,0.0628159805705241,0.0386404029869834,0.0591695304654111,0.0760215035604421,0.064923172695989,0.0106453719150932,0.042749653667288,0.0366146087842464,0.069922002288631,0.0154897722371341,0.0302148644775054,0.0221775903008783,0.0171318280700047
0.0191133421145695,0.0549060494389218,0,0.0342645145644234,0.0193010964848269,0.0227174593409992,0.0157519006978726,0.0290184231871629,0.022405229341698,0.0285564358903193,0.0432438222189374,0.0428076143436812,0.0251470410815834,0.0358523014075742,0.0261996895107826,0.0388996641838342,0.0180024458830703,0.0236830437189455,0.0427439197926735,0.0325338392988622,0.0281685256509471,0.0280374563650233,0.0280615602964342,0.0309826001357149,0.0161684655937221,0.0334741483588336,0.0233799291148215,0.0356284882599429,0.0241343365116065,0.0177520302430929,0.0309101135725102,0.0301972738494238,0.0257194361520307,0.0100145818870744,0.0327324042392154,0.0346282314401363,0.0408803816769519,0.0285714829627895,0.028678659898202,0.034596781958218,0.0416603442201316,0.0270018891134817,0.0130027490698619,0.0166083157700226,0.0397088282175887,0.0250696794577698,0.0245214282729632,0.0377230621948077,0.0244760609700786,0.018306975765725,0.0263802465264506,0.0146112131487045,0.0263506441284791,0.0370984864463934,0.0354292772587488,0.0266779057668504,0.0386360974503744,0.0563789999720519,0.0385899966146015,0.0396230322094797,0.0431514263369353,0.0547191055995281,0.0109144777151136,0.0537649527357181,0.035209227671878,0.0471523615782557,0.0265217928526216,0.0505300073517666,0.0442613487215579,0.0310362349799614,0.0380911873449503,0.0135131053188923,0.0591720373114911,0.0287544572015353,0.0347575883806915,0.0166301129095032,0.0431192668896082,0.04383250178736,0.0421108915829048,0.0246081462719075,0.046001366569352,0.0275034032118532,0.0421254060872602,0.0604220500682457,0.0186341364559167,0.0414069181027408,0.0403157187415533,0.0464195465535455,0.0160676378538238,0.0392505311013794,0.0308217998163591,0.0298037020800876,0.0210662680017288,0.0469733937099836,0.0168468113357047,0.0340975037386019,0.0339722947162029,0.0517302431050503,0.0598701569664777,0.0178472759223039,0.0332409378564208,0.0493592077691113,0.0449298862913415,0.0241440673061828,0.0270076789488422,0.0155526207929048,0.0499261266707933,0.0274157067409925,0.0223778313607277,0.0329108808732806,0.0171519072138162
0.0246718043640771,0.0277161985140951,0.0342645145644234,0,0.0347606114960762,0.0403608362451162,0.0350585634458054,0.0483352329836295,0.0382874769301487,0.0337073494013522,0.0140373462058621,0.0146402960349449,0.0360088621513948,0.0160259609307581,0.0424927327019788,0.0321690359553551,0.0259727271664148,0.0132564924131725,0.0301252391630505,0.0378218832727613,0.0333742303019947,0.018965794967515,0.0403463907795484,0.0422586723188011,0.0324208378065599,0.0393568654501651,0.0375649412290564,0.0188987903884785,0.0278688341874031,0.0346092715610919,0.0326673632796519,0.0226963908690861,0.0281848306092606,0.0426642674911065,0.0248345646906304,0.0370338336739459,0.0243077939310212,0.0250865877600031,0.0443416688901327,0.0278161758050925,0.0236267237018549,0.0251606497367903,0.0419912614302672,0.0393131742551339,0.0296772805811409,0.0382366226904081,0.0280802309820835,0.0381571298717465,0.0155966739708799,0.0428000074936383,0.0299392573172413,0.0543433504633698,0.0151812027760557,0.0210912175159915,0.0318892030296664,0.0238433268425965,0.022104859248726,0.0186590755359842,0.0263572331019827,0.0167597169938537,0.0195056869059022,0.0281455822387558,0.020180261945863,0.0236283355006974,0.0345776059121607,0.0265389358461852,0.0513999855926942,0.0222012021460206,0.024687249839023,0.0343804562890233,0.0230612291183703,0.0347993955427146,0.0598590124851778,0.00615123696933276,0.0282063812988454,0.0304422987400357,0.0545410876355641,0.0433468730021002,0.0585538485729874,0.0399431706924747,0.0242725643530874,0.0309627462762755,0.0607991684138449,0.0709469276380228,0.028236832395514,0.0307585322358708,0.0616006839692311,0.0658167246927484,0.0142009222623916,0.0359286979201955,0.0538095187504677,0.0363718250334969,0.0501742804409529,0.0480608854522689,0.025569997577336,0.0258330852195332,0.062259860626498,0.0588057674884085,0.0674194165345764,0.041825089543549,0.0313095592730085,0.0313735045549316,0.0608408599674063,0.0180977207109618,0.04635372956129,0.0306194009046746,0.0392721750429389,0.010972912181019,0.029767182729885,0.0236491269834675,0.0142528000429813
0.0220992504673147,0.0368659960778515,0.0193010964848269,0.0347606114960762,0,0.0205422003271101,0.009833676578937,0.030212870535809,0.0299412800137702,0.0319272105979472,0.0397532437761148,0.0353865588923827,0.02655518572128,0.031095607809404,0.0355954117148666,0.0406437010570732,0.0182085569682969,0.0237285152437951,0.0466839244091528,0.034511008786535,0.0207207573094046,0.0291964992992983,0.0483270996697707,0.0427082631753358,0.0148999895600343,0.0259925286038923,0.026679834868688,0.0346239251215939,0.0133948645267883,0.0134331464259925,0.0334426970434171,0.0315471799394086,0.0190572032346782,0.0156216942114621,0.0314413750648536,0.0313615251998112,0.0360276330610543,0.0346071706078167,0.0447558007730709,0.0183610368621411,0.0385503567780482,0.0245630688290555,0.0167993147942609,0.0279632842515792,0.0416748716552873,0.0394578402005919,0.0214443313894098,0.0484681217261084,0.0222852503320886,0.015912620452008,0.0137106230661856,0.0239081956286863,0.0188138405165392,0.0281086705125852,0.0266947398577805,0.026871314457264,0.0335950965497661,0.0509983967784929,0.0319873395634635,0.0290438792161322,0.0348164563173912,0.0481695354196664,0.008464997438553,0.0455369675966577,0.0380318820840497,0.0417161591876803,0.0233564623372769,0.0430614888782493,0.0482346383801813,0.0358989311708725,0.043373652706692,0.0151026791832136,0.0695388971534337,0.0196433689678886,0.0522973217409144,0.0154161445045637,0.0513380020559327,0.0511858940112809,0.0438976811809128,0.013585117404191,0.0523930346876914,0.0154444449122492,0.0535512542161282,0.0754578116808489,0.0225941450387459,0.0441094033745965,0.0541918168642769,0.0569239705340386,0.0120010014572537,0.0460879114977268,0.0375733270836919,0.0449207521606247,0.0392226211406518,0.0480094966208784,0.0175735499653687,0.0352697615110047,0.0387049598647659,0.0625846792673095,0.0658671336900157,0.0218907546920403,0.0379371657031722,0.0429514214590261,0.0575056370324046,0.0290927332707068,0.0337848998044633,0.0177224056726584,0.0516555852172617,0.0272117945957785,0.0289222676883855,0.0388406894542945,0.0180410370850752
0.0252790452356272,0.0402881364716136,0.0227174593409992,0.0403608362451162,0.0205422003271101,0,0.00663435871689648,0.0327630664946442,0.0330690689522717,0.0297726813480731,0.0317613530588293,0.0255412525315969,0.014231765058923,0.0376539315235302,0.0309631857551031,0.0328122447614513,0.0158874899252281,0.0146330442017759,0.027745557223799,0.0285810088042029,0.0261048856041328,0.0158374250295805,0.0561977991688492,0.0386485429563488,0.0278183865432634,0.0386160952074735,0.0337313915894401,0.0188492247188506,0.0185576185335875,0.011864473325452,0.0382070288081106,0.01982453655117,0.0165961075347514,0.014819061034543,0.0234060949301429,0.0193055047514025,0.0287074583725403,0.0609568608835248,0.0404550248700174,0.00715855404444429,0.0109329598536326,0.0268996087324704,0.0371670809577285,0.014007438081864,0.0453319105791672,0.0616169533449371,0.0128766543067337,0.0323993034033949,0.0260490443957208,0.010518796505278,0.0102065069351264,0.0304394368380977,0.0236250700313622,0.0390712202436589,0.0450152809556969,0.0172560736053523,0.0201258804115072,0.0344135643030656,0.0320023850440054,0.038058346008711,0.0367474177512614,0.0413108814104969,0.0101936941880526,0.0441150952329205,0.0383638289197208,0.0300390783090236,0.0447741683934828,0.0414985640655835,0.0365888667901806,0.0436971350318693,0.0383215052567317,0.0166205680685594,0.0815309635908803,0.0204067225783028,0.0471231729682896,0.0127168871275116,0.0633897934551855,0.0598964093444281,0.0581753320751294,0.0193415976052344,0.0649848153918564,0.0075965181495485,0.074993454374015,0.09302121719426,0.0203141729241975,0.0558300924075231,0.0804142366238985,0.0629547772603618,0.0149391291998798,0.070886850847494,0.0393517666105869,0.0435789308840833,0.0397114890418729,0.0418327134738996,0.0132002354316903,0.0596073494749632,0.0474064600076242,0.0673546829888377,0.0772137036184532,0.0266034766555235,0.0399482585603205,0.0413290045329443,0.0644172174089592,0.0357293043852362,0.0255899466587516,0.0198701113732419,0.0571458252032318,0.0245585775522151,0.034838063049594,0.0437770022225345,0.0331136081202084
0.016089631169567,0.0357110346495694,0.0157519006978726,0.0350585634458054,0.009833676578937,0.00663435871689648,0,0.0337111090016221,0.0306507625014978,0.0289618065190408,0.0473470027851683,0.0582788624911498,0.0195346092450853,0.0365057266571684,0.0204341954618975,0.0403469664852116,0.0246395267472117,0.0288040785466127,0.0471379975416199,0.0297645474840582,0.0397171825961685,0.0259939608678565,0.0316676627714393,0.0270485027610621,0.0125411501951401,0.0440151126511233,0.0326858935769142,0.0283102411394217,0.0211439741088945,0.0196856153063593,0.0281633735672928,0.0157929833427977,0.0206664485519485,0.025222524239822,0.0379690736324584,0.0272592491506185,0.036112982991083,0.0324441928479681,0.0272581645815135,0.0216899759599547,0.0206229505620876,0.0277939711671086,0.0205108622437394,0.0295952719107744,0.0345075053226296,0.0408963799102965,0.0175547745866971,0.0500213987494227,0.0253256103588438,0.0190621150891033,0.0139687822166599,0.0172336325016446,0.032388085151329,0.0535158922895235,0.0434288501981331,0.032689476063097,0.0392793654511417,0.0575881219450334,0.0460361042324072,0.0536087225509229,0.0512615238475476,0.0611933092699546,0.00767438975965848,0.0610270261543628,0.0423782358225673,0.0465473324873759,0.0243822023999099,0.0586685814259669,0.0237667216843919,0.0277178707410106,0.0320047551609143,0.0293366461412515,0.07459852890063,0.0228894648159899,0.0250024554885187,0.0170364319974241,0.0393633636319435,0.0357492969053064,0.0355383270745029,0.0228104762129383,0.0262548574028,0.0170373351385401,0.0373435489499982,0.0482091180600382,0.0183647294514465,0.0240110400780221,0.0295219352513764,0.0446992603979616,0.0116343218379195,0.0361590418113456,0.0157763866363631,0.0328461455746407,0.026248224594823,0.0531941149073675,0.0150624451201861,0.0263188205263974,0.03496836268889,0.0459581559010016,0.0668854524036677,0.0108106042666702,0.0240238884174143,0.0331193476028855,0.0578125536436483,0.0197840853894444,0.0176450139746889,0.0112270424825896,0.0349703072217086,0.015033675441957,0.0212923949020591,0.0253228597181641,0.0214189235146725
0.018333594847369,0.0324590828072238,0.0290184231871629,0.0483352329836295,0.030212870535809,0.0327630664946442,0.0337111090016221,0,0.0270456572967584,0.0260928399555251,0.0243499914771634,0.041805820752232,0.0240803595508569,0.0532231670463339,0.0396144699201128,0.015700281148064,0.0434012242870772,0.0177164295157778,0.0225654547923562,0.0199237718692533,0.0435804640550336,0.0381024086268131,0.0420958206648867,0.0193401820050937,0.0256414831690581,0.0588064055903678,0.021686077575126,0.0313956501034755,0.0263654666822543,0.0276958483281795,0.0170799120543027,0.0189234204698836,0.0203771087400611,0.0308079501593181,0.0166888571759579,0.0526209133688649,0.0273813824083574,0.0270444493817396,0.0343175830409468,0.0354481533558551,0.0474973378732689,0.0306223077038122,0.0428900985785966,0.018555387409191,0.0290004293645975,0.0242693337056724,0.0525092411548289,0.0236067614837386,0.00716268512943795,0.0373426990082078,0.0335024276149899,0.0560271037531501,0.0359233758708718,0.0101136638962397,0.0343751162341957,0.0222291300273117,0.0224693457263819,0.0547959416671855,0.018989023628159,0.0147463281313018,0.0214651936829008,0.0293444301177253,0.0168322821936078,0.0648730675344558,0.0235263262186906,0.0322482532066637,0.022669637230556,0.0729784490126078,0.0452608941775346,0.0332052239127145,0.0439742129647272,0.0265901372851627,0.0270678647560854,0.00735533392459395,0.0238444637341562,0.0220859002579693,0.0344948047386189,0.0232470762266261,0.0410901039732119,0.0496982195069457,0.0213572839392897,0.0422158573791652,0.0208159861564699,0.0262203885905642,0.0174823716261338,0.0140389461947632,0.0360308749422626,0.046148122810218,0.0224607339347147,0.0296476218849258,0.0452315248458293,0.0218402813508937,0.042539134972356,0.0372498354992531,0.0454815326002799,0.0124026710322252,0.0481606449583136,0.0272126512754191,0.0244258195422081,0.0433581748866107,0.0200515039620997,0.0158806109889076,0.0370324648508236,0.0179870820023364,0.040359417348498,0.0266512606108681,0.024008139657893,0.020948207340701,0.0225675913858039,0.0143875924095406,0.0324769045295929
0.0212288404613036,0.0375357877877087,0.022405229341698,0.0382874769301487,0.0299412800137702,0.0330690689522717,0.0306507625014978,0.0270456572967584,0,0.0268283500629458,0.0337617864194171,0.0422055103693128,0.0243239686749277,0.035099869851917,0.0242150180814476,0.0281756640049072,0.0417840603626843,0.0206104973948629,0.0438595120285445,0.0305075274022287,0.0465319681819321,0.0414909194540348,0.0376929617952379,0.0312316618319418,0.0242428796959046,0.0510713968798365,0.0308989104697101,0.0402528953993086,0.0305389864241906,0.0253682304890693,0.0183085195665818,0.0236417986138111,0.0141110242456146,0.0165277511779603,0.0410433824170336,0.0230763633492272,0.0244603245681503,0.0288451122824216,0.056622903971434,0.0494475196822498,0.0609295277761266,0.040750972887546,0.0194444506313896,0.0277611800770902,0.0513964965772591,0.0239050343582022,0.0401663455073098,0.0433219971064469,0.0136385176093744,0.0260178670868855,0.0362025926601846,0.0413075756041525,0.0430458200273103,0.0380068775255911,0.0472635480933406,0.0412397429985648,0.0362555574313239,0.0743684741925563,0.0429437276298354,0.0504586337616091,0.0481469959439856,0.0605186178754237,0.00959681625640855,0.0833263229041025,0.0363895926046269,0.0493742311946999,0.010799004161423,0.0832450235165104,0.0513246013811785,0.0350703848836148,0.0611040162896368,0.0330329161836354,0.0721108158661892,0.0274882001010383,0.0544718130515706,0.0224182811631555,0.0522193082775625,0.0390853437327717,0.0274067320550931,0.0327127815149972,0.0332786265016837,0.0342785674452216,0.0366594516044813,0.0387112597259881,0.0304587886322311,0.0201542976619018,0.0316081829538499,0.0310620893825058,0.0138538466684908,0.0364550902965263,0.0337557314064347,0.0404009192897459,0.0228133149865035,0.0250652318705073,0.0458294263325517,0.0168110117631926,0.0201580790630734,0.0413481563839546,0.0562633953361438,0.00333908845751792,0.0292773620686533,0.0167731476837207,0.0488941000730813,0.0244555389047691,0.0352723211610705,0.0328150845566387,0.0344434452864518,0.0256190418385012,0.0292545699794497,0.0262574799174804,0.0355927662622939
0.0136823227093998,0.0231276679490308,0.0285564358903193,0.0337073494013522,0.0319272105979472,0.0297726813480731,0.0289618065190408,0.0260928399555251,0.0268283500629458,0,0.0298116973362867,0.0260836610305289,0.0314938092353633,0.0249058404110477,0.0287468374990827,0.0213806913628958,0.0350637649570401,0.0138653334527034,0.019367536354815,0.0130048832167841,0.0294160243293739,0.0271541682208542,0.0305862951729693,0.0199042270169697,0.0296732190021346,0.0316099726341849,0.0175248163510822,0.0286307007950762,0.0273086589011278,0.0347275164637277,0.0360391613363031,0.0205216215206432,0.0369360871898329,0.0288729333760781,0.0269247925657084,0.0379047071254885,0.0218809706664798,0.0279170611612291,0.0385410665234798,0.0210393215465848,0.0234668294949079,0.0123059432929459,0.0530981852357817,0.0276933552181337,0.0172280146371126,0.025138912108298,0.0277295149559569,0.0336137394999024,0.028034036833018,0.0329639243790493,0.0252955090809567,0.030665487457008,0.0405260543815916,0.0240486092173877,0.01968576516456,0.0299579340446326,0.0282269527815899,0.0234108931215307,0.0387581208917189,0.0271794290763522,0.0382966027769143,0.0495912686859951,0.0240472381955209,0.0495140130095035,0.0452127766025636,0.0363717372238847,0.0239247455203347,0.0446928889521867,0.0159838729312406,0.0276852528293752,0.0116166383942106,0.0311784153886211,0.0220576325436629,0.00955577236515207,0.0291922277869577,0.0346626573553577,0.0339680234857339,0.0288507172590601,0.0348770972029417,0.0292175154178213,0.00896144320410838,0.0254717106613944,0.0462586426818975,0.0719779799645202,0.0370354007863845,0.00780515229447124,0.0345286231575886,0.0413249042580712,0.0237688463159863,0.0247181583573217,0.0255881279373979,0.0261430886971847,0.0301797213881329,0.0543440236845301,0.0149930610126102,0.0134280684885503,0.0405949006103712,0.0587177499141034,0.0295528970387173,0.0304906342477217,0.0229644947831213,0.00878054361045594,0.0408985301222652,0.0168208770430841,0.033946870753193,0.0330777165077742,0.00866657087591446,0.0124325007349669,0.020775500072584,0.0160531553227652,0.0147817485534947
0.0329649540765587,0.0416057102003372,0.0432438222189374,0.0140373462058621,0.0397532437761148,0.0317613530588293,0.0473470027851683,0.0243499914771634,0.0337617864194171,0.0298116973362867,0,0.0272161164369615,0.0418683985959187,0.0245612462327028,0.0532018343865945,0.0512636039873482,0.0295307041200082,0.031692678973393,0.0381925991466873,0.0207337501432703,0.0438217505484012,0.0235117840035221,0.0452648095104284,0.0486099639777028,0.0420775189960299,0.0562647319445345,0.0313438686792443,0.0281051201974412,0.0404746377861641,0.0451947232001995,0.038753528241131,0.0293141423185175,0.043856128379259,0.0342694272511318,0.0250316363267697,0.0427358841721178,0.0217680638270273,0.0246646169987,0.0210002773769085,0.036575852356538,0.0467225485910242,0.0257403516209597,0.0500756790766818,0.060681571760876,0.0147135689025918,0.0382089559230694,0.0683907397378749,0.0504128421772078,0.0238133200376241,0.0541465510535544,0.0391366749106222,0.0549676546949351,0.0299239396907146,0.0210767017123138,0.0400091299264076,0.0355024812574822,0.0152097984256156,0.010673783890069,0.0217830060416911,0.0189837204750722,0.0203108996955694,0.0250497610369535,0.0293680160230132,0.0285602097037804,0.0330500050337248,0.0175912195871874,0.0520521386028067,0.0330481333728453,0.0360993314469941,0.0235684802883012,0.0109329851583804,0.0395674627557975,0.0444011885182004,0.0121670578416788,0.0304135848578181,0.0598011659078173,0.0404926740616132,0.0368544105960236,0.0405352385278691,0.0480654385694902,0.0154022246288367,0.0458262674905548,0.0517196571809166,0.0696319001212488,0.0310982449879476,0.0299926931273768,0.0441300667244629,0.0435472534760322,0.0299753881682037,0.0343962122918843,0.0406658379961799,0.049103837778012,0.0555714400036445,0.0461221454550965,0.0370786745298484,0.0321073143073697,0.0417104114139662,0.0535044268805152,0.0143820585443247,0.0446329567762335,0.040196622077611,0.0301087400560211,0.0495910029621678,0.0251698079289554,0.0446224451695444,0.0442079928513972,0.0146815050252422,0.0353277538940853,0.0327409427500665,0.0185559474533289,0.0123439603274524
0.0230620653540623,0.0355591034368922,0.0428076143436812,0.0146402960349449,0.0353865588923827,0.0255412525315969,0.0582788624911498,0.041805820752232,0.0422055103693128,0.0260836610305289,0.0272161164369615,0,0.0510822533867133,0.0160988916950016,0.0525493301152939,0.0351588321453489,0.0257447560026021,0.0246292749538476,0.0469640486170459,0.0263904052026766,0.0504332265330969,0.0117304480187058,0.0562954200608859,0.034745233705599,0.0388635287143156,0.0428798069510642,0.0434483669192307,0.0168804337219818,0.0418268312560026,0.0474635357520676,0.0397611287271382,0.0301046995749797,0.0469368015113197,0.0516202336656384,0.0579061129335365,0.0464857332269227,0.0394084856674874,0.0288449103930878,0.0402811543869414,0.0272706600452664,0.0277346737910941,0.0206624334907653,0.0232981698619176,0.0653753625119135,0.0231350823260296,0.051014850439138,0.0247874419289544,0.0680809066614386,0.0296485149989436,0.0520446668537027,0.035707511053973,0.059188067429848,0.0239415977549138,0.0535284532947643,0.0495565616799975,0.0513574846005406,0.0446781175853919,0.0416079457005549,0.0557173130557566,0.0523844379165054,0.0510938016888737,0.0568112609805124,0.0137083290975945,0.0501917147295144,0.0533138936764977,0.0434292359297221,0.0496096351991195,0.0429240723288556,0.032293586220963,0.0422991537185525,0.040799603558741,0.051145707400451,0.0726984318917472,0.0220140027629892,0.0367224790428625,0.0429715786743235,0.0668824137632086,0.059449159964557,0.067114312032118,0.0503009179974407,0.0308183503480959,0.052769564266318,0.0669086512945057,0.0700475351087958,0.0297451683875717,0.0379911696399424,0.0511022367087989,0.0766815058321912,0.0106404622215136,0.050481044336577,0.0562844400357853,0.0521901671719715,0.0626912536760896,0.0623882553734615,0.0388250286429032,0.0286361844205602,0.0624170549854919,0.0672967049980832,0.0803645704797433,0.0299344668309529,0.0445945987008982,0.0401090363744047,0.0869943889591502,0.0182808916887768,0.0461080863672732,0.0335330031303648,0.0553792575833339,0.0240032002033187,0.0390575612787075,0.0275092645945717,0.0220017817403496
0.0151285171025988,0.0534609945036018,0.0251470410815834,0.0360088621513948,0.02655518572128,0.014231765058923,0.0195346092450853,0.0240803595508569,0.0243239686749277,0.0314938092353633,0.0418683985959187,0.0510822533867133,0,0.032126720159368,0.0122594961606328,0.0397105199693679,0.0395426707525682,0.0279198925813877,0.0694835849090133,0.0378852098018283,0.0462205053782673,0.0488424602358474,0.0222741780141082,0.0414826722988484,0.0269664306372019,0.0333963493150413,0.0143055859377479,0.0615283095663329,0.0412034630863925,0.0176001711588499,0.0274122235249354,0.0304060836664833,0.0227745178243866,0.00904066547841934,0.0422319576870911,0.0313860749407298,0.0313758171426509,0.0241182991296081,0.0494602861758804,0.0542349274879789,0.0571888123720331,0.027613574024335,0.0147106856363353,0.0310214813496905,0.0631251259347611,0.0208129848024581,0.0362204436314855,0.0483228762331177,0.0166434817437452,0.0141669620128884,0.0256257504848175,0.0129478925594073,0.0164698786370114,0.0326394133556808,0.0381891259144381,0.0298755153906997,0.0279158359656758,0.0704440035123617,0.0423756602613485,0.0368894568282779,0.0324514745182527,0.068283565061528,0.0156016288852687,0.0708003896799422,0.017330600924999,0.0376939062542149,0.0166672193276954,0.0590890218227442,0.0390350478223962,0.033275730826068,0.0554267092901004,0.0249603405765618,0.0633230789442795,0.0186289564024536,0.0549750198459965,0.0186200446044256,0.0426978207794655,0.0338520837101239,0.0298236728642078,0.0209343942262495,0.0233152124510104,0.0314112663008463,0.0360840331148077,0.0495639996734031,0.0290709586762524,0.0136440642212581,0.0136772687204622,0.00906052600219259,0.0123296444788275,0.0232394240568034,0.0145902643899677,0.0433128546018074,0.011715484652292,0.0368528977595198,0.0195009573910442,0.00520565917630274,0.0118347814060413,0.0515825803729257,0.0671001448323805,0.00565174452399498,0.0238482734384094,0.0265682407296238,0.0292252607974771,0.0326922177957511,0.00978567077049297,0.0150270757096967,0.0274047959528034,0.0367185752228494,0.0312474784812434,0.0373142532667544,0.0277395797994299
0.0305992094812571,0.0264425853938687,0.0358523014075742,0.0160259609307581,0.031095607809404,0.0376539315235302,0.0365057266571684,0.0532231670463339,0.035099869851917,0.0249058404110477,0.0245612462327028,0.0160988916950016,0.032126720159368,0,0.0485442465592203,0.0333290252231902,0.0251840384381176,0.0207838577685779,0.0399330393527799,0.0266061155865763,0.0355623288480462,0.0158058042571667,0.0438630285469387,0.0357403717522527,0.0318374784876355,0.0354395638280171,0.0316501012647843,0.0191073164121719,0.0247822797193646,0.0339454872980723,0.0321106195586966,0.0201942196093425,0.0326128624977356,0.039914773462112,0.0215689781674906,0.0580635539693161,0.0291828250951134,0.0223545475311001,0.0314812426555226,0.0268087603433401,0.0335443240469326,0.0235813692123266,0.0365405048965831,0.0401722288396161,0.0184126041123063,0.0337450108066926,0.0341759445117948,0.0378153754574714,0.0234376287390715,0.0441444525079342,0.033722051812336,0.0585885228931915,0.0186536440921883,0.0294314436359726,0.0353333001701112,0.0270030558964961,0.0304520760705262,0.0196050160159861,0.0296190782669883,0.0253507434610521,0.0286211455917811,0.0276295786297351,0.0163087966459137,0.0321547627170418,0.0342103305378205,0.0285611341776825,0.0609575617570758,0.0303129737869957,0.0357474085874461,0.0313492568795779,0.0174954687710433,0.0327341255409253,0.056093523306611,0.0139757631000167,0.0224703667608385,0.0327405331631733,0.046404482788155,0.0410023611736076,0.064377799000321,0.054466277060858,0.0247295535790236,0.0402987114021151,0.0530062705161128,0.0745761113493177,0.0178570947739566,0.0360314538998346,0.0555833772361381,0.0676838472257396,0.0210133580026633,0.0340687191757744,0.0547213942126843,0.0310786796575712,0.0508423121812353,0.0556053686510243,0.0336786570955505,0.0308479332110104,0.0642004927218359,0.0674855453005362,0.0749500460755002,0.0482821133589185,0.0330349670798461,0.0355047199538088,0.0570117675923737,0.0170321961233607,0.0500671909033493,0.0271677419793622,0.0356279773953881,0.0119151426841051,0.0298778199336045,0.0260034165084401,0.0130150602959512
0.0265982659506501,0.0564902299391267,0.0261996895107826,0.0424927327019788,0.0355954117148666,0.0309631857551031,0.0204341954618975,0.0396144699201128,0.0242150180814476,0.0287468374990827,0.0532018343865945,0.0525493301152939,0.0122594961606328,0.0485442465592203,0,0.0471056519991902,0.0222658917328229,0.0284380865206761,0.0471968288607674,0.0432518049981109,0.0398864392246666,0.0305551465896191,0.027568728439071,0.0446199929682153,0.0196205583791404,0.0512031223716346,0.0339085381172353,0.0368983410352944,0.0345982523297093,0.0193155939745037,0.0251718452444451,0.0188980088186352,0.0242825824139224,0.0222785338798245,0.0231902059474887,0.0249614044733444,0.0332925920818635,0.0338982437901166,0.0294963342713238,0.0399166308612161,0.0346875174570004,0.0359696934425077,0.0128226227992802,0.0196677737191849,0.0386733179548706,0.0212270004400816,0.01745317306828,0.035684390634573,0.0207576033884481,0.0224937236383739,0.0290814868838889,0.012235518746171,0.0332961423258808,0.0302587915966725,0.0426584472175505,0.0349752153951367,0.0480404791835938,0.0719842966707691,0.0300668866789833,0.0353532714000151,0.0410121929489741,0.0487242267420745,0.0117161510059032,0.0575124847311924,0.0421558304944786,0.0605276269745288,0.0283106603506224,0.0587386812016974,0.0556144192406673,0.0398166373664285,0.0423441394169946,0.0253764926367291,0.0707437139182988,0.0312105888143719,0.028576715719434,0.0191745571433373,0.0497660436010292,0.0443192700197849,0.042297813930114,0.0293147469204393,0.0545036746677824,0.0411282761659836,0.0447843619147237,0.0640312190418007,0.0376002997039175,0.0402685709854181,0.0465118024431485,0.0512608753869931,0.020358131760094,0.0525872249950802,0.0401888767722261,0.0367783704501724,0.0166299484391267,0.0473157267838491,0.0160459320243174,0.0412832606849355,0.0407659237334835,0.0557947546210468,0.0633560142533273,0.0209150798304112,0.0285649269928152,0.0427386307610244,0.0423332934996081,0.0299292082567487,0.0363229050336027,0.0113824761805424,0.0506263369639361,0.0339028717779218,0.0269075055856987,0.0393157859260239,0.0164048417001489
0.0227498119438406,0.0437848895924667,0.0388996641838342,0.0321690359553551,0.0406437010570732,0.0328122447614513,0.0403469664852116,0.015700281148064,0.0281756640049072,0.0213806913628958,0.0512636039873482,0.0351588321453489,0.0397105199693679,0.0333290252231902,0.0471056519991902,0,0.0299497493131165,0.0211568614605045,0.0321301337364739,0.0294052295955413,0.0405378482468446,0.0312572562155695,0.0339231253982283,0.0302450006441955,0.0406593148927158,0.0466574890248383,0.011447324524095,0.0379178455671136,0.0402905717307077,0.0443392478993982,0.035773561436611,0.0323122485165632,0.0467328650589036,0.0195119450218863,0.0205135137379377,0.0241250990028368,0.0211015460135677,0.0199477998228031,0.0213544001918131,0.0447905910175766,0.0670563683710824,0.0296628566953542,0.0253528022946527,0.046047474064561,0.0381512693149845,0.0257387778343075,0.0718944133936456,0.0389908519327003,0.0254827938675714,0.0454686299236728,0.037988398180923,0.0402880633291267,0.034376517492769,0.00831594332100428,0.0317625826770758,0.0282169510407801,0.0221906647738085,0.0381284324671345,0.0160559116233503,0.0123407058696266,0.0212564707565328,0.0241991629026699,0.0251493710020389,0.0347537469316949,0.025031443625899,0.0255258653079557,0.0205993874074338,0.0437238423301417,0.0503647883587188,0.0203251094189658,0.0245805795610487,0.0389016514804115,0.0326870962487692,0.028584727303763,0.0253592184662095,0.0531902596490393,0.0213441256821979,0.023182722935034,0.0204539112183798,0.0407393590527616,0.0224474415967235,0.042567235814323,0.0219930016737165,0.0391695256616267,0.0303932296526783,0.00915224151593014,0.0226297202705246,0.0274908576540977,0.0282758098269749,0.0287502177173292,0.0327265061663893,0.0451053445065264,0.0437597160019951,0.0246169766632064,0.0339698944205125,0.0136746773123172,0.025778375871429,0.0356354764255483,0.0149695960280064,0.0134221427438446,0.0285497191920659,0.0142557032805853,0.0299549089646464,0.0253661569223526,0.0432634328567849,0.0441844629376154,0.0083771199465072,0.031629586272801,0.0293979331692173,0.0229177111142891,0.0189109196806356
0.0145912825228867,0.0181997794557972,0.0180024458830703,0.0259727271664148,0.0182085569682969,0.0158874899252281,0.0246395267472117,0.0434012242870772,0.0417840603626843,0.0350637649570401,0.0295307041200082,0.0257447560026021,0.0395426707525682,0.0251840384381176,0.0222658917328229,0.0299497493131165,0,0.0180620253476706,0.0473763952375806,0.0208847063979626,0.0155684441603405,0.0258803608738485,0.026006223807162,0.023071503043349,0.0282970442880486,0.0301809739161856,0.0319044978537176,0.0131349301561564,0.026160016583786,0.0311683518689388,0.0286326627736907,0.0247834319716728,0.0436903986484139,0.0345755941192129,0.0618395400055934,0.032349388902871,0.0276493291721888,0.0128033009091552,0.0526507589664607,0.0179715125578385,0.0261391954956633,0.0096453732587332,0.0150951717091054,0.0603500917686347,0.0393259806549293,0.0266538586649228,0.0207111147407649,0.0476684901534148,0.0327729198146991,0.0304995727312478,0.0188614165145795,0.0315795045995321,0.0248575220771168,0.0772006419103744,0.0288276466552728,0.0439051506851366,0.0414991362266245,0.047668104333559,0.0668821313232027,0.0797160349287027,0.0682561708500056,0.0670618814819681,0.0175401991877326,0.0692476496145827,0.0455177195624593,0.0414229061745135,0.0487399374696648,0.0536651428055233,0.026289320202871,0.031819568765992,0.0524043933903499,0.0390425937928499,0.0614573152612093,0.0298435832085918,0.04142956305505,0.0258182438076437,0.0565250429502613,0.0406500762023406,0.0450843931446119,0.0360794061699428,0.0336360847014035,0.0281700979790848,0.0467399575353611,0.0478434816289575,0.0188572960194177,0.0362824267813577,0.0357498193802517,0.0491826640079505,0.016101928514454,0.0318510345431559,0.0368604364884114,0.0376675155207266,0.0369996011924361,0.0524760605775676,0.0212637124545502,0.0195101233952045,0.033311354141781,0.0502154302161996,0.0937143347570261,0.0172706725599205,0.0345675623784556,0.0381934201322968,0.0778476109770024,0.0114812235559366,0.0238565324656556,0.0243748983526939,0.0562809699242856,0.00939459647069286,0.0251875839170081,0.0221298177844236,0.028034853985953
0.0153240332510933,0.024720785292695,0.0236830437189455,0.0132564924131725,0.0237285152437951,0.0146330442017759,0.0288040785466127,0.0177164295157778,0.0206104973948629,0.0138653334527034,0.031692678973393,0.0246292749538476,0.0279198925813877,0.0207838577685779,0.0284380865206761,0.0211568614605045,0.0180620253476706,0,0.034017841629823,0.0128437581122912,0.0233564883843155,0.0202406963593035,0.0187223885952178,0.0206361041076015,0.0258759401849952,0.0410469573183931,0.0174476348426292,0.0217418519337038,0.0230808961079525,0.0304836369813647,0.0405992764559214,0.0255540387844947,0.0518340044231517,0.0170543331006387,0.0310370639744849,0.0276063702630293,0.0161227459505489,0.0107438543969735,0.0145485279513392,0.0230238734400212,0.0383527523211234,0.0105914097590923,0.026362953809174,0.0530127598132132,0.0114508726623419,0.014530506421268,0.064965179290115,0.0260746355588114,0.0510265839861568,0.0341104030662119,0.0206674720414193,0.0209679555457917,0.0406072845290007,0.034358826723198,0.0113948441858943,0.0289924479544583,0.0252959559544468,0.0241644849774338,0.0284970740634613,0.029894507822895,0.0374244031579674,0.0192598716588751,0.0513616743184153,0.0178491286428555,0.0213287580663354,0.0225689368246349,0.0488445241052696,0.0255796696914855,0.0321206170600331,0.0259390111886377,0.00529547136648515,0.028349378066728,0.0167216123389151,0.0455056909316492,0.015752048234876,0.0401185488549405,0.0239845355717614,0.013576168144873,0.0304299276357177,0.057377239369559,0.0104231485030529,0.0299404918398294,0.0352334759764039,0.0496108445964664,0.0262909964659932,0.0048201974746538,0.0212995899658869,0.0239560841391265,0.0355447502911237,0.0204678049577584,0.0208102274349605,0.0282833524918518,0.027607263793794,0.0261310325002089,0.0162822910379247,0.0086018071066045,0.0253862282301582,0.037951841358747,0.0183333606919219,0.0245307797191122,0.0172168265827068,0.011593354752681,0.0276241981500504,0.0139769398545439,0.0236783698506009,0.024826645802317,0.00157255998773545,0.0181832351438424,0.0174071263979988,0.014212448125409,0.00464086526346855
0.0335755768881889,0.0431532137786884,0.0427439197926735,0.0301252391630505,0.0466839244091528,0.027745557223799,0.0471379975416199,0.0225654547923562,0.0438595120285445,0.019367536354815,0.0381925991466873,0.0469640486170459,0.0694835849090133,0.0399330393527799,0.0471968288607674,0.0321301337364739,0.0473763952375806,0.034017841629823,0,0.0268554707695117,0.0385418395214612,0.059083926652323,0.0354849579707928,0.0101464891167376,0.0466066489553997,0.0502032545554027,0.031853139400902,0.0721943375921398,0.0556144433341046,0.0549104996487621,0.0874528260221315,0.0661153094607398,0.123042148790837,0.0419719463783112,0.114590319227012,0.0304106408078596,0.0350154718348384,0.0142548458776773,0.0239005514197641,0.0355945136501448,0.0664848679584088,0.0147233512583853,0.0379875340110958,0.0934515433107898,0.0132136342131583,0.0349494608699017,0.0768283154509369,0.0610359740834078,0.0874367544674797,0.0493969388959845,0.031099577686687,0.0296603585428177,0.0751657771003318,0.105173940331667,0.0233156034644532,0.0709247549170799,0.0559697827884811,0.0357512505923068,0.104989460625136,0.10879497197362,0.112296688108506,0.0815652515210904,0.0615763979558389,0.068236203452316,0.0712518038141116,0.0611488677485676,0.0624528699063635,0.0634578821430137,0.0790377747778192,0.0327550091624578,0.0247941151225002,0.0629294840738982,0.0304265662610861,0.0985838726188579,0.0192857262044806,0.0536917528584328,0.040077988181157,0.0434286854929137,0.0347337733178425,0.064235796872197,0.0327191326276062,0.0672174242810205,0.0480069490158852,0.0440977208113806,0.0460692253622164,0.0275784420975854,0.0319661975931924,0.0463440863578841,0.0262664745711941,0.0476343681247886,0.0499690895017162,0.0551172122979519,0.0527978766521449,0.0363737534621429,0.0231700162889127,0.0364180954525751,0.0394214270481559,0.0316064882752665,0.0468956991375248,0.0232944124229698,0.0372045461132733,0.0259343644803125,0.0591586520436716,0.0276651420642254,0.0485337594831269,0.040517612656026,0.0279609807453557,0.0374206772497653,0.0469777177555426,0.021232503411156,0.0168058547826646
