0,0.0450752598902784,0.0316313531864352,0.0225759905193731,0.0372217394362426,0.0156250360688009,0.0354185954070234,0.0322452543952155,0.053263184312425,0.0390704587395142,0.0256921994331568,0,0.0343697714957757,0.024489637959924,0.0474495996277208,0.0138347138229535,0.00408785899746625,0,0.0336173822482158,0.0082207911391804,0.0194460204913539,0,0,0.0102948899270907,0.00188080416632016,0.00306803951615618,0.00306930666373389,0.0171768981800115,0.0455557601313736,0.0644476760897977,0.0115893159171892,0,0.00626236107925576,0.00512669439790286,0.0329256857336463,0.0409722614868337,0.0209731667904535,0.00130319574420108,0.0272609961544884,0,0.0279228579190447,0.00886927090063722,0.00803907411004751,0.0455701692186333,0.0100322777986531,0.000975534065067006,0.0535560948033623,0.0284968287797215,0.0106068251765903,0.0615723728359253,0.056822653268717,0.0764983964075412,0.0182480231997811,0.0323534586103246,0.0179762229623789,0.0354338160733218,0.0117908453331142,0.053789982915231,0.0134468070215648,0.0637208285192742,0.0364196083094274,0.0298681362696245,0.0378367958525879,0.0351407228280444,0.0511599876327578,0.0100830269961513,0.0466180509724684,0.0320476328401051,0.0277122538047086,0.0529215186386241,0.0651016582654683,0.0498362383224885,0.0681865239927711,0.0548065111783672,0.054040238981618,0,0.0340493849851159,0.0574136293426265,0.0057449503444326,0,0.0551965222999269,0.0132390830038198,0.0030992796943028,0.0176679404217677,0.0701028283474053,0.0295837081553495,0.0144294292475075,0.0260383297286066,0.0762896490088147,0.00719378592864996,0.0290427972684391,0.00556552860697848,0.0114870061975625,0.0418956710233998,0.0462379388870822,0,0.0292657869593097,0.0165409001500812,0.0199027916626658,0.0380516762684171,0.0264048910710161,0.0265945571852818,0.0132959654899095,0.0279414037188753,0,0.00282165227411229,0.00309113169118923,0.0223323234693459,0,0.0122242655476135,0.0488287220421984
0.0450752598902784,0,0.00342182359313196,0.0070897106182335,0.0121011534974592,0.0122462121471352,0.0705399900603963,0,0,0.0136692338145483,0,0.0240221659090755,0.00323113896178163,0.000434357784464888,0,0,0,0,0.011239590029244,0.00404333261364162,0.00891936451787155,0,0,0.0093569499369493,0.0142138991227715,0,0,0,0.00958215773238257,0.0501321668680867,0,0,0.00701422849604936,0.00279924338685785,0.00366821526063341,0.00789970107766929,0,0,0,0,0.00278840314366099,0,0,0,0,0,0.000411592405471072,0,0.0121254258323845,0.0196848430959915,0.00252541225157292,0.018367335016431,0,0,0.00416273505402172,0.0273960618716493,0.000960959710115802,0.0322048305887018,0.0309342815365592,0.00447902108239189,0.00347292872290446,0.0079605500122138,0,0.0307533654864337,0.0644290993441196,0.0312657838785649,0.0201447937554932,0.0436554104465896,0.0710927404805035,0.0777252082773526,0.111116800858548,0.00405794189975129,0.0086255507527406,0.0374637095299152,0.0597460925310319,0.0297007683663347,0.0692008824985639,0.0107808686442805,0.00238732341799243,0.00231185030443509,0.043712578870103,0.0179644930617205,0.0114567578967859,0.0729793340953652,0.0277162859689355,0,0,0,0.038681756605679,0.000861518468712178,0.0447848706794121,0,0,0.00818607568359487,0.0275130255500863,0,0.0300441120045461,0,0,0.00544812701275197,0.000403870707955864,0,0.0128423728600869,0.0173116670654172,0.0086747555163978,0.0121377750606429,0,0.0121190516535927,0,0.0109072084440977,0.0115656160119934
0.0316313531864352,0.00342182359313196,0,0,0.00968811988760332,0.00912407287859302,0.0833425653474929,0.0138457989839921,0.00440664760829172,0.000127580326793022,0.0197216508041948,0.00234467319993917,0,0.0154769553449406,0.0121933379582888,0.016441638731121,0,0.00281922772203616,0.0050298755389773,0.0098645911940711,0,0,0,0.00925894422126632,0.008300469562444,0,0.0254796941910882,0,0.0155301883643052,0.0163556496426924,0.0181062543729189,0,0.00349207314936387,0,0,0,0,0,0,0,0,0,0,0,0,0.00925385474798267,0,0.000642462538360129,0.0169686872110516,0,0.00573004257044631,0.0021453497797393,0,0,0.0123083513077233,0.0218065463109767,0.00425772276890425,0.00746751033052501,0.0208586264226833,0.0191844427293976,0,0.0142438576754763,0,0.0285031412316248,0.0665577020630213,0.0299340017534852,0.0048444924332269,0.0574933557431047,0.0878021490991282,0.0369873669299932,0.0728678243372702,0.00222044273785262,0.0452585209437586,0.0157465138321994,0.043440859276486,0.0240359045083772,0.0396310721131978,0.0296407202526602,0.0121427537343677,0.0403916737946704,0,0.0741059369333577,0.0172086905153156,0.0280006636560143,0,0.0167114031723626,0,0.0209258650120198,0,0.0151077266529436,0.0638827996658684,0.0159366552393101,0.0176720509820198,0.011267202476822,0.0282890423361838,0,0.00890795106933436,0,0.0130040967710332,0.00431116274119416,0.00171059185239336,0,0.00806664020136385,0.00475787829365696,0,0,0.0086830301682554,0,0.0229854671002142,0.0107711020674235,0.0232762017088472
0.0225759905193731,0.0070897106182335,0,0,0.00982495970370205,0.0187521606404682,0.0358858609862978,0,0.014801227676455,0.0136528531175376,0,0.0119014396260198,0.00846257535670358,0,0,0,0.0156479423736024,0,0.0144619907353293,0,0,0,0,0,0.00491631348492512,0.000660765885058958,0.010349451288953,0,0.00524210880399927,0.0224176662448094,0,0,0,0.0157015355058664,0,0,0.00928691490294751,0,0.0296627257805353,0.00763514872825592,0.0130441794273478,0,0.00859118289153722,0,0,0,0,0,0,0.0117701165842666,0.00905236506774834,0.0212732124260136,0,0,0.00148353224016185,0.0144105385887306,0.00797086570142289,0.0473212003327834,0.021175146720713,0.00844196355231149,0,0.00824608908506056,0,0.0116177198240091,0.0471229047238967,0.0145911621556466,0.00484529522571304,0.0194674488160645,0.0399243063055345,0.0361238406371671,0.0564468880875641,0,0.00516020597791554,0.0190501822719509,0.0374062893978045,0.00491176919989206,0.0325822117566446,0.00384257649860941,0,0.00535926503651589,0.046280382871839,0.0161848636480298,1.50259073125294e-05,0.034950267847909,0.0294931067530522,0,0.0170354512429022,0,0.0277656493036001,0,0.0254023549049341,0.000591427564231936,0,0.0153452405105106,0.0143029416314622,0,0.033927248612152,0,0.0030835272609809,0.0128202426857345,0.000716343658909679,0,0.00646907491500231,0.00741249524781416,0,0.00650534805375708,0,0.0134866567259182,0,0.0083306611853025,0
0.0372217394362426,0.0121011534974592,0.00968811988760332,0.00982495970370205,0,0,0.0255427296771266,0.0371981666697469,0.0335111083924942,0.0194778092789987,0.015213956573417,0.0134934319113727,0.00958459397165228,0.034811685767636,0.0117671946789798,0.00744112737393547,0,0,0.00684627610427857,0.0309875827467694,0.0294907659319686,0,0.00209015019832553,0.0319044301976973,0.041749803861594,0.00457076915225683,0.0148086506373733,0.0126568315777952,0.0431186815884966,0.00280237421708548,0.00253696835317424,0,0.0514570612619062,0.00190208803429034,0.00459486842112259,0.0224913822073358,0.0251298364873776,0,0.0124108686807254,0.00122604957548846,0.020526658863634,0.000587426468145639,0,0,0,0,0.0050358937923817,0.0149115843237171,0.0525069260813341,0,0.0130707018245499,0.00821645613172546,0.00299685974790687,0.00662279623662331,0,0.0125882511206048,0.0197479961587973,0,0.0697140621155476,0.0421536696274106,0,0,0.031518811902837,0.00375818640103264,0,0.0151897329110568,0.0030483604782784,0.0062056339189874,0.021022761202213,0.0423532088345627,0.036152270013592,0.0234992837743325,0.032684076034796,0.0170104947697689,0.00773978397381385,0.028998024214375,0,0.0384025377980057,0.0191396308067718,0.0378303061755035,0.0124803063049482,0.0732129611612885,0.0304768717395378,0.0837094072271449,0.0407517159389339,0.0237965352016918,0.0011871675202387,0.0137402872728908,0.0263421057052731,0.00535477178966158,0.031361999062225,0.008777984535071,0,0.0260610940138337,0,0,0.00835007585174775,0.0147674577283943,0.00728228910482246,0.000130414303223328,0.0200906751983805,0.0207463969783288,0,0,0,0,0.0298546828603632,0.0191581587300404,0.000699249406811141,0.00236277169855388,0.02901567222267
0.0156250360688009,0.0122462121471352,0.00912407287859302,0.0187521606404682,0,0,0.0077950582586309,0.0100135596099515,0.00195968738876394,0.0366071802886771,0.0406132802109869,0.0108608604445021,0.0493925669439566,0.0139793949103768,0.0275653463596474,0,0.0308786571712621,0.00511402432776215,0,0.0195101243999441,0.02725081636837,0.00604155930562631,0.000830250239996254,0.018045099107988,0.0261517832032318,0,0,0.0160800898690072,0.00436176991326779,0.0207625015690875,0,0,0.0257549447168994,0,0.0223264868282879,0.0239590779781525,0,0.00300229948848786,0.00866838166839976,0,0,0.00995245180842927,0,0.0277814372477172,0.0110454029830139,0.00870368439617018,0.0313611380430502,0.0162987573856884,0,0.0320929551860627,0.00953838756295305,0.0174499047755541,0.0046476913667508,0.0142538299399054,0.00660614427374583,0.0162227365224555,0,0.0046077872278825,0.0223946161440183,0.0332538005098852,0.016406519534094,0,0,0.0134034010700279,0.0196462234134111,0.00249151824917932,0.013768144379459,0.0106597285011019,0.00842903511078587,0.031575498632113,0.025281405981963,0.0316869903179727,0.0394534397140726,0.018080593178561,0.0159728696229331,0,0,0.031122556103612,0.0315612000487112,0.00166313422455871,0.024431892772689,0,0.019486765417994,0,0.0366471397646545,0.0116247228621008,0.0475848868152876,0,0.0327930965248226,0,0.00397978716895988,0,0.00394314412193411,0.0590761488830409,0.0303230851510137,0.00534989897471699,0.0223343572180145,0.0122850540221588,0.0227580607123667,0.0446534116174133,0.0346022928129489,0.0135238271659632,0,0.00269069583372204,0.00314608541520011,0.000489716908416597,0.000334424102978401,0.0374619377801858,0.000353190101969645,0.011269270499719,0.0262098838698862
0.0354185954070234,0.0705399900603963,0.0833425653474929,0.0358858609862978,0.0255427296771266,0.0077950582586309,0,0.0603283335720181,0.0645939854847492,0.0233224025579419,0.0527386783401328,0.0148631767351929,0.0922043346566665,0.0504219716170275,0.0931031734413235,0.0352699630259143,0.0127733208177359,0,0,0.00599896767710031,0.000438587928335765,0,0.00565488873369048,0,0.0350360571755813,0.00455045435421578,0.0100330533068468,0.0232102381037595,0.0707719136597121,0.0882415096434622,0.0789115360207428,0.0327738243140394,0.0609643206300161,0,0.103157007761019,0.0998270150578133,0.0419142966471122,0.0274419464193121,0.026716368545785,0,0.00514163491318873,0.00795410911902429,0,0.158365640795389,0.0265829860600236,0.0688361876698487,0.149075204686669,0.132003801257293,0.0504131672405014,0.0976440963001028,0.0758632339583714,0.106005267976252,0.0254804193699198,0.0520456459477312,0.0328925398614343,0.0252254109132947,0.0196459010528411,0.0420796947576622,0.0975312137704476,0.161087873238612,0.137894662173528,0.070121635908742,0.158686676294968,0.0383195406036846,0.0202476763083719,0.0246720826934836,0.0471079354061318,0.0461238426549004,0.0263627049734293,0.00557788217711141,0.0097926722728209,0.117068623705126,0.188709238760676,0.103067889941942,0.0517050551559578,0.0578810675589295,0.0092008164684415,0.172626512620851,0,0.0595852306623136,0.06929701901764,0.149298247131504,0.028876183691341,0.0226537192187405,0.125903638890903,0.147082716169673,0.0160063636633862,0.130802950879786,0.0888966736779441,0,0.000281761879236789,0.111581831442541,0.0129023285112314,0.118492338877863,0.127282155995567,0.00612376587650597,0,0.0650316458537513,0.0458012059731494,0.100946485724552,0.0373241262295275,0.00594136866798815,0.0122064487414809,0.0196223870154929,0.00304352668325021,0,0.0391300298707823,0,0.00593838900794645,0,0.142516848597257
0.0322452543952155,0,0.0138457989839921,0,0.0371981666697469,0.0100135596099515,0.0603283335720181,0,0.00763584802203084,0.0206585223416549,0,0.019770984679257,0.0159654835124817,0.0225544405053654,0,0.000735210330540259,0,0,0.012964358064088,0.0344049445496782,0.0317079046014253,0,0.00236568005926444,0.0418011603144817,0.0186718843216156,0.00282951099201152,0,0.0146633605733804,0.0164115651593138,0.053574422374606,0.00610962498954175,0,0.0075188915284831,0.0090613033233491,0.0211425629502832,0.0233335035532817,0.00385029795306845,0.000921147603830118,0.0139240443881543,0.00479561692885618,0.0247091510414755,0.00427116735880484,0,0.0148879920097428,0,0,0.0125411334326835,0,0.0166973821849157,0.0437450152102978,0.0137220371215141,0.0417141293710821,0.00375314162163426,0,0.00863266586761362,0.0377495667008764,0.0316079902125335,0.0387144818962488,0.0273881037901002,0.0187067028579568,0.0188223802352813,0.0101191415224981,0.00631815556131003,0.0377217402731896,0.050962814038981,0.0431412601813358,0.0331398098748289,0.0454122384031963,0.0656263468170349,0.0790588323206461,0.0807177452142729,0.0249514275268956,0.0235165966503565,0.0490663376472786,0.0609378223281946,0.0271172489496058,0.0382382152005678,0.0265148335969768,0.0189692864651461,0.00230488097463345,0.051016648211144,0,0.00291109464022915,0.0824715987266951,0.0502703486860384,0.0102242003439655,0.00929846334423046,0,0.0686307130325839,0.00316604914888658,0.0660482888927331,0,0,0.0209862698593739,0.0347519529660288,0,0.0178648739549785,0.0224857059472648,0,0.0182226182607507,0.00747250361555153,0.00114002641133534,0,0.00573618253425764,0.00304225334575451,0.0168815842152016,0.00838422645050763,0.00242470118624908,0,0.012905108009553,0.0137656874053346
0.053263184312425,0,0.00440664760829172,0.014801227676455,0.0335111083924942,0.00195968738876394,0.0645939854847492,0.00763584802203084,0,0.0336431309628949,0,0.0400297713119013,0.00810070476990174,0.027430275465143,0.00439287729209485,0.0083981570342212,0.00310389914395732,0,0.0240879014116905,0.033129242182791,0.0297684906433666,0,0,0.0400935969944952,0.0150099792860782,0.00993167971114822,0,0.0109174154009274,0.0197464110312159,0.0406934319645795,0.00968392756679685,0,0.00704502569097878,0.0152435697108359,0.0109528898085484,0.020241906894811,0,0,0.00474180029066941,0.000847345747802259,0.0386717442778699,0.00671343797936722,0,0.00423655385987325,0.00334967434407362,0,0.00721231707067551,0.00107217722100242,0.0472385034169125,0.0235287959301568,0,0.0113677449961413,0.00927584988927457,0.00615668845303121,0.0110671536100882,0.0392643162302788,0.0358630786440981,0.0463167391387278,0.0402121656372418,0.00581814742654842,0.00753160452461947,0.0145319587072255,0,0.0328895160699505,0.0547879500096826,0.0285476911169033,0.0250262079225304,0.0388300732407303,0.0668695268162813,0.068241585927653,0.0737774251166259,0.0176558717442849,0.00858091250155893,0.0447744778517239,0.0529599538492811,0.0381008858198547,0.0471203335576305,0.0113583102494021,0.0294042722386208,0.0111790280092263,0.0440675211232226,0.0223862047458153,0.0252114525116221,0.0891505884643033,0.044854002673757,0,0.0141527252527303,0,0.0645810100105254,0.00425866788342759,0.063991758108397,0,0.000817938527490716,0.0172514354415921,0.0243607629175664,0,0.0436075785011819,0.0175760019883352,0,0.00864824975078178,0.0112190572291755,0.0322799187089901,0.0125476985151853,0.0215356918951917,0,0.0154898334160786,0.0155213516633421,0.00700528264932654,0,0.00957091470600767,0
0.0390704587395142,0.0136692338145483,0.000127580326793022,0.0136528531175376,0.0194778092789987,0.0366071802886771,0.0233224025579419,0.0206585223416549,0.0336431309628949,0,0,0.0319271523146551,0,0.0226435707483799,0.0137335277545125,0.00946366838752072,0.0121073520045099,0.0339716504508329,0.00746055587079221,0.0112683017816354,0.00671802664680714,0.011259235474363,0.0257510717868025,0.00443293636414289,0.03671335858014,0.0247300138639337,0.0158468607826891,0.00340830205953908,0.025433344566174,0,0.0249310671183389,0.0425918754973152,0.0240933384051165,0.0011474968677597,0.0105665590992603,0.0138585315774996,0.0249432260560172,0.0238984946148735,0.0121660529302529,0.00257733247798301,0,0.0184541604778022,0.03493234305012,0.00612631682210449,0,0.0175572256058478,0.0121502308554678,0.00100042237412474,0.0256839308999319,0,0.030698664051982,0.0170095641117128,0.0127285690775634,0.0317643550356585,0,0.00430834613501311,0.0278201837146164,0.0215786684500747,0.0234132754539402,0.0375448861987847,0.00174913378455726,0,0.0425410739137458,0.0133284507114315,0.0202190333538822,0.0192613553924084,0.00498408017653131,0.00344919670693873,0.0422576705992854,0.0310465846835857,0.0433662728372845,0.0383343174903163,0.0578752023006466,0.00665642658188437,0.0089057305762417,0.0262177296769493,0,0.0573891958564245,0.00656248371763823,0.0321265019320941,0,0.0962883924420632,0.0174245639216446,0.051480184669934,0.0150717898973862,0.0166104190127793,0,0.0194734589464364,0.00101587775112636,0,0.0133889368582285,0.0350238524271899,0.00390665119968898,0.0265932545093633,0,0.0141189626149775,0.0167163279285044,0.0261977703623086,0.0155181449447804,0.000805478164826001,0.0297544645138369,0.0207093656179362,0,0.00804851835168481,0,0.000557765695100259,0.00270497637746061,0.0124334043361184,0,0,0.0320920466343634
0.0256921994331568,0,0.0197216508041948,0,0.015213956573417,0.0406132802109869,0.0527386783401328,0,0,0,0,0.0116777476384641,0.00410303525497597,0,0,0.00262036786059659,0,0.0133917541457357,0.0275073810484881,0,0,0,0.0109625833177727,0,0.0569949151340697,0.0181814906300269,0.0105150219424868,0.00697191575374314,0.00962434361165552,0.0130409599643302,0.0219415696592249,0.0430450966116085,0.0231497267086474,0,0.0182214950169876,0.0104913355882711,0,0.0192604983455058,0.00326984541007041,0.000955338913175661,0,0.00356453468023624,0.0188657144390684,0.0056463431943827,0,0.00741888848209225,0.000920028857102542,0,0,0.00371621472985152,0.0119498483383936,0.00320949534988751,0,0.0078683786980717,0.000842335694742007,0.000654289040302616,0.0136321194987396,0.0118726044178806,0.0156023101686654,0.0350779613081614,0.0017036547896762,0.00617586454071363,0.0381941605893703,0.0160822562678132,0.0687301405437886,0.0166130822908423,0,0.0300627208645493,0.0773669700294016,0.0183631661212275,0.0807360113821443,0.0570294984332164,0.103190967183099,0.0111287748045656,0.0357170563020527,0.0196428886325033,0.0332578205988509,0.0939938835335466,0,0.0406583645196818,0,0.114820334566515,0.00583204581565701,0.00857559748571157,0.0168857525767257,0.0579015282832129,0,0.0424723539817942,0,0.0183398971529538,0.0305129885663949,0.0302843443023048,0.0173878345194266,0.0552628429189447,0,0,0.0376072735460926,0.0218041512360322,0.0042645310662188,0,0.0300496198035116,0.0162539222334342,0.00262563361427905,0,0.00728652985374387,0,0,0.0195102767541554,0.00936201115465738,0.00588023598405802,0.0282086682941251
0,0.0240221659090755,0.00234467319993917,0.0119014396260198,0.0134934319113727,0.0108608604445021,0.0148631767351929,0.019770984679257,0.0400297713119013,0.0319271523146551,0.0116777476384641,0,0.0307156533784887,0.0193650196845651,0.0307274551827566,0.00784484078746157,0.0195387923343597,0,0.0180672601319144,0.0139156271017105,0.0221506235409994,0,0,0.0196344425655249,0,0.00195190781529972,0.0192910476264171,0.00345780435062912,0.0170787504818988,0.0453635725900934,0.00409374303890495,0,0,0.0178089068992329,0.0237495234557243,0.0349211543051215,0.0108922523313397,0.002401741109829,0.0282508815982047,0.0038370813314969,0.0332789196056091,0.00958488774480142,0.0126739097794431,0.0296094385290728,0,0,0.0262922141904084,0.00105056431144898,0.0101665513872379,0.0445323065634355,0.0274074120159345,0.048009093730078,0,0.0086495754866361,0,0.0172118076461347,0.0238909033697251,0.0455935560665285,0.00669937947015467,0.0284917299282689,0.00809223519911973,0.0189546119296361,0.0113844993267459,0.0143443549446971,0.0317285482637294,0,0.0130051656002562,0.0168139207528838,0.0182840122181009,0.0321352587798346,0.0324132955324823,0.0422490122290069,0.0477802719349375,0.0542823083555465,0.0487787463756825,0,0.00759652277739763,0.0429931517399236,0.0132386455894991,0,0.0543624654411747,0.000481729668523503,0.0073528042901289,0.017107017252074,0.0669046843016068,0.0104715393850737,0.0297645190566093,0.00359220954709673,0.0760837997186539,0.0130096052099238,0.0293916792726276,0,0,0.0403144556474422,0.0368126384285266,0,0.0286886933549383,0.00660247583870402,0,0.0358722697128595,0.020252863614974,0.0335760309726297,0.0161621226544994,0.0222448979174293,0,0.00574429823741934,0.00741849936743607,0.014945064600176,0,0,0.0165177131915192
0.0343697714957757,0.00323113896178163,0,0.00846257535670358,0.00958459397165228,0.0493925669439566,0.0922043346566665,0.0159654835124817,0.00810070476990174,0,0.00410303525497597,0.0307156533784887,0,0.0186034074767501,0.0128277015766989,0.0107279945352686,0.000384571992596773,0.0774857689798342,0.0447989235273245,0.0142502656167538,0.0055788941761352,0,0.0311843738571788,0.0108565291214461,0.0468156355038319,0.0331432474880675,0.00513451112834345,0.00520659755686065,0.0264513316507551,0.0618179199657917,0.0392504377059105,0.0476587822481423,0.0249280196744766,0,0.0127206531493044,0.0238844764826686,0.0201328561585056,0.0197741404667539,0.00303271052005333,0,0,0.0066961818961514,0.0241426970217214,0.00472600290674763,0,0.0273706181785966,0.00623255613469773,0.00606905123301555,0.033861965739281,0.0131516721733089,0.0311235139955757,0.015200286506131,0.00605545446215039,0.0197299056380725,0.00200045616577991,0.0144649681489339,0.0152461486169886,0.0335208750748975,0.0330855916299667,0.0901799236751071,0.000644739474377292,0.0017940717386129,0.0620373164848478,0.0339056558981051,0.10927439252644,0.0395884349799532,0.00775233590316991,0.076823799284348,0.113537427769023,0.0575329864516534,0.145231312596366,0.0624614812956311,0.215359647364428,0.0337806601652078,0.0999317318668885,0.0353145026189345,0.0571868025190622,0.173720034009158,0.0216884790338827,0.0458868822078079,0.0529670555184196,0.158114204482323,0.0429369323915027,0.0544573162664956,0.0505039642177274,0.0620632888191802,0.00880553412214692,0.0630662173347232,0.00889930638368738,0.000975364862662931,0.1016211402154,0.0660440819300745,0.0125041647792493,0.168138428768728,0.0561139606735171,0,0.0631798105235339,0.0174495804156567,0.0228066699228303,0,0.0586525855977552,0.0314547311352179,0.0348710675909614,0.0239678698371176,0.0146393470129266,0,0.0022097104144066,0.0318688753877466,0.0356703496823046,0,0.0611335683609864
0.024489637959924,0.000434357784464888,0.0154769553449406,0,0.034811685767636,0.0139793949103768,0.0504219716170275,0.0225544405053654,0.027430275465143,0.0226435707483799,0,0.0193650196845651,0.0186034074767501,0,0.0117426700930396,0.00197193853003736,0.0016305010088334,0.00223975994782791,0.0152743882405127,0.0359385730005713,0.0329273085347454,0,0.0106349128328914,0.043933460912255,0.0166809555439957,0.00358442659970419,0.00175341201251169,0.019601722048686,0.0211721798081421,0.0517367642118307,0.0102228010188719,0.0110220409520055,0.00682967651480272,0.008954700378094,0.0303834586178564,0.0278906128410031,0.0198169223407789,0.0129308772453779,0.0227791333995089,0.0126433680455638,0.0280447444131935,0.0104077831343387,0.0152982187309674,0.0237331383681131,0.00391430994503264,0,0.0186011249337196,0.00313547691620832,0.0011224894333846,0.0505003743892753,0.0262558262934673,0.0476445195168375,0.0095385639301751,0.00411955613765965,0.013107100065164,0.0331464834545434,0.0360444929969082,0.0368244449936848,0.0162713127594949,0.0254920795933114,0.028152077416005,0.00701478888500646,0.0161698126470583,0.0411004163086661,0.0459981811537523,0.0504148173710947,0.0412071247077327,0.0414241681184533,0.0574268394287873,0.0702873110404264,0.0719678763246284,0.0332709846250363,0.0341036775817429,0.045861545820663,0.055953126206208,0.0230556170113595,0.0254916109142738,0.0372249929930787,0.00631529766620137,0.00224368259699516,0.0499050451350389,0,0,0.0653462967510687,0.0549823242128422,0.0157223264490641,0.00963435613555665,0.0031971991427353,0.0705077717855399,0.000599939578740861,0.055669862444086,0.00727897204849244,0,0.0233067660594129,0.0330924687883929,0,0.0185553439359863,0.0200666530707834,0.00283273762910074,0.0194505502638764,0.014395641076833,0,0,0,0.000827511994217761,0.016207030953597,0.00680598108895719,0.0101672475545146,0,0.0124823422950319,0.01642928949556
0.0474495996277208,0,0.0121933379582888,0,0.0117671946789798,0.0275653463596474,0.0931031734413235,0,0.00439287729209485,0.0137335277545125,0,0.0307274551827566,0.0128277015766989,0.0117426700930396,0,0,0,0.00669089224778601,0.02523176726968,0.0215796796147192,0.0206391790682813,0,0.00797265706469944,0.0208118815082336,0.0497702243212095,0.0121215064745166,0,0.0174884431293939,0.00673467258029433,0.0692555695265812,0.00514244192352251,0.00387370589041255,0.0119562353821763,0.000399837424319078,0.0298134079822056,0.0260873765533008,0.00910257377058868,0.00345238050457413,0.00308582587070039,0.000255948750325858,0.0137653162399551,0.00282140432961405,0.00433939487282152,0.0182573584906201,0,0,0.0159007799141242,0,0.0181079970567084,0.0436123679060486,0.00740169111958184,0.0269978247333085,0.00493639835630171,0.00239786612898046,0.0220653798265171,0.0399127924994976,0.0139469422951816,0.0468383069126335,0.0153187400459402,0.0121522022280934,0.0293131078534167,0.0124340742400769,0.00200581249020028,0.0565090329524262,0.0989006819248207,0.0703738528149161,0.0418665012096517,0.0685665837604643,0.102670627191601,0.10043224187232,0.132105663306222,0.022482880220897,0.0198030086659734,0.0606801857568663,0.0853863084397232,0.0476387472275876,0.0433259697332109,0.0290402460390415,0.00489865155652233,0.0168743715279705,0.0662760602593017,0.0254870334012527,0.0137042241957595,0.0767421154825934,0.0418204240858165,0.00587989713061181,3.45071253672727e-05,0.00685337868439802,0.051999335983787,0,0.0811617549415333,0.00186710837675083,0.0027193497065656,0.00500099228620192,0.0491231803669714,0,0.0430481268598743,0.00287310460496639,0,0.0107345530202576,0.0148600924708547,0.00101116219228935,0,0.0142633623651961,0.0098993147344297,0.012082000530032,0,0.0251475716957412,0,0.00901447415582654,0.00498285336542964
0.0138347138229535,0,0.016441638731121,0,0.00744112737393547,0,0.0352699630259143,0.000735210330540259,0.0083981570342212,0.00946366838752072,0.00262036786059659,0.00784484078746157,0.0107279945352686,0.00197193853003736,0,0,0,0.0161305675418203,0.0155441807207148,0.00277186340655366,0.0131574838400465,0,0.0198436047803727,0.00476619812492617,0.0276298415451943,0.00753505953478446,0,0.0171501212181724,0.00102776349819972,0.0479407012751695,0.000660753006972492,0.0174435423372571,0,0,0.0284581380720653,0.0321620063492097,0.00904861119134318,0.0142139819617164,0.00404007375670025,0,0.00433121094363657,0.0100002154059314,0.0121487474960109,0.0298091797399778,0.00909904696185137,0,0.0325323170049527,0.0085942146981088,0.00295384963636742,0.0294720348228449,0.0112682034630885,0.0209817282970874,0.0127558101423032,0.0221770279018478,0.0152679753859679,0.0249669118509353,0.0135300558852374,0.0262248099413629,0.00438487266550881,0.00899114540624655,0.0374838014475174,0,0.0259595788729194,0.046133750271208,0.0580794574526186,0.046859966124182,0.0356556101409703,0.0510831218770073,0.0600823309167939,0.0585200225160075,0.0806655981395977,0.0345069158611258,0.0204603825820762,0.0444517525686362,0.0516974775025898,0.0179062465899875,0.0202189119472792,0.0257484779277053,0.0171251693464589,0.0135825389791349,0.0264685439358509,0,0.0219475115750391,0.0335223295899528,0.0244116934813394,0.0151850676146769,0,0.000773619804449781,0.0396334353594611,0,0.0313661022996743,0.00900439679301021,0,0.00454632907828471,0.0252071871046823,0,0.0304447881967825,0.00772733932966492,0.00987554302670943,0.00563236034607043,0.0351577229627792,0.0240932200296747,0,0.0152671373921485,0.00406411991222967,0,1.46845966792973e-05,0.0385798266977427,0,0.0306946589284144,0
0.00408785899746625,0,0,0.0156479423736024,0,0.0308786571712621,0.0127733208177359,0,0.00310389914395732,0.0121073520045099,0,0.0195387923343597,0.000384571992596773,0.0016305010088334,0,0,0,0.0616387339588059,0.0330426946408732,0.00113860809786792,0.00651286528794578,0,0.0320980836080843,0,0.0250264450965283,0.0347831029081792,0,0.0061962044538639,0.00138062317857766,0,0.00843065871012171,0.048941038980111,0.0104931862460634,0,0.0210786430962838,0.042986664590806,0.0123054996425832,0.0309461294921555,0.0103943300253444,0,0,0.0208590857748432,0.0378660364444742,0.0242739654452949,0.00739407439981912,0.00400064986652931,0.028556305142577,0.00439771098688083,0.0155842799744872,0.0146335751203172,0.0133963436762979,0.0071481964235513,0.00696500349046586,0.0349906957499185,0,0.00219272002057498,0,0.0199493191423689,0.0186507971113662,0.047688648623891,0.0176010058479912,0.00785838113732565,0.0491006760437886,0.0112100548640932,0.0211170762054298,0.0123841655720416,0.00584639390349815,0.0109174505619713,0.0196667731621773,0,0.0543333839323626,0.0720257543200309,0.104137034033855,0.0207479652416406,0.00757105221729005,0.0117035459713368,0.0509971879632891,0.0873926289696742,0.0255505169477323,0.00134067957350724,0.00736170496347261,0.0690358711672758,0.0223322138071055,0.00160006982978241,0.069719616181569,0.0290601067337034,0.0176815630521555,0.0263688283294762,0.035715493338857,0,0,0.0372184441785989,0.0015580461351613,0.0685935908028481,0,0,0.0826175600921718,0.0450317399062153,0.0246725635094018,0,0.0644817265230594,0.0524180786843997,0.0355434075576476,0.0427508219839556,0,0,0,0.0279407532728669,0.00905512805183813,0.0113504212144514,0.015378467594892
0,0,0.00281922772203616,0,0,0.00511402432776215,0,0,0,0.0339716504508329,0.0133917541457357,0,0.0774857689798342,0.00223975994782791,0.00669089224778601,0.0161305675418203,0.0616387339588059,0,0.0255564364229773,0.0147651449398321,0.0224660020903295,0,0,0.0207006259639895,0.0423393315183728,0.0246405475969682,0.00385932170733743,0,0,0.0131166138914347,0.00379446614120106,0.0137578124490911,0.0406063787409883,0.0296170355910907,0.0219155532619408,0.0489292374093687,0,0.00350994153283339,0,0,0.01217014698745,0.00201910954198988,0.00414506111382109,0.0117717063440488,0,0.0143594367976111,0.0176201548052221,0.0176772430771424,0.0140217940904291,0.00968216038627847,0,0.00620855588754626,0,0.0123796438429415,0,0,0,0.000817987671083492,0.000305313102612299,0.0503843067073614,0.00917064466616444,0.00401908647378015,0.0506773546296066,0.00247868058530604,0,0,0,0.017664612904662,0,0,0.0218815722491793,0.063151382131075,0.0886731417853664,0.0359927374144562,0.0225891262036817,0,0.0265308699770447,0.083048535528055,0.0138218160012372,0.00834248742978014,0.0502326384027493,0.05055761940386,0.014041644004356,0.0033574397620079,0.11550451968316,0.0233631044640838,0.0439877632800077,0.0211669303289381,0.0471368918219254,0,0.000410850287750044,0.010851210157943,0.00443706624573694,0.121651500048898,0.0228999794849115,0.0205151048051601,0.0704273971986899,0.0565177574930714,0,0.0721775376607852,0.0498124061311131,0.0380066466498865,0.00805881523952279,0.0166742533691302,0.015200228961505,0,0,0.0554275151800422,0,0,0.028818497487138
0.0336173822482158,0.011239590029244,0.0050298755389773,0.0144619907353293,0.00684627610427857,0,0,0.012964358064088,0.0240879014116905,0.00746055587079221,0.0275073810484881,0.0180672601319144,0.0447989235273245,0.0152743882405127,0.02523176726968,0.0155441807207148,0.0330426946408732,0.0255564364229773,0,0.0130836047820048,0.0155778694261754,0.0132960919021725,0.0250714286514536,0.0133008177921992,0.0271478109677378,0,0,0.00603168673066347,0.020819935017376,0.00056183004087135,0.00688330912676649,0,0.0334270464186266,0.000154666617673943,0.0138780818495277,0.0172633134601164,0.0195411837032134,0.00306633534201515,0.010353896042778,0,0.0032305009287109,0.0151614428303008,0.00184694944975429,0.0201346521908627,0.0118701055296953,0.00939482360750258,0.0271300803416484,0.0340567276037759,0.0156757448836944,0.00265736706181789,0.0298384082916944,0.01848809920089,0.0158103948556384,0.0188949013878551,0.0181028624642242,0.0122697266751513,0.0115371479890046,0.00405685119811393,0.0293596845189959,0.0493624057415344,0.0142152487065707,0.0265199769179324,0.0166907096297441,0.0100598191253803,0.0077719822095053,0.00939056735665507,0.0178055767664999,0.00459771864911639,0.00302635850496583,0.00622307041100606,0,0.0207431025108962,0.0418248304743001,0.0156884460535194,0.00724803909719901,0.0269194029817961,0,0.0393573694514423,0.020263230000882,0.0108255369587227,0.0326017749146581,0.018618112489229,0.0144545223962523,0.0255528452812911,0.0482269262592678,0.0242018397412766,0.0234297973926329,0.00626285553906492,0.0142949908377873,0,0.00473099353884008,0.0129885074571306,0.00897390981283351,0.0644132736289992,0.016774962900749,0,0.0127607664526157,0.0134697933009705,0.0364616552538794,0.0459193381980655,0.0346951441919651,0.0111485862917387,0,0.000260639792860193,0,0.0012845722639587,0.00467028084040292,0.015483236276923,0,0,0.0474234835175667
0.0082207911391804,0.00404333261364162,0.0098645911940711,0,0.0309875827467694,0.0195101243999441,0.00599896767710031,0.0344049445496782,0.033129242182791,0.0112683017816354,0,0.0139156271017105,0.0142502656167538,0.0359385730005713,0.0215796796147192,0.00277186340655366,0.00113860809786792,0.0147651449398321,0.0130836047820048,0,0.0337772946444784,0,0.0216161314258414,0.036317933093227,0.0146012543257167,0.00625261937941691,0.00752272208677151,0.0128557464169787,0.0291926840437404,0.0288951822386318,0.0178189130693927,0.0320068922407691,0.00656923987639726,0.00492781844854592,0.0302581818828478,0.0192208890136154,0.0383590301466319,0.0261811826790772,0.0282733119732706,0.0186539933324857,0.0201652734024757,0.0117803268136563,0.036780571843307,0.0196543103291501,0.00225769549365421,0,0.0110874711152721,0.00283025037684081,0,0.0431536650691814,0.0385847757173544,0.0465759194974021,0.00997629484779306,0.00830050818059117,0.00581014484894709,0.0091243245107228,0.0393298613440403,0.0284613936932158,0.00991329489239818,0.0323753543461961,0.0219605509301093,0,0.0271925896212291,0.02018421454165,0.0132477636894172,0.0348215640238238,0.0262888184123109,0.0115558836252351,0.016172676981278,0.0296696478230505,0.0285208411974112,0.0387740431480189,0.048966311002734,0.0199522739644405,0.0240210885694355,0.0102937085678903,0.000479452715320075,0.0477787273607423,0,0.00844819427328559,0.0311511570481879,0.0133546460712905,0,0.0264843454412367,0.0482721565083397,0.0298282415053077,0.00634855587089793,0.014199633168046,0.0467146545172829,0,0.0138622122554921,0.020616281358306,0,0.0251324042422163,0.0137788693086153,0,0.0105801882811318,0.0156533408638225,0.0110425032163681,0.0147006631998412,0.0286203494538232,0.0150081628629806,0,0,0,0.00845075313853735,0.00794256195236038,0.0197949398020061,0,0.00938471774081876,0.0214245558532051
0.0194460204913539,0.00891936451787155,0,0,0.0294907659319686,0.02725081636837,0.000438587928335765,0.0317079046014253,0.0297684906433666,0.00671802664680714,0,0.0221506235409994,0.0055788941761352,0.0329273085347454,0.0206391790682813,0.0131574838400465,0.00651286528794578,0.0224660020903295,0.0155778694261754,0.0337772946444784,0,0,0.0250868372293267,0.0141153434754753,0.0112092667967618,0.016474910942162,0.0153803226228679,0.0025612421696371,0.038019863047109,0.00599411916162398,0.0170193182190238,0.0385844014827354,0.00282237480371679,0.00242601304051161,0.00443949229377437,0,0.038197681830361,0.0261698662086666,0.0301880830015334,0.0207223175249612,0.0169322780003242,0.0100789610609461,0.0440761202177636,0,0,0,0,0,0,0.026217468767172,0.0386898060168265,0.0331751757522054,0.0103671053331541,0.00609925353551629,0,0,0.0389085368236384,0.0204793831291726,0.0141119940814202,0.0303813042386824,0,0,0.0267296381001605,0,0,0.004326869898422,0.00114924833830238,0,0.0082028020807696,0,0.0153916509961068,0.0243872222878967,0.0569833344194697,0,0.00433635734930743,0.0141532124054454,0,0.0446492504229501,0.000967694944013839,0.0308351705342266,0.0141939744606962,0.0481880555682031,0.0110990301662069,0.00383084507979742,0.0218573296046757,0.0401823938392707,0.010484891511411,0.0238129764158014,0.00914611446556586,0.00255547795836146,0.0200273200147333,0.0292609982061355,0.00880282283712699,0.0255514880983351,0,0,0.00563728951608756,0.0139892924702916,0.0158734293660735,0.00966057660086716,0.0264955033972938,0.02604091595326,0,0,0,0.00327604898476622,0.0135692579080352,0.0159096087579186,0.0125915710981151,0.00204356308428779,0.0230314569311388
0,0,0,0,0,0.00604155930562631,0,0,0,0.011259235474363,0,0,0,0,0,0,0,0,0.0132960919021725,0,0,0,0,0,0,0.0034970258610554,0.00257549737798313,0,0,0,0,0.00218343948507922,0,0.00988986099633477,0.00530414671026533,0.0214214252408772,0,9.95974641523469e-05,0,0,0,0,0.000852630703137929,0,0,0.000128282533074694,0.00114060283961138,0,0,0,0,0,0,0.00507510451601552,0,0,0,0,0,0.0168355031820605,0,0,0.00959376764958308,0,0,0,0,0,0,0,0.0266387413085259,0.0211304281779127,0.0335191871018118,0.000270377666262082,0,0,0.0311699665786123,0.0264346412243054,0.00388927055413179,0,0.00379580127787629,0.0149233809385123,0.00133243847459063,0,0.0223140584805406,0.0104682521800377,0,0.00755126024320166,0.00781121350109797,0,0,0.0114513367451321,0.00715280377677473,0.0146197872607801,0,0,0.0209510645988652,0.0157544659850864,0,0,0.0258293316094999,0.0171018369569454,0.0263779717380585,0.0145507118117795,0,0,0,0.00255967257636012,0,0.00317306995984467,0
0,0,0,0,0.00209015019832553,0.000830250239996254,0.00565488873369048,0.00236568005926444,0,0.0257510717868025,0.0109625833177727,0,0.0311843738571788,0.0106349128328914,0.00797265706469944,0.0198436047803727,0.0320980836080843,0,0.0250714286514536,0.0216161314258414,0.0250868372293267,0,0,0.0263534137560937,0.00617758196216771,0,0.00382463302640696,0,0,0.0128866629998007,0,0,0.0124792706985123,0.0263850828158628,0.0054699209460672,0.0160896815665784,0,0,0,0,0.0284742681529862,0,0,0,0,0,0.00171317853116798,0,0.00728327067219858,0.00593012329088415,0,0,0,0,0.000445096460503175,0,0,0.00014079393494788,0,0,0,0.00341614430452096,0.00361518404626748,0,0.00569948219856468,0,0,0.0164358493147857,0.00429416227046807,0.0146705776628711,0.00808378301319961,0.0271801000098069,0.0168051213124355,0.0317234399533665,0.0306938578983661,0,0.0056930510990496,0.020250835593717,0.0163378979605458,0,0.043638977838877,0,0.0184453390725149,0,0.0662563112109969,0,0.0498117276026072,0,0.0405986332272293,0,0.0100743311215029,0,0,0.0398157407059714,0.0158329649996997,0.0145200204334749,0.0579250809575778,0.00666248201119961,0,0.0305952555092192,0.0538496871094509,0.0285020245279597,0.00278129244230858,0.0182951482470781,0,0.00231157396020906,0,0.054492687586377,0,0,0
