0,0.0204156420976906,0.000120213491266527,0,0.040217435700705,0.00393920160341963,0,0.0224264089443736,0.0473473110675494,0,0.044118112918714,0.0444963987916024,0.0345035209848719,0.0108689535878091,0.0289708318482593,0.0220915893188993,0.0242007341263384,0.0355823216631972,0.0295667516909544,0.0133644993613775,0,0,0.033567261950885,0.0609024434994739,0.0343017863287085,0.00633598169202582,0.0478071199924467,0,0.0395336330109683,0.0248323359421884,0.0497913621251081,0.0389621117086735,0.0386780031214069,0.0147025076488688,0.0235736592531899,0,0.0219123130811456,0.0183248549923864,0,0.00386206082960966,0.0225939281770328,0.0113218979531343,0.0483760416936979,0.0296010997850016,0,0,0,0,0,0.00151693003365211,0,0,0.0538985365113366,0.0513167387274519,0.0162439251252485,0,0,0,0.0523236703681206,0.0470444966027622,0,0,0.0234299291540714,0.0327052204741519,0.0502532110761084,0.0264793656497652,0.0556022791691417,0,0.0108741034661161,0,0.0513688069265141,0.0253558287761314,0.00224517672333043,0.00776474442794874,0,0,0,0.0336607044174007,0.0279353078042037,0.0212636136001861,0.000848571649454035,0,0.018350888278731,0,0.0120016233997421,0.0148239316846429,0.00201696838821843,0.0153306950381487,0.0354198511608605,0.00380316160355185,0.00261766686662923,0.0226803675944634,0.00788279674533049,0.0199534745052291,0.0199248936980374,0,0.00921267624647043,0,0.021429113001802,0.0155918003095091,0.0288030976509059,0.0287925090118617,0.00378677678304397,0.0298009238633261,0,0.0296177915404955,0.0310866853451314,0.0185395955512952,0.0135793027556654,0.0400551444959828,0
0.0204156420976906,0,0.03424961856304,0,0.0135293606175911,0,0,0.0339906395667273,0.0279821193398512,0,0.027463056952447,0.0260706882457037,0.0255049762056977,0.0208671082686975,0.00355339464920073,0.0287118928890017,0,0.0315065515272822,0.0316295911027808,0.0112480369939915,0,0,0.0363072775439109,0.0609597204183243,0.0442231749250137,0.0130259776498049,0.0493232312512917,0,0.00624898285971636,0.00781089855213042,0.0725065305615848,0.05069742756672,0.0521580052365718,0.00835401107650075,0.0538428842049306,0,0.0319636578827422,0.0294682416035034,0,0,0.0196391929976735,0.0506405253881754,0.0646323055958463,0.0261776162683777,0,0,0.0104576094665917,0,0,0,0,0.0160071194746892,0.0642064189533395,0.0598366135028776,0.0504237327957902,0.0049666080020812,0,0,0.0389996544774955,0.051755553213244,0,0,0.0117470174976057,0.0417360115997543,0.00731885068207923,0.0283089885685778,0.0251618146978864,0,0.0124056632670667,0,0.015091598111563,0.0213792689930706,0.00697244249889941,0.0314110235370323,0,0.00608629447362229,0.0113790707964869,0.0437192673369229,0.00614763547320205,0.0304120076460293,0.0199335363649596,0.0281182149931429,0.0323157514617832,0.0247875884704061,0.0378177689315557,0.0149335756249415,0.010505888894488,0.0388593804180031,0.0196374195650435,0.00978779306427232,0.030554788838805,0.0364167384955969,0.047332176494308,0.0393988019143445,0.0308661606227243,0.0251027926118368,0.0053495707244588,0,0.0311091029460473,0,0.0486030384315452,0.0199155507271527,0.0254115447356833,0.0542397239710926,0.000380811156132697,0.0378842209539595,0.0446249973294479,0.0333939381333252,0.0266121269938644,0.00288084930800013,0.0107582673590674
0.000120213491266527,0.03424961856304,0,0.00483748844352985,0.0401623157685153,0.0472896400880668,0.0175295286725546,0.0319418955666923,0.0489347750923995,0.0176583614580247,0.0394529883970936,0.0700757411596966,0.0429303761117223,0.0113281090577306,0.027236151443952,0.0528033606044617,0.0954925007535971,0.0399682648995302,0.011423873164879,0.00284563851231515,0.0354135373155074,0.0145510591712615,0.00487312209050516,0.00457121328350449,0.00189416815510532,0,0.00751631088481878,0,8.90780204997286e-06,0.0192029412828322,0.0118222371871567,0.00298126584742489,0.0103705945512856,0.0386644304097875,0.00229808429706105,0,0.000163398413717045,0.0110600648128293,0.00076072803716323,0,0.00917544001946864,0.00549098962203498,0.0039275143053115,0.00395442439672221,0,0,0,0,0,0.0464147350539708,0,0.00362576132264971,0.0182245609694409,0.00939029839497567,0,0.0212757731088661,0,0,0.0106363844789552,0.0165176682363373,0,0,0,0.0120297755616943,0.0497088941965629,0,0.0104386997493006,0,0.0133277615136845,0,0.0397280110344735,0.0518047269628397,0,0.0194026453934473,0.00362034070551716,0.0206194516057451,0.00179653637824682,0.0654351304340884,0.00311189906762548,0.0362792121014026,0.0343451198099892,0.0115932167601796,0,0,0.0121432713576504,0.015944488490556,0.0189074477786603,0,0,0.00952040946075626,0.00845056946811603,0.0103379346898049,0,0,0.0452065374145326,0.0238980277946821,0.0037691561256363,0.0243922011270536,0.0063595072206559,0.0133444987922478,0.0426001041981119,0.0587245331424122,0.0024032741687042,0.0474731136206089,0.0319082849768171,0.0509555130310768,0.0466802588569285,0,0.0237449748481961,0.0213566750145894,0.0134716773819232
0,0,0.00483748844352985,0,0.0100028682987182,0,0,0,0.00404731701797247,0,0.013996669050428,0.00867858229184184,0.0171439748031265,0,0,0,0.00253097945464727,0.0168412751341111,0.0114121894063832,0,0.005826843605924,0,0,0,0,0,0,0,0,0.0430828457757778,0,0,0,0.0189649673005319,0,0,0,0,0,0.00637549281335051,0.0187617382420968,0,0,0.0321977966255185,0,0,0.00246220605662751,0,0,0.0157342953084178,0,0,0.0425622589066727,0.0128366579866594,0.00409813852906054,0,0,0,0.00887728818187062,0.026626312426777,0,0,0,0.0201118257745231,0.00769900868367664,0.000405540893787011,0.015560479307255,0,0,0.00144020963844278,0.00642061113866448,0.00247201563999116,0.00132617081956456,0.00508501839992622,0,0,0.017381349315181,0.0191770966016715,0,0.0127934129731078,0.00699964934456304,0.00750787211837909,0.0130634678168434,0.00121113927531951,0.00604685553382612,0.0150700243311042,0.00286993087239038,0.00481586072933635,0.0051940193604125,0,0.00279545130407887,0.0083769036216735,0.00326228676176315,0.00300183751274219,0.00249031610493498,0.00952884980401559,0.00239300117621073,0,0,0.013020878067177,0.0127031242557035,0.0062867787627254,0.010748559373158,0.00604316315140628,0,0.009523854207467,0.0126275316728344,0,0.00110970912970599,0,0.00283093522922775
0.040217435700705,0.0135293606175911,0.0401623157685153,0.0100028682987182,0,0.00747367102481358,0,0.011298630086925,0,0.00833954785296528,0.0215410509261211,0.0141160799044395,0.0141196535006967,0.0067233897779336,0.00735163948156852,0.0101958071833079,0.00303150378916611,0.0120409411980977,0.0576018204760021,0.00202826231468483,0.00939965151807198,0.00180889962138501,0.0406282623819719,0.0116037735015734,0.0202805250021891,0,0.0215854681756386,0,0.0043244253536068,0.0445353881532435,0.0363848468792475,0.0230020944018714,0.0157186182124164,0,0.0261577797160856,0,0.0346949683639097,0.0348939151055736,0,0,0.0665878646797365,0.0398751810364188,0.0323980372188949,0.0435993183742159,0,0,0,0,0,0.0144297630952206,0,0.0318445251548528,0.0315009237300277,0.00718808200465058,0.00125223306723423,0.0104272882985062,0,0,0.0159810884653082,0.0298121295288223,0,0,0.0149585311227507,0.0588732029550201,0,0.010299839578079,0.0115089548019723,0,0.037525970052046,0.000659585014415117,0,0.0365029653469889,0.0358434026720157,0.0725683224094386,0,0.0395858499854438,0,0.0457505400677093,0.0195027902835256,0.0431587495664521,0.0578961316899401,0.05893913171338,0.0760995119829912,0.0188822474069863,0.035629225802343,0.0539133109369623,0.00729254972495824,0.0811546824956417,0.00968417966491099,0.0240268906148752,0.0633689851302862,0.0426855450490227,0.0586364457306227,0,0.0138852545746914,0,0.0357662518328204,0,0.0243458315687352,0.0352077961157329,0.0280570954884202,0.011666795601281,0.0222437326121548,0.0328244563721203,0.0254219478465103,0.0218461459698216,0.0424244002932588,0.0307451681903605,0.0340628206331843,0.00505914745836418,0.0371962508193441
0.00393920160341963,0,0.0472896400880668,0,0.00747367102481358,0,0.0206448233321951,0.0168796861850039,0.0100138926792676,0.00717715592053826,0.0367841531525859,0.0372330666505551,0.0514784856878105,0.00983483643232854,0.000668701796275897,0.0395741965704849,0,0.0619262519758228,0.0438723706593139,0.0449672780572423,0.00740360158101303,0.0165122514912433,0.0151044059033897,0.0862977290565696,0.0843658243727876,0.0557594792529101,0.0235671256136498,0.000219085852207164,0.000436387643412104,0.0192617671269473,0.0639661859628844,0.0299447100015786,0.0348117141447191,0.0374162197866069,0.0554766793966763,0,0.0321635155034304,0.0254556426387623,0.0210204159370231,0,0.0545449465673936,0.0215770649449788,0.0389172814064897,0.0487163170163941,0,0,0.0602853375058023,0,0.0114630629502328,0.0130039633469303,0.00298956584917015,0,0.0835366932343091,0.0667139545362747,0.0651394076279273,0.0157729505297881,0,0.0226473459762882,0.0313919406615827,0.0613842896212407,0.00335814341126895,0.0252007664181983,0,0.0415755089054041,0.0183305818477306,0.0320725718014314,0.0059863090382046,0.00832809802873564,0.0271836927422199,0.0332626684126856,0.00766686151618383,0.0388375244425727,0,0.0195263460463719,0,0.0251396838948472,0.0233058916410738,0.0479245811799389,0,0.0479672445866312,0.0270748885997985,0.0443984008868369,0.0401582092837614,0.0440273108178464,0.0458701815389672,0.020276432533908,0.024533639115751,0.028177388430817,0.00810837277442646,0,0.0227455535274764,0.0349018071436645,0.0410084651961262,0.044824616315687,0.0429733897364886,0.0422603159889333,0.0145733238775496,0,0.0185599370722513,0.00852515164725748,0.0466449245188293,0.0289657477331563,0.0316941087794568,0.0412502148070207,0.0123484673216406,0.0332238930760868,0.0465621043232663,0.035695987500615,0.0336108470845961,0,0.0187068557013094
0,0,0.0175295286725546,0,0,0.0206448233321951,0,0,0,0,0.00400279870317934,0.0174400428508322,0.00217653720523704,0.00314761712754903,0,0,0,0.00278595763518963,0.0224437963570076,0.000707568437639965,0.00172057636454554,0.0195360537942998,0.0162009549395753,0.0365832179140675,0.0256129312500713,0.0690746883790181,0.0190564648062829,0.0183504092537027,0.016605885669636,0.0390574334744853,0.0424833800216923,0.0299481235898667,0.0409044391731294,0.0204300690942252,0.0406530269043982,0.0372874334041474,0.0330323563548073,0.0128164762862442,0,0.0268536971721023,0.0686648264332309,0.0226979749416628,0.0340249836455556,0.0652455886459605,0.022602244814689,0.0379367772763265,0.0732476778703561,0.0329790352401575,0.0450764124079335,0.0339389299737331,0.0357437435009012,0.005108838041232,0.0517712826746862,0.0422562144085665,0.0414300377995849,0,0.0204230663846842,0.0425935455372434,0.0171182399444283,0.0406814831223219,0.0425753848040312,0.043137310745992,0.0441915256209357,0.0453813383139136,0.000796117213930272,0.0661294629041448,0.0578868132045272,0.0398877425220205,0.0467055941007315,0.0428155347513506,0.0537312106588613,0.05895540085539,0.00346894339139512,0.0223699268648031,0.0396289017647895,0.0434602848399389,0.0777999244138796,0.0200740647078063,0.0274549838482455,0.0284632263655557,0.0335111086999185,0.0450924956678432,0.0572826048478824,0.0523481620425275,0.0346872857824571,0.0327643893520856,0.0278627058725848,0.029442148535181,0.0464337299431687,0,0.0412826226338847,0.0150154291315854,0.0343587194974974,0.0321017635942964,0.0106592987219217,0.0363043521320963,0.0236688425447662,0,0,0.0113680550827395,0.0205150220677944,0,0.024416037956417,0.0185510184658398,0,0.0153759375215279,0.0224619539928433,0.0240847643042254,0.0231100086591919,0,0.0149759810334836
0.0224264089443736,0.0339906395667273,0.0319418955666923,0,0.011298630086925,0.0168796861850039,0,0,0.0303080202035477,0,0,0,0.00138714725444365,0,0,0,0.0199400981248707,0.00817541343566508,0.0267093114839928,0.00157529341476577,0.0291706790300232,0,0.0171309499369629,0.010914190946191,0.0188328375131111,0.00130201068551957,0.0319989172228588,0,0,0.00795926359144622,0.0433571823328231,0.0277966339094656,0.0408148867761259,0,0.0330676911435454,0,0.0205658159824615,0.0230866307297867,0,0,0.00729940856390007,0.0357368652269291,0.0441933856094772,0.0129166970696931,0,0,0.00158957949876335,0,0,0.0222374832038525,0,0.0145051002094902,0.061226717754081,0.0467300254675753,0.0301840018481791,0,0,0,0.0284447183907893,0.0631658124877563,0,0,0.000108483057160356,0.0468106899142677,0,0.00120886593610055,0.00659286164612769,0,0.00559283739625275,0,0,0.0238298682714726,9.62243902383553e-05,0.0254163059483966,0,0.0135883204125741,0.00233110277197739,0.0236912762532701,0,0.0229999216464272,0.0308601390158658,0.0275156274908053,0.0164735820378907,0.0131067298054886,0.0464717321968284,0.0190705253818455,0.00787446680562737,0.0194049873588217,0.00445617348969353,0.00375684472026505,0.0202335972904011,0.0301653398453252,0.024937285349966,0.0295072097829911,0,0.0376714044099311,0.0061781759931463,0.00419340865993394,0,0,0.0196665120176475,0.00129175806008727,0.0175051689127872,0.0250087568385438,0.0189169055133479,0.0129174573643599,0.0150454911617558,0.0376528359051206,0.00667850031183239,0,0.0199409597839562
0.0473473110675494,0.0279821193398512,0.0489347750923995,0.00404731701797247,0,0.0100138926792676,0,0.0303080202035477,0,0.00817493060672355,0.00932630509738613,0,0.0259067341296638,0.0386454224445702,0,0.0153874110957556,0.00261880375604161,0.025606531436685,0.0528497165707367,0.0134023765495583,0.0307606252736262,0,0.0253181056751113,0.0266639205357986,0.0339077686329469,0.00626584628403218,0.0488138237010112,0,0,0.00624363025568124,0.0566278443546508,0.0365659972157271,0.0300592814437165,0.00642044503423103,0.0397666624319936,0,0.030715348050012,0.0398355680841575,0,0,0.030577605398686,0.0516218634376736,0.0462539973367806,0.0444477371763879,0,0.00393356287057916,0.0288824058944627,0,0.0223948155000771,0.0364333049792828,0,0.0176457848283885,0.105048862720621,0.0666982232782914,0.051986604740381,0,0,0.00590976531762456,0.0437319763349769,0.0905537552707502,0,0.0148995141340319,0,0.0740457845835391,0,0,0.0018045251167539,0.00258458918434528,0.0272595329235532,0.0222394995681563,0,0.0499214750113387,0.0145582484017688,0.0638714208510723,0.0159361271997345,0.0437570448345982,0,0.065223618869406,0,0.0683449168860672,0.0734867075901505,0.065992281385527,0.031516946898378,0.0397879110816554,0.0770224202756334,0.0384430276336464,0.0307665375472883,0.0451564320256405,0,0.00675999347707232,0.0379492084749696,0.0678174901025873,0.0558332453395317,0.045006004914827,0.0320423122239723,0.0529161933076345,0.0251489143889281,0.00194081529124964,0.00870625982160979,0,0.0603725734722323,0.0124264172766686,0.0351863087202236,0.0680629941696866,0.0315473589866415,0.0462962242380541,0.0537759250506492,0.0673510817391843,0.0228902407380902,0.00522306809192162,0.0346101226128853
0,0,0.0176583614580247,0,0.00833954785296528,0.00717715592053826,0,0,0.00817493060672355,0,0.0161862899844062,0.0149821674049914,0.0173553495312743,0,0.0106494800557247,0.0122929062301232,0.0117059028506054,0.00810893558784622,0.0116588048520972,0,0.00454623049304572,0.0108407364567719,0,0,0.003464219027815,0.0133250932727692,0,0,0,0.0364550154055779,0.00669915519658866,0,0.00724695161965553,0.0151442327358603,0.0158339832088155,0.0102667658117291,0,0.00057002480286645,0,0.026131993084619,0.014051753042608,0.0041385278824884,0.015899631840535,0.0272497773786277,0.00168511934222459,0,0.028439758993023,0.0113148718920983,0.0120179941451208,0.014625909496549,0,0,0.047689207184781,0.0289821481972879,0.0337948870183171,0,0,0.00784865445986043,0.00608921824750205,0.0343333538994283,0.0157822428579897,0.0248430380688029,0.00506218259476264,0.0202973298458218,0.00541417581606359,0.0173623736314215,0.0169918899022159,0.013798103256831,0,0.00915285181240535,0.00740276186343733,0,0,0.00337889404498522,0.0030172973215018,0,0.0242175660683019,0.0153438558703453,0,0.0102283703054764,0,0.0114837786346349,0.0117321584610802,0,0.00431109099989397,0.007024074751872,0.000865765641515046,0.000812629542558273,0.0151038148521002,0,0,0,0.00152502249459015,0.0123510399650992,0.0151846752536073,0.0187894650069862,0,0,0,0.0151112152681013,0.00789279313837036,0.0119969096252812,0.0158523141631431,0.00907821147843442,0,0.0120348790550394,0.01319575118162,0,0.00573649443706444,0,0
0.044118112918714,0.027463056952447,0.0394529883970936,0.013996669050428,0.0215410509261211,0.0367841531525859,0.00400279870317934,0,0.00932630509738613,0.0161862899844062,0,0.00202894266334675,0,0,0.00293377888678053,0,0.0341764485896534,0.00789376657188187,0.0622612476096569,0.00771688394986715,0.0389413087792957,0,0.0178599718469176,0.0170739971774204,0.0244388390939808,0.0205671092615017,0.0125859758104899,0,0,0.0163650542373187,0.0444704936916355,0.0197629198201765,0.0242050255005443,0,0.0349755606333246,0,0.0293199950571616,0.0266412845164926,0.00905056618130187,0,0.0425291698712732,0.0400157315235372,0.0251038276432383,0.0346113436563634,0,0,0,0.000175141832419282,0.0102015496713263,0.0506952903769548,0,0.0211362176157635,0.0796224741735835,0.0349846001374669,0.018933805084525,0.0104822035871427,0,0,0.0179315067797302,0.0682961965018176,0,0,0.00150071961485967,0.0736369048029248,0.0348529198251415,0.0127432779735284,0.00386482578905542,0,0.0379767324704446,0.013627062962492,0.00162750715874242,0.0552124798831683,0.012761462820145,0.0460370462208844,0.00532371270646273,0.0444135260346136,0.00202461089020777,0.0531772564841426,0,0.04947668676208,0.0590318782559932,0.0628637207657356,0.0583996362006156,0.0367840786127475,0.0536987289569799,0.0431935187951061,0.0113280023381145,0.0605902088089075,0.0015238493166091,0.00886407943523464,0.0546188093864774,0.0414494472990843,0.0398936067799474,0.00993047097528957,0,0.0452889138823854,0.0186602419147654,0.00266523232374406,0,0.00642372904261766,0.0436729649256413,0.0100710144292025,0.0138292911509381,0.0473585140395292,0.0692127215905913,0.0230104376456341,0.0460052426208298,0.0393613171608555,0.0155983742948047,0.0314708206649118,0.0449032986111912
0.0444963987916024,0.0260706882457037,0.0700757411596966,0.00867858229184184,0.0141160799044395,0.0372330666505551,0.0174400428508322,0,0,0.0149821674049914,0.00202894266334675,0,0.0133964081357755,0.0023900328425427,2.49824860587299e-05,0.000605077791232358,0.0564381191096125,0.0330994883135235,0.0819137199437305,0.0379692037803583,0.0402764830240934,0.0138813821358095,0.0314295293639571,0.0566865129961876,0.0672494163760966,0.0378289202242552,0.0354213393055785,0,0,0.0157044018377347,0.0776354759218075,0.0361865879468863,0.0398618507172631,0,0.053693272838134,0,0.0424478126232072,0.0370899278205835,0.00788388424979444,0,0.0581535021532355,0.0609844113359435,0.0399353413099858,0.0564290159603997,0,0.0014494056602663,0.0112232404348107,0.00228071510788029,0.0238988371264627,0.0532824401999584,0,0.0227826630766621,0.100514679179978,0.0483444456378338,0.0405878841269827,0.00379360737719122,0,0.00123550654891234,0.0221525223086403,0.0815021243840564,0,0.00632299473919322,0.00215893796029236,0.0858011796647401,0.0214862428301623,0.0196595431492764,0,0,0.0561230452498193,0.0253282160392152,0.00604067583283679,0.0807906729801211,0.0166618465225113,0.0856116988852152,0.0129182366723868,0.0702621389697169,0.00456242944830914,0.112604583875696,0,0.0913939995989001,0.0883022223178569,0.107401662557997,0.0640585179816966,0.0542650532659197,0.0824197835246523,0.0461421950256836,0.0314082208402928,0.0701672848134007,0,0.00287413602184443,0.0633807261207917,0.0734854726520538,0.0712794403987801,0.0352409205493216,0.0210596602696513,0.0604988336892902,0.0275830573419961,0.0068761492566651,0.00223874486615913,0.0185189617482023,0.0894416582626467,0.00427075601073992,0.0212394417598834,0.0976951270434176,0.0552887675827381,0.061771115300651,0.121878356340168,0.0808293010364994,0.0248093076408297,0.0198243806635741,0.0511434664587003
0.0345035209848719,0.0255049762056977,0.0429303761117223,0.0171439748031265,0.0141196535006967,0.0514784856878105,0.00217653720523704,0.00138714725444365,0.0259067341296638,0.0173553495312743,0,0.0133964081357755,0,0.00199641427557623,0.0200136041496476,0.0168683842634113,0.0591797564300402,0.00318731722596881,0.039171018985043,0.0133918950722781,0.033602215439088,0.00703265100003343,0,0.0384980893103589,0.0472148035419779,0.0374862937634078,0,0,0,0.0276313747927314,0.0530955803228272,0.0146617187833266,0.0228753072110267,0.00588607720656945,0.0552246504488768,0.0111618390162651,0.0263045542955101,0.00619148159925979,0.0140178363555603,0.0173151503004675,0.0574517446509573,0.0392822046817091,0.00168810984920152,0.0491468995277935,0,0.0294757486843242,0.0382728994202901,0.0293869192527688,0.044670721159707,0.0684492967508762,0.0199455042897755,0.0148643995122028,0.0549681139751691,0.0243926150077273,0.0442020596113153,0.0171078021811693,0,0.0154206995075481,0,0.0440330214892766,0.0155690044878423,0.0273658045504661,0,0.0342660062505933,0.0395096831544315,0.0213488575607311,0.00849425424079278,0.0111555881257458,0.06155689515106,0.0511937097660871,0.0393559211991211,0.0868703883853284,0,0.0255511736205816,0.042465703181511,0.0897029458215441,0.0204680263382583,0.0287583318760206,0.013131467665879,0.0420617933039567,0.0555127191327186,0.0860890810237759,0.0431224773189049,0.0282068807418194,0.0464886669816814,0.0188108475678143,0.0119114309702916,0.0390673704438228,0.00883788999483249,0,0.04135262114148,0.0117148726333595,0.0205734764988913,0.0115399727551967,0.00733140380797536,0.0555380448875408,0.00828520319834821,0,0,0.00496802406276808,0.0236935999326344,0.0205168986561669,0.0183945064757756,0.013769418533528,0.0457364320937234,0.00558584979869474,0.031170029622042,0.010208150155345,0.00431630942319843,0.0473549270261866,0.0399059258596614
0.0108689535878091,0.0208671082686975,0.0113281090577306,0,0.0067233897779336,0.00983483643232854,0.00314761712754903,0,0.0386454224445702,0,0,0.0023900328425427,0.00199641427557623,0,0,0,0.0180784342187516,0.00649306186324403,0.0128997063443076,0.00701178395093248,0.0420628822186001,0,0.00330578295828382,0.00249307327800928,0.00813678905381398,0.00338697537119949,0.0299571932549753,0,0,0.020624979568017,0.0320222320773609,0.0231359878975916,0.0422661322850342,0,0.035252481367197,0,0.0119441153648707,0.0163257418442229,0,0,0.00371457410891437,0.0269490758710011,0.0315789076244313,0.00686019640669545,0,0,0.00433576173306558,0,0.00481560547052077,0.020464302760761,0,0.00632453527873683,0.0395541419991944,0.0360122798083792,0.0238902882810071,0,0,0,0.0173749880733509,0.0451319896421232,0,0.00182173182367877,0,0.0234728163946085,0,0,0,0,0,0.000841186423945669,0,0.016645130944741,0,0.00720646725851896,0.000963560297709337,0.00407741310599116,9.46910379622182e-05,0.00743021655173719,0,0.0118885518142725,0.0191319986959708,0.00556267444505953,0,0.00100922466264866,0.0387329851014825,0.0121986041560392,0.00815334770680494,0,0.0107066462982947,0.00358014924310047,0.0048334037359522,0.00965953172889213,0.00215708790613646,0.0175704474913145,0.000325798696909401,0.0258942992801742,0.00298257868782259,0.0200078189130349,0,0.00195562424745419,0.0023128156162635,0.00714445146145896,0.0138094598285039,0.00452665684016858,0.0115458112320421,0.00153416478921314,0.000788133801543248,0.0195325983756388,0.0121495006186977,0,0.00663369153613085
0.0289708318482593,0.00355339464920073,0.027236151443952,0,0.00735163948156852,0.000668701796275897,0,0,0,0.0106494800557247,0.00293377888678053,2.49824860587299e-05,0.0200136041496476,0,0,0.00202912209982116,0,0.0178249370793818,0.0539930981767348,0,0.00468090796947529,0,0.028251159697423,0.0203013016103292,0.0270771052268213,0.00503942494069367,0.0288739966882934,0,0,0.0157525667824338,0.0323124520230104,0.0215259350234841,0.0212875808464348,0,0.0321577916038818,0,0.0131896724290407,0.0185804001142846,0.00227243031630112,0,0.0363054506403763,0.0246533163937839,0.044513907729438,0.0282654282964857,0,0,0.00855068272576998,0,0.00723628334259127,0.0205605994094701,0,0.000627877245440884,0.0709130460759721,0.0440225882087469,0.0342803565877094,0.00036634973652508,0,0.00557032291078153,0.0236951115478219,0.0563454630760238,0,0.00111676101095706,0.00114522506737993,0.0467286199985366,0.00194446710114286,0.0180849210264931,0.00531982274140981,0,0.012039782523804,0.0065130392724329,0,0.0155380983760524,0,0.03730603218217,0,0.0252151633367861,0,0.0491878048160611,0,0.0376023340294752,0.0265500261319703,0.0588234832577657,0.0360731802847935,0.00856713013148875,0.0335840115050206,0.0182756802549816,0.00126282474768675,0.0343625258739706,0.0158709350365958,0.00442090313440169,0.0207968820397444,0.0483883859854511,0.00947208475796058,0.0333340223954205,0.00151006917338735,0.0311511975335971,0.0200224270675002,0,0.0119656616603514,0.0209212353753121,0.041075656910348,0,0,0.0412692178703426,0.0332732959131533,0.0390949337240137,0.0541074893289714,0.0447992384382069,0.0187121241107591,0,0.013023312175189
0.0220915893188993,0.0287118928890017,0.0528033606044617,0,0.0101958071833079,0.0395741965704849,0,0,0.0153874110957556,0.0122929062301232,0,0.000605077791232358,0.0168683842634113,0,0.00202912209982116,0,0.0377536303253676,0.0159673946564745,0.0452741730781206,0,0.0308512188721446,0,0.00584827969375855,0.0160330907192525,0.0330418374841175,0.0110308109862251,0.00767198041786944,0,0,0.018630335075696,0.0435854440574914,0.0136603784506779,0.0211209662515911,0,0.0443653177038797,0,0.0228897606203896,0.0176746623228876,0.00336762972802311,0.00544870807481552,0.034297821420865,0.0424911841605816,0.0242309501820639,0.0351051299014533,0,0.000912631815151886,0.0274525999294242,0.00725009379400959,0.0254131329237602,0.0516908007115443,0,0.0104329040645398,0.0784913691377338,0.0465655062339947,0.0603471628895043,0,0,0.00646870462026691,0.00734818044794985,0.0714050220979596,0.00341475512558978,0.0197092058218557,0,0.0542145755864605,0.0238562814113671,0.0152546343293019,0.00216848827084749,0.00431051109864882,0.0317744174747484,0.030813895027638,0.00657732745607776,0.0505192203099364,0,0.0267078847603025,0.0147257602424589,0.0570395262651779,0.0107894605519448,0.0503077909347027,0,0.0449549093384371,0.0446797950605604,0.0832918228451745,0.0374107800893643,0.0145139690095911,0.0462540481452965,0.0233632632698167,0.00959205582081127,0.0366296152612295,0.00476301467540024,0,0.0342915199035077,0.0301706103501096,0.0196021187362324,0.0246966848480093,0,0.0507587853955375,0.00698858073155484,0.00203877226984245,0,0.00697605712363962,0.0311376968861053,0.0114641363049728,0.023384427662413,0.0274562004883892,0.030950713818421,0.0136351177845359,0.0322737279200439,0.0266691996017994,0.00937731782180254,0.0179677755443701,0.0363235728312496
0.0242007341263384,0,0.0954925007535971,0.00253097945464727,0.00303150378916611,0,0,0.0199400981248707,0.00261880375604161,0.0117059028506054,0.0341764485896534,0.0564381191096125,0.0591797564300402,0.0180784342187516,0,0.0377536303253676,0,0.0372644310700516,0.0714878317329777,0.0212087506039535,0.00798520611117247,0.0423939110408724,0.0178548012211087,0.0449038371632632,0.0490827859356495,0.04836414306028,0.016101570186326,0.00471088903507236,0,0.0332238766284235,0.0396236384309197,0.0156853257300154,0.016696181015123,0.0622480118350568,0.040799051546074,0.00611786350084873,0.0143045199242866,0.0227049681936124,0.0146553248791995,0.00672728515236603,0.0760247651491875,0.0153435738080436,0.0142081325581628,0.0796208971153039,0,0.00495022550661141,0.0497885019083625,0.00228636662136856,0.0379097225308694,0.0436743316158463,0.014874780504106,0.0111825983203925,0.0747483391661217,0.0300022821880378,0.0385801969820036,0.0167828690195055,0,0.0381863947771039,0.017375775729001,0.0454713033902974,0.00739954278636092,0.0182729242075305,0.00261951360535402,0.0543188968781052,0,0.0384944365634359,0.00873828671511633,0.00860357807204351,0.0658940303633355,0.0503250646163661,0.0124459391857413,0.0783287275529034,0.00976725015004631,0.059870566690596,0.0215951661061155,0.0802227986325218,0.0165907134034842,0.0868085906999541,0.00278878811415765,0.0835314781039941,0.0729903136105226,0.100235517819716,0.0774668615239529,0.0742653488210294,0.050116613518955,0.0450031835542931,0.0626864907641436,0.0670757035690752,0.0100571579763721,0,0.063728238164539,0.0560343664100885,0.0614961733578352,0.0597524521125924,0.075796167964959,0.0790076958897264,0.0483338302271842,0.00533418082942885,0.0262445050142391,0.0321838842457211,0.0843740460480745,0.0020453312811415,0.022321289153336,0.0830489289135331,0.0150260731214874,0.078745202915856,0.0940219837407019,0.0467699711125189,0.0548703971145988,0,0.0282497440949375
0.0355823216631972,0.0315065515272822,0.0399682648995302,0.0168412751341111,0.0120409411980977,0.0619262519758228,0.00278595763518963,0.00817541343566508,0.025606531436685,0.00810893558784622,0.00789376657188187,0.0330994883135235,0.00318731722596881,0.00649306186324403,0.0178249370793818,0.0159673946564745,0.0372644310700516,0,0.0596948876225334,0.0168477010569475,0.0371527631312662,0.0121707855671313,0,0.0596302491823233,0.0649130815633152,0.0453259280385097,0,0,0,0.0224300750487631,0.0699410543159432,0.0188040889059153,0.0278605438625136,0.00816854001633579,0.0638088508345022,0,0.0387085879968919,0.0035797306704033,0.0124122738383831,0.00291919661403179,0.0904590127964292,0.0520202046208497,0.00440259155975983,0.0791289040951193,0,0.0234784489886315,0.0210159619777608,0.0198885499053192,0.033500021532348,0.0695283200864783,0.0234536336691103,0.0192152708317204,0.0685678580648438,0.022348949288386,0.0250211481741922,0.0242569630629951,0,0.0030886302028107,0,0.0524586409741892,0,0.0117092648930137,0,0.0528764682322387,0.0676591397608292,0.0175045319353616,0.00191300337305823,0,0.0772813049947945,0.0437593886581736,0.0336736063012737,0.105707167329871,0.015144299108727,0.0466081310200288,0.0337579650517822,0.0891197948771243,0.0049847623735009,0.0516122113640311,0.0192526842391381,0.0593505942916542,0.081015751472474,0.0853174630169762,0.0861244150967336,0.053134238871858,0.0458811519844873,0.0357514155084536,0.0179718507473828,0.0843165806783181,0.0305292055537316,0.00382394268923524,0.0845027001657797,0.0286538747417835,0.0445772224948908,0,0.0176875945724961,0.0501154982379188,0.013830523850364,0,0,0.0231064075991751,0.0264566527357283,0.0336293332337262,0.0253498843903572,0.029736270788655,0.0531789076086938,0.0113063927411363,0.0387509497535462,0.0168677965843911,0.0370975177845704,0.0632967394025231,0.0468863642869491
0.0295667516909544,0.0316295911027808,0.011423873164879,0.0114121894063832,0.0576018204760021,0.0438723706593139,0.0224437963570076,0.0267093114839928,0.0528497165707367,0.0116588048520972,0.0622612476096569,0.0819137199437305,0.039171018985043,0.0128997063443076,0.0539930981767348,0.0452741730781206,0.0714878317329777,0.0596948876225334,0,0.0357409102262313,0.0418089735742206,0.00329820185764638,0.0114916074527538,0.0468230783680571,0.0357251726047511,0.01140453794101,0.0163990478311779,0,0.0388764909512374,0.0179052198991501,0.0135617370739725,0.00698269119544991,0.0104593617287902,0.0184211050883216,0,0,0.00645282431088316,0.0119166825734377,0,0.00800162744426292,0.0289472705236921,0.0114444860432398,0,0,0.001036493150982,0.0279013757477067,0,0.025234301625385,0.010932038870939,0.0490936919974754,0.0108968641278861,0.00918279443061006,0,0,0,0.0163804725726591,0,0,0.0120689997840894,0,0,0,0,0,0.0797152517495324,0,0.00890248795224807,0,0.0406567337259708,0.000577616978450286,0.0433621860362066,0.0746514926045442,0,0.00719312247240695,0.0177528501176398,0.035383548403785,0,0.0178427892439542,0.0178336119031446,0.000298481749987409,0.0378335655479265,0.00648453730055048,0.00435432997963828,0.0116804875415036,0.0195561798457248,0,0,0.00421514393402417,0,0.00462151316681673,0.00751602483042401,0.013468324397159,0.0209088568251733,0,0.0325284966717134,0.0107229352878191,0,0.0151054072720243,0.018015263435551,0,0.0314430127253768,0.0500653505527975,0,0.0284062462722984,0.0774713657487961,0.0308728725419763,0.0374971189245996,0,0.00929733810991551,0.0678641094497758,0.0295732467922673
0.0133644993613775,0.0112480369939915,0.00284563851231515,0,0.00202826231468483,0.0449672780572423,0.000707568437639965,0.00157529341476577,0.0134023765495583,0,0.00771688394986715,0.0379692037803583,0.0133918950722781,0.00701178395093248,0,0,0.0212087506039535,0.0168477010569475,0.0357409102262313,0,0.060062152864587,0.0410173466921825,0,0.0428983607303377,0.0277865335896755,0.0358148199017196,0.0141747842751067,0.00882599664161788,0,0.102165874165554,0.0480646341095496,0.0198767557959778,0.0641822030840799,0.0273817119382932,0.066935771062396,0,0.0305183475472139,0,0,0,0.14776182331905,0.0336904008640166,0.016549961161474,0.111129531973901,0,0,0.0410705006295064,0,0.0194901556904483,0.0287196483958693,0.00398533167759927,0,0.0738485352055957,0.0256430335069565,0.0140527550813897,0,0,0.0229934384888881,0.00421762487966346,0.0234142146728345,0,0.000575666786546008,0,0.0234312928748076,0.0177875348328431,0.0361193313610123,0.00342354731558453,0,0.0573490572590572,0.024224942046625,0.00820551263504941,0.0648325293576059,0,0.0371425294882228,0.00706387911382115,0.0589524432470508,0,0.0401954323268329,0.0657844079209737,0.0458756982820307,0.0480250782454535,0.0719555175350056,0.102418244423299,0.0583531245483901,0.015652443937136,0.0256074431570624,0.0281246816948511,0.0631196834048436,0.0848455254790835,0.0193414842668565,0.0617834507193837,0.0248019630287671,0.0308779204524064,0.00703577654909649,0.0164109988867579,0.0354565648838801,0.0242698620156967,0.0543585348817057,0.0062839559875653,0.0807047974901054,0.0297437642478231,0.0189895717818311,0,0.0309377911571237,0,0.0218606049292937,0.0483816525219067,0.0110446849235326,0.0814780300628888,0,0.000644208468559145
0,0,0.0354135373155074,0.005826843605924,0.00939965151807198,0.00740360158101303,0.00172057636454554,0.0291706790300232,0.0307606252736262,0.00454623049304572,0.0389413087792957,0.0402764830240934,0.033602215439088,0.0420628822186001,0.00468090796947529,0.0308512188721446,0.00798520611117247,0.0371527631312662,0.0418089735742206,0.060062152864587,0,0.0411804006015941,0.0174247871061439,0.0709151912643124,0.0509585722386233,0.040517582197836,0.0360578357237316,0.030096745986087,0.00961440743133435,0.00508519506738184,0.0454343780993766,0.0213894347795709,0.0239050854366691,0.0555658458083964,0.0483824078717778,0,0.0147818579756773,0.0326905291854473,0.00457532714806572,0,0.0934374557249964,0.00906504990644165,0.043557895463373,0.0572881715553324,0,0,0.0648440781413935,0,0.0223521253449692,0.019959602983509,0.0094097640536011,0,0.106383035592732,0.103025989906022,0.0727644731787753,0.021085964921628,0,0.0277225014066198,0.044392994745491,0.0682858641190991,0,0.0131943393796884,0,0.0463836926790811,0.0513147117441898,0.0298704894342211,0.00832419765586118,0,0.0485397114022245,0.0257068251358246,0.0266220239874493,0.079326958297748,0.0194207342641418,0.0279913451800863,0,0.0331828580442835,0,0.0514787092306835,0.0366222156547896,0.046331940881852,0.0339076974579402,0.0383346859318349,0.0713143442978969,0.0761555531588964,0.0172612058904782,0.0345751192882137,0.0261757248500596,0.0377279858112433,0.0514317472738038,0.0141277213012091,0.0433768651737272,0.0196749624285619,0.0406690243510217,0.0549194488756891,0.0432576583285599,0.0474132464855095,0.0248125005038606,0.000610829507800091,0.0151529240916626,0.0478406575020635,0.054321604383301,0.0548327280350641,0.00952062267389676,0.0497799772760624,0.00750868973991372,0.0425556490846473,0.0536961339217054,0.0279314704882245,0.0592386876524543,0.0100498846102681,0
0,0,0.0145510591712615,0,0.00180889962138501,0.0165122514912433,0.0195360537942998,0,0,0.0108407364567719,0,0.0138813821358095,0.00703265100003343,0,0,0,0.0423939110408724,0.0121707855671313,0.00329820185764638,0.0410173466921825,0.0411804006015941,0,0,0.00962899355805971,0.0151738609897374,0,0.0139595104136691,0.00253782410110318,0.0012352941352838,0.0732719727114533,0.0122561713883311,0.013247922787404,0.0291058319890167,0,0.0220222817895552,0.0211916555847856,0,0.0084078267342853,0,0.019655729545852,0.0226662042230535,0.0119040810245487,0.00957176152128007,0.0163906116813899,0.00258092279042837,0.0167803210427356,0.0147611584170837,0.0154036119499036,0.0142969460115044,0.0218347341342845,0.0158607738217924,0.00633668681341399,0.00548986894871714,0.012313067612427,0.0195946969071273,0,0.00915076043883366,0.0180901525333761,0,0.00610399336952647,0.0171116454438998,0.0109390445603081,0,0,0.00089805024445433,0,0.00586809120728098,0.00825860978145542,0.0063669327179972,0.0125739546105623,0.0293918318471787,0.0332712504409159,0,0,0.0194793766756892,0.0165552618674965,0.00771597558098838,0.00983817584599474,0.0159619827153386,0.0127560060823629,0.0148130409670381,0.0110341363736347,0,0.0154508876823884,0.0132186403189796,0.00304039426904163,0.0130820930855057,0,0.0148363556466723,0,0,0,0.000409220137502631,0.0223595214027653,0,0.022468277027491,0.00960860507831673,0.0519131170052895,0,0.0137786049215462,0.0144987963364655,0.00772479715401446,0,0,0.00446050376200343,0.000276729177746131,0.0012810417694486,0,0.0104854692561646,0,0.00350446289246789
0.033567261950885,0.0363072775439109,0.00487312209050516,0,0.0406282623819719,0.0151044059033897,0.0162009549395753,0.0171309499369629,0.0253181056751113,0,0.0178599718469176,0.0314295293639571,0,0.00330578295828382,0.028251159697423,0.00584827969375855,0.0178548012211087,0,0.0114916074527538,0,0.0174247871061439,0,0,0,0,0,0,0.00176573803697517,0.0221119151426123,0,0,0,0.00823003918676393,0.00844676799382831,0,0,0,0,0,0,0.0560591117340778,0.0237313446462039,0,0.0100337785003009,0,0.017548574332519,0,0.0232929130370865,0.0210481176665483,0.0374904234440627,0.00511320650994576,0.01780682880034,0.0248214916480721,0.00383031994418089,0.0011363157264972,0.00616893278638964,0,0,0,0.0334056699368701,0,0.00192066262031746,0,0.051716700802393,0.0797975547401827,0,0,0,0.033150402735495,0.0110786709233883,0.00843248639486414,0.0444893274506645,0,0.0336287144961571,0.0176710399647269,0.0317806918371449,0,0,0.0056827496717851,0.00775991571078775,0.0376047620652298,0.0223684543763571,0.0208085957256871,0,0.029405505361283,0.0310347914899228,0,0.00401975625120194,1.13627955405135e-05,0.0151689942876848,0.00697005649430225,0,0,0,0.00242089614535856,0,0.00645665232458629,0,0,0,0,0.0366837054202199,0,0,0.0719858144477268,0,0,0.0143280572859846,0,0.0239190727930827,0.0327830528798309
0.0609024434994739,0.0609597204183243,0.00457121328350449,0,0.0116037735015734,0.0862977290565696,0.0365832179140675,0.010914190946191,0.0266639205357986,0,0.0170739971774204,0.0566865129961876,0.0384980893103589,0.00249307327800928,0.0203013016103292,0.0160330907192525,0.0449038371632632,0.0596302491823233,0.0468230783680571,0.0428983607303377,0.0709151912643124,0.00962899355805971,0,0,0.0453737864981344,0.00710735947511745,0.00689730872882149,0,0,0.098462029396731,0.0743217330512959,0.0240866789076961,0.0578373043598996,0.0162331557137215,0.0627115508148154,0,0.0437157568321972,0,0.0104156395085714,0.00543571779639399,0.175231376162358,0.0746404647975096,0.017789109922655,0.128361181925095,0,0.025031698005821,0.0295875676186547,0.0207673304187155,0.023457339190193,0.0592867292875981,0.0224762273821935,0.0260018620133926,0.0886840334976026,0.0432163001591692,0.00665061629850462,0.00945252628701849,0,0.0172173201539106,0,0.0598890993260546,0,0.0117060527212676,0,0.0510470370257576,0.079562280674405,0.00578970932374799,0,0.00255159622811856,0.067086257273372,0.032666929569011,0.0114610389940168,0.0756382723604394,0,0.0511741774364341,0.0356549686897999,0.0710920957387159,0,0.0385318692667219,0.0674745772535457,0.0452035121372153,0.076354256523509,0.0627689066705914,0.0803797038109873,0.0194714846548799,0.029743659969688,0.0379527708101873,0.0150532941220287,0.066947507946389,0.0896636786823937,0.0158290041593437,0.0579260607582474,0.0173882067549638,0.0175728938153898,0,0.0148839314368525,0.00871562203496855,0.0219815973538839,0.0311049402841548,0.0110914540630919,0.0585973791452414,0.0139723964299428,0.0533195563438636,0,0.0173476503643135,0.0588823939363407,0.0113031453846329,0.0365819188850835,0,0.0540942687690562,0.0356730236222852,0.0574467471398026
