0,0.0755196403781498,0.212507160625688,0.0754024695794668,0.0442046671017295,0.0719036206245898,0.122288161849796,0.219527170440105,0.0523891643684691,0.0779780913815736,0,0.00664751191513943,0.132138487120642,0.132968745069463,0.0560946371233237,0.00352776635051462,0.137682288739918,0.0966843221495421,0.198298387539289,0.0832124306558249,0.0213142515951533,0.0358529872601161,0,0.0566307635160342,0.0479036576835743,0.0945775264332956,0.0249089351474792,0.028492911769229,0,0.226275157549694,0.0722234508291754,0.0351139564186076,0.131905919361745,0.0254812726085935,0.211611863120954,0.249153883038956,0.146969435370033,0.0303635492971916,0.0363281132027662,0.0367570000981224,0.0790248685989144,0.0309731272815702,0.0956528724642675,0.223388248813144,0.194024899289997,0.281203245067113,0.211566761858101,0.0129698686960716,0.139674748946392,0.278372619236922,0.0694639818186859,0.262237398048764,0.0172754647208491,0.218191798028368,0.0984293975550219,0.120756482175313,0.165037867146691,0.251682920088292,0.24225652314023,0.238676307001918,0.0448552602877067,0.173135743611637,0.0437045481365029,0.208876301701565,0.0706232320712479,0.0409668975309091,0.222113309081463,0.232938016264499,0.206191208538068,0.180128442924802,0.226714100005602,0.215543167613143,0.0730523131388034,0.171160091017804,0.0535260464117427,0.237896238834703,0.169398016234568,0.0397172999499537,0.242860254807396,0.0389502272847436,0.264904439059687,0.0216181081545505,0.076869483744088,0.279295138006994,0.27471054320981,0.234864650336375,0.066075483537124,0.255080787646693,0.154763114706999,0.120907327898988,0.215558005193999,0.0404896090442247,0.0778743096945307,0.20353722763231,0.240515610948228,0.181458908595483,0,0.0301606851511423,0.0342770912085965,0.0837134321629808,0.22463054350032,0.0750616477559064,0.0743204532507677,0.160707647179338,0.00693765989451211,0.23014914385085,0.0696691991833434,0.0372004188964502,0.0265611197918323,0.0537028718461167,0.251422619285514
0.0755196403781498,0,0.197284406995687,0.0224711196562562,0.0327385511139019,0.0519234385817756,0.0703318531631963,0.198656203109581,0.0663405213556025,0.0576654018080855,0.00540452233658845,0.011407813292844,0.110226237970876,0.0464306757586318,0.00986373137266761,0.00421389299271416,0.161803357407581,0.0463541191997716,0.163539396719742,0.0153898606919321,0.0482665838457399,0.00820837930605127,0,0.0068704734135766,0.00511804763640325,0.0961265965479026,0.00315880377217703,0,0.00119892114969015,0.217879104541142,0.0890755908909775,0.0187634230673292,0.0821562600283781,0.0974368208425311,0.200788163084662,0.226566847402464,0.14128341202653,0.011787367546069,0.00539352491560244,0.0369843535285751,0.0555120302468741,0.0361003385080262,0.0190574717854051,0.189390593869058,0.155291897381229,0.252646000438026,0.190886338304898,0.0166568391740975,0.0631750439566314,0.238615678617428,0.0709706188629663,0.239391051628252,0.0392347395938889,0.207799547430597,0.098123502338229,0.083861057444792,0.133081545637467,0.237105699787377,0.223485471549015,0.21138836090426,0.0541899477386724,0.201410977593718,0.000809427850728069,0.187865123271646,0.0516180128871954,0.00809989963540467,0.198069170170341,0.218237090590686,0.175279758342404,0.148596670592151,0.20799348776096,0.19100763680141,0.0611422520300206,0.13793384031242,0.021932304502321,0.225672174745379,0.127919436096649,0.0365332986630962,0.211927316106048,0.0183840704032041,0.255268397167774,0.0361741668642226,0.0844246353719125,0.266770977458656,0.255043140159904,0.216934875729006,0.00883171426558669,0.230880335014675,0.111282184792534,0.100792502875391,0.184075618660516,0.00323966436444895,0.0218317439571707,0.190084408377193,0.217974451906875,0.169075988405675,0.0140120481306374,0,0,0.0494085079314933,0.182500856947089,0.0142128665820774,0.0824925780678791,0.121619084558397,0,0.200736633997467,0,0,0.0168232661122938,0.0077068706375888,0.234328314455082
0.212507160625688,0.197284406995687,0,0.213719440289174,0.0328874406088075,0.00251951870364781,0.0661360433735275,0.0326646026579498,0.201255701385483,0.144818699466753,0.17035772164789,0.0718634941879145,0.00796174173201644,0.208180601005136,0.195772170001673,0.0163894548076715,0.166175837995832,0.201206707564875,0.0453980181573346,0.204842743032896,0.205426062482867,0.170799157847894,0,0.201959591341253,0.202846319740454,0.0358756156433058,0.182241459061542,0.209491411777071,0.117734420847801,0.0257284262220967,0.186183430330916,0.0366559543655894,0.167071046967026,0.213247791983954,0.103514686209199,0.0205950378736985,0.016141122311768,0.231144085819532,0.215803436379846,0,0.00838335521451018,0.220517094344792,0.214891555973909,0,0.178548548384348,0.0288668122907706,0.0341594194000274,0,0.182068345500872,0.144786380466433,0.0644648201210313,0.0180880679695717,0.0358997318073112,0.107872673047496,0.0293131009427489,0.157558811223627,0.126392401224539,0.0215830541063333,0.112991670299643,0.0787134156346194,0.0369119448245193,0.163289375189997,0.221761383391436,0.102073464149358,0.000162079130788211,0.182839895818119,0.118586135483767,0.0705262310668717,0.0815690832389315,0.114783958503577,0.0701454063350926,0.108484736009945,0.0727825328372808,0.10984793149551,0.214141189738717,0.120820036279818,0.199009604144584,0.0197170785187766,0.00427264787594166,0.215252215559801,0.132128316113069,0.0592426096218298,0.0344556093329591,0.110923938465251,0.043222778920043,0.0408013927298925,0.240960431980193,0.0728501879265284,0.194514207381814,0.127663471117922,0.107698032401049,0.185816878256036,0.123598388033517,0.0361310216653831,0.107233713865518,0.0104878535087878,0.0722383234611745,0.210063655898905,0.213203517254187,0.018590236569254,0.151871849463275,0.197684016358798,0.0823024442954785,0.136011046774034,0.144737554762966,0.179591674793381,0.216965033244234,0.203328501282231,0.0006676299094938,0.154324162949699,0.0749767740979148
0.0754024695794668,0.0224711196562562,0.213719440289174,0,0.0485459874227857,0.0589173704472257,0.11566526878579,0.239475341225913,0.129160202877708,0.101804911570363,0,0.0166170617197091,0.150252742813308,0.1288579549763,0.01266827343466,0.00491911384188291,0.165768890725707,0.0496386194330079,0.242285541984818,0.0114652024356797,0.118749664813075,0.000139556989864915,0,0,0.00572043832064353,0.0963958486661813,0,0.0149300048267571,0.0080984024024619,0.271547320468435,0.144819042237842,0.0103899884758423,0.0983950429163482,0.144774904257787,0.259130756797508,0.270965534337632,0.163102904383372,0.0877141497038679,0.0313551044634195,0.0160738364211594,0.104881097366631,0.118734037307382,0.0380043186068587,0.235575824703958,0.258626674383993,0.30597505871099,0.261309897887045,0.0217015109693503,0.145344257023621,0.29601655373586,0.123795166521454,0.294562752124281,0.080106720256017,0.27337949814351,0.187612484058962,0.172897511006009,0.180741796059587,0.263809030441146,0.30442036063499,0.287909247160184,0.128145420607166,0.235373618564203,0.0184621185071818,0.26456941950509,0.0162177194591719,0.0725316670630302,0.286647484796796,0.266604316107048,0.216954369282618,0.164436835731324,0.228255780262567,0.23613915885195,0.112789373806679,0.156489291658565,0.0106819360447028,0.266408797216596,0.213454404317164,0.0252945114744341,0.243936825749083,0.0212655769630386,0.259191655496201,0.0404583492097807,0.0789867082425594,0.298828692664024,0.303304710349763,0.287150332352399,0.0304857924983036,0.269066823681215,0.152868672048022,0.147682156010193,0.256478464311083,0.0231230564852357,0.0381674911114996,0.211586466911454,0.294537149915681,0.187646282776388,0,0.0688180389436462,0.00260227171808776,0.0589100997227381,0.286970821231148,0,0.140867902058243,0.154897383024134,0.0106884661883981,0.20398738842686,0.0334305123881731,0.010327591366492,0.0267127118270788,0.0287990193642004,0.302087340614452
0.0442046671017295,0.0327385511139019,0.0328874406088075,0.0485459874227857,0,0,0,0.0211079561888358,0.0599780485801169,0.0119247052872795,0.0226310037030421,0.00651879830712486,0.0503827587705424,0.0388164191996127,0.038350766572873,0.00706268504556688,0.0854771472904683,0.00988808681504071,0.0152674021082048,0.0469684761605698,0.0701586758201298,0,0.0188932137130276,0.0520744809297641,0.0481997910504556,0.00352662262681243,0.0156388598144004,0.0255075656912359,0,0.100559696697394,0.0983533227466784,0,0.0224421897585563,0.0533344049316095,0.0340438771964821,0.0098538813188199,0,0.0622321339978592,0.0266214082453897,0,0,0.0475331672570711,0.0510581773573489,0.0094740435888832,0.0218339986684417,0.0897456133615494,0.0426099721823483,0.0167503578935622,0.0402813065754658,0.0225632142291196,0.0784895729842259,0.105372632446189,0.0557634134605325,0.0643532195835558,0.098464154019667,0.058244767498636,0,0.0259720033125771,0.0447752198340041,0.04834726935142,0.0956570131655449,0.0717166114130109,0.0226531005547969,0.043977992963591,0.0250840901631656,0.04299753253684,0.0307481336509541,0.0309029274985494,0.027331617235811,0.0151274939073051,0.0436635547673355,0.00470265025248367,0.0372501603598071,0,0.0217245948741206,0,0.0357479324190615,0.00701889379031367,0.0114046030510424,0.00360744128853603,0.0539721628364352,0,0,0.0720248378330471,0.0417446073848258,0.0143881866333605,0.0191206305270475,0.0571277802479491,0.0149347206788854,0.00541022004694854,0.00478305743543212,0.0570838661433119,0.00389277753299656,0.0439197823376863,0.0498714193941233,0.00976465880478264,0,0.0646143856137558,0.0373900115242121,0.0219540845523581,0.0233428272625715,0.0243080418218412,0.0515749115592761,0.0242279147261148,0.00901209494490074,0.0913445562126219,0.0462364647718617,0.0549384909706403,0.00884632121398114,0.0183971537205087,0.0639170111061093
0.0719036206245898,0.0519234385817756,0.00251951870364781,0.0589173704472257,0,0,0,0.0111136909664611,0.0637528850903483,0.0262380633995386,0.0341729472342574,0.0166086820720253,0.0113340483967979,0.0493899793436727,0.0458922010518532,0,0.0837668714491285,0.0314753349804506,0,0.0523870841622531,0.067207168696499,0.0465841520716751,0,0.0531870426904142,0.0500669710766617,0.000607610029008846,0.0597208877667702,0.0646570161251368,0.0381292219194234,0.0336802936058869,0.0654775828739939,0.00826624072771536,0.0225684112748405,0.0996161983728597,0.0549751396823377,0.0132354242168512,0.00812298633716284,0.076956709820152,0.0689332943841382,0.00543591882099349,0.0164993308002203,0.0802724541851007,0.0553013502121261,0.0197035200973617,0.0185749145741219,0.0309950750057724,0.00766816401709485,0,0.0369771236097175,0.00930251390981242,0.00540103619353016,0.0233710676246133,0,0.0083471989087143,0.0171631063139881,0.0258856918651205,0.0071631632485765,0.0206244371351056,0.0289252303629097,0.0148685162810148,0.00721804794189713,0.0621501599273975,0.0515735154018825,0.0263745848205881,0.0062288441587345,0.0603692500728161,0.03542209540847,0.0319699197959314,0.0196773406111918,0.0115020210603726,0.0473266623219439,0.0123365902267263,0.0130399091181817,0.00436764079516595,0.0515398504888738,0,0.0339099148109145,0.00587347086230589,0,0.0562663578849986,0.0655138277895442,0.00517015345643877,0.0175976495332611,0.0548148591826699,0.0235663783425858,0.00695695758062795,0.0661400858921706,0.049364354868685,0.0263764761485523,0.012424417283966,0.00354926672818725,0.0489017390093726,0.0160045112194521,0.0661081993047364,0.0269984499695122,0.0191014271280839,0.027888651102358,0.0632768668367243,0.0571507098430685,0.00498929998409099,0.0224385219332742,0.0421363477367671,0.048476705602308,0.0417083564841742,0.0223114247996954,0.0925044156245281,0.0635207281335637,0.0562240937915934,0,0.0189928736457471,0.0287314132598504
0.122288161849796,0.0703318531631963,0.0661360433735275,0.11566526878579,0,0,0,0.150428812373206,0.152646174746034,0.0170296570649991,0.0115493495508486,0.067940612664595,0.124667381062095,0.0861404122214194,0.0826883544150183,0.00618533033414713,0.135738760565361,0.0454148454683098,0.120705500537582,0.109583169990466,0.167228542691514,0.0425977860169031,0,0.129764267909306,0.117366103950037,0,0.0917816233518682,0.0843717649187971,0.00158601624010371,0.23719501003943,0.219553596305334,0.0172390000852823,0.0823842365280513,0.179052293108351,0.187518578056892,0.146113962681244,0.0176607571418758,0.117277626018038,0.043284111961827,0,0.106404874006524,0.130771794401266,0.126601341683276,0.152840739179598,0.0414055679794507,0.229478944979283,0.178078976033818,0.0130515707684685,0.0557535914664108,0.0691721934471648,0.0950731147406282,0.211377426045619,0.171623150664297,0.138823778466464,0.256670082672615,0.0469810752098186,0.0527311232340354,0.127048854881278,0.146736439821109,0.179810225758385,0.219649755564878,0.166028505367353,0.0149729318467573,0.128587493171645,0.0207875233037561,0.0214425024450538,0.0990079357437178,0.12576566747981,0.0671899134966113,0.0671984400412979,0.118264821242481,0.0950054511083907,0.0964500191408116,0.0564808449615323,0.0503811397527541,0,0.0514522386967567,0.0068004733571287,0.0783992155440377,0.0762660407195688,0.153023117014536,0.0136748453216303,0.00172890569617167,0.172190539258817,0.167181036669728,0.148782895007798,0.0610323122104179,0.19163834340363,0.017502369875134,0,0.0158960124468384,0.0898732912568254,0.0142386970401997,0.0986382176771207,0.132253689862051,0.0759154602968988,0,0.114279119008893,0.0463768108420314,0.0175588239080283,0.0383479304057873,0.073850043684019,0.171796564157188,0.032013969686891,0.111969695260019,0.173268404003928,0.08857343867617,0.0973716582784303,0,0.0120479825115022,0.184005026305853
0.219527170440105,0.198656203109581,0.0326646026579498,0.239475341225913,0.0211079561888358,0.0111136909664611,0.150428812373206,0,0.247863353091217,0.137678586873241,0.134935463793656,0.114246063247144,0.063762096604425,0.228140597709874,0.222029829882364,0,0.198700205334515,0.192379913324255,0.00531272572933191,0.228078433401012,0.233847602750996,0.210299284547362,0,0.238473167557266,0.243141491421433,0,0.234022125371927,0.221520759045498,0.0593516974262538,0.248821786042842,0.245772445168315,0.0313182015773226,0.206946564640221,0.244041061924968,0.242198132494538,0,0,0.254999913872513,0.19240995262455,0,0.0801012217514319,0.232294553068658,0.266833371320693,0.073757625593683,0.157103961691545,0.277015055506465,0.0212159036955082,0.0313665582361664,0.242439728288275,0.0815100375736233,0.0378091365284628,0.205644010586152,0.233492480985419,0.0307962326215975,0.221082148691719,0.0419496218941546,0.206968230870249,0,0.0590632306945037,0,0.192047009356152,0.198704202274143,0.202299372088142,0.00507552164028447,0.0197420238280803,0.113411141192541,0.100780488886317,0,0.0923945897836409,0.135511483121936,0.0823977568020141,0.145799851238738,0.0142164043664585,0.279521229415511,0.230413144546499,0.0635149640571798,0.214109626709055,0,0.00509645502161866,0.223965777025229,0.173875310059491,0.0480926608818439,0,0.175159818615003,0,0,0.249847161300043,0.185932557159663,0.271643256839089,0.109536304619007,0.137700326565753,0.223951318872559,0.0954502685992126,0.101289356884962,0.0524787125688028,0.0181713893961145,0.00867135047354021,0.241178184183757,0.212479821407057,0.0198591451991098,0.194330537687915,0.214956315249757,0.18306069460258,0.127587572085195,0.215225459791783,0.238391717538025,0.236212347321663,0.230568092538672,0.0486225139963515,0.145966410559899,0.0464194617882378
0.0523891643684691,0.0663405213556025,0.201255701385483,0.129160202877708,0.0599780485801169,0.0637528850903483,0.152646174746034,0.247863353091217,0,0.108918668824268,0.0163990555266857,0.0101787216190463,0.165136107023914,0.213928318160974,0.142276459742448,0,0.0983019438283016,0.115999949724773,0.223519581598303,0.181343364679169,0,0.0571064166104036,0,0.151804277800652,0.14783069328793,0.117857098507386,0.0628686246253589,0.0569449768874971,0.00188501132976997,0.242258661377337,0.0505368264938701,0.0456971999340052,0.179007137263663,0.0123450231863082,0.244498251305794,0.280475730669066,0.174387720512892,0.030347121177177,0.0547277776503711,0.0119827604145944,0.117912694096972,0.000990196289776166,0.135806341920759,0.263906324374907,0.242122699381086,0.298547419986129,0.2447740365911,0.0196459047873456,0.188082489576972,0.267236540418007,0.104123929961996,0.28626144090509,0.0319804132006776,0.2425323548475,0.140923225283229,0.176417637580293,0.202567604374828,0.275523568963484,0.294110558545058,0.289202537478245,0.0602335305646235,0.200170647361131,0.0838537634748559,0.272082230117461,0.0171617197356866,0.11807379834068,0.272115022949878,0.277309622883362,0.231906961240757,0.195724648974574,0.221317344542412,0.261249065496748,0.115329585863966,0.195347625928221,0.0916936981551587,0.24858247910353,0.220776428099518,0.0194966580818484,0.25072400607703,0.0620173297646843,0.260651446368155,0.0344609292345967,0.0581384832716584,0.291839360449668,0.307015287558887,0.255100249027714,0.122247674252355,0.255869271195208,0.188357258415842,0.154805799976431,0.232508472690339,0.0546400028763427,0.0907415593860952,0.19010888388283,0.259780386982246,0.190260054185108,0,0.0523400187012471,0.0778892973751569,0.0869118408760618,0.262167737934442,0.164909193406578,0.0863607958467917,0.183155243634872,0.0136462442603588,0.19368126221436,0.147858337332105,0.116352262408173,0.0201187155024144,0.0977110090184233,0.279108860615351
0.0779780913815736,0.0576654018080855,0.144818699466753,0.101804911570363,0.0119247052872795,0.0262380633995386,0.0170296570649991,0.137678586873241,0.108918668824268,0,0.0527689833007806,0.0507878804751355,0.077647867042084,0.0631578966714791,0.065753723757621,0.00526644705745002,0.154662799878011,0.0455858319879549,0.0971693311540983,0.0779140003823915,0.117043033215683,0.0525022662035958,0,0.0903863501851131,0.0884283529325723,0.0243639653190862,0.094705045656877,0.0807239682709884,0.0363183110972398,0.24361077487213,0.130862629778222,0,0.072458487865188,0.128279769984586,0.21804942974469,0.158624959737602,0.043230542845413,0.121127887800413,0.0627577695230747,0.00459542168034436,0.0486569159518172,0.108800062523374,0.093346303769159,0.122247652491501,0,0.256791196191899,0.199664973196849,0.00911693587314861,0.0323049440304227,0.0591850566932775,0.0356471786857508,0.227435371036266,0.146356242085739,0.100289309894715,0.167357510585686,0,0.0305180472114375,0.12112445745833,0.112890340099145,0.13031862274624,0.107836641528534,0.198416032875052,0.0713363809802946,0.0594189521649839,0,0.00350702192730748,0.0689632172676682,0.100840098706124,0.015786291285472,0,0.136272915337601,0.0507801679255751,0.0234635758983799,0.0056917876843209,0.0877067690565704,0.0554782448994907,0.026563300560559,0.0237328265235107,0.105601064703211,0.0963693695390411,0.196240994270986,0.0594807271002532,0.0494510825466764,0.238421789772238,0.160387494692471,0.183422340788839,0.0764081946918945,0.216689755953429,0.0282641733298793,0.0253169736578013,0,0.0988503809096939,0.00330235893942755,0.15735193274726,0.146871841325901,0.0917771621771113,0,0.116649860639524,0.0827922719935289,0,0.00956555980161267,0.0662262177456801,0.115385483457017,0,0.0749824628887445,0.133299099942312,0.0912156090607683,0.0826870468559173,0.0304814200704696,0.0326279070378211,0.216956685793943
0,0.00540452233658845,0.17035772164789,0,0.0226310037030421,0.0341729472342574,0.0115493495508486,0.134935463793656,0.0163990555266857,0.0527689833007806,0,0.00605598511871204,0.0986046859331585,0.0190204785743237,0.00131001079682568,0,0.121619145105428,0.0368414671294586,0.121100792187276,0.00575414280150109,0.0350602093930143,0.0227088340755845,0,0.00312721032499004,0,0.0733568348351925,0.00843956107510488,0,0.0103878669821217,0.176104648991488,0.0540396516383656,0,0.0214017316568317,0.015445605410653,0.142445203291343,0.131267863295128,0.0998105363648244,0,0.010418419291129,0.0806986928104775,0,0.0035131061637112,0.0064344994398625,0.0807509993984026,0.116590174555212,0.190545628752894,0.156920817389243,0.0259494050711068,0.0318084276975077,0.150284042659874,0.136419250181415,0.208360307404367,0.045477976098256,0.224753900127116,0.10060068755641,0.153485272573077,0.116279938295017,0.129446037940605,0.178985600377209,0.170609036383057,0.0462728133697637,0.112829258157416,0.0128602002366216,0.151387877838962,0,0.0329048010531814,0.153299655369038,0.128021220645522,0.0819776172967416,0.0515546366792932,0.138189136630033,0.127160154184858,0.0726747363967247,0.0619849066856591,0.00206258933834254,0.101970462806355,0.0552732331268055,0.0207007581584401,0.0961360923452649,0.0056670738940963,0.144298070624391,0.00833432135113477,0.0260355217500331,0.209166952199495,0.164527377460866,0.146061578599278,0.0234100906620926,0.164734784574168,0.0707675127575781,0.0330385050883009,0.0746140040248679,0.0168854388118343,0.00990750043412449,0.148186393673441,0.167751796479786,0.104340086756085,0,0.00571606086131347,0,0.00565771306720435,0.124744223946111,0.000234452993842216,0.0574688465469299,0.0650998984445777,0,0.103541271711974,0.0107922706619005,0.0101144927570508,0.0470153641499351,0,0.194368238182328
0.00664751191513943,0.011407813292844,0.0718634941879145,0.0166170617197091,0.00651879830712486,0.0166086820720253,0.067940612664595,0.114246063247144,0.0101787216190463,0.0507878804751355,0.00605598511871204,0,0.100038307754358,0.0363501805085558,0.0352603071628491,0.0045519432983095,0.0045772218641405,0.0312765501203053,0.128538311122338,0.0272872264362846,0.00784807058334194,0.00559474586664866,0,0.0185440816963057,0.0241970573861297,0.0331293714688907,0.0140509908636085,0.0143773445029667,0,0.150897749926021,0,0,0.0273873521953327,0,0.103237564092058,0.118235721852588,0.0580984726854959,0.0105301908024633,0.0258267267117003,0,0.0424137704866505,0.00486448970573132,0.0179087312761213,0.11678133108228,0.110732600072976,0.165020075665476,0.150554355781726,0.0201766961344802,0.0665527577625825,0.0946066379206474,0.0779652853559359,0.146450430417501,0.00257926132469055,0.121044118723459,0.114686356723232,0.128985348128422,0.0751572799814336,0.095567894199618,0.147248790797901,0.161386729135513,0.0534403221349005,0.0715227307147102,0.0379323033512419,0.147196853456899,0.00611859941398245,0.0862333065010648,0.137408155590415,0.121343432371933,0.0752074943485606,0.0507211390737779,0.0635914180974717,0.103355737792843,0.0714393089427463,0.0488043926381076,0.0281079527535932,0.0473672467022722,0.0465892172733939,0,0.0796775552926874,0.00671516647608434,0.0691611318285967,0.00342366865696886,0,0.106904470433076,0.130143093933959,0.131029658170681,0.0202471802764289,0.0990457234046587,0.052542543119511,0.0480892648540309,0.062320083206549,0.0219316825908864,0.0499288530583318,0.0889296628269696,0.128745000633774,0.0649954332105664,0.0100572905094514,0.019116598732298,0.0333378095804027,0.0419275982608972,0.0975469863736964,0.0344424682393115,0,0.0510375471349923,0,0.0276484159630556,0.0349794699848831,0.00874476652925544,0.0018113463276539,0.0588111718201681,0.149714851727744
0.132138487120642,0.110226237970876,0.00796174173201644,0.150252742813308,0.0503827587705424,0.0113340483967979,0.124667381062095,0.063762096604425,0.165136107023914,0.077647867042084,0.0986046859331585,0.100038307754358,0,0.148737214773619,0.15466925615181,0,0.101351191253022,0.114430547534292,0.0301001054986785,0.154165731353369,0.161897132278085,0.127627397001871,0,0.163017960609841,0.168586043159517,0.0407868150686322,0.142063762158365,0.129563471446778,0.00488991248643424,0.0147922003590403,0.163566182377441,0.0383049921492755,0.144206325438054,0.13606280222813,0.0383454933676511,0.0537218748380172,0.0369669059904182,0.160570924615821,0.109310214479064,0,0,0.156661634814622,0.165873698575031,0.0184891968851496,0.104172097592027,0.0453882381967498,0.0315218622914208,0,0.15163454710934,0.0580587604778407,0,0.0108261436593199,0.100552775254713,0.0398269903341121,0.047603740932769,0.073312883345803,0.103969793880605,0.0235399996448307,0.0761329577244147,0.0641143599894122,0.060261494480285,0.088319024034347,0.150758233417685,0.0745924453160062,0,0.112689609141019,0.0963304025698345,0.0390846047372923,0.0654980928982418,0.0742235479871842,0.0101364981817574,0.0832502180607159,0.0239880580753508,0.109718285735624,0.150412450966203,0.0589148769167883,0.136669024976605,0,0.0280599450390924,0.140740867810862,0.0438892315104685,0.0438594010769197,0,0.0559011064564511,0.0348988690283749,0.065260616243081,0.147010643175892,0.0238525254720848,0.13604476866509,0.0879213832262591,0.0933839377113406,0.153283507830831,0.0919722587272773,0.0217165916568916,0.0585454584099439,0.0336385460007501,0.00730866084072498,0.167496681509129,0.135680712987349,0.0249749136012159,0.115289612948748,0.141979758871212,0.0988004648790941,0.0880804109030226,0.127790619620581,0.134542334765795,0.156410651669859,0.145541352973667,0.00750770638494612,0.159405579949447,0.0364438669952067
0.132968745069463,0.0464306757586318,0.208180601005136,0.1288579549763,0.0388164191996127,0.0493899793436727,0.0861404122214194,0.228140597709874,0.213928318160974,0.0631578966714791,0.0190204785743237,0.0363501805085558,0.148737214773619,0,0.00770535261428785,0.00362039408184103,0.192964313140609,0.0254588297768619,0.238150281114606,0.124179736471248,0.18846377603915,0,0,0.110750551880851,0.0100483035984346,0.0857456370033927,0.0132211690400313,0.0774717872801912,0.00689975405618044,0.264978481393024,0.206580194670741,0.0145788993576977,0.0522879553589259,0.202805175225839,0.251463022499377,0.266541639387824,0.141751658580397,0.1962984147648,0.0294139806909438,0.0129897373103955,0.0953927231926074,0.208001771256526,0.0644071442156524,0.249789641750322,0.233944722578239,0.312897820095445,0.24660654825035,0.0273343255809099,0.0826551625545336,0.281210759047688,0.122719280883891,0.303118071832719,0.0985503510566225,0.257086666400537,0.192303465671235,0.153337232042341,0.154571706851884,0.271717660260731,0.293831119655102,0.28424958746562,0.141771168539537,0.257622376553112,0.00166790230689115,0.260901366586605,0.0181434182646903,0.0288517055196292,0.261588207409426,0.273388784675963,0.208960075901118,0.138239919233544,0.235892880994107,0.234345079530474,0.119535093643896,0.139762129148152,0.0142531811186437,0.238751756604591,0.155455067886183,0.027982145793727,0.235505487597646,0.04510470931579,0.282267058551744,0.0410988180688376,0.0785774770244118,0.303365265807434,0.307556419032605,0.268815990598524,0,0.279339845854024,0.124076714230676,0.113710397694593,0.219390612601779,0.0898757383876803,0.0156454862889007,0.207281751021435,0.271480854990607,0.188187150390263,0,0.172840948070984,0.00603028564329716,0.0522813954806598,0.260504668137311,0.0349244273866534,0.154263033246591,0.126728125639229,0.0342889755472552,0.226263165775078,0.0526604260128149,0.053009326931143,0.021491466279791,0.0124656207632614,0.289457243982684
0.0560946371233237,0.00986373137266761,0.195772170001673,0.01266827343466,0.038350766572873,0.0458922010518532,0.0826883544150183,0.222029829882364,0.142276459742448,0.065753723757621,0.00131001079682568,0.0352603071628491,0.15466925615181,0.00770535261428785,0,0.0149296490007312,0.206170825181398,0.0223101218111426,0.244241373515387,0.0122557492767208,0.163460880997756,0.0028552813733609,0,0.0396630344284389,0,0.0827691825689997,0.0109942606470294,0.024442783730464,0,0.27140064126616,0.206089867790122,0,0.00165178407286127,0.174831095032656,0.236922796557185,0.243494687285332,0.118182375791722,0.085325799840365,0.00908188330271689,0.012232670196162,0.0947428735258926,0.13561637308314,0.0213738699073303,0.232477064269063,0.222888385569204,0.323354198680388,0.253297291152843,0.0393304892579149,0.0600519446009369,0.252161656129405,0.160224465960751,0.302540161690058,0.123548510435647,0.255524450447248,0.211110446211695,0.200741688231967,0.157050514807552,0.248721193475244,0.282892793311147,0.289678745995229,0.161371570822072,0.250274803696741,0.0109131937544513,0.270352761647497,0.0235335790744976,0.0667894019846046,0.246214407213931,0.262465500667913,0.184961860289806,0.122799094328955,0.229430898667416,0.230071452502836,0.143430490277538,0.123910674945489,0.00442082171403307,0.199262673668668,0.099404572030062,0.0243416643512112,0.204363180563828,0.0341517323176837,0.2654703340296,0.0339189945195608,0.0677607318365412,0.293489487678697,0.288389403304075,0.267189085573239,0.00660293054136553,0.271484937296247,0.111158156596363,0.127601297738489,0.187272766002322,0.0690680421493217,0.0215526697409555,0.198115908822563,0.266518720290626,0.18435194834646,0,0.0931017854834942,0,0.0467366836607482,0.239012555919672,0,0.141221145037991,0.115948998228412,0.038501408155084,0.193234647094097,0.0112577574156947,0.0104308652294849,0.0206108216823432,0.0159381435778858,0.284252116067028
0.00352776635051462,0.00421389299271416,0.0163894548076715,0.00491911384188291,0.00706268504556688,0,0.00618533033414713,0,0,0.00526644705745002,0,0.0045519432983095,0,0.00362039408184103,0.0149296490007312,0,0.0332330004932994,0.000297099737813985,0,0.00967346016041563,0.0183229619213658,0,0.00815167690435321,0.00710525048862128,0.00629396213029561,0,0,0,0.0299276345445215,0,0.0221528666207513,0.0148193386803467,0.0111468503957136,0.000454740510814052,0,0,0,0.00854232349620165,0,0.0302048121418364,0.0275760832695116,0.00611113852189933,0.00532315562486707,0,0,0,0,0.0100157862654167,0.00993049483037249,0,0.0150025277529214,0.010182132345463,0.030350802595774,0,0,0,0,0,0,0,0.00465360127810511,0,0,0,0.0120558164513748,0,0,0,0,0,0,0,0.0171309302725792,0,0,0,0.00943210798449275,0.0420563254439465,0,0,0,0,0,0.00732732503144368,0,0,0,0,0,0.00520555194194706,0.00438495466362946,0.0211386644753469,0.00468810355897272,0,0,0,0,0.0103896678375172,0.00178574916466355,0.0523372510176532,0,0.000644402572800453,0.00398138577696813,0.0102228942267842,0,0.00304028554195472,0,0,0.0131442372506183,0.00445626646367837,0
0.137682288739918,0.161803357407581,0.166175837995832,0.165768890725707,0.0854771472904683,0.0837668714491285,0.135738760565361,0.198700205334515,0.0983019438283016,0.154662799878011,0.121619145105428,0.0045772218641405,0.101351191253022,0.192964313140609,0.206170825181398,0.0332330004932994,0,0.155490217556617,0.201542392168764,0.191776968282064,0.155120184527938,0.123640246757572,0,0.17208165048676,0.179715671616719,0.110835809365438,0.128165695671784,0.148984610376668,0.0864565735025581,0.194812810514628,0.0305301446751881,0.0326922213661071,0.14823747844768,0.0958435511778257,0.12386434847486,0.189924672893998,0.086082891922912,0.169598678860584,0.147779889655901,0.0601526938962146,0.037391443332938,0.164046625959546,0.168427136622936,0.149614592450773,0.235894926056813,0.221638622769766,0.226248624859344,0.0564307441602978,0.198286271633489,0.230224463324462,0.172849200859253,0.201385457304564,0,0.246689551393611,0.130601135793754,0.239452825849276,0.1895383995492,0.169221014538867,0.236657071026793,0.251232460127966,0.0645781363600997,0.0519903210072013,0.209991642722844,0.230816959163757,0.0331497359373952,0.216563736447797,0.216187311408058,0.18566892743682,0.183587926907975,0.16788027699572,0.0920604951422252,0.209756752408126,0.165411357823685,0.155380525514241,0.187739838733729,0.197243577624591,0.221030774722706,0.00744365527026104,0.178388695123688,0.15998793399336,0.0751014656189678,0.019657487610403,0.00762595287714531,0.153946300833793,0.203880120299103,0.203240138639123,0.18744983816226,0.133384027893168,0.208005444823973,0.17072833008951,0.181176548912558,0.161338601508917,0.147090531508815,0.118760681582809,0.233669000372042,0.155565420384447,0.0651492375310777,0.174644094564879,0.200403715142956,0.121805147022868,0.229139678767325,0.148665837955459,0,0.195149507455129,0.0290590189346761,0.00885342316967229,0.177560800203322,0.139154926903106,0.0653660543893773,0.125747313834336,0.22905699419877
0.0966843221495421,0.0463541191997716,0.201206707564875,0.0496386194330079,0.00988808681504071,0.0314753349804506,0.0454148454683098,0.192379913324255,0.115999949724773,0.0455858319879549,0.0368414671294586,0.0312765501203053,0.114430547534292,0.0254588297768619,0.0223101218111426,0.000297099737813985,0.155490217556617,0,0.155815974366788,0.0437874952139734,0.134033773611953,0,0,0.054658540679861,0.0335665045964938,0.0569844728376782,0.0203458624372462,0.0405850127651217,0.00237552308392182,0.238668590130664,0.13968330545447,0.0114625551497983,0.0250755534151962,0.131803649428651,0.213488520872504,0.204891660484937,0.130668236582432,0.118612775552805,0.0416412423186089,0.0159202989753464,0.0657764690092303,0.118378020175901,0.0331388340993224,0.183059664601277,0.15844053938726,0.258711547043888,0.211960882119729,0,0.0347015299169435,0.199197590017765,0.0532189448422751,0.257154519546216,0.030189942433262,0.188202526699292,0.142271404583897,0.0763912638067562,0.129420572771661,0.209604231846358,0.23021622826744,0.223089897350998,0.0596624117233382,0.199130740713143,0,0.192269883851039,0,0.00397617063311936,0.189632570691412,0.202034399505195,0.146019746647874,0.0753574130319817,0.196276940937713,0.173561203158769,0.0398759096409173,0.0928778727194057,0,0.129848107610935,0.0392840172781999,0.00932910456476545,0.184550084911942,0,0.233509593098712,0.0227934705567257,0.0553013894584395,0.276322975533853,0.241332921119757,0.216156336851887,0,0.255586931366182,0.0476590569443299,0.0380856600692943,0.113294929043437,0.0696580879989024,0.0232161444063719,0.179802565617685,0.212350788020096,0.147662063278075,0,0.093926814620782,0.02774390775594,0.0382383279627395,0.158652615353053,0.0181817515906782,0.0993154745748619,0.0518193889475322,0.0118105051770039,0.198036993592828,0.0394475750229753,0.0453120548511389,0.0105518470379587,0,0.2386046593038
0.198298387539289,0.163539396719742,0.0453980181573346,0.242285541984818,0.0152674021082048,0,0.120705500537582,0.00531272572933191,0.223519581598303,0.0971693311540983,0.121100792187276,0.128538311122338,0.0301001054986785,0.238150281114606,0.244241373515387,0,0.201542392168764,0.155815974366788,0,0.249606919493035,0.258457342716041,0.112969617108089,0.0213182035426081,0.254910772705921,0.266530464376734,0.0123013076895687,0.195878998885487,0.183338687037128,0.00104686369408309,0.0575236292475411,0.251915562684445,0.0258956471768688,0.210388609186819,0.190783051603849,0.0448367231618574,0.0252724358650025,0.0367372408905415,0.237904807822124,0.14527362498574,0.0088182718311447,0,0.224193691999823,0.252971883410122,0.00699997907803465,0.154632710995452,0.053314957153153,0,0,0.241788932372345,0.0518958559548889,0,0.0781929022192892,0.155986808791501,0,0.124014898462571,0.06222780847512,0.0516290996952808,0.0270945044783407,0.0701135377348198,0.0386839490649516,0.110941890225767,0.114360879044848,0.185317420912479,0.0733725434030621,0,0.149568270567402,0.109443413623474,0.0493110653389816,0.123121015460944,0.160367384508865,0.0383189597668794,0.0691250195625871,0.0115555001173029,0.114280629363311,0.196237466132002,0.0241733251338124,0.24048084832028,0.000163746586288159,0.0152165065818346,0.1533017276948,0.0678648848592609,0.0467587071285238,0.0125329916985913,0.122776308646812,0.0321385627485979,0.00339490780356219,0.203791437881816,0.0540791427668527,0.18054114439078,0.121462288950976,0.143716170071065,0.23629496507633,0.165819768252925,0.0211392754277943,0.0487382220233428,0.000499032222465064,0.0027240020494939,0.252394215749203,0.225767336753741,0.028745555163209,0.162024864007474,0.212145524883347,0.138600485411583,0.137135080425801,0.124160288131494,0.175527824022306,0.232134946722772,0.210677754371273,0.035736470786671,0.170371629095863,0.0116023889597901
0.0832124306558249,0.0153898606919321,0.204842743032896,0.0114652024356797,0.0469684761605698,0.0523870841622531,0.109583169990466,0.228078433401012,0.181343364679169,0.0779140003823915,0.00575414280150109,0.0272872264362846,0.154165731353369,0.124179736471248,0.0122557492767208,0.00967346016041563,0.191776968282064,0.0437874952139734,0.249606919493035,0,0.191231376092905,0.00186342831023403,0,0.0524742714787412,0,0.0957561856546228,0.00318832519671291,0.0207851812356288,0,0.26999502642742,0.212904468341843,0.0125188538668281,0.0634847951042692,0.171285030261203,0.243042704979539,0.261909697926116,0.141569017353704,0.107590181515789,0.0183631661055484,0.0164555874258362,0.100703724430542,0.165108253642103,0.0174321555460479,0.245294520981184,0.242187621760817,0.317062870828272,0.250829212663442,0.0285659423904454,0.123863858674756,0.27709123667552,0.140148015736763,0.304896087745239,0.0957569041684577,0.260936040785658,0.19900110461606,0.189403354537409,0.162638044311632,0.266462327867031,0.294721231755286,0.288861913259841,0.14960014399034,0.251800120780608,0.0149444438796221,0.268532839395041,0.0174035508377127,0.0714196231443859,0.266680927644438,0.272178299623602,0.212105992627416,0.149157118569813,0.234726225450239,0.234857536996504,0.12719019963134,0.14413217487067,0.0122048803839229,0.237884524279576,0.177495307530867,0.0272554321604586,0.230291427591964,0.0322983477914653,0.273734639866917,0.03589014292348,0.0751806689749065,0.298329987930053,0.303895150271758,0.273170221835177,0.0192243038483821,0.275057678048573,0.136402116121946,0.140207917728287,0.228388085684183,0.0606467389946944,0.0317457389129047,0.207548318274985,0.272729516584122,0.187067951527744,0,0.12302864105234,0,0.0556539934255078,0.262669239511373,0,0.149670044564341,0.155367730222211,0.0195734577474918,0.216270476535004,0.0177446819120713,0.00903222001492109,0.0196934472824545,0.0279913899616951,0.290250931927662
0.0213142515951533,0.0482665838457399,0.205426062482867,0.118749664813075,0.0701586758201298,0.067207168696499,0.167228542691514,0.233847602750996,0,0.117043033215683,0.0350602093930143,0.00784807058334194,0.161897132278085,0.18846377603915,0.163460880997756,0.0183229619213658,0.155120184527938,0.134033773611953,0.258457342716041,0.191231376092905,0,0.0604251580018502,0,0.169147786061281,0.172464934553472,0.12516272719116,0.054357121874883,0.0360537073195123,0,0.261123745679607,0.107691906353351,0.0355495330822009,0.164647772569564,0.0110586994827037,0.227046337567004,0.257229587920141,0.146792696091965,0.0409830664218692,0.0582373388088604,0.0383586659765498,0.0984981983708865,0.0167394084296712,0.125117178014995,0.236651618543753,0.255089211193528,0.312510697455998,0.25146317283578,0.0267443146105595,0.193525635673535,0.266775740845675,0.15319482368027,0.293018065212112,0.0385355106392555,0.253787751694753,0.193040670933712,0.22715699114124,0.193773132304218,0.259946091238904,0.287241956663796,0.292335898676684,0.115589514054,0.213692125117187,0.117617932827295,0.275365641965461,0.0131247853175898,0.159250692194536,0.26409991773505,0.271988424144628,0.228756211592626,0.178999039708708,0.216557702292859,0.243512215503122,0.134180704632744,0.172654817307919,0.105924111520347,0.229065943772118,0.211873477542185,0.0213027662723009,0.231586237362848,0.0735356664092537,0.249306413507077,0.0279576696712908,0.0659039905051599,0.281775505387929,0.29196422024536,0.26441260454948,0.144904296602413,0.258015542603672,0.172016409863445,0.158032457349039,0.222364923945707,0.072687626293624,0.104671454720894,0.206057093455837,0.25988066073234,0.183216576670599,0.00336180564653026,0.0889159084135407,0.129667139988568,0.0811860595170558,0.254227461956088,0.12136424042112,0.110398692550207,0.184292100374292,0,0.183665886960462,0.148166804041712,0.0957083028595941,0.0172223834495622,0.114544984424179,0.278795784929061
