0,0,0,0.015678309685516,0,0,0,0,0.00149822924253558,0,0,0,0.000164892441325698,0.000630613309117079,0.0209336821991571,0.0142481021898098,0,0.0172757690899899,0.00232845510681072,0.00980325407937572,0,0.0158614796575019,0,0.00825682960858947,0,0.0112475584975555,0.00708670567473409,0.00701962767624837,0.0012530205488699,0.020472732382958,0,0.00772214961085095,0.00437571906036948,0.00822838883718046,0.00900156829730507,0.0195790325139895,0.00664062299606189,0.00720799693493289,0.010105293099864,0.00127540578341945,0,0,0.00956910216021223,0.00760797795420384,0.011776743083454,0,0,0,0,0.000516816879869414,0,0,0.0119766088558402,0,0,0.00436926816486855,0,0.00761322293963007,0.0105698950645386,0.00864504885924667,0,0,0,0,0,0,0,0.00806172738710776,0,0.0146040775991201,0,0.000846428685285777,0.0164086991884671,0,0.0122036116536211,0.0354854690065608,0,0.00511960544052934,0.00611042768345976,0.0368735456215197,0.0212137682399386,0.00714867401614708,0.0229714419303346,0.0209411857230083,0.0185963737949913,0.0012277954875453,0.0224624051097158,0.0285117023498018,0,0.0075560428128525,0.0075017686504139,0.0276462224780754,0.025637609672515,0.00359581841752679,0,0.0103079418199649,0.00870726175391301,0.00299310919719974,0.00686098707215375,0.019018783706249,0.0190826122189928,0,2.72872438683501e-05,0.00441665049018948,0.00497186753730123,0,0,0.00679848239907332,0,0.00770181313528948,0.00569852680327009
0,0,0,0.0209768181886026,0.00116250968830965,0.0111310525902025,0,0.00528445152898601,0,0.0134548160655518,0.0106031487999085,0.0259561727776708,0.0118897461648543,0.0126407837585075,0.00547984014681387,0.00325270231818955,0,0.00420692458159075,0,0.0128496033564311,0,0,0.00824465506054087,0.0178267467596004,0.00152610182389024,0.0154855353467759,0.0197482076016653,0.0301152425771717,0,0.00771913432804126,0,0,0,0,0.0278276600783647,0.0128190764689964,0.0390636816512069,0,0.0152264991759325,0,0,0,0,0.000599535698846212,0,0.0254967419589272,0.00152152195936316,0,0,0,0,0,0.00572338594676528,0,0,0.0134347681574534,0,0.0226555687638508,0,0.00247995872447166,0.0143035605126807,0,0.00995999387482242,0,0.00976834588826044,0,0,0.00491982424678829,0,0.0148099863244738,0.00408270535647619,0,0,0,0.0201946081205975,0.00978467366749387,0,0.00453207681144361,0,0.0124285241016107,0.00143685829449626,0,0.0147333535240563,0.00834100180269884,0.0232453836501119,0.0180748802057064,0.00804782746836704,0,0.00893523522440795,0,0.00550170035366394,0.0177948697402201,0.0112801896666525,0,0,0.00119307434872882,0.00708722915820314,0.00433887152682391,0,0,0.012952711140983,0,0.00526726519446015,0.00513130659762625,0.0146013606252228,0,0.00604433591078099,0,0,0,0.00969956280499087
0,0,0,0.0164229090480623,0,0.0393382010811519,0.0124735748193645,0.0320752680550212,0,0.0119907782685438,0.019954187841117,0.00998681425886394,0,0.0417504874475034,0.00344730803685707,0,0,0.00153687542287611,0,0.014877507987789,0.0139592388411825,0,0,0.00886858094806567,0,0,0.00510860168514013,0.0266527661714047,0,0.00778489441390182,0,0.000173531930146726,0,0,0.00116192952521783,0.00797401550538719,0.00536431402733443,0,0,0,0,0.00433347069288795,0.0291732775760501,0.0109016831964701,0,0.0405743782766548,0.00362834744378126,0.0168600875639977,0.00884350374226721,0,0.0291680613859716,0,0,0.0138419191397419,0.00790182137804385,0,0,0.0525005116363454,0.0186996159476208,0.0192608228824451,0.0362019395890447,0,0.0261947237170093,0.0333506498488062,0.06606766875673,0,0,0.0600120739283266,0,0.0501204521344773,0.0257657725975688,0.0365677530377524,0,0.0253109946935157,0.0754488203373413,0.0247926366055804,0.0180933326997744,0.00822184659096452,0.00466744034638178,0.0482832851254017,0.0027837536128102,0,0.0167324971201343,0.0100290088169106,0.0419389148826839,0.0390198135873867,0.0249881373430266,0.0384491096653369,0,0.000984987256529044,0.00712400868059667,0.018449504884651,0.0188278963294029,0,0.0501483783903999,0.0164582212432987,0.0152403078226261,0.0207095508273027,0.0109474478430188,0,0.0411571957350934,0.0195642141344299,0,0.0209852029740818,0.0183594783084684,0.000699747707296446,0.0211802094127297,0.0369992465413124,0.00249738545378381,0,0.0659000653017251
0.015678309685516,0.0209768181886026,0.0164229090480623,0,0.010377939918059,0.0179289395209666,0.0131752503392092,0.00722481260241012,0.0277499763069554,0.0228766977905721,0.021904374439762,0.0247503056498362,0.0397630353415982,0,0.0330065491592269,0.0198912230899501,0.0251843633853489,0.0186144126714556,0.0340300292493987,0.00991104196148502,0,0.0128691438469423,0.0225559025511762,0.01391304709725,0.00467293525480737,0,0.0222942137868633,0.0131634730163345,0.0253049661058433,0.0176413403609437,0.0440294033678715,0,0.0309879570827051,0.00361618236584294,0,0.00222393277618478,0.00356232527631388,0,0.00546493448380834,0.0276047759816649,0.0255785413476325,0.0873664172474716,0,0,0.0282246818591874,0.0099133857897227,0,0.0590134804479636,0.014137567781125,0,0.0462918898582333,0.0215358886054329,0.0177179502810681,0.0542521929941381,0.0526459260283467,0.0233255859429937,0.0396558388298717,0.00374809350033747,0,0,0.026604867585479,0,0.0154335756979601,0.00927283965974313,0.039400252540352,0,0.0309939726403139,0,0,0.00338045949846925,0.00875099189039054,0,0.0124932583496937,0,0.0196965756464646,0.00590150704516368,0.0172994924105145,0.0525630321567906,0,0,0.0278163012187732,0.0208772884935045,0.00282678562811833,0.0172213200152552,0,0.0300269365936104,0.00268364846327112,0,0.0518678590154904,0.0436638509958601,0.0417299980721464,0.0340778770270487,0.0211304500553181,0.043130625577169,0.000122686146502445,0.0045465221987681,0.0479711097049236,0.00744487988712444,0.0145908528594688,0.00920680489618628,0.00955893531633746,0.0455911110769583,0.0186297706352757,0.00669235306784226,0.0355814226260261,0.0306542187827477,0.0315343506369949,0,0.0148229992317271,0.029192162225678,0.023293923627621
0,0.00116250968830965,0,0.010377939918059,0,0.0019737127421918,0,0.00194685814154186,0,0.00456412798333593,0.000958889758313988,0.0253102748613018,0.00445539220880958,0.00840611219774413,0.00424556430615498,0,0,0,0.00273072768251155,0.00596193489150451,0,0,0.0114250689382904,0.00398973859425496,0,0.00708518477621195,0,0.0077875607930348,0,0.00730626878626386,0,0,0.00138740804191114,0,0.00154175173470238,0.00330054896741372,0.010984462181864,0.00517597063216637,0.0148845674845268,0,0,0.00394229820569945,0,0.00416140730617229,0,0.00383471173283556,0.00518493091135794,0,0,0,0,0,0,0,0,0,0,0,0,0,0.0134530793268863,0,0.0114316805006168,0,0.00432306780625118,0,0,0.000179491646510773,0.00348186604053835,0,0,0,0,0,0.000512242860373028,0,0,0.00329857884674524,0,0,0,0.00168337310722198,0.002336174792345,0.00459971771444734,0.00234100756024882,0.00488352003049147,0,0,0.00934486165704201,0,0,0.00798671626927504,0.00829739173195388,0.0026099463367651,0,0,0.00447968995448015,0,0,0,0.00232382009786797,0,0.0217656786280293,0,0.0103114675236724,0.00388640731055871,0.00631671112352183,0,0,0,0.00325786144295239
0,0.0111310525902025,0.0393382010811519,0.0179289395209666,0.0019737127421918,0,0.0095998326315123,0.0121389608513445,0.00385709554582502,0.0109218645886956,0.0128110591153372,0.00532053383615502,0.00198569407839242,0.00622946995385183,0.012631786039389,0.000947405542374763,0.0196804474628858,0,0.0158688783235427,0.0275801943499474,0,0.0011899329392751,0,0.0119085126203354,0.0165848552090653,0,0.0102377245222559,0,0.00104505240556221,0.0174749628105546,0.0119290894853826,0,0.00636899829955103,0,0,0.00745946775937227,0.021243161519835,0.00754672244581762,0.0023440014189747,0.0155818440623244,0.00385294986875331,0.0321485467314093,0.015061306172859,0.00302838012741107,0.00801128590166947,0.00962599755568933,0,0.0218289753387034,0,0,0.0234142459484369,0,0.00492306183685174,0.0194922858737026,0.0130404177857675,0.00412465023210753,0.0133669054804535,0.0253016252532104,0.00581697075727252,0.00261176261338897,0.0119399122811068,0,0.00671268584629757,0.0128872919974133,0.0268035716147987,4.73635020753607e-05,0.0201832026265848,0.0212082894666206,0.0033452371518761,0.0308863686335647,0.0065116420426472,0.00288758883139667,0.00355992852158998,0.0148714418651856,0.0376581575033658,0.0135699018243702,0.00783558154528371,0.0244651958764692,0,0.0213624207539054,0.016594294810886,0,0.0267306677648703,0.0209346761474723,0.00803717971367442,0.0317242979304122,0.0286153860784795,0.00534814126752253,0.0134563302353644,0.0235022467517839,0.0115472781332104,0.0548196039053716,0.0532286919301986,0.0143243669645861,0.00371614188431831,0.0341681909578887,0.0464675125406856,0.0212315391374408,0.00185272242497203,0.00155466827083774,0.0330774395906963,0.0446199607039764,0.0120694098766212,0.0198179607660659,0.0327277217816261,0.0137409851880144,0.0353309098766703,0.0182403011807158,0.0075380722561804,0.00564969344352251,0.0343964114753408
0,0,0.0124735748193645,0.0131752503392092,0,0.0095998326315123,0,0,0.0108810332087166,0,0.00631738548270758,0,0.0124096684638476,0,0,0,0,0,0.0132633867622777,0.00963795656523003,0.00242905912062404,0.0171508684316016,0.00613765828572142,0.0151864164199906,0.0170501888726367,0,0,0.0222863825999784,0.0196749171553004,0.00409593796892452,0,0.00173902389737081,0.00355780731544797,0,0.0181509857219244,0.0162426965546363,0.00983509140323961,0.0160325315123813,0.0148802133782217,0,0,0,0,0.00875678043738847,0.00746402910692289,0.0158231053931178,0.0117348011423443,0,0,0,0,0.00771253699231318,0.00775888738335056,0,0.00350742273932434,0.0114508412343272,0.018082833864781,0,0.00624605690013753,0.0147133712302358,0.0185018806311368,0.00848426133304364,0.0160282119641083,0.00997599479692101,0,0.0119902745064495,0,0.0071791096816862,0.0249728980531636,0,0,0,0,2.99972130491574e-05,0,0.00368098730562478,0.000245400198748115,7.27967865905034e-05,0,0.00073795058223055,0.000947669368241534,0.00718074219456918,0,0.00583317832180356,0.0130309439044286,0,0.00419600283829448,0.0151364174522859,0.000227751853339836,0.00194969865069973,0,0.00382311953695597,0.00571184592252307,0.00330558299210869,0,0,0.00336459391394552,0.00287815032486568,0.00220345821305595,0.00106022640441171,0,0,0.0143244044595498,0,0,0.00129741853300944,0.0052713708967768,0,0.00142289199281806,0,0.00775613812359441
0,0.00528445152898601,0.0320752680550212,0.00722481260241012,0.00194685814154186,0.0121389608513445,0,0,0.00100642165119767,0.00903698391818366,0.00626329782195384,0.00786794164862289,0.00194074423009178,0.0153818992615226,0.0125015120363359,0.00459447752445154,0,0.00705940717769051,0.00139226633513162,0.0120492817303727,0,0,0,0,0,0,0.0150488735636455,0.0136042861648719,0,0.012761299974522,0,0,0,0,0,0,0,0.00057641260317217,0,0.00537878855660037,0,0.00514606796202855,0.0135770164317645,0.00447767700724556,0,0.015285006682979,0,0.00420348782803036,0,0,0.0052258565512863,0,0.002005722503875,0.00703976944103873,0.00522359340417486,0.000579186171174404,0.00104457191187879,0.0411256356844736,0,0,0,0,0,0,0.0163472068180631,0,0.00132923185904362,0.0154109176277323,0,0.0560740782453761,0.00900968874477066,0.0214680671177255,0.0031593084685842,0.00463171414434514,0.041363927562209,0.0183476073163588,0,0.0117290706665145,0.00831293275864358,0.0351631028542634,0.00767268644919431,0,0.0346199616181928,0.0109772311169785,0.0095761554151901,0.027897821188293,0.0235894460324683,0.00254829171721997,0.00257552353460582,0.00819324318459644,0.0016610207968913,0.0254910030205328,0.0306111768823034,0.00258488397923804,0.000418912053171475,0.0168636527354069,0.0163908612113379,0.0159298080283534,0,0.00116496100695694,0.0476688782237751,0.0249964694620607,0.00941771871143576,0.0303343689763666,0.0169453533834552,0.00954097200225045,0.0377201537192357,0.0212939147875634,0.0102620651542403,0.00375302944642653,0.0137119475845724
0.00149822924253558,0,0,0.0277499763069554,0,0.00385709554582502,0.0108810332087166,0.00100642165119767,0,0.00392827250191639,0.00728234041440779,0.00276426230397398,0.01257228811979,0,0.0178222598622958,0.000177503139707244,0.0093966312821671,0.00319498544238491,0,0,0,0,0,0,0,0,0.00494417735855666,0.00859706188203738,0,0.0204255977503592,0.0134152222337552,6.27058581303735e-05,0,0,0,0.0216650466278773,0,0.0106703280967198,0.00227243610949996,0.0076708189674809,0,0.0392554149402384,0,0.0148692225352136,0.00516795903573653,0.0158858751185563,0.0159991710336192,0.0276546035225987,0.00908067678671055,0.00350799034404378,0.0282385055766054,0,0.00124703875400905,0.0287225811253809,0.0133745218030596,0,0.000139007192736744,0.00664603101002312,0.00967986170045011,0.0211099531253529,0.0256500432179787,0,0.0361723716941115,0.028190360897965,0.0279347240058583,0,0.00318891518513697,0.0251006417660821,0,0.00528829498646933,0.000139496618481045,0,0,0.0137463975504953,0.0215342217505294,0.011292369186333,0.0186375724534492,0.0343186753355754,0,0.00357385101725399,0.00729342652878011,0,0.00950046690042826,0.023946063024595,0.0192852780856548,0.0179826526008781,0.0271698320146839,0.0288488520925354,0.0168532771501321,0.0101353491302445,0,0.0310350114941264,0.0257565208044891,0.00270160441580095,0.000462330547224403,0.0111617644032787,0.02220593850135,0.0170395626854898,0,0.00418149714790921,0.00758643069097592,0.020842036693027,0.0113651375693753,0.00114196931441671,0.0130054891424109,0,0.00407968064743079,0,0,8.82421605315163e-05,0.0395186506540577
0,0.0134548160655518,0.0119907782685438,0.0228766977905721,0.00456412798333593,0.0109218645886956,0,0.00903698391818366,0.00392827250191639,0,0,0.00475293469186107,0.00677470773859105,0.0203210653036803,0.00593569008772503,0.000926745740826902,0.00795066857535228,0.00484851443188008,0.00594608039017831,0.0191654886754316,0,0,0,0.0107367405373419,0.00168963900811981,0.00490501642127449,0.000735383805704409,0.00785691119716305,0,0.0153279075094818,0,0.000544890335106852,0.00637065261513288,0,0.00644593728624444,0.0048615307453856,0.010776508867948,0.00530294244597003,0.0124633692565208,0,0.000411511533474627,0.0107727102924644,0,0.00686572374633693,0.00193922080112086,0.00171672134849038,0,0,0,0,0,0.00304744932163772,0.00915039368039802,0.00488505668217252,0,0.00525368076039209,0,0.0129836687101931,0.00774541014493441,0.00179734527187282,0.00663361005406712,0,0,0,0,0,0.0156531152864905,0.00471368180766678,0,0.0108478180047134,0,0.00608856643154192,0.00507830094632973,0,0.00583592419234635,0.00510795196697942,0,0,0,0.00904327926002348,0.00923834098131771,0.00114297176614795,0.00274122628811081,0.0168640139668952,0.00286579736612802,0.00348095928826483,0.0129940720299914,0,0.00187818248273882,0.0118112493101434,0.0126562402582414,0.026125558905847,0.0153666723312714,0.00870742793610269,0,0,0.024897398572919,0.00439264272556073,0.00526631564435018,0,0.0281120260063067,0.0257237898169468,0.0180699741147973,0.00348768150343306,0.0312163716815585,0.0097882741494396,0.0195549162368176,0.00980062835089863,0,0.0010625988980731,0.000654081383465964
0,0.0106031487999085,0.019954187841117,0.021904374439762,0.000958889758313988,0.0128110591153372,0.00631738548270758,0.00626329782195384,0.00728234041440779,0,0,0,0.00863797304974206,0.0262194059461349,0.0162794618427967,0,0,0.00738628197932841,0.0105761191606155,0.0249206617317802,0,0.0038796427842734,0,0.0159972067984726,0.0143671591540774,0.00406925385968282,0.00251478938727365,0.0133822546839437,0,0.0162358116882248,0.00455319845333947,0.001734033035219,0.0107063280639633,0,0.0108366770341975,0.0103994679123962,0.0185069208848536,0.00772143733041666,0.0137354545682304,0.00578891199774567,0,0.012575067796406,0.0080115120832827,0.00889268110034067,0.0057150304093774,0.0120349973706906,0.00420271424424392,0.00581090586737187,0,0,0.00024171273714986,0.00379225657089118,0.0134463733126422,0.00780790942367466,0.00750588147679339,0.0113804783808255,0.00990490764938837,0.0209086776597722,0.00551978937177862,0.00439980267132174,0,0,0.00406427265497088,0,0.0139209411665917,0,0.00429970346883786,0.0126233337701823,0.0148722787116217,0.0199317100313091,0.00904435943999088,0.00263381076957931,0.00528618605114641,0.0161341852307819,0.0195985449557339,0.0126049837712941,0,0,0,0.0139209602047592,0.00804179866869594,0.00281564311610328,0.0051397518654955,0.0214682393326601,0.0150521473146588,0.012956021394043,0.0204784473900914,0,0,0.014883074509653,0.010700857535299,0.0380901914484609,0.0244821225741909,0.00716609885730109,0,0.00987485736611972,0.0469403212573834,0,0.00159389573041597,0,0.0324723736826033,0.0500874164050244,0.0233718208671338,0.00287601023683645,0.0371101433256171,0.0222604465319704,0.0446283312840212,0.00628773559634909,0,0.00515286321488828,0.00590581953236371
0,0.0259561727776708,0.00998681425886394,0.0247503056498362,0.0253102748613018,0.00532053383615502,0,0.00786794164862289,0.00276426230397398,0.00475293469186107,0,0,0.00754520513372669,0.0183370204746797,0.0242907287489987,0,0,0,0.0193453884589627,0.0182531964478819,0,0.00977768498450871,0.000673163540310501,0.0131318082670243,0.00848634484839348,0.0175512953909652,0,0.0121976546239012,0.00166996921314781,0.0274663733771144,0,0,0.00836863772675671,0,0.00934058447337728,0.0152654089600073,0.0264473971265488,0.0167681871673191,0.0260483029636677,0.00477893826490762,0.000918586939754756,0,0,0.0110423788500463,0.00701024649565608,0.00554154670455651,0.00927789111725725,0,0,0,0,0.00141147343139706,0.0128027347157383,0,0,0.011205543764389,0.00989828874546424,0.00622670342612866,0.00700404308798553,0.00828829898881113,0.00249486484668029,0,0.0155972676551917,0,0,0,0.00622589217610767,0.00516009677106949,0.0217476459178974,0,0,0,0.00120431437048505,0.00110643867236615,0.00330363294517671,0.0077620341623966,0,0,0,0.00404976477462886,0.0040186320478871,0.00700688374050162,0.00532390090130719,0.0187916828081058,0.0117938385769926,0.00426489572371746,0.0113133581492161,0,0,0.0116128455766262,0.00872452103296984,0.0283598268025212,0.0257923731969342,0.0106057298503724,0,0.0121331695496189,0.0365419182440636,0,0,0,0.00457160547939866,0.0398584690902986,0.0459956488659,0,0.0489260094843625,0.0186192939973018,0.012671085466645,0,0,0.000469804931434614,0.0051881879297317
0.000164892441325698,0.0118897461648543,0,0.0397630353415982,0.00445539220880958,0.00198569407839242,0.0124096684638476,0.00194074423009178,0.01257228811979,0.00677470773859105,0.00863797304974206,0.00754520513372669,0,0.000811777725151561,0.0279992325711384,0.00685214566442049,0.00311559032979077,0.0138677187315,0.0169863980212047,0.0144953016868823,0,0.0127345327045252,0,0,0,0,0.0124138456909102,0.00675827313034696,0.000827514703978385,0.0315739969150423,0.000864272341202415,0,0.011362831977173,0.0092259223197769,0,0.0265893519887659,0.00821388537967746,0.0129596941036265,0.0123916885329368,0.0240545890163176,0,0.0198663859025889,0.0210536522616243,0.0188137584999151,0.022744614456056,0.00899036666389864,0.00552727197635657,0.0299845834105474,0.00619109660032335,0.00553117068594095,0.0193150754820151,0,0.0186631596116444,0.026256876446234,0.015471569274521,0.00671825297745013,0.00998504594142767,0.0139777943106816,0.0204829123911445,0.0180235132410956,0.0267129163291465,0,0.0161002623774041,0.0262184335617923,0.0332507032653309,0,0.0199570559124766,0.0276171140828721,0.00332294838785443,0.017139400154274,0.0058850596758136,0,0.014263085055881,0.0017984926273427,0.0288973586930176,0.0230972670250618,0.00650567884130833,0.0245107855483146,0,0.0225971471979041,0.0235195815262415,0.00507383793141322,0.0126335104471954,0.039144745586386,0.0223918265922294,0.0185192322007172,0.0329699712045919,0.0328939757096336,0.0269478888489749,0.0344293164824318,0.00718077245062389,0.0466057154726333,0.0264493838183659,0.018348910416068,0.00543618085466487,0.00852015412250172,0.0324161314432985,0.0160108609489966,0,0.020995473474295,0.0193997693177557,0.030393972694553,0.0215552515033939,0.000734432113591175,0.0243106614197601,0.00745663319538766,0.00433810705914724,0.0103401286270747,0,0.0110812772536233,0.0274234585872021
0.000630613309117079,0.0126407837585075,0.0417504874475034,0,0.00840611219774413,0.00622946995385183,0,0.0153818992615226,0,0.0203210653036803,0.0262194059461349,0.0183370204746797,0.000811777725151561,0,0.0126746665264043,0.00748678061767188,0.00643644985454161,0,0.00885913520264191,0.000254821862941118,0,0,0.0118972280020181,0,0,0,0.0248660012794075,0.0171399211374332,0.00730509227647293,0.00411897195830284,0,0,0.000495132007797267,0,0,0,0,0,0.000713204405757949,0.00948444804531089,0.00598711527005416,0.0342333894510568,0,0,0,0.0255977984104791,0,0.0161602464177023,0,0,0.0218376730760367,0,0,0.0197305511312398,0.0159854575166025,0,0.011767465680595,0.0402052835107188,0,0,0.00581114061396578,0,0.000229668512454574,0.00284887535524396,0.0296293884060532,0.00544779163935881,0,0.00822519238374286,0,0.0465541291757992,0.012644919221896,0.0212273613617752,0,0.012614031833605,0.0429563008093092,0,0.0088153370355245,0.0259704277295942,0,0.001726386136462,0,0,0.0422851451710832,0,0,0.0438292965250951,0.00498315496909638,0,0.0102516945549591,0.00160011774282258,0,0.0127237652794893,0.0390249762336964,0.0104129264644632,0,0.0304113309620239,0.0186054166227735,0.0122656693196323,0,0,0.032463537593732,0.0303594556394868,0.0122295203896552,0.051103895470186,0.0204289277717856,0.0190188434383656,0.0590681692172012,0,0.00729266441226832,0.00806639633012513,0.0216329220025278
0.0209336821991571,0.00547984014681387,0.00344730803685707,0.0330065491592269,0.00424556430615498,0.012631786039389,0,0.0125015120363359,0.0178222598622958,0.00593569008772503,0.0162794618427967,0.0242907287489987,0.0279992325711384,0.0126746665264043,0,0.016056970754491,0.0228084216704607,0.00642328795807478,0.00494438490993766,0.0168930324414785,0,0.00453009663733053,0.0200308970365891,0.0146471177555637,0.00115975163692695,0.00126600729588283,0.0168418112959905,0.0180252027411781,0.00688624009410774,0.00713844637376474,0.0221859469269893,0.00983632564086926,0.0308381688042918,0.00969700041495676,0.00280853490359493,0.0192931038486419,0.00730907425757529,0.0130788039781368,0.0392974036664947,0,0.0122516522554545,0.073403438964275,0,0.0128391538601031,0.0063374451401468,0.0128911974362412,0.020118553631714,0.0267086053093561,0.0101991716319495,0.00593948459072083,0.0287392712921414,0.0211747064630604,0.0101153692430421,0.0477072030460654,0.0181711761166466,0,0.0043613174487473,0.0016914898332395,0.0227770767613844,0.0197275112418403,0.0350375703855573,0,0.0359239411430853,0.0209606178051891,0.0239723652755265,0.00308769476590143,0.0239487407370803,0.016559288191101,0.00337275688860021,0,0,0,0.0191827551357336,0.00585732864609043,0.00853992941276016,0.00161665149609667,0.0103841705458163,0.0379886546915951,0,0,0.00505373670777334,0.0179988543543747,0.00685487007943194,0.00522410535911211,0.0064757843140975,0.0164031706001875,0.0039873204425872,0.0036909016372639,0.0378173092458186,0.00737740599602599,0.00556045069453877,0.00694332677417758,0.0188837629555631,0.0530742859951956,3.44759748994753e-05,0.000356394471584689,0,0.000538284119038741,0.0158795789833025,0,0,0,0.00754550726154696,0.00568455910050036,0,0.000121413336354123,0.00552891079155434,0,0,0.0239502792197696,0.0260395471562361
0.0142481021898098,0.00325270231818955,0,0.0198912230899501,0,0.000947405542374763,0,0.00459447752445154,0.000177503139707244,0.000926745740826902,0,0,0.00685214566442049,0.00748678061767188,0.016056970754491,0,0.00278361432112832,0,0.000679814740033089,0.00800492195643434,0,0,0.0083309373459674,0.00322895804652027,0,0.0132073958076112,0,0.00370300334208895,0,0.0286323078594274,0.00796741120929704,0.00121208974888971,0.00802703141416806,0,0,0.00820803579690144,0.010902131328049,0.0141207440544996,0.0228558911052014,0,0.00814930669753761,0.0340923026563328,0,0.00752405391900994,0,0.00166434147509044,0.0152391709506677,0,0.000992871562761366,0,0.0116485926203329,0.00149704258036101,0.00213933832554395,0.000931975747813983,0,0,0,0,0.0112889320886098,0.00936020062627926,0.0120842608337369,0,0.0206262262390579,0.00578245203859859,0.000152317500286239,0,0.00662250093521125,0.00598896909105453,0.00489563640237072,0,0,0,0.00117407920158088,0.00216832687648459,0.0023783089230951,0.00271030150443468,0,0.0214735592764962,0,0,0,0.00349151970726518,0.00527659657165961,0.00788059889704536,0.00543180545801603,0.010239585922195,0.00248865065950378,0,0.00201004890244207,5.60090291136421e-05,0.00263953326176706,0.0164144086246783,0.0260679705470988,0.0129115724545343,0,0.00227307128226846,0.00661661992367554,0,0.00329523366024753,0,0,0.000882737928276102,0.0165640500495616,0.00210231355227622,0.0160431186224635,0,0,0,0,0,0.0119759924971072
0,0,0,0.0251843633853489,0,0.0196804474628858,0,0,0.0093966312821671,0.00795066857535228,0,0,0.00311559032979077,0.00643644985454161,0.0228084216704607,0.00278361432112832,0,0,0.0172920947400561,0.0126988555757712,0.0114032207829789,0.0116980154932242,0.00408208517808383,0.00703316743932288,0.0174472027147415,0.00018631934996083,0.00453212311576197,0.00387496392787503,0,0.0310666273959933,0,0.00871058701629812,0.00229977177430515,0.00223665828463218,0,0.0269662020515712,0.0150188175246599,0.0305019745443311,0.0110777161603431,0.0145268795682412,0.000632967309185109,0,0,0.0128081581464358,0.00544281865705112,0.00289975383742022,0.0393534941429343,0,0.00453749213612919,0,0.000123244117121018,0,0.0114942831005003,0,0,0.00855350008472476,0,0.00433908440375531,0.00388122930538274,0.0118748565382572,0,0.00560298325823982,0.0418423082214701,0,0,0,0.00374965491922692,0.0144963718856042,0.0248057489956466,0,0,0.000747772664116306,0.013041664121554,0.0377003532568579,0.0156902115602026,0.0186274042183181,0.00574121146625802,0,0.000640923354488586,0.00648165905638931,0.00638258355117341,0,0.00189975519477515,0.0331576015104146,0.0344495190542988,0.0031092216849879,0.0251100741504647,0.00320731147800574,0,0.0189612775186421,0.0137212086649241,0.059179323082723,0.0506010997201041,0,0.000149186520558627,0.0395745683887677,0.0551903892859169,0,0.000985644859806513,0.0213241987878874,0.0172028538160128,0.0488834579473992,0.0204431637439081,0.00636407923338706,0.0342491659933277,0.00980234753916728,0,0,0,0.00365280899531627,0.0335501145612299
0.0172757690899899,0.00420692458159075,0.00153687542287611,0.0186144126714556,0,0,0,0.00705940717769051,0.00319498544238491,0.00484851443188008,0.00738628197932841,0,0.0138677187315,0,0.00642328795807478,0,0,0,0,0,0,0.00280220809347027,0,0,0,0.013249278249431,0.00112136145249889,0,0,0.00984461864688553,0.0156110569036358,0,0.0104880801406039,0.000821900748677872,0,0.00499825857068387,0.00689709753798279,0.00569422991959328,0.0117798174229862,0.0020005560107552,0.00972258575451274,0.0470568757543958,0,0.00120003783024365,0,0.00693029515407815,0.00774007828057374,0.000128172559748058,0,0,0.0140482902169302,0.00830317137225988,0.00076099250641319,0.00876271148563987,0,0,0,0,0.00376831950206242,0.00312070434962043,0,0,0.0242485259243001,0.00608391925527581,0.00264256081902223,0,0.00811025582414531,0,0.00864962502157625,0,0,0,0,0.0030463980390213,0.00205526906915793,0,0.00143758077039236,0.0262230774789111,0,0,0,0.00183151572306772,0,0,0.00586149609029011,0.00704784071200847,0,0,0.0133625539965038,0.00102530498041434,0,0.00550793608010298,0.0177951922286268,0.018703062150802,0,0.00450169595155568,0.00362772203828933,0,0.00735739604556814,0,0,0.00228803086631686,0.00938713746413159,0.00198231710634326,0.0148463298664643,0,0,0,0,0.00141764468574386,0.00678106920711096
0.00232845510681072,0,0,0.0340300292493987,0.00273072768251155,0.0158688783235427,0.0132633867622777,0.00139226633513162,0,0.00594608039017831,0.0105761191606155,0.0193453884589627,0.0169863980212047,0.00885913520264191,0.00494438490993766,0.000679814740033089,0.0172920947400561,0,0,0.00310881184351831,0,0,0.0129440157878249,0.00757826514219641,0,0,0.0129676070372473,0.0237072875837657,0,0.0106316360690804,0.00987588129128993,3.55583723292502e-05,0.000240984353050347,0,0.00568505757862612,0.0209283759353576,0.00781224216431366,0.0113496094301161,0.022636653842812,0,0,0.0338830703122481,0,0.00984736328205636,0,0.0159515133514447,0.0178661453847526,0.0387682736531523,0.00622081101344754,0.0145574784534779,0.0305549991777086,0.0039062784037647,0,0.0500836168825267,0.0219282424790518,0,0.00662379772701633,0.0137535527075611,0.00671850800592275,0.0132108278381556,0.0350547037968708,0,0.0295795627130016,0.0223737224821216,0.0349801441754561,0,0.00103861957307518,0.0194777741976338,0,0.013174857897944,0.00791043567689473,0.00519569496388847,0,0.00218815699536345,0.0203656277265337,0.00509566495312509,0.00795989845727473,0.0358808471453284,0,0.00312589035052059,0,0,0.0174993881494041,0.0168381048627163,0.0130076025729154,0.0257742746963114,0.0134746889023026,0.000936595509442055,0.0461435415404592,0,0,0.0177084621451422,0.0194415192721144,0.0168055406094799,0,0.00308267213513671,0.0053090537025831,0.0041815693635769,0,0,0.00608276190517828,0.00496412826268723,0.0245877978976512,0.00271185926413892,0.0012373916311193,0.00395079438132021,0.0131543142541597,0,0,0,0.0283154487013023
0.00980325407937572,0.0128496033564311,0.014877507987789,0.00991104196148502,0.00596193489150451,0.0275801943499474,0.00963795656523003,0.0120492817303727,0,0.0191654886754316,0.0249206617317802,0.0182531964478819,0.0144953016868823,0.000254821862941118,0.0168930324414785,0.00800492195643434,0.0126988555757712,0,0.00310881184351831,0,0,0,0.00722685267211021,0.00467182935676905,0,0,0.0188213510634174,0.0357543388489161,0.00196395402036268,0.0144341012491514,0.00938627739898463,0,0,0,0,0,0,0,0,0.00733289050343758,0,0.0443657235509569,0,0,0.000624247794183658,0.0174361855408024,0,0.0289032296644202,0.00197581338439937,0,0.0248596868468481,0.000422655425781767,0,0.030137423376178,0.0214159456970863,0.000140440527894195,0.00757523851269304,0.0140961507146217,0,6.37553712710143e-05,0.0241287967564386,0,0.0226929852343767,0.0169821517811145,0.0278289203721648,0,0.00106351635336107,0.019680445319733,0,0.0134575644327022,0.00173436054623465,0.0101572533910068,0,0.00893567416558112,0.0265797549998246,0.00546225929562221,0.00969199821456362,0.0354951149118002,0,0.00374069698096274,0.00800300759616198,0,0.0170745530198151,0.00534222380757726,0.0109660797940524,0.0238467997049699,0.0219423695238046,0.00517325269745961,0.0253487688813185,0.00775984948719588,0,0.0443617283824877,0.0371750133867076,0.0171566894850235,0.003934792028537,0.0179751453775118,0.0267273465508559,0.016170794937224,0,0,0.0123690227629594,0.0318740174857349,0.00498125311973685,0.0229445397435697,0.025835470797251,0.00722248352929937,0.015484935220477,0,0.00555251779361988,0.00782736284104693,0.0421582777858445
0,0,0.0139592388411825,0,0,0,0.00242905912062404,0,0,0,0,0,0,0,0,0,0.0114032207829789,0,0,0,0,0,0,0,0,0,0,0,0,0,0.0245399322851615,0,0,0,0,0,0,0,0,0,0.0211683236492362,0.0441867784597751,0,0,0,0.0202711272087467,0,0.00195812134154054,0.00698498481486515,0,0.0245065322034807,0,0,0.00728783998937934,0,0,0,0.00383192522603377,0,0,0.00575019504703319,0.0116248543289685,0.0200218438791896,0.00207654149132238,0.0150704014679523,0.0159525843480583,0,0,0,0.00408187124894512,0.000131005638528998,0,0,0.0277728603919976,0.0166639910842596,0,0.011279533181278,0.0303113330887358,0,0,0,0,0.0118765529439785,0,0,0.0236484051706383,0,0,0,0,0,0,0.0142723839134469,0,0,0.00215650484114262,0,0.000222719976638607,0,0,0.00957914063256305,0,0,0.00427241773710355,0,0,0.0201254033832841,0,0.0376145657342994,0,0.0188942840536271
0.0158614796575019,0,0,0.0128691438469423,0,0.0011899329392751,0.0171508684316016,0,0,0,0.0038796427842734,0.00977768498450871,0.0127345327045252,0,0.00453009663733053,0,0.0116980154932242,0.00280220809347027,0,0,0,0,0.00682519609886659,0.000780288327387231,0,0,0.0193561021030031,0.0205083952135899,0.00310116166738747,0,0.0075405194800625,0,0.0190139595475582,0,0.00681052959826148,0,0,0,0,0.00925468211882076,0.0028157927483323,0.0624288802861054,0,0,0,0.0194448964136894,0.0029207706911551,0.0263292612862073,0,0.00439024814219684,0.0291027871782227,0.00745724340968767,0,0.0408105334925642,0.0179512014876709,0,0.0146843297711006,0.00906032784264117,0,0.00285725499407445,0.0227087044144451,0,0.0241858945455691,0.0127531566971093,0.0257045612784656,0,0,0.0112712842382643,0,0.00740532900288452,5.44897879583589e-05,0,0,0.00302851091798146,0.0162725444296324,0,0.00342038352474327,0.0566053316732946,0,0,0,0.0200855680608987,0.0202213986919405,0,0.00807568634108067,0.0234279718471779,0.00432264227473533,0,0.0598103080881121,0,0,0.0028000255297853,0.0219993576268178,0.0443932004620254,0,0.00555007185943774,0.000299187024261001,0.00979768443103382,0,0,0.00115025242696817,0.00590719997050413,0.0058090682975344,0.00385059281591512,0,0.00693868241768787,0.0139691483458864,0,0,0.0174626819575992,0.02291987957309
0,0.00824465506054087,0,0.0225559025511762,0.0114250689382904,0,0.00613765828572142,0,0,0,0,0.000673163540310501,0,0.0118972280020181,0.0200308970365891,0.0083309373459674,0.00408208517808383,0,0.0129440157878249,0.00722685267211021,0,0.00682519609886659,0,0,0,0.0122995300840235,0.00865433700628969,0.00254667627070561,0,0.0225431749524521,0,0.00252236916255006,0.00358870495343362,0.00339908193879448,0.00241919827822001,0.0101723235537286,0.00705911826470308,0.00993519175839485,0.0128340552725431,0.0147602805726667,0.00341747569503251,0.000420671734991627,0,0.00500673652751163,0.00492257010707708,0.00769129378829023,0.00157219882918153,0,0,0,0.00262797809510167,0,0.00840757562880687,0.00195759423522574,0,0.00152887364153366,0.00706813685275203,0.00165882631685416,0.00983062326644753,0.00820706983913224,0.00266370005566037,0,0.00746440178033151,0,0.00209954067237765,0,0.0159369383468358,0.00861162411387905,0.00339115294126366,0,0.0109487833736108,0,0.00308554075385488,0.00130083812621991,0.00254187827221346,0.00883760514795508,0,0.00137775369597272,0,0,0,0.00234522421617156,0,0.0152717730262552,0.00614616217126801,0.0107216247892139,0.00961638999712657,0,0,0.000353333404102679,0,0.0215453269772638,0.0139741474751495,0.00576308436738521,0,0,0.0203701824446016,0,0.00235383285751642,0.000382475826494512,0.00409668779808461,0.0173939601392483,0.0277725828902976,0.0205597053490704,0.0179241610149033,0.0221873211273169,0.000838578466787,0,0,0.00454299335609136,0.00288186740676574
0.00825682960858947,0.0178267467596004,0.00886858094806567,0.01391304709725,0.00398973859425496,0.0119085126203354,0.0151864164199906,0,0,0.0107367405373419,0.0159972067984726,0.0131318082670243,0,0,0.0146471177555637,0.00322895804652027,0.00703316743932288,0,0.00757826514219641,0.00467182935676905,0,0.000780288327387231,0,0,0.000742837865057917,0,0.0164572957422893,0.0318105677137853,0.000804314684848733,0.0182069477269016,0.00356638383823388,0,0,0,0,0.00512164103756963,0,0.00275219220749658,0,0.011248929633864,0,0.0253723762810794,0.00499477460622118,0,0.00543944022200666,0.00968728645590806,0,0.0265650850216621,0,0,0.0146867040216359,0,0.00330855209445257,0.0233144339918289,0.0176203312270191,0.00363424551117808,0.00742550852028968,0.0109206037353013,0,0,0.0137188038605266,0,0.0141869151800019,0.0126716502755759,0.0217518619352782,0,0.00284713103888135,0.0100295333332885,0,0.0117440612974752,0,0.0016738679533175,0,0,0.0201374711069029,0.00627888151574451,0.00215339770265091,0.031386276373369,0,0.00555790340294748,0.0126585203391134,0,0.0158343874358947,0.0205229799568969,0.0102977980557765,0.0162695520959364,0.019504779562684,0.00908860448925929,0.0288644577750184,0.0172247691764781,0,0.0552080130739938,0.0387711784897082,0.0149534867380934,0,0.0179653932790606,0.0355471530935625,0.0140238270812491,0,0.00431806792860412,0.0114356946357916,0.036977949503809,0.0136131319676003,0.0125104461050392,0.0255135309438501,0.00404231047046636,0.00690945179003602,0,0.00422057403240437,0.00533170331570805,0.0225191981871996
0,0.00152610182389024,0,0.00467293525480737,0,0.0165848552090653,0.0170501888726367,0,0,0.00168963900811981,0.0143671591540774,0.00848634484839348,0,0,0.00115975163692695,0,0.0174472027147415,0,0,0,0,0,0,0.000742837865057917,0,0,0.0133620336908926,0.0323998485950191,0,0,0,0,0,0,0.00324451914167354,0,0,0,0,0.00337911042185594,0,0.0155370925912155,0.00758021054973187,0,0,0.0175552447321571,0.000529399343735103,0.0135119705683594,0,0,0.00508220437366019,0,0,0.0142800111436762,0.00349091104255262,0,0,0.00861872657216946,0,0.000869096467832872,0.0186330781539558,0,0.0176838347275216,0.0182187913651783,0.0218137126606403,0,0,0.012886788176799,0,0.00853314305980871,0,0.0109610704941419,0,0.000549823102707795,0.0172075275968229,0,0.0107408108363948,0.0119956365863762,0,0.00221280595786099,0,0,0.0039303220824117,0,0.00965665106419819,0.00775110889917821,0.00369777372173678,0.00473549077184508,0.0171180054854498,0,0,0.0104523381521773,0.00393638939700153,0,0,0.00105412486812311,0.00792884138282057,0.0058300429568725,0,0,0.00173325484291438,0.0138651677410046,0,0.00277993344942883,0.00325508854465077,0,0.00317737080062661,0,0,0,0.0205578989035342
0.0112475584975555,0.0154855353467759,0,0,0.00708518477621195,0,0,0,0,0.00490501642127449,0.00406925385968282,0.0175512953909652,0,0,0.00126600729588283,0.0132073958076112,0.00018631934996083,0.013249278249431,0,0,0,0,0.0122995300840235,0,0,0,0.0101763122224492,0,0.00714327635264993,0.00623344977146136,0,0,0,0,0,0,0,0,0,0,3.04539266613492e-05,0.0046453545193251,0,0,0,0,0,0,0,0.00330558248752251,0,0,0.000485594437066137,0.00434479043687257,0,0.00502092699850809,0,0,0,0,0,0,0,0,0,0,0.00329442971122531,0,0,0,0,0,0.00158507525761372,0,0,0,0,0,0,0,0.00932117349098329,0,0,0,0,0,0,0.004807364910026,0.00778959818107699,0,0.00331459776926774,0,0.00903269650900191,0.0134052555464652,0,0,0,0,0.00113134032460672,0.00559818268928657,0,0,0,0.00207337263052208,0,0,0,0,0,0.00644505510773155,0
0.00708670567473409,0.0197482076016653,0.00510860168514013,0.0222942137868633,0,0.0102377245222559,0,0.0150488735636455,0.00494417735855666,0.000735383805704409,0.00251478938727365,0,0.0124138456909102,0.0248660012794075,0.0168418112959905,0,0.00453212311576197,0.00112136145249889,0.0129676070372473,0.0188213510634174,0,0.0193561021030031,0.00865433700628969,0.0164572957422893,0.0133620336908926,0.0101763122224492,0,0.0213152053013626,0.00587233706449503,0.0203217333360439,0.0064746608004987,0.00631688499416213,0.00938745683384154,0.00251160521706723,0.0125750851316027,0.0180138616543682,0.0187448977966441,0.0263772969106557,0.0178960563248388,0.00664161961333814,0.0115040391115266,0.0186935816220271,0,0.0114908890634293,0.0071160960488574,0.0280360067643537,0.024002466110457,0,0.00573084949861477,0,0.00465748465685619,0.0078996258969616,0.0163764441304127,0,0,0.012441599124888,0.00368451992402953,0.00657517028241144,0.0139269312411665,0.0210198150008904,0.00671754156163826,0,0.0390436512581975,0,0,0,0.00665881595853028,0.0118924761435859,0.0494650291707327,0,0,0.00123910384841349,0.00707097058597708,0.0313768409082519,0.00267516354290111,0.0164041358280033,0.00914928576513426,0.00576951119875702,0,0.00580849096233513,0.0122276258272878,0.0103840319966781,0.0136365171709133,0.0145116614813719,0.0206580991868392,0.000278124431129624,0.0216405101334218,0.0080775447817669,0,0.0212277823237949,0.00725069262910792,0.0266816543219472,0.037394043263098,0.0141449483926824,0,0.0258952541833071,0.0294290934330268,0,0.00747092773025264,0.00705659045534192,0,0.0346234000340526,0.0304653694699063,0.00071738035648391,0.0254567665159325,0.00238563505400366,0,0.00236032201772464,0.00150360307947655,0.00332951314387679,0.0239825400839599
