0,0.0126443119338193,0.0302729934991695,0.0306785277447976,0.0297566109256443,0.0216508157165077,0.00484181493402204,0.0266499953118965,0.0457415532953104,0.0306909803072439,0.0305496889034133,0.0137588878925042,0.00831069290328671,0.046555070361935,0.0225877326755848,0.0299388043176053,0.014940696726779,0.0177166690051357,0.0218471510678162,0.0422513499150442,0.00924875882481208,0.0310497981224016,0.0238765435079198,0.0192314156625664,0.0185906447338375,0.0191554639365975,0.010727873123339,0.0196294920413418,0.0127196691689894,0.0178859601097202,0.0170148475559961,0.0259243411812421,0.0180995598598015,0.0188679900625142,0.0351681204063287,0.0108814022915982,0.00273057400532205,0.0137428714724762,0.0165640401475577,0.0193814978510651,0.0172484517776051,0.0185418367700007,0.00239368886207762,0.016581698703132,0.00754696120421417,0.00334823044770602,0.0101748789369549,0.008667374807208,0.0138713004263882,0.0410497089572264,0.00661242701365078,0.0304617793841447,0.0130470117908119,0.0432235576989753,0.0141810881980054,0.0236784805925927,0.00979780744518297,0.0170538249217647,0.0150191816531799,0.0126359126802663,0.0129384969046419,0.020290512975924,0.0474124360212053,0.0137638080221289,0.0137379801769898,0.0295172667185803,0.0234741771756027,0.0171045298353442,0.014882369517908,0.0134223166711533,0.0126222030385158,0.015352133175544,0.0200373173173751,0.0153664436273622,0.0201262492830889,0.0152227040851588,0.0111887570422554,0.0157111721721472,0.0139698226201281,0.024819961071029,0.0399970077599401,0.0220731798690315,0.0155625336051033,0.0232143607103621,0.030036857174735,0.00687247649528595,0.0258774321627033,0.027234786497815,0.0177000665686659,0.0202312765613048,0.0269351482827979,0.0148843290754697,0.00481878039192095,0.0212247514620483,0.0221608929059245,0.0358557219329286,0.00596359107276886,0.0262417494762737,0.0130190943193988,0.0141075944588796,0.00877156937653228,0.0446102183676168,0.0164139024192324,0.0270776658082874,0.0399723617328783,0.0146175060313307,0.0140505185483174,0.0140791271171307,0.0357610973273744,0.00919343583044775,0.0154179494453095
0.0126443119338193,0,0.0133253488152768,0.0113913827700828,0.0114093394670494,0.0181257784505254,0.0100001091209771,0.0170237127007673,0.0119499898637663,0.0224725657497278,0.0185378564115057,0.00900329690911079,0.00407990621290631,0.0172098382879017,0.0255201409054506,0.0276779672556637,0.014929257587859,0.0111936484501616,0.0208114375805958,0.0190789117650825,0.0212281595974752,0.0109099295575881,0.00955928351401565,0.0237313015154155,0.0153998256455895,0.0211441281089997,0.00155127503810731,0.0148668023725093,0.00685369352223053,0.0245865403282075,0.00819486988160727,0.0180777828886078,0.00519647156361444,0.0252727751613611,0.030471668472419,0.0119729530749455,0.0103162891399286,0.00330438292080158,0.00508718403247578,0.0222435587439295,0.0098643870051785,0.00757719137341791,0.00664335120072137,0.0145744789203644,0.0150246245317832,0.00205502878887796,0.00755536549539313,0.00759131892810665,0.0224263031778801,0.00973361150613033,0.00528096370962046,0.0407967041113473,0.00521297423253662,0.014813672419431,0.00548123380150307,0.0155178205939117,0.00232556378831024,0.00958316939496901,0.0188320624540659,0.0139673271258378,0.00636320413282972,0.0041820201149049,0.0136472301866506,0.0124444744484492,0.0265773841896845,0.00522408250657903,0.0123159149765713,0.00579891296842396,0.0112651111356389,0.0204121166180535,0.0146774572422049,0.00931171491386477,0.0145997493145104,0.0159804226134946,0.0225439539721109,0.0181619219878831,0.00950519293816403,0.00787854821764306,0.00450581575931338,0.0142290354727339,0.0282837115504713,0.0322733688543416,0.00580716808965119,0.00655122382206975,0.00930877069855514,0.0062071674292598,0.0279686442828363,0.0186876783191974,0.0090480070072896,0.0219896437317099,0.00831052318021806,0.0138550018390294,0.00456850939478154,0.0061043934539424,0.0202415467996366,0.0290321355619953,0.00457471037324617,0.00720940555833327,0.0161688912034947,0.0212248310527974,0.00537054266410382,0.0308716533858994,0.024895929959253,0.0340594478414867,0.0211397982883984,0.0261537054749918,0.00999742492278767,0.0277055238549997,0.0124940624205796,0.0131222945432775,0.00901598159869334
0.0302729934991695,0.0133253488152768,0,0.0231118724409742,0.0129405488238866,0.0077713010026541,0.013322962655389,0.0142870930175865,0.0394000969405681,0.0225826025177988,0.0244039875712987,0.0346317480607278,0.0296703435208061,0.0308092199206793,0.0351591618852181,0.0217818779070425,0.00686884093409889,0.0125096861377934,0.00488182568221118,0.0302947842132812,0.0247888323968102,0.0170159528376696,0.0156967546151279,0.0115326718493469,0.0069622088433379,0.0306736381616324,0.0148394307173494,0.0341593219093196,0.0230347132148986,0.00389072761230956,0.0214804599419118,0.0341609389670263,0.0279956775835151,0.0305218503562736,0.0302972848980575,0.0120315862067342,0.0552713409771156,0.0134871851498218,0.0386816835737857,0.010407996743061,0.0348480359593343,0.010985229530249,0.0214401996788347,0.00539803357717447,0.0403112325843094,0.0296872459258313,0.0208970101340083,0.0356023538078592,0.0254482013393012,0.0251121639440217,0.0298767345767007,0.0502765066133985,0.0212077608872979,0.025515486011701,0.00882229461662318,0.0182104385354767,0.0144288883330413,0.019468442140387,0.0180823859152723,0.0263500967316101,0.00392633727755254,0.00277569471038742,0.0154916289838012,0.0147394390899315,0.0272788461692429,0.00408375277740744,0.0283078494448734,0.00840619061790445,0.0134556472413767,0.0233435907997726,0.0246863713533998,0.00716084303567787,0.0223830721348815,0.0321231418389469,0.0172242470067299,0.00607883442827681,0.0113374177637985,0.012419515505183,0.0155762717126627,0.00751503266268418,0.0162812461468272,0.00935162349140189,0.00929871879084347,0.0190450208436754,0.0068625870166703,0.0270651559216311,0.00898464951941197,0.0323455783656093,0.00488814501134501,0.0140716807736739,0.0266089463144069,0.0121108412538514,0.0169928799667965,0.0176301475982357,0.0154755644160709,0.0292700146229775,0.0217232263371043,0.0195303834958305,0.00648713042250236,0.00711467604032759,0.0305552728147299,0.0302822173858376,0.0234527019767876,0.0325505827344208,0.0160553962226722,0.0191212498015545,0.0339129732846555,0.0393590628430501,0.0317002240296465,0.036522956008748,0.0314017795468627
0.0306785277447976,0.0113913827700828,0.0231118724409742,0,0.0228911098444429,0.0208680074687678,0.00987485650030283,0.0313052791469407,0.0133904429419764,0.0171561436161437,0.0281528731801072,0.0164898373394891,0.00809805078603688,0.0348258532900852,0.0334972512528095,0.0412607124782482,0.031949307529357,0.0234624436992733,0.0383172340572629,0.0363196867412051,0.0316871678109302,0.019188670788445,0.0235635463077484,0.0399455805827191,0.0265089130554342,0.0187350178848281,0.00502644549082796,0.0115490539026691,0.00337840131808764,0.01155323059673,0.0217787980090086,0.0250363953794939,0.0153889730661278,0.0390389327568572,0.0208561705755014,0.0191270869234885,0.0186284330909248,0.0131966552515294,0.00919623427256801,0.0321690626241213,0.0160358939558539,0.0136345286185954,0.0230880118639537,0.0106638706907128,0.0282266806845351,0.0122666592938712,0.0100139069288704,0.0142912737346863,0.0115212609531896,0.01347515015502,0.00976295364423558,0.046975059749577,0.0176473533753348,0.0214513849575822,0.0087975280288035,0.0172523477138888,0.00643855917482452,0.00905272201787157,0.0281022659959046,0.0182100989562719,0.0166147316178221,0.00453256467840741,0.0262502163103338,0.0133979231687105,0.0185900231709215,0.0113682684395921,0.0104113058914197,0.00765324900271565,0.00640560267926425,0.0149698975887255,0.0102843581278054,0.016960510396096,0.032680789503329,0.0166230897014517,0.0158158072115124,0.0131729419891171,0.00555164870322817,0.0179047040107854,0.0181304601954578,0.0151236319493779,0.0375718469954663,0.0109502920358945,0.00520491300572366,0.01765715054513,0.00915658800880966,0.0170237429753044,0.0144332173560611,0.0170286502414318,0.00977870681871688,0.0151021141291972,0.0212762894053426,0.0181738817526882,0.00999984377321852,0.0211688497233895,0.0268618476091952,0.0426303370846174,0.039287906300635,0.0306483287626665,0.0229278830159774,0.00920190341741453,0.00456881935941751,0.029878600128748,0.0256195713599669,0.0262157168411452,0.0308787131824555,0.0293567672148136,0.0185781789310598,0.0389474641607836,0.0355389934067038,0.0238490092141222,0.030189713092097
0.0297566109256443,0.0114093394670494,0.0129405488238866,0.0228911098444429,0,0.0149066699966353,0.00564170104490128,0.0141641820704579,0.0299812837553658,0.0198061213338085,0.0253148179345415,0.0129719348422911,0.00669735560843216,0.0252111403971485,0.0306001176248834,0.0233191240396384,0.0226609028630573,0.014664536320551,0.0301905212813067,0.023590835753311,0.0173431105566471,0.0273650489446465,0.018162777177797,0.0267949170972357,0.0221632700789036,0.0196525672646697,0.0047423026184614,0.0131737925431727,0.00223484571743732,0.00943044415103389,0.018724364604369,0.0164226090271999,0.0169638001997663,0.0264350259015063,0.0245981497618022,0.00696887569365023,0.012322899767126,0.0083019971000556,0.0126983048898901,0.0113876895314052,0.0147995452785708,0.0179657010232202,0.0185086566542251,0.0148120527415865,0.0151768024745206,0.00919724124941893,0.0139423427935656,0.00751045186079915,0.0100539479128941,0.0157129858688272,0.00499942408419162,0.0439919693876056,0.0154942525821971,0.0178057064462243,0.0118273195238127,0.019049057133423,0.00487344761242773,0.0101687761042355,0.0194853396091095,0.0119834450615581,0.0112481592063518,0.00879346542168578,0.0200219949057311,0.0120219244287412,0.00494340384394525,0.0122917781061382,0.00655819657752539,0.0101303891226561,0.00510539872114876,0.010114057691925,0.0127065485918471,0.0110798622075408,0.0258959793072424,0.0114591066150087,0.0117227573423876,0.0121934218632366,0.0021607326267085,0.00754370272736183,0.0163106756227848,0.0182263928551097,0.0295595221091321,0.0146219467471481,0.00747478018259435,0.0206751810693973,0.0187078493761427,0.0101328649423903,0.0250737735822414,0.0202436457431462,0.0128545337296887,0.0214879266953294,0.0185350712166895,0.0157742158007338,0.00823464982330657,0.0154611935888179,0.0275381146101694,0.0284888159017317,0.0194071954848409,0.0251386521311276,0.0163889288858312,0.00762260152543436,0.00283233853741647,0.0351217318618506,0.0178574083782884,0.0285163230644496,0.0265203263142134,0.0229264004972661,0.00893153194204918,0.0286450702740099,0.0275071395959029,0.0141664885314004,0.0299290848142711
0.0216508157165077,0.0181257784505254,0.0077713010026541,0.0208680074687678,0.0149066699966353,0,0.0502399991321214,0.0255748957845175,0.0411557868836022,0.0167863857793683,0.031742044159576,0.0166319788448747,0.0165787424423067,0.0244807297281038,0.0726473025717627,0.040208190840561,0.0599569365124298,0.0123533325509122,0.0239664617605019,0.0252685261534001,0.030883731379498,0.0265425798624203,0.0358304348238266,0.0337459208129539,0.021098170955747,0.0234666860362243,0.0153252393917705,0.00853433324938552,0.00578120633671932,0.00747899202955437,0.0253450096596447,0.0140479065548298,0.02634126087655,0.0373670743669286,0.0253865165142033,0.0205142223752873,0.0317683225035296,0.0225001409425423,0.0183160535603639,0.0189278964593027,0.0213930945938157,0.0297663556297457,0.0448679126809426,0.0163852673390452,0.0325558472921473,0.0583659473792384,0.0336923139357774,0.0272724599330689,0.0173955990112288,0.0146506117359488,0.0195510358235713,0.0602532915508247,0.028044923518905,0.0115929657615936,0.0332428579256746,0.0282243194450955,0.014613862959524,0.0185913840056606,0.0658993829166476,0.0181362979067072,0.0125052948193198,0.0223678590147219,0.0290272736568102,0.0166170854254074,0.0111389649057527,0.0236650579238938,0.01401587099501,0.0166591036808457,0.0164165556137478,0.0168115060439689,0.0350491240509415,0.034543451292648,0.0356541597828283,0.0132675680859064,0.0174729434848007,0.0255466413220895,0.0258688112762741,0.0162355014887697,0.0319691574628826,0.0268818719186323,0.0204914818208931,0.0119466356042987,0.0181154558950994,0.0369438900496222,0.0216818699743377,0.0317066959733851,0.0315489710068782,0.017880985330979,0.0329485447341082,0.0295739403926614,0.0347944991139374,0.016880268384337,0.0119151004705334,0.0186775841132468,0.0304151285967683,0.0285685283602417,0.0468515137158339,0.0316449595719272,0.0252159529184329,0.0272401975688625,0.0290209470091885,0.0465716296938277,0.0310152097759339,0.0368693371184905,0.0322337877554269,0.0113612853565028,0.0105609836834465,0.0266517003768281,0.0211764480150357,0.037614378169428,0.0351140205027163
0.00484181493402204,0.0100001091209771,0.013322962655389,0.00987485650030283,0.00564170104490128,0.0502399991321214,0,0.00613332624790571,0.00544407732919668,0.0322218430986077,0.0266101764097088,0.0175605772796977,0.0068014179763484,0.0219050592602733,0.0588964751860879,0.039198439696303,0.010560513990616,0.0325072022905653,0.0328753384818273,0.0244912387608079,0.00983143247007687,0.0109417238949474,0.00524225615429284,0.00503963223710962,0.00490948753051964,0.0110605873036078,0.00434755885100757,0.0182619344981682,0.00672379913799073,0.0192708050569516,0.0152970963537306,0.0180123647904029,0.0059994446759956,0.0103759965113225,0.0171978006564357,0.0137556218171761,0.0233950925613101,0.0115301207485297,0.00378852812817569,0.0043333927779517,0.0102411854332762,0.0140919791626701,0.0259102975946662,0.00308485651077584,0.0501310683692117,0.010341449278228,0.0295217940156346,0.0161212600245065,0.0302572645752168,0.0143508228030854,0.0135526186099715,0.058632263787553,0.0187409139277785,0.0181471132795322,0.00789125923386959,0.0228579481601164,0.0128890958006229,0.0349143804801803,0.0240987397482093,0.0167293488770458,0.0145071531355711,0.00702732728561866,0.0318022775159645,0.0101144099300218,0.0296971887694577,0.00651862476681167,0.0191090385749722,0.00591215868606412,0.0137634383662582,0.0160602699981301,0.00746783859972465,0.0231569094354796,0.019896044294578,0.0128115221860003,0.0229824883112322,0.022761547214093,0.0203848536157917,0.0201592676701883,0.0200950593240254,0.0615132734392838,0.00170877985827727,0.0164723185865444,0.0139661265041103,0.00622306359519994,0.0496878904634678,0.0168831504011828,0.0349968636488271,0.0357558949690732,0.0268776310996178,0.0330330063805261,0.043838629913855,0.0134853429766256,0.0110269052332526,0.0210428990085053,0.00338280147320582,0.018412458189361,0.0337046324732378,0.00876040907980849,0.010970428771875,0.00846365488507596,0.0114648951867101,0.0321447902399808,0.0155804100214272,0.0255124661520535,0.018873831825518,0.016463323634225,0.0214401314258775,0.00416076094197986,0.0119900654227275,0.0647057816717669,0.0173718253854422
0.0266499953118965,0.0170237127007673,0.0142870930175865,0.0313052791469407,0.0141641820704579,0.0255748957845175,0.00613332624790571,0,0.0318413479083805,0.0203334270876336,0.0273433234048864,0.0166889238740054,0.00887316898760398,0.0236152234917752,0.0338668428122901,0.0250054771046027,0.0166829400929494,0.017514504500817,0.0275877311240025,0.0246636363915518,0.0178331737865329,0.0311851146174692,0.0120094019131031,0.0297197690028207,0.0218041750792632,0.0179707545044472,0.00561589093833653,0.0170802907822529,0.00328331050409697,0.00781561960091864,0.0189592869528398,0.0200037846927783,0.0174937566135462,0.0245968102234633,0.028048472371411,0.00599473315941878,0.0156341550332498,0.0118874619204036,0.0168805157837736,0.013353884406031,0.0174711621116826,0.0301123245251049,0.0248925552972674,0.0192779694878497,0.0235876241768285,0.0142941849714983,0.0190732469014015,0.0197927562673125,0.00930463330193201,0.0139128381554441,0.00969021310002748,0.0577275629794416,0.0135925824935375,0.0173848999130855,0.0180203029817714,0.0238230798867862,0.0054365897388718,0.0123030797257451,0.0236104907959427,0.0175858281371958,0.012547580286172,0.0161004318503115,0.0171014743438529,0.0167239096402672,0.00874934905945464,0.0149741296278898,0.00483434155592869,0.0116931875245202,0.00354280412821871,0.017159687748909,0.0106751205060182,0.0126295013212817,0.0300762193965357,0.0138272559116024,0.0106635646469186,0.0110528026049876,0.00226614316992368,0.00758296255603599,0.0185930993986429,0.0137765160901086,0.0219922263823731,0.00946744063992826,0.00762095507341046,0.0188491679297953,0.0172892245997575,0.0109895772340001,0.0251280173593633,0.0252935387485074,0.0114679158070355,0.0162575116280793,0.0166961150869379,0.0277557579359554,0.0100303365530481,0.0151695916863592,0.0228757944292832,0.0234814276427509,0.0190638724286305,0.0236591982402239,0.018439294517992,0.0106563625266626,0.00365036924162342,0.0331662081556429,0.0147822808513739,0.0295969170315801,0.0259756068700519,0.0223533891219508,0.00825077636885788,0.0276026080631606,0.0311425101607774,0.0175757245917111,0.0308864453413933
0.0457415532953104,0.0119499898637663,0.0394000969405681,0.0133904429419764,0.0299812837553658,0.0411557868836022,0.00544407732919668,0.0318413479083805,0,0.0326258478912352,0.041359030656884,0.0395136637687052,0.0244343728138619,0.0550077566597291,0.0587898358152555,0.0444444910067217,0.0320215235199351,0.0300413336235591,0.0183377737246893,0.0599421952396851,0.0385443275968149,0.050969864937012,0.055016828690818,0.0344600255826088,0.0124417478500136,0.0202001812943439,0.0110883494279962,0.0351778237137167,0.0271509570785756,0.0161285415890385,0.0512370702943428,0.0196927754981609,0.0114498125181054,0.0307591867615209,0.0498087814202457,0.0111652584853858,0.0265251077604528,0.00723776767843099,0.0456306778815778,0.011517922896135,0.00238931389055591,0.0530195268683338,0.0337065748405828,0.00363304179328497,0.0122083701196028,0.00804168243402362,0.0097864697018291,0.0149869171645545,0.0366009205855084,0.0263468290733831,0.0033862217574244,0.0531871040916503,0.0285315537750449,0.0423703684528507,0.00648010061484412,0.0261169779679121,0.00449837970937326,0.0409064618828625,0.0300257261076165,0.0079411195714591,0.00962636953574938,0.00143042609078594,0.0296667519534617,0.00342221557223902,0.0184370146638695,0.0135249914306939,0.0409560974001586,0.0142092468885252,0.0421061704951142,0.00986542068929964,0.0207683125585664,0.0104003252280715,0.0397979376607195,0.0146428543692034,0.0329986449380449,0.0273243244637765,0.0155542357425237,0.0108360177711277,0.0329048238988302,0.0170688539569718,0.0188007786235072,0.00858546240001797,0.0235947948706582,0.0637305882596887,0.0340941688428237,0.0331821647163997,0.0272371641930313,0.0200660181162702,0.00478673964207259,0.0190020613460571,0.0165577153392782,0.0175145115874111,0.0218031832329568,0.0284383836413314,0.0344863822783806,0.0232230963158652,0.0325277326848329,0.0551870829356192,0.0113501353390788,0.0158563377228587,0.00702422405189098,0.0544484508742168,0.0151635920382337,0.0197826124006387,0.0401246751818972,0.0188342619854728,0.00853333815360359,0.0116670740228207,0.0431621988886828,0.030390422718207,0.060735070737795
0.0306909803072439,0.0224725657497278,0.0225826025177988,0.0171561436161437,0.0198061213338085,0.0167863857793683,0.0322218430986077,0.0203334270876336,0.0326258478912352,0,0.0119092664074248,0.0199214800963541,0.014957305046642,0.0359764214669826,0.0173871493488259,0.021500967871502,0.0171489377155079,0.02070617870243,0.0374541770028532,0.0362899374926387,0.0156614486785568,0.0169549741790155,0.0172841073699025,0.0209209404339742,0.00417630714028067,0.0144009460442262,0.00352590874710908,0.0070905091641365,0.0181242451019291,0.0244286347295174,0.0302017180679299,0.0141909735656132,0.0198111265641261,0.00991717621871511,0.014228966235196,0.00778977211147421,0.0411373418951056,0.00541089715437802,0.0199948491003503,0.0187550995849823,0.0112008769101287,0.010911071617741,0.0164678008299652,0.00553958956501815,0.0257483589942009,0.00865453994176264,0.0156360390204724,0.0161820940016345,0.0378622713576746,0.0303830135649027,0.00658285025722126,0.020768758881386,0.0178034942999202,0.0107705150997706,0.00698577940356876,0.0254324887754988,0.00279239129334379,0.0232831313752166,0.0089892034811626,0.0160465491707317,0.0187622996911322,0.00578183738764434,0.0225495382356918,0.0153637815827012,0.0338167146587303,0.0101935378360858,0.0194751353502151,0.0106034180840786,0.0130747003483536,0.0215332720831577,0.0161983457101958,0.0057124870184873,0.0321006455736918,0.0182758900374948,0.0226920772152786,0.0134822000768753,0.0152785471478635,0.0111756184668332,0.0180497589061207,0.0280164735156067,0.0183203477539427,0.0405397775375819,0.0139191186745653,0.00953739290675802,0.0358194577758364,0.0122639483459093,0.01653880811088,0.0146250026862273,0.0118106943110754,0.0220190171962816,0.0191957177631371,0.021219701297006,0.0125602758093485,0.0169638969525957,0.0278096056887458,0.0165141358950067,0.00838986322711912,0.0220954198729376,0.00696257191172517,0.0319244295243648,0.0206121368690754,0.0349805272505763,0.0145040019656623,0.0381276422894329,0.0207281502449137,0.0410934765377468,0.014098847610033,0.0155009428543782,0.0105040442639267,0.0137557095512061,0.0290246037734176
0.0305496889034133,0.0185378564115057,0.0244039875712987,0.0281528731801072,0.0253148179345415,0.031742044159576,0.0266101764097088,0.0273433234048864,0.041359030656884,0.0119092664074248,0,0.0368668268883235,0.0337258235372077,0.0370954063619878,0.0238251273044235,0.0368098721999092,0.0252071410572335,0.0319868352518097,0.0209909590442279,0.0377664943381498,0.00845869152356724,0.0272686519803423,0.0196426227627256,0.0265059918072951,0.00393751838572508,0.0215883976855299,0.00716631401105108,0.0272838345273647,0.0309642017337403,0.0216325938225909,0.0353956323327568,0.0141063816710138,0.0229705901387966,0.00873882358813825,0.0290588935558706,0.00897767607831476,0.0058634398294291,0.00700943929851921,0.0213839360061805,0.0179687154144799,0.00973387867123491,0.0192392468982157,0.0201857899351341,0.00300744912277895,0.00723733252948714,0.0323304681009987,0.0124310432345501,0.00912036319666154,0.0372617294394185,0.0291657109241614,0.0174022480503827,0.0176347869083346,0.0176509270596787,0.0355184672700862,0.00422136063563947,0.00996438517238556,0.0052835193376387,0.0102271552023034,0.0160279070391466,0.0112270525919059,0.00414470144356767,0.00496247722892915,0.0283031499080697,0.00633188682872075,0.0222237597008511,0.00317789410834495,0.0213314408965406,0.00576906576337445,0.0155110602217124,0.0180518337722306,0.0121871066999165,0.0104677816141248,0.0169047375511568,0.013976693916382,0.0288521786611382,0.0160885081140447,0.017980809534503,0.0208365412795872,0.0100549686729779,0.0228280387331268,0.0192031411280891,0.0425245904922074,0.00787369746444958,0.0253638285516227,0.0187506242570131,0.0216762138947398,0.0237398820851957,0.0256495112820161,0.0166339365998126,0.0147155346973972,0.0182702339959974,0.0183301356169167,0.014822331589053,0.0212861519247701,0.0264744728217128,0.0413116777327592,0.0154887895807468,0.00755412427222952,0.0149696170883099,0.0338924711489711,0.0286651319979588,0.0331166219294839,0.0206913059476411,0.0230062062995348,0.028877961982922,0.0168544473515767,0.00804464113520491,0.00980941992867897,0.00727791858793221,0.0121384936803431,0.0269423808196803
0.0137588878925042,0.00900329690911079,0.0346317480607278,0.0164898373394891,0.0129719348422911,0.0166319788448747,0.0175605772796977,0.0166889238740054,0.0395136637687052,0.0199214800963541,0.0368668268883235,0,0.0335815516383873,0.0305194097645018,0.0291268287727264,0.0371985982554881,0.0168564769925176,0.0143091056588544,0.022784438565527,0.0339170529862214,0.00921722614108606,0.0175911591550327,0.0189718122657041,0.0177278364427754,0.00850702770337163,0.0177447704610079,0.0184693079861891,0.0146291740439136,0.0324754097673109,0.0120655111043835,0.028201495172045,0.0181356947631638,0.0161355386472111,0.0126675113684533,0.0333539340292781,0.00935737723764904,0.0116456333876729,0.0181390475876036,0.00977807188358497,0.0197954607857453,0.0145450990779449,0.00874861228328829,0.0295713631911543,0.00371607509723583,0.0259634350456959,0.0409749828852727,0.0178072021373665,0.0199563063752854,0.025594282563852,0.052628387754099,0.0268523779534263,0.0247485970047477,0.0174996740156422,0.0358630043529566,0.00688109233489315,0.0115004346129148,0.00521559160751349,0.015264576657277,0.0244940013541394,0.0159177336512981,0.00658292665726017,0.00820266945800877,0.0473576424741446,0.00647488638854275,0.0146642429688563,0.0104760735884885,0.0201904675593865,0.00343318928672844,0.0135117306749346,0.0217770978016268,0.0100658978289932,0.0254574556618722,0.0229083955177456,0.0163156994066359,0.0142041392816288,0.010413613479749,0.0116251461053438,0.0200408941114689,0.0129073154967966,0.032348848105413,0.0256683522268402,0.0351152261298509,0.0054529250775386,0.028454989639842,0.0333430602864126,0.0284881937467338,0.0286749493825896,0.0185087287503273,0.0245635564063414,0.0130176748353047,0.0361790270221052,0.0126239998459329,0.00983155069004813,0.00963373131043614,0.0200852634781597,0.0540880066027597,0.027669109589258,0.0238827580120101,0.0153416652441822,0.0228887333034052,0.0361359820191523,0.0394789788049405,0.0178216728143554,0.0156500851337563,0.029132131912288,0.0110152639492269,0.0273984622787294,0.0110798405702716,0.0233771900738236,0.0253999002621306,0.0207726027880633
0.00831069290328671,0.00407990621290631,0.0296703435208061,0.00809805078603688,0.00669735560843216,0.0165787424423067,0.0068014179763484,0.00887316898760398,0.0244343728138619,0.014957305046642,0.0337258235372077,0.0335815516383873,0,0.0236212397042127,0.0347906853687152,0.0309344261338184,0.00756966255027818,0.0170858429813019,0.0160309044366331,0.0267137225669819,0.003652691017671,0.0182689427677387,0.0225879357862519,0.0106923296139154,0.0113918545203306,0.0130130467840043,0.0256137085160941,0.0244629985457608,0.0279956529774731,0.00553614158291294,0.0171410194584669,0.0180404844563492,0.02157271822605,0.0206195087741834,0.0450500959669021,0.0147100804805216,0.0162402012379832,0.0190529518023421,0.0131945816827771,0.0149997713361316,0.0212307892264959,0.00874812885467532,0.036612252428398,0.00796732480685104,0.045189991369239,0.0335293035124784,0.0219828825913452,0.0276115959219652,0.0115251040565949,0.0758353752216893,0.0333077320744082,0.0347564170083488,0.0165387023463598,0.042601866309656,0.00716697610963851,0.0135170085461002,0.00971897559844925,0.0416331093933605,0.0256715462765799,0.0248040522786441,0.0106862000092991,0.0103715891229322,0.0653550558218385,0.0113900827953786,0.0129255276577179,0.0252456657123644,0.0286168246745013,0.00933583774851672,0.0217802346486831,0.0240166633984882,0.0145848417804707,0.0332578479059532,0.0224147737797793,0.0222414325811113,0.00949411436966911,0.00681306719985261,0.0122164071209124,0.0136109601473585,0.01762117648066,0.0347742480625644,0.0284472558332154,0.0295983931034058,0.016825081040296,0.0283773080648993,0.0417382625351275,0.0333139201147237,0.0277991450035662,0.020246799889565,0.028109338081536,0.0127950475760804,0.0511757624296849,0.00854628185408919,0.0165224237051885,0.011643196382944,0.0126726908394235,0.0528610936510342,0.0354243557593686,0.0314477739120751,0.0090319547357517,0.009837005932961,0.0292227277048288,0.0478302243045974,0.0211356607072077,0.0124100621114247,0.0276299654508199,0.0083057553932964,0.0319118725170429,0.0149254734158603,0.0263541056445274,0.0411880738609004,0.0207098467738706
0.046555070361935,0.0172098382879017,0.0308092199206793,0.0348258532900852,0.0252111403971485,0.0244807297281038,0.0219050592602733,0.0236152234917752,0.0550077566597291,0.0359764214669826,0.0370954063619878,0.0305194097645018,0.0236212397042127,0,0.0302095541596069,0.033482414441991,0.015402931343217,0.020700150319498,0.0176529121692448,0.0304183859329726,0.0111167245783415,0.0541685276920869,0.025487763445589,0.0191936895108599,0.034397380583748,0.0196055750451379,0.0167524558375331,0.0228603994514222,0.0116258934935988,0.0103109674139753,0.0289641599412903,0.0268530046841602,0.0327024886983082,0.0229244458207349,0.0409326748880219,0.0174811716822978,0.0098726164679714,0.0234411089222732,0.0423478381179529,0.0204607864440566,0.0278136719544159,0.0438966144817322,0.0234200831089453,0.0322061697382866,0.0170469801660509,0.00965714782529839,0.0236331812231263,0.0226651982678104,0.00821410693282524,0.038473164987221,0.0108732778594128,0.0442705412021959,0.0312025667748723,0.0412455539194221,0.0347613685043486,0.0443880675793173,0.020788803798038,0.0357185226526081,0.0336309331771522,0.0239417249101449,0.0245095527884493,0.0372427179736347,0.0433064118796463,0.0263908281570867,0.0195166296784858,0.0521614440066556,0.0416277163539492,0.034249080008036,0.0343208493595534,0.0176963005020629,0.0321599379870022,0.0257067706402045,0.0437236515454005,0.0189643613735168,0.0290367297307138,0.0323684873668896,0.0296027589980897,0.0180674567337571,0.0402466726764444,0.0221958856680934,0.035073261202807,0.0125885305262225,0.0314704493932687,0.0324284459595709,0.0336513105564795,0.0247750788827594,0.02350067925457,0.0360869365557908,0.0204354570375818,0.0310512206943846,0.0380465093773424,0.014385183993415,0.010943365025798,0.0359912276728225,0.0262534592868487,0.0303292796923623,0.0181800811591199,0.0558409785812425,0.0143250578271649,0.0143118717183707,0.00718004825297651,0.0575581078171065,0.0239009275649355,0.0403271075910764,0.0399713700680567,0.00940835581231324,0.0183753252396742,0.0175061946559733,0.0598915106937307,0.0111863724879364,0.0559695297983408
0.0225877326755848,0.0255201409054506,0.0351591618852181,0.0334972512528095,0.0306001176248834,0.0726473025717627,0.0588964751860879,0.0338668428122901,0.0587898358152555,0.0173871493488259,0.0238251273044235,0.0291268287727264,0.0347906853687152,0.0302095541596069,0,0.030339900021578,0.0297475431840041,0.051263773825986,0.0393257414697878,0.0332895114588063,0.0337614349502826,0.0310720362946387,0.0214522881689493,0.0289351061522395,0.00928349501900483,0.029817266518323,0.00925183879852668,0.0207485605223914,0.0214427218701356,0.027035829732482,0.0269795599801843,0.0153960611996434,0.0288592882210215,0.0108173502807154,0.0198398314080133,0.0136210443017514,0.0227318544551369,0.0304916625810178,0.0260765654010629,0.0298810041670214,0.0206394796181086,0.0246980753108447,0.0254471004862592,0.0155731406584662,0.0055977195134624,0.0574893017613468,0.0161836349334719,0.0214795392269837,0.0566737960352024,0.0228210944792627,0.0256082790791855,0.0140740198058616,0.0231433583578545,0.0259942349533631,0.0262378491835433,0.0214403195247409,0.0151536455751994,0.0288890609052355,0.0183270912316017,0.0101680217071642,0.0134157365792979,0.0271121684794381,0.0243202679694435,0.0138861312403287,0.0305788136448018,0.024807918272252,0.0288156437674476,0.0181464526562602,0.0269542768044234,0.0273229308186098,0.035700240160237,0.00873633744319999,0.0196596552148086,0.0136751015192619,0.0333637882001277,0.0217478337627707,0.0416196560301562,0.0290668905640421,0.0165696487422956,0.0312807759121997,0.0132012959651356,0.0362360818656442,0.0264162747382551,0.0226506714497048,0.0138638564560109,0.0273525626357901,0.0200484827530837,0.0155706908077761,0.0261664284277323,0.021309726199512,0.0114869988441019,0.0149353572904206,0.0139842782765889,0.0271211365442618,0.0323180072546753,0.0181160190038892,0.0105743087551436,0.0233935804185887,0.0204446110196851,0.0645577106592567,0.041515573035306,0.0423370726225834,0.0209862655071592,0.0237061005380342,0.0297104137625551,0.0109733687571917,0.0136235249126315,0.00437142697443047,0.0131615729270985,0.0110621211898996,0.0241919828740775
0.0299388043176053,0.0276779672556637,0.0217818779070425,0.0412607124782482,0.0233191240396384,0.040208190840561,0.039198439696303,0.0250054771046027,0.0444444910067217,0.021500967871502,0.0368098721999092,0.0371985982554881,0.0309344261338184,0.033482414441991,0.030339900021578,0,0.0138867351716524,0.0255277557862945,0.0243723189089132,0.0329384167610688,0.0190388460388099,0.0403574938649206,0.00897203770282408,0.0207103219741812,0.0108216121298558,0.0307993399030287,0.00689779586993954,0.0197074291807267,0.01021935095385,0.0150688512722855,0.0304959767606037,0.0211116370504205,0.03114763220435,0.0180243793100643,0.0228533362948636,0.0117907887840437,0.0191480264645317,0.0495303297814631,0.0272771829837296,0.0492791274062111,0.0272062522502097,0.0311171631259789,0.0352521079778583,0.030734740530402,0.0126632691454846,0.0628597271810406,0.0245277225668581,0.0364930677218179,0.0222298855179801,0.0261194244947955,0.021697001596939,0.0195356114617301,0.0233033138825936,0.00472872676611024,0.0343117563997966,0.02412883944222,0.0221659411603852,0.00670623544449957,0.0317017309777288,0.0216021876855161,0.018119079693989,0.03757352628548,0.0164226553397668,0.0214951002314681,0.0186705166407683,0.0300829525973201,0.0114249940656486,0.0205640437284801,0.0182149705941938,0.0306279591077588,0.0278888023709279,0.0209614726663859,0.0273931111692309,0.0165763584045326,0.017087618631452,0.019293264005544,0.0269128603743084,0.0234496531401861,0.0241420665202404,0.0216494049349753,0.0108955645008961,0.0170163560017655,0.0157287751272445,0.0312633189235461,0.028973034404688,0.0339988705079492,0.0183366669395699,0.0184795878777394,0.0333546612562095,0.0186975196280572,0.0325775457792657,0.0176908687360606,0.0104849813585736,0.0104277332753034,0.0329600326001531,0.0126319880863638,0.029706298808303,0.0440945029450934,0.0278405344754352,0.0504353737494537,0.0362643888313193,0.0316619687678062,0.0100526696060341,0.0172801273135126,0.03399787741203,0.0113977045154957,0.0317430799205948,0.00675383967992732,0.0202264362284392,0.0136729868164292,0.0277792648316717
0.014940696726779,0.014929257587859,0.00686884093409889,0.031949307529357,0.0226609028630573,0.0599569365124298,0.010560513990616,0.0166829400929494,0.0320215235199351,0.0171489377155079,0.0252071410572335,0.0168564769925176,0.00756966255027818,0.015402931343217,0.0297475431840041,0.0138867351716524,0,0.0447667437633456,0.0387598468407675,0.0161900930001653,0.0124147803281193,0.0261236922094299,0.00500076137348192,0.0159198999224307,0.0182060909537187,0.0178067245885454,0.0184538552374546,0.0179392566943509,0.00466625333171063,0.0049599606821278,0.016229320631302,0.012869951091065,0.0176262836251375,0.0238813441131606,0.0205015697697382,0.0136382350012523,0.0113812952966197,0.0295160646677461,0.0176602790311649,0.0160653412848335,0.0100894291927313,0.021701464390099,0.021285534693099,0.0258684596742748,0.0157100922521736,0.0419360892277425,0.00980661243768765,0.0257437155311037,0.0105550803292272,0.00603998305690571,0.0204145007952813,0.02973062289807,0.0112909315787314,0.0155841513263274,0.0173981715553476,0.00904256443132637,0.00929122974471052,0.0102801608563784,0.0204308579467625,0.0146892780187814,0.011872958488407,0.0231191557328951,0.0107280063569685,0.0157625071594548,0.0110133440702248,0.0191295984192228,0.0039939370429138,0.0138801826748476,0.00201066375984801,0.0280011192857281,0.0104806294100371,0.02148113008883,0.0221363972314208,0.0133160901185906,0.00654742528983108,0.00191191800777407,0.00839429089367213,0.0247722027583063,0.0129342466292154,0.0143056256731648,0.0210395664954082,0.00666471125026092,0.00386766568677522,0.0242110790750795,0.00680890681782776,0.0106528769625342,0.0172416390694615,0.0106211350048518,0.00676587608304061,0.00337213134821236,0.0100940162296054,0.0206482341488518,0.0148957612783478,0.00395383369722336,0.0196941612739363,0.0287755682048225,0.0154805035129306,0.0191051649202829,0.0273394130962201,0.0396329654379237,0.0145380825547716,0.0327476715316555,0.0123424015935663,0.0142664677697289,0.0197636884483849,0.028883719865731,0.02410679368848,0.0187535579262733,0.0183319397204164,0.00999162589582031,0.0193631833395407
0.0177166690051357,0.0111936484501616,0.0125096861377934,0.0234624436992733,0.014664536320551,0.0123533325509122,0.0325072022905653,0.017514504500817,0.0300413336235591,0.02070617870243,0.0319868352518097,0.0143091056588544,0.0170858429813019,0.020700150319498,0.051263773825986,0.0255277557862945,0.0447667437633456,0,0.0406731608381177,0.0223054731354026,0.0171224449124058,0.0269963714648816,0.0367287684879283,0.0250059455979906,0.0144256647203134,0.0289395233908212,0.0172820605930132,0.00648595391468277,0.0129197058043257,0.00701869429799988,0.0229058615174001,0.00852826697188489,0.0207176919081762,0.0231735291533164,0.0154803649900179,0.010247582354814,0.0222688196343018,0.0158718834709281,0.0126174921819265,0.0143949496210256,0.0104808657924943,0.0209421281981589,0.0291595833768731,0.00950119535548935,0.013761440724045,0.0527888304687033,0.0121661262350025,0.0179199072523123,0.0219710636226328,0.0124230433537682,0.0310137019726186,0.0256367173429344,0.0164933081692473,0.00746129629823536,0.0125991990765065,0.0126919662130791,0.0112670844485065,0.0098584782958391,0.0397472274331145,0.00801618137338075,0.00765764229494121,0.0104376104015718,0.0270399005838403,0.00775132757811707,0.0203948308043325,0.0103739997176915,0.0100501054843069,0.010905952779634,0.0114417762855939,0.0300599333954342,0.017321755923706,0.0210877962170022,0.0282435183906718,0.00866763495375385,0.0152176387362799,0.00738083961258705,0.0122099377971658,0.0183768408735183,0.0178779997766971,0.0262009160648628,0.0136242836870621,0.0200415735546748,0.00915417446990333,0.0307316563376364,0.017202985977,0.0240914478820076,0.0294868054693366,0.0157363913971621,0.0158192926070408,0.00768905028097437,0.0169105127641176,0.0165954007283206,0.0132656258371142,0.0142579644025574,0.0261134938245634,0.042733792439939,0.0299732005348338,0.0237478678501296,0.0302981231853731,0.0289747630875498,0.0409176571280118,0.0309464796890902,0.0156677686983631,0.016671828018449,0.0337447477065455,0.0165069940567092,0.0241132101190019,0.0119579858911839,0.0275631300549372,0.0164244203193266,0.0222486652769103
0.0218471510678162,0.0208114375805958,0.00488182568221118,0.0383172340572629,0.0301905212813067,0.0239664617605019,0.0328753384818273,0.0275877311240025,0.0183377737246893,0.0374541770028532,0.0209909590442279,0.022784438565527,0.0160309044366331,0.0176529121692448,0.0393257414697878,0.0243723189089132,0.0387598468407675,0.0406731608381177,0,0.0170963982515225,0.0119719645413993,0.022650841982889,0.0417202935544092,0.0323033407186749,0.021118815277293,0.0520782290026642,0.00685768276175451,0.0150090149367121,0.0121475932414731,0.0240956678987743,0.0140917967916983,0.00864474945298048,0.0234483826986526,0.0239657402264592,0.0160714426976114,0.0305648599199938,0.00772232002002863,0.0142898179273042,0.0145449201908079,0.0241229101653613,0.00691925153841098,0.0323272965742305,0.0115385673066011,0.0341008674260405,0.033679216603589,0.0234034825047286,0.0218003646370664,0.0388688085846022,0.014004039144811,0.0205082688464614,0.017654002257984,0.0219984089493265,0.0137174430512219,0.0123515342094237,0.0265964254055372,0.0206301960886986,0.0177493803475742,0.0182720761395944,0.0231374875553467,0.0232303121002389,0.0165582699632064,0.0346767120803529,0.0215082819572379,0.0212965635018909,0.0320591185037428,0.0143037099035539,0.01260557347164,0.0242298865168725,0.0165566947599315,0.0216587697538488,0.0179865781614864,0.0191957711069769,0.0103766927858552,0.012880898520926,0.0178632263569793,0.0156538492442509,0.0118036929062535,0.013534462217623,0.00854880652669416,0.0235807852111871,0.0126242550825116,0.0116213726440138,0.0134742940716972,0.0226284087040545,0.0099141624958912,0.00968256321997221,0.0179103751388422,0.0208861232386764,0.0111425670102832,0.0233487759167319,0.0152161101984378,0.0171968145399996,0.0138348784609968,0.0218577729430945,0.025586989863046,0.0340613940464998,0.0246533288136911,0.00720686935009615,0.0363190350812391,0.0171819201674216,0.0399052709185459,0.0247882274310229,0.0315679420288172,0.0135865802174034,0.0210395771093542,0.0113812937492754,0.0295205714579146,0.019912798517156,0.00670580676128026,0.0183979077771342,0.0146954889604134
