0,0.0197869660604366,0.0330636348519399,0.0317548499098201,0.0269081121029574,0.027056601301165,0.0328787002326797,0.0345212453656639,0.0344515953819341,0.0117215528541376,0.0320884698180434,0.0294759129699445,0.0244359098276389,0.0349600863562494,0.0372729059855604,0.0181876405596055,0.0213328317297368,0.0283263492046181,0.0277144278070762,0.0392665634147342,0.0342795234775385,0.0238984091562482,0.0223184003474436,0.0440143064532639,0.0385798718359017,0.0293951319435702,0.00933537403918161,0.0340913482191701,0.0208928965912822,0.0164425756180389,0.0385161464632644,0.0197425444452795,0.03862764650295,0.0307560330242693,0.0337227393677642,0.0214150878206454,0.0270474053259381,0.023602832031939,0.0382056940360256,0.0265393381190928,0.0292259398017611,0.0148493363789712,0.0200792931236214,0.0381027337246042,0.033954233220597,0.0376544156934387,0.0329326304245471,0.036516366307491,0.0305539136955368,0.0171179085902646,0.0174982203961326,0.0223304933581455,0.0135341581818313,0.0107819761014281,0.0394458769096274,0.0294419596772838,0.0348482354193469,0.0209966606659381,0.0339278851882504,0.0325651262911687,0.0172525283478922,0.0191202685886438,0.0175261870247904,0.0245062848295699,0.0230285877053809,0.0187178513011131,0.00959486487016616,0.0134930195096014,0.0155262707571138,0.0197547482360364,0.021627602119521,0.0225045457147129,0.0528061750624675,0.00679016589479913,0.0202244974677636,0.0150329430566679,0.0134095889276334,0.0110292692373251,0.0164841598574232,0.0281197478766808,0.0189156262811287,0.0296327181122869,0.012405369115413,0.0120528801608473,0.0219458773491103,0.0126941940860764,0.0157753258632297,0.0286860447306942,0.0301544874572634,0.011075622398877,0.0130807772303974,0.0171133220227719,0.0190094450036287,0.0260947796279431,0.0287482782286175,0.0180203109566382,0.0294382923459677,0.0109763179718241,0.0344944231262675,0.0324895499386278,0.0295223714452682,0.0212058166362209,0.0351266942237322,0.0202791392197368,0.0337067378998788,0.048038125607471,0.0196427433750307,0.0134584669775094,0.0178368585858931,0.0262261535061872,0.0261502518492661
0.0197869660604366,0,0.0167518753253872,0.0408171043778851,0.0235765628499416,0.0249093921028197,0.0126502048284623,0.0182903026344517,0.0265287549535536,0.0344124450596859,0.0368880477145174,0.0255646605794127,0.0132461664806841,0.0217542853223941,0.0266026311405273,0.0235038427450806,0.0154398145085858,0.0219534395643596,0.0245637945120536,0.0252099944771458,0.0274364265652245,0.0260450166467354,0.0181955167365862,0.0234182360665478,0.0155962760530406,0.0201550604668259,0.0218435145889022,0.0147845226587523,0.0158733642779228,0.0174747099744693,0.0219133175251522,0.0149693568344678,0.0203781290134597,0.0207949731904367,0.0305195265533576,0.0306339829227338,0.0237455129185154,0.0264881088631798,0.0419573596251816,0.0213774018000077,0.0250557186006339,0.0162184200263505,0.0242926954086232,0.0181325609598571,0.0193325609828509,0.0188965013941595,0.0329244051338596,0.0403090503594218,0.0292356797157632,0.0153599100245732,0.0240502585919301,0.0162832266143828,0.0132189419133978,0.025026971998531,0.0339883898174148,0.0309023599458333,0.0217537386179507,0.0133750942926473,0.0270417004823843,0.021903152969448,0.0146172093366204,0.0277115709776798,0.0165325562497124,0.0185483119193163,0.0206553058901925,0.0201970288306026,0.0213650959979191,0.0184299750571772,0.0266422050353205,0.0285247220642579,0.0128184328313569,0.022771902134686,0.0245425611041415,0.0157774872715988,0.0297252038712316,0.0246931823772129,0.0318117748955516,0.0318657831033806,0.0225519495720801,0.0226829132044719,0.0301550411337146,0.0228719412495059,0.0288088845539737,0.0160028903829293,0.0354756854730708,0.0206311060319752,0.0217212845935,0.0219760725618526,0.0246115532772687,0.023880952075263,0.0157077932424601,0.023770360193496,0.0179248036339289,0.0281563187771414,0.0186098604230158,0.0161478090155815,0.019046765074129,0.0151551488480106,0.027652444736949,0.0262782828843402,0.0195578787555296,0.0234870459992748,0.0229793607941157,0.0204019845295346,0.017277535427883,0.0190390501089939,0.0185641353317414,0.0118181296615665,0.0224685017032239,0.0193338699615938,0.0167422906773745
0.0330636348519399,0.0167518753253872,0,0.0208667986130421,0.0269348103315344,0.0203315633110275,0.0349321870204461,0.0166574282395039,0.0271986277910513,0.0137966548175722,0.0353115038353711,0.0150206744465786,0.0391360789567791,0.0156249849375838,0.0189635450461685,0.0154349525625854,0.0207837285834162,0.0227959599453006,0.0183300517376266,0.0225130315839728,0.0277229325247302,0.0221276008131958,0.0298897388890486,0.0239405718738273,0.0299880700075463,0.0210833289515092,0.00812624200562381,0.0409160579459521,0.0348403245478807,0.0134022248636816,0.0175958748366124,0.0280043709497283,0.0410238599659348,0.0357373580813189,0.0187690651085566,0.0153553102609007,0.0195433345741565,0.0166624660123224,0.0205793726344721,0.0178474758680548,0.0299639710853876,0.0318489516288952,0.0132224689141509,0.0438622718035087,0.0166649477549714,0.0205207158654603,0.02444966616079,0.0200569574700961,0.0244330066006654,0.0221560045464426,0.017902740998787,0.0123508992131749,0.0400728158629683,0.0095322282694753,0.0310555685086568,0.0309349232579873,0.0325163542941893,0.01164497211722,0.0261828948738523,0.018612782313476,0.0151532043709818,0.0138889225273067,0.0368089862188158,0.023486866850718,0.0195207491663457,0.0183968354442242,0.0136353716003078,0.0123114935543472,0.0158300092271341,0.0156513548260251,0.0153463861305536,0.0344735743382406,0.0187528831906755,0.00925443854364147,0.0145992499741045,0.0257736972181016,0.0121563415572579,0.0111893793538225,0.021496509873703,0.0161558595573869,0.013479096121053,0.0168025764696738,0.0187045319876474,0.0301000562329863,0.0123949044526443,0.0144941697101969,0.00957136454918956,0.00928394570645206,0.0179427292757821,0.0162318096906177,0.0189109698946591,0.0162062344285134,0.0165358219325452,0.0198703643200352,0.0224303490666912,0.0230180995093306,0.0240680568472831,0.0161218614610444,0.0222147054490117,0.0278563707265507,0.0155043965705574,0.022746925226848,0.0275128624229754,0.0066999086136949,0.0316987271515969,0.0347944320376388,0.0481640617925506,0.0220955524550815,0.0150996838385781,0.0295494689465953,0.0242025239928436
0.0317548499098201,0.0408171043778851,0.0208667986130421,0,0.0165165266210645,0.0148663086873093,0.0275983503506888,0.0289129482191609,0.0191212622794151,0.0401842763317463,0.0259318361361332,0.0226227276844127,0.0272732507197423,0.0265950897603303,0.0218684704020525,0.0269767561890062,0.0209714410641819,0.0339183425112638,0.0226208124207728,0.0232850588217312,0.0215304085463077,0.0233763445011281,0.0211389990571603,0.0229107644960849,0.0227376998246968,0.0232326904585469,0.0383412833407627,0.0276643548713084,0.0289072945630971,0.0261440574989346,0.020875959429135,0.0297470883683726,0.0266554652027408,0.0233559664782513,0.0299404691969067,0.0396462209173235,0.0202908938587795,0.0193556777306354,0.0311092196951234,0.020461035388754,0.0284078921081496,0.0252760163293146,0.0172649517112513,0.026127669353738,0.0259740426197009,0.0235461807023964,0.0290552045887421,0.0325823395371072,0.0320787953348821,0.0233693473997942,0.0298473827201866,0.0354083238812057,0.0208085609476091,0.0139563752129427,0.0184169998570024,0.0261229069762391,0.0210713343494206,0.0253644759882386,0.0308285666107463,0.0284548817790723,0.0283255740113108,0.01839227901935,0.0224417472663067,0.0397333183922783,0.0245970322329177,0.0280940886527789,0.0282046798916336,0.0477637451944358,0.0342981145029293,0.0410764079008965,0.0301908648019094,0.0250656823012841,0.0251044215467934,0.0251153412459364,0.0267369757362712,0.0175062190657958,0.0450216914911686,0.0502312813062239,0.0429189473111478,0.0315117699982866,0.0562992083707095,0.0210736930155354,0.046642526751201,0.0156694053862116,0.026282023035504,0.0594711239571593,0.0323891438668026,0.0242777159759309,0.0269835163877441,0.0673296371985868,0.039506067314971,0.0198539987142745,0.0537146200476094,0.0315879800242038,0.0280390727128839,0.032440812169279,0.0220588382835578,0.0124430785873761,0.0177293719313606,0.024709007294923,0.0208194678254695,0.0556709636052708,0.0195690854293107,0.0207510554252307,0.0325474951735811,0.0222778102371553,0.023470114070795,0.0124357030531551,0.0188069390103894,0.0247652484661066,0.0324230911481092
0.0269081121029574,0.0235765628499416,0.0269348103315344,0.0165165266210645,0,0.0219397160317093,0.013667023656212,0.0215738917747435,0.0257213070268881,0.0235843505866169,0.0433504573864854,0.0313536080900627,0.0283121190286812,0.0167657497242892,0.0145193989174956,0.0128481585558042,0.0201520992812561,0.0296578233825612,0.0194415906610557,0.0173630501111854,0.0208504066433882,0.0206553878558973,0.0359240732500471,0.0190863269402009,0.0185019163440973,0.0181688619305227,0.0199858917494389,0.0205249874259384,0.026383947548601,0.0331481221212941,0.0278267398447106,0.0159714762455849,0.0180155814293998,0.0293217161008247,0.0144806613753992,0.0186742960193656,0.019446274168695,0.0151895365738353,0.0155743892074358,0.019449923035363,0.0278416285564184,0.0301316423200035,0.0159982758606056,0.0201187878016166,0.0212436085816312,0.0253970447664365,0.0176087136583383,0.0185730008709569,0.0138658673520331,0.0257621917645139,0.0207374121987089,0.0258196412740189,0.0288301984690222,0.0199357440072778,0.0158831002108069,0.0181150513156545,0.0143201619469712,0.0153530887580857,0.0105314393411247,0.023773169868198,0.0252577236520503,0.0173164453946095,0.0231943561221808,0.0202760880244758,0.0117426934596776,0.032952258365375,0.0247979755236365,0.021285712820635,0.0430438095371804,0.0424414398836775,0.0258685502178801,0.0289716688807441,0.0217671622567634,0.0213074994168705,0.0153637681874764,0.0161933672588174,0.0418018250872541,0.0314098305392441,0.0342928806205675,0.0183425997644312,0.0217244890758615,0.0308831815268405,0.0208896511796068,0.0214576002959778,0.0220633043925598,0.0209986797507477,0.0240010350118469,0.0298952741711466,0.0164249664621448,0.0287053898978565,0.0202564611527769,0.0146978117390715,0.0408748880236014,0.0138052588467324,0.0206151412226554,0.0318086530460792,0.0177120397820718,0.0177691341901931,0.0186276873065919,0.0247218152895902,0.018626848049508,0.0236680462685408,0.0180338767452956,0.0228704918756977,0.0253002894621806,0.0182049317096735,0.0238142281395479,0.0301437855851874,0.0166854676597373,0.0198201465600587,0.019851449392312
0.027056601301165,0.0249093921028197,0.0203315633110275,0.0148663086873093,0.0219397160317093,0,0.0265869507757498,0.029113920272815,0.014036854768616,0.0171268759486876,0.0236247446408481,0.0150840362445241,0.0291593581343594,0.0295728405855354,0.0255678562830345,0.0198499324310203,0.0227073040641279,0.0125246885427361,0.030367605185377,0.0264857673315718,0.022969434521633,0.0343915472455396,0.0278913345932341,0.0266637384350815,0.0263624814764819,0.0253029510418705,0.0111277653699805,0.0269525723796073,0.0289859313503101,0.0243733722452242,0.0215430054407481,0.0413565414372472,0.0529695711569825,0.0288535075452483,0.0343642584003211,0.0278299923523939,0.0282736717917,0.029103477440541,0.0260332987657194,0.0368762335459502,0.0253668062255421,0.0213055167308274,0.0316553867333383,0.0363704252933037,0.026214476000789,0.0253472142180638,0.0293181432998389,0.0369909385289909,0.0382933806971267,0.0277343541516799,0.0151745588770706,0.0183483376645356,0.0240325800814643,0.0354366787832428,0.0242009513505138,0.0478774730609887,0.0347611733239253,0.0136630951964181,0.037072121181719,0.0271609677018656,0.0128468684935527,0.0164001570708563,0.0253502978547552,0.0193061575519396,0.00554913681847985,0.0265549823641346,0.0314096450652321,0.0160404555265891,0.0296044546102548,0.0454507484626211,0.0173851065336687,0.0269468926955025,0.0272366907100152,0.0182688306955362,0.0595323476916211,0.0297112910711571,0.0355906581314891,0.0177375468830447,0.0174190696194033,0.0338311149858311,0.0278687105995653,0.0174534246622134,0.0258052989920368,0.0206808136623535,0.0608708421590232,0.0400158399803561,0.012844266626817,0.0200646515167276,0.0307010768376146,0.023901489484641,0.0395511599361001,0.0205097819603611,0.0162146031510251,0.0259612236341961,0.0258701223277675,0.0344778654343559,0.0219838043485346,0.015103096360132,0.00961030578327298,0.0179538462963804,0.0221882862706687,0.0114137419124,0.0423766876411097,0.0280148254057964,0.0336684431454655,0.0219081041210668,0.0322696973748053,0.0339244700674113,0.0436827799490865,0.0312230443617845,0.0366593258310071
0.0328787002326797,0.0126502048284623,0.0349321870204461,0.0275983503506888,0.013667023656212,0.0265869507757498,0,0.034396274308528,0.0445178220274622,0.0163277020203366,0.0292666078492495,0.0138641576890292,0.0147748980046846,0.0464308352649544,0.0584067134583727,0.0108755934605491,0.0172908263384341,0.0324981443212983,0.0340716175766922,0.0524207718424226,0.0459889337533185,0.0501503898202182,0.0357603214428931,0.0505659854332932,0.0435431506614912,0.0238966191961927,0.0120394987363938,0.0145947650255768,0.017256329937646,0.0303756561308286,0.0312525260753867,0.0230424834028155,0.0444752231055807,0.016040828503418,0.0541838186535299,0.0198842994278454,0.0278206339603877,0.029566179704687,0.0216397054976639,0.0362588181089734,0.0475244202074633,0.0280923774949437,0.0321665314076531,0.0125705205196927,0.0413945556796297,0.0312595191893252,0.0303946453184558,0.0206911001681463,0.0674909181823844,0.033022806804043,0.0234853786630561,0.0288391726818041,0.0244152373807047,0.032041953808547,0.0384128515800978,0.0302107114169519,0.0365691660831672,0.00884569923505316,0.0720678538135502,0.0347706814892747,0.0138727367858239,0.0315086477417007,0.0352483880010589,0.02096504939489,0.0267670147121101,0.0171220538042826,0.0295502891877889,0.0176136332022902,0.0153862250079629,0.0120974022947735,0.0144071267114193,0.0453795986046177,0.0355628042683254,0.0240696653242703,0.0238238081189738,0.0184442978001101,0.0134264885066034,0.016923525653143,0.0208494909911262,0.0451415994056293,0.0280642950466382,0.0257160486712272,0.0237685478245303,0.0297682093141678,0.0371508299047847,0.00910849692464441,0.0182319226661308,0.0243864996214579,0.0508671942522142,0.01818788854674,0.00254952489126842,0.0140759217053497,0.0110708162914876,0.0238802923651333,0.0251824870531069,0.016312592556192,0.0345830254613561,0.0236595462590045,0.027934594166294,0.030931856998445,0.0361008043481714,0.0284485472277086,0.0339291600052384,0.0381659149380687,0.0154062540347407,0.0456221621757117,0.0355454612174707,0.0216825989989113,0.0270311066091973,0.0209169067046984,0.0252558373650766
0.0345212453656639,0.0182903026344517,0.0166574282395039,0.0289129482191609,0.0215738917747435,0.029113920272815,0.034396274308528,0,0.0277382210333957,0.0185675774875517,0.0385617658914461,0.0259154021435221,0.0212306697564999,0.0344513572085853,0.0426466764629181,0.0167671915593668,0.0173489898274922,0.0246590312956427,0.0139496291294029,0.0418075040136374,0.0370318060331116,0.0220291771314513,0.0268248234241156,0.039294007496882,0.0187244215738887,0.0160596546409231,0.0100051686554478,0.0277564661653652,0.0187482106524094,0.0199876954013868,0.0283476589919614,0.0163270495230531,0.0376684887767176,0.0298805130946936,0.0256293411614533,0.0219296288067846,0.0200607171367616,0.0184215770222419,0.0315197310995161,0.0118375248688251,0.0262782084057187,0.0231818564075404,0.0156281565915268,0.0318290055060375,0.011632710989129,0.0204922656118132,0.0273212664351587,0.0299007423273979,0.0289037013557997,0.0228336222000791,0.0205325836889692,0.00970703578317818,0.0156547892395712,0.0174975727152289,0.0412148474338323,0.0260156024203801,0.0362763335465733,0.0159566787078642,0.0326246160944082,0.013918038751811,0.0151272233015243,0.0245078643594181,0.00872910237756586,0.0116638474122455,0.0273228673125384,0.0167134787369668,0.0111027513458761,0.00710600313189034,0.0163791139206204,0.0152211552617157,0.0159894267416361,0.0342610934709192,0.0277042821551006,0.00803664527820229,0.00937752971530341,0.0230268684403464,0.0131482438230789,0.0117047435449247,0.0168409906835812,0.0129489092893805,0.0132496838513692,0.0235253188549018,0.015935089143045,0.0222841726884488,0.0156571026733755,0.0118548294474786,0.0114691566235099,0.0132124266131226,0.0176537657240619,0.0132516013077065,0.0120074609511632,0.016264596587212,0.013290619590429,0.0285185790524444,0.0111793361752352,0.0130389228457935,0.0211323531416804,0.0153641851573299,0.0275652947172292,0.0314868241223816,0.0160350825964007,0.0284180894812527,0.0215863538137941,0.0131369464286378,0.0267543746637637,0.0342626804470146,0.0126199033329793,0.0156130985834142,0.0144466468639274,0.0147209906553027,0.0260683725560527
0.0344515953819341,0.0265287549535536,0.0271986277910513,0.0191212622794151,0.0257213070268881,0.014036854768616,0.0445178220274622,0.0277382210333957,0,0.0178075951337324,0.0280714066486434,0.014128153512574,0.0415214030845262,0.0224457837298678,0.0183576119436531,0.0184259242257397,0.0147918328624187,0.0295792051585675,0.0262846839339028,0.0211983528977903,0.018548882696097,0.03476735280199,0.037210429175057,0.0262695644040147,0.0409890891211498,0.0256299145545676,0.010481583459566,0.0471091422308354,0.0356266031633384,0.0206156038948505,0.0170392853293194,0.0377331333914342,0.0438050185123955,0.035846006256838,0.0262193259704254,0.0201552297043559,0.0243409414873897,0.018676717816715,0.0163822606603115,0.0486967048193122,0.0171491166178125,0.0384002945529488,0.0219284279145328,0.03567998349019,0.0438443920256209,0.0291075229902045,0.0169794290681808,0.015123114205691,0.031507713743209,0.0237743567092465,0.0182977580835087,0.0271752078147761,0.0378698902077719,0.0162143941220388,0.0202862097383518,0.0205157592787774,0.0277834834683442,0.0138576774958986,0.0241120602137322,0.0322271590434804,0.0210917181890718,0.012286874186683,0.0457713442195783,0.0400745989802681,0.0206479563241687,0.0193639910960301,0.0191323115069353,0.0274826113727816,0.0187163789825452,0.0198735478574907,0.0106358414206019,0.0365098341134448,0.0246476083960106,0.023528809743021,0.0196553102802987,0.0374244836743281,0.0177019118147716,0.0170806131642283,0.0251519676891386,0.0291145820545321,0.022010451691803,0.0222145482975395,0.0276109888177225,0.040664895000307,0.0120766090682562,0.0201720841486056,0.0178571161240112,0.0153561648984122,0.0436830316710808,0.0219759501592415,0.0195428092676699,0.0170618266497389,0.0158747464945471,0.0222355934586683,0.0463076293978354,0.0375713593155081,0.0296604441752157,0.0237820089098957,0.0128473390391439,0.0196678239898847,0.019768406868857,0.0195874154398832,0.0352525800531076,0.0258126530315524,0.0303174194337507,0.0288064899121509,0.0504886769919156,0.0262582533922547,0.0398575622997121,0.0550206800964588,0.0202661965852161
0.0117215528541376,0.0344124450596859,0.0137966548175722,0.0401842763317463,0.0235843505866169,0.0171268759486876,0.0163277020203366,0.0185675774875517,0.0178075951337324,0,0.0524670730987899,0.0232543233387361,0.00674163135006431,0.0238575172836017,0.0276334532767574,0.0189524948074866,0.0402949995273643,0.0409998789759242,0.0129319671596673,0.0245197862522896,0.0265800920715574,0.0139826659075101,0.0254145926403504,0.0233408464586499,0.0213553073406802,0.0106959637194803,0.0244577626738218,0.00824686510258672,0.00593882647634032,0.0124301692238152,0.0259569393686794,0.0168158458203757,0.0411831768608342,0.0101180761945155,0.0275285573219081,0.0448778672152087,0.011037171854374,0.0102530351303473,0.0314410824056243,0.0155862180601207,0.0127974934165061,0.0143354937742369,0.0111489217673331,0.00906779154644386,0.0170970203946279,0.0197265582714366,0.0142858884685407,0.0340959569956474,0.017883888545415,0.0148894338460998,0.0148468735908295,0.0106426732309251,0.0103005268528492,0.0101628680727734,0.0184706454644085,0.016080812129973,0.0314979553629351,0.022053198217793,0.0280159721820433,0.0150205072469284,0.0188711558323607,0.0165704146035989,0.0123853736042385,0.0237921480425334,0.0279506026710657,0.00929752515659182,0.0139332817401002,0.0201230457807659,0.0123697819417732,0.00950601649392576,0.0134863092749251,0.0111522520603796,0.0239084569921079,0.0111435926631259,0.0148310722493577,0.012361336907023,0.0142438540955363,0.010324282363419,0.0134230322236924,0.0189328473494044,0.0269343592811538,0.0160920393460383,0.0126094028147803,0.0117146505164451,0.0174227775227116,0.0207833497870207,0.0120489883827521,0.0192483146750833,0.0215174634830548,0.0222291431896723,0.0229727141223026,0.012591655983439,0.0151641538681826,0.034316999413056,0.0151925338372075,0.0155344160930912,0.0169117836369154,0.0145831026760249,0.0220989758898291,0.0161498355459507,0.0174275021750439,0.0261594318861161,0.0363210803374307,0.0174298769734423,0.0242289946892525,0.0253718071913459,0.00931344284281276,0.0165089568051486,0.0217351695164602,0.0157814787453668,0.0164693091357398
0.0320884698180434,0.0368880477145174,0.0353115038353711,0.0259318361361332,0.0433504573864854,0.0236247446408481,0.0292666078492495,0.0385617658914461,0.0280714066486434,0.0524670730987899,0,0.0239460733180438,0.0248795899343403,0.0383088372865994,0.0358232805522017,0.0184163089391133,0.0282429643807433,0.0482389074054323,0.0212503462350123,0.0362103468725259,0.037504800481508,0.0182043914488098,0.0310561223018324,0.0339402570355885,0.0314807811431118,0.0266338219960275,0.0298449485255638,0.0284269005972588,0.0265600885896862,0.0382908990532361,0.0363286697325483,0.0110654336160894,0.0196846161863549,0.0195680017782222,0.0247699461025658,0.0253879999910799,0.0198788180619965,0.0157423026809659,0.0145994032200525,0.0216824546293084,0.0398945498742477,0.0293000192536347,0.0150372791846312,0.0266134449399991,0.0290551256740008,0.0317962440491767,0.0258452668690611,0.0188053678785781,0.0282779833511678,0.0340400439544045,0.0179853950156609,0.0325344877141116,0.0292151526144815,0.0160896674940823,0.0226647157449233,0.0347950530406173,0.0217469947593579,0.0345205558685209,0.0326557850007387,0.0332014708249655,0.0234894805800129,0.0180576253896041,0.0305424741130838,0.0403075048682688,0.0410886166181885,0.0203858853108451,0.0302317612344668,0.0361276073644087,0.0207147163044218,0.0214429438860648,0.0286188222792435,0.0260485001513706,0.0307922492073048,0.0289312098222536,0.0200683486981166,0.0261951808810859,0.0250148616493482,0.0262464430968724,0.0192170415490004,0.0266073964098496,0.0225712424718562,0.0288427285112782,0.0255816732229701,0.0242622375411649,0.0252423874588454,0.0173817322629967,0.0307497149798142,0.0291947934752932,0.0255127552233587,0.0368673505980409,0.0174997038412954,0.019125814153554,0.0543429945896001,0.0236943926739711,0.0260809976629224,0.0270330087543947,0.0244159816970954,0.0244896350772836,0.0223248825509914,0.0247289007137667,0.0257054101885126,0.0255619742835169,0.0168227082535157,0.0256037343476743,0.0337707649735242,0.0342094129524798,0.0261969542043951,0.018351075130585,0.0144721815635075,0.0216054667971453,0.0135860467841229
0.0294759129699445,0.0255646605794127,0.0150206744465786,0.0226227276844127,0.0313536080900627,0.0150840362445241,0.0138641576890292,0.0259154021435221,0.014128153512574,0.0232543233387361,0.0239460733180438,0,0.0162657176820755,0.0252537819141943,0.0234482220314731,0.0239095488865961,0.0247576900047079,0.0116352795561127,0.020103152401756,0.023729085939888,0.0234709383207764,0.0320917918858851,0.049606537893442,0.0226167827752414,0.0167363935808917,0.0202066462831053,0.0235810573122911,0.0109685447310423,0.0113541628127914,0.0216945794171165,0.0256086206905578,0.0195228144574517,0.0509037862559067,0.0113249577449188,0.0283807632221776,0.0269681455313002,0.0140426092469185,0.0140914897239293,0.0238238047437373,0.0203037660912942,0.0164127733073911,0.0242916787106694,0.0148464684088785,0.0155684807262031,0.0182407026802111,0.021697406221178,0.0207824390713377,0.039909946026724,0.0283521398288993,0.0256659842909536,0.00980933821924852,0.012829057567711,0.0206009718312174,0.0175736148723206,0.0271259280230745,0.0279223085997463,0.0194674011424603,0.0173168902042403,0.0293086240716674,0.0157563816905138,0.0132325287561066,0.0284685939710583,0.0183133944507188,0.0179578038056549,0.0127152585009105,0.0123721382727727,0.0319138852452022,0.0213794057138148,0.0159614536531733,0.0175031015316765,0.020420299694737,0.0202373265601585,0.0216316882035387,0.0208039306791833,0.0343446111603638,0.0229901937295252,0.0171093451669576,0.0133916355651576,0.0115907411844988,0.0237388154085364,0.0231434274331615,0.015616720293661,0.0256751868690418,0.0160855284688165,0.0395094429153579,0.0327236102635134,0.0141679307214638,0.017792195076668,0.021186760238019,0.0209828446696934,0.0376744766867045,0.0146289793772251,0.021029264393018,0.0206794513137007,0.0124761518131728,0.0186627729234103,0.0166982527140586,0.0126569111513821,0.0134541884824871,0.0178625641939483,0.00975694860072556,0.0231807845817799,0.0297241188533841,0.0193137209293478,0.0210609594611769,0.0168410273236335,0.0190620611360344,0.0202268195286394,0.0250530806280903,0.0246762405371468,0.0261152321256431
0.0244359098276389,0.0132461664806841,0.0391360789567791,0.0272732507197423,0.0283121190286812,0.0291593581343594,0.0147748980046846,0.0212306697564999,0.0415214030845262,0.00674163135006431,0.0248795899343403,0.0162657176820755,0,0.0268140343968117,0.0309651133058612,0.012323326148698,0.0317751039378645,0.0288616045888716,0.0422511871217726,0.0336535763419982,0.0325782672733362,0.0270478232872303,0.0252476605398374,0.0366378716098199,0.0411353465575952,0.0309950670996205,0.00819309505992595,0.0253153857194707,0.0228366993571612,0.0221563853161486,0.0290724771182759,0.0188170723066454,0.0432483679045447,0.0277974915016531,0.0310271189409415,0.0140249806021555,0.0353631137211027,0.0314471080530966,0.0275410116442234,0.0234938285257913,0.0420356740570065,0.0214195862204324,0.0259781860731337,0.0490017661290373,0.0441296973700767,0.0412178696582693,0.0352864709653933,0.0214764438886501,0.0261942991765482,0.0182273271981326,0.0161575383657939,0.0358537005916136,0.0147636035672074,0.0198315127493008,0.0274953744482097,0.0440062552282613,0.0279171070614195,0.0134832848564265,0.038223954101975,0.0449842237557328,0.0141848357494132,0.0133697377756534,0.0238573042591919,0.0352151258426564,0.0265880538637659,0.0198347768554939,0.00895360740125259,0.0169964262356908,0.0138007344417684,0.0162283740218436,0.0210020454194191,0.0318144840551952,0.0428042895896804,0.00877774404056482,0.0274116129810509,0.0186030260139309,0.0101158748404265,0.0127149610520089,0.0175500105153053,0.0305187382316933,0.015549459334903,0.0298087292611545,0.0169328792938547,0.0156154181739851,0.0230127987045709,0.0123237417155564,0.023901262721315,0.030916151294329,0.0293450224474486,0.0188309797337574,0.0181129910648866,0.0198822120398638,0.0198679425810079,0.0170608814972274,0.0312417104304969,0.0147945751031405,0.0364031774245899,0.0136819531676425,0.0380388989090905,0.0407366812811011,0.0503100949410507,0.0221944683476527,0.0338513119005348,0.0270875554035792,0.0383062707267773,0.0567536977396521,0.0314643337624084,0.0149215413084038,0.0119691147870022,0.0292815265852488,0.0221737183074066
0.0349600863562494,0.0217542853223941,0.0156249849375838,0.0265950897603303,0.0167657497242892,0.0295728405855354,0.0464308352649544,0.0344513572085853,0.0224457837298678,0.0238575172836017,0.0383088372865994,0.0252537819141943,0.0268140343968117,0,0.0437101156324048,0.0166954722221943,0.01411454824266,0.0211325913938295,0.0183772193084007,0.0368890761116422,0.0371052585451726,0.0232716085329538,0.0319754969599897,0.0211800592335057,0.00838787762539528,0.0206805417929879,0.0134056615715597,0.0346117429027216,0.0248711083461348,0.0234164606986174,0.0247544120576355,0.0220390182281156,0.0367839790486175,0.0319538171170165,0.0169151282477301,0.0202004144834466,0.0225753621879449,0.0205240288395069,0.0276153192297316,0.0167169274276551,0.0261952058636506,0.0285544456632045,0.0198874387508293,0.0304275553858071,0.00988951194642951,0.0197126389813473,0.0245343771197793,0.0260217482854152,0.0259509770242387,0.0235697404657928,0.0229639352457299,0.0111827370298193,0.0247697815763139,0.0256874156118771,0.0403680374171401,0.021194807420714,0.0339379727120619,0.0155372760594435,0.0284563266485493,0.0129375709761182,0.018049736871035,0.0281657271650187,0.0222018848475433,0.00923835513566106,0.0284657868691444,0.0215784432994728,0.0173840791401316,0.00911077298580257,0.0212436003977065,0.0190971502105253,0.0142245360761232,0.0376055858374648,0.0133814982239911,0.0164779445920443,0.00645112391035599,0.0284032498976845,0.0171640775550625,0.0158112117570954,0.0200363182520878,0.00737639769904946,0.0100086246782359,0.0253499651166747,0.0185244669449781,0.031913235549406,0.0135045025877837,0.0126669128771657,0.0153090405612742,0.0146802834365078,0.0123736577486562,0.0147095946585378,0.0136332596021538,0.0214747127272312,0.0125629683186605,0.0305161140993052,0.0135050897269078,0.0211418208537523,0.0229957876888612,0.0216954077500233,0.0253182238350435,0.030689520846037,0.0151968660333294,0.0316829994797524,0.0160224021228995,0.0185643863728092,0.0230446404911892,0.0130329446638892,0.0268895190150138,0.0207509074190061,0.020435870697419,0.0185249367373852,0.0260172526968216
0.0372729059855604,0.0266026311405273,0.0189635450461685,0.0218684704020525,0.0145193989174956,0.0255678562830345,0.0584067134583727,0.0426466764629181,0.0183576119436531,0.0276334532767574,0.0358232805522017,0.0234482220314731,0.0309651133058612,0.0437101156324048,0,0.0153912096044619,0.0133451464819497,0.0198689111618103,0.0220333703153196,0.0290222856252191,0.0327129576316818,0.0246637593742543,0.0329777490729254,0.0180540311415012,0.015865408070181,0.0273275571766229,0.0184883802727745,0.0467547582189409,0.0285326932256081,0.026292493546708,0.0217204404440452,0.0286009552632647,0.0323029909188058,0.0358643050186345,0.00929230983499171,0.0202251477528846,0.0268878481060022,0.0236978992174757,0.0286164466760818,0.0223003217525694,0.0252343002178801,0.0286949179799691,0.0216627674753685,0.0353259210822594,0.0167121087661392,0.0197865253658246,0.0272924576150269,0.0232734700426852,0.0172109651394423,0.0195267029700335,0.0199419577287727,0.0163717352978771,0.0280691482747676,0.0236392501483268,0.0360269933779971,0.0152169840268536,0.0273119693999463,0.017852172032404,0.0232637408661413,0.0181822367690705,0.0237486315782797,0.0257047971661062,0.0295609441684083,0.0132897624191107,0.0254416609840929,0.0219558960652985,0.0219244272423315,0.0136329217821099,0.0215385866320908,0.0205341018410545,0.0150911195291899,0.0396176973906007,0.0105460030570687,0.0215012680129775,0.00576736423238114,0.0282260534263042,0.0176895795243129,0.0179136973939282,0.0191135936818925,0.0121202290570708,0.00926466112927618,0.0221332630823784,0.0203778526369989,0.0364351412520732,0.0136767250038477,0.0139358781591232,0.0155405319853048,0.0172622409304153,0.0154301797131931,0.0170170370746025,0.0183844724165219,0.0250421656582743,0.0135608355724994,0.0267145951790204,0.0245322960388411,0.0298601975141897,0.0249338736083534,0.0250622257569849,0.0191362131843402,0.0270620313017937,0.0198886315788085,0.0326946104142314,0.015292769151504,0.0212316159613607,0.0204037235118344,0.00956281458144898,0.0342146632690775,0.0207960090757798,0.0208961384428053,0.0295096348373467,0.025010280183064
0.0181876405596055,0.0235038427450806,0.0154349525625854,0.0269767561890062,0.0128481585558042,0.0198499324310203,0.0108755934605491,0.0167671915593668,0.0184259242257397,0.0189524948074866,0.0184163089391133,0.0239095488865961,0.012323326148698,0.0166954722221943,0.0153912096044619,0,0.0185138956147319,0.0305459006517009,0.0179140698451903,0.0173894662440153,0.0199997979133935,0.017270955108162,0.0223614115784391,0.0179112867744179,0.0154939829874866,0.0164558919032322,0.0122813956228871,0.0145240489399823,0.0155825244739479,0.0204961699771815,0.0207422980978926,0.0151552453724203,0.0180890865268322,0.019763965050758,0.0225244738872395,0.020053747385252,0.0163625576120702,0.0172771742138647,0.0294745049081693,0.0158801160249624,0.0204288935759567,0.0157516148439785,0.0164029036298855,0.0228366044239964,0.0157645998847092,0.0196757938683323,0.0241808820499103,0.0350971785112222,0.0159843490392432,0.0153656704533617,0.0204925705512406,0.0106734018937541,0.0140089010856924,0.0195043847535966,0.0290530731977002,0.0219961011749115,0.0330953290577338,0.0201917084469701,0.0192540458602218,0.0167319092238131,0.0132134002636267,0.0208184559480295,0.0145950963988669,0.0158588223765326,0.0193447918806364,0.0213425522109072,0.0163232912708656,0.00924478759195402,0.0237153892140062,0.0266182607981172,0.0291392942695968,0.0166643558126486,0.0196162446738617,0.0114456262266919,0.0242443796849144,0.0229280676587387,0.0289277075379944,0.0266561371685186,0.0269677761240095,0.0172836684108556,0.0174387594195426,0.0192880990573086,0.0104968075759941,0.0202155272923247,0.0182929401045341,0.0275905123350553,0.0225579472979251,0.020431952860569,0.0201166192608296,0.0260574130410207,0.0242003539377322,0.0248926007084641,0.0176790793000687,0.0238571432550138,0.0163905507962452,0.0180471757020081,0.0210649490433354,0.0214670403343199,0.0291442303825867,0.01923512229023,0.0187586424317873,0.0194126087542376,0.0249350898380365,0.019253987943747,0.0319080139227551,0.0215235918660972,0.015802261201611,0.0173834799560926,0.0162576639791466,0.0160921568439581,0.013383361224705
0.0213328317297368,0.0154398145085858,0.0207837285834162,0.0209714410641819,0.0201520992812561,0.0227073040641279,0.0172908263384341,0.0173489898274922,0.0147918328624187,0.0402949995273643,0.0282429643807433,0.0247576900047079,0.0317751039378645,0.01411454824266,0.0133451464819497,0.0185138956147319,0,0.0242472992641885,0.0207236553679676,0.0128383106850592,0.0132713060145974,0.0158603612695571,0.0459045713328477,0.0132833594433858,0.0151244905134372,0.0231422149929597,0.0304866845542994,0.0214299305515697,0.0252561911412173,0.0246821848549487,0.0168849831379115,0.0139096119918245,0.0474362647527965,0.0333320001690652,0.00695641658098259,0.015091715732377,0.0201365270111709,0.0198936219765347,0.0201145852517267,0.0133186402792025,0.0189163667857091,0.0211467056269319,0.0194270295496718,0.0238654873680074,0.0142712417877279,0.0168072075700485,0.0171491902500903,0.0162408591590986,0.0131929087641183,0.0225492642258595,0.0127787308198881,0.0233284120435549,0.0307985692783105,0.0199561959818851,0.0193472445668787,0.0245892605524214,0.0376388952459044,0.0259421642495069,0.0263405465447156,0.0150291493125954,0.0178105227939704,0.0240862623768425,0.0200970515870021,0.0179946871988791,0.0543816427007132,0.0232191859226438,0.0394798818600234,0.0220454613022914,0.0207088592719722,0.0175464018637975,0.0460875193095318,0.0233557149928122,0.0132552329188635,0.0298805674452059,0.0101958720050377,0.0219637865419953,0.0192980166497054,0.0438306538863685,0.0264872442729672,0.0117595870283823,0.0167629952354703,0.019368047091898,0.0157341788484155,0.0261163265186146,0.0188922627733708,0.0257845387581502,0.0290413091233471,0.0196090254806333,0.011767525590921,0.0245396168937302,0.0256258533952306,0.0164957513181187,0.0292502705185653,0.019965301325194,0.0153356915103301,0.0129980706920758,0.0148433143484437,0.025327210366157,0.0138864560106582,0.0354331678535069,0.021569207807282,0.0219422292155774,0.00680424225491167,0.0162384325216392,0.0187090790221499,0.0186019557975361,0.0183937783688007,0.0445510126898439,0.0138560950208718,0.016945244573915,0.0253707589263665
0.0283263492046181,0.0219534395643596,0.0227959599453006,0.0339183425112638,0.0296578233825612,0.0125246885427361,0.0324981443212983,0.0246590312956427,0.0295792051585675,0.0409998789759242,0.0482389074054323,0.0116352795561127,0.0288616045888716,0.0211325913938295,0.0198689111618103,0.0305459006517009,0.0242472992641885,0,0.033314504569005,0.0215748217538714,0.0180386000144554,0.0296712661819594,0.0265658648495565,0.0242567109523706,0.0235505478821112,0.0240903897245023,0.0326053713727335,0.0263342127948526,0.0257171816252689,0.0264958462774283,0.027508718369747,0.0272981789738341,0.0148813848430436,0.0202375128648327,0.0281873901534355,0.0334047201518567,0.0259033053650555,0.0250856689927726,0.0235494141342347,0.0276999017683965,0.0262513835541525,0.033000358035296,0.0267324860272488,0.0209858988543808,0.0298472804521786,0.0293074602089478,0.0212947679392844,0.0271642356619616,0.0308938721998702,0.0253800182561878,0.0180581928351569,0.0300103959212178,0.0285426646548522,0.0262781931791151,0.0276945672162004,0.018347863842262,0.0312411547077257,0.0259588650143251,0.0172745845957739,0.0267050676897827,0.0167561610258861,0.0249855479183281,0.0297996527307479,0.0249825046010345,0.0439467276520739,0.0256670904690104,0.0364908807288292,0.0269084018407908,0.0239643102169782,0.0235346023986783,0.0217695649729828,0.0392686210936135,0.0260566736631344,0.0324778931173446,0.0272528503471338,0.0449580640522937,0.0287647181319157,0.0315166292987705,0.0300407808125564,0.0320630053032229,0.0251159379761276,0.0260682884644211,0.0261778018632985,0.0357684564517338,0.0227463614099492,0.0331838430517437,0.0232963846693915,0.0239042845752497,0.0352283329068034,0.0308647162761179,0.0419626293923559,0.0215967226253799,0.0204942409529235,0.0148700994417741,0.034817617458796,0.0407794519763302,0.0300148031606884,0.0334645851070931,0.0133227314284947,0.0155400284015002,0.0241937197266426,0.0328245034020588,0.026876421337854,0.0298363981827851,0.00825026355106959,0.0221515527955521,0.0329866018524702,0.0324780091635804,0.0382481654020116,0.0315268712073618,0.0173757397589827
0.0277144278070762,0.0245637945120536,0.0183300517376266,0.0226208124207728,0.0194415906610557,0.030367605185377,0.0340716175766922,0.0139496291294029,0.0262846839339028,0.0129319671596673,0.0212503462350123,0.020103152401756,0.0422511871217726,0.0183772193084007,0.0220333703153196,0.0179140698451903,0.0207236553679676,0.033314504569005,0,0.0221626594487097,0.0244092518291996,0.0186871074537217,0.0266683088346937,0.0231173554626802,0.0299793048070907,0.0208698549954559,0.0074701860543957,0.0347223678498854,0.0320901954228727,0.0149666913067239,0.0192453553931851,0.025454471244009,0.044906650334176,0.0395226947070611,0.0211766928785052,0.0103135332995284,0.0331725755655681,0.027288555891964,0.0286785431266157,0.023890695180442,0.0205655088816295,0.021886624103699,0.0278158752455835,0.0464930116805914,0.0186818881199127,0.0114133497540595,0.0270261892131974,0.024994643915323,0.0213817442418421,0.0268528184910938,0.0250730725794207,0.0158733012004918,0.0222217008455095,0.027862433299855,0.0320928347415896,0.0299031753080282,0.0389647550027319,0.015818246392091,0.0352729290848676,0.0205022028246206,0.0222678263880996,0.0216188411047755,0.0160112599138596,0.0193186751991077,0.028559496840028,0.0246755530028239,0.0116020147170347,0.0110750280646053,0.0208640815931931,0.021994448020592,0.0181434744093609,0.0367845722814014,0.0378311856012773,0.00808504011889731,0.0116569527503903,0.0271552540821475,0.0183434478236543,0.0160748127778923,0.0260707624375086,0.0176103221253411,0.0139249161368407,0.0312122376453171,0.0129994030127534,0.0174045880140273,0.0158060407125544,0.0176473571827123,0.0175084231142763,0.0155323348813122,0.0135364387728653,0.0211651180104468,0.0170809121562739,0.0183821772152502,0.0151377836104112,0.027824323687332,0.023748679106749,0.0197232791867463,0.0131755954733803,0.0132342077694896,0.023587777378725,0.0301130515051247,0.0243550169769133,0.0288596078766543,0.0354629823274078,0.00941487754654981,0.0295710080874036,0.043328980640548,0.0339431618781524,0.0234026758537882,0.0347597760137167,0.017414419992748,0.030888589953161
