0,0.021456183513335,0.0412596845018318,0.0337204242372741,0,0.100244689135796,0.0424104594715757,0.0424147671675289,0.00694237515067867,0.0230366380918965,0.0822727670333757,0.0391540858937258,0.0840801989122349,0.03375719661758,0.0265653550670399,0.00995379544564925,0.0217721167328214,0.0428950264893781,0,0.00712757067676812,0.0301650358230197,0.0395858391091728,0.0554825296989144,0.00588904011949777,0.0406839866144516,0,0.0188719549694938,0.0202498819512858,0.0642855838376834,0,0,0,0.0414294453420341,0.0203971613365193,0.0474829508288729,0.0181925821446519,0.0239338766761892,0.0174553509083773,0.0413796082953001,0.00484539646084129,0,0.0246878225677837,0.00289205970473815,0.0110896788811067,0.0453963593572293,0.0214208309928907,0,0.0180741493070298,0.00442869718987437,0.0535470335307955,0.0737056745200859,0.0428246334770411,0.0295903304571058,0,0.0257758725703652,0.0573267556717988,0.0515117525077324,0.0162605218767116,0.0025825019176944,0,0,0.00772901173378334,0.0280667859935446,0.0213422877596279,0.0148502816963302,0.0285058366955434,0.0290407890627706,0.0360481482989778,0.0330215254275338,0.0137645127743386,0.0716587244622417,0.0293582981124565,0.0332530181332452,0.079241969112268,0.0226020736720728,0.0134539285542472,0.0725102791865877,0,0.0165645264686441,0.0143757069120786,0,0.0238799625302187,0.0257285615603083,0.0302695676289388,0.0110715256298663,0.0571273832079025,0.0235855907443285,0.0133512463376196,0,0.0128880094947564,0.0205024254188396,0.00505508467352765,0,0.0259814186509934,0.0542054727524785,0,0,0.0206867027058947,0.00928732620117814,0.108350414056217,0.100939836125626,0.0181820027938253,0,0.0267727237306957,0.15161096157912,0.011437259172775,0.0348802594845129,0.0260903062778385,0,0.00587096686817076,0.0254482528684528
0.021456183513335,0,0.0163177825814357,0.0193701400813762,0,0,0.0163502335412318,0.0187381528837682,0.0180270086028934,0.00798962869141718,0,0.00414709786458515,0,0.0144668726324476,0.00236147936603089,0.0271560444657572,0.00457286989625189,0.000697615805124599,0,0.00575693871223324,0,0.0156294269513347,0.00985813825163986,0,0,0,0.0353240399359676,0.0279558053546683,0.00480639350081581,0.0131943438286902,0.0307896285310522,0.00641181708523894,0.0563530006164863,0.0208793188761191,0,0,0.0124984475594088,0,0.0504447335222563,0.0342260010278832,0.00214767544729121,0.0458587854749369,0,0.0187089675744914,0.0103956390684608,0.0338935474504406,0.00474796797670286,0.0250898120091593,0.0211092549350079,0,0,0.00949761440472712,0.0272945144211335,0.0159660313988497,0,0.0144796088226198,0.00953922930846651,0.00652389646099051,0.0283595625828419,0.0216573946013037,0,0.00714973852168084,0.0145002598480305,0.00965810589588992,0.0041568607535916,0.00522136772743502,0.00966169268407081,0.00639394311802437,0.0147244525192556,0.0191257972201284,0,0,0.0192903189950456,0.00180058672136864,0.0204545774855576,0.00646511459719258,0,0,0.00765962442643962,0,0.0189700883771884,0,0,0.00866961419787415,0.00256762985707144,0.00793149566986059,0.0100191865021042,0,0.00813573888003805,0,0.0149920800193621,0.0048849736033957,0.00559988587524688,0.00395574550610169,0,0.013727219288613,0.0197675292062816,0.00633447937536124,0,0,0,0.0199416646493377,0.0122695534344411,0.010996703419252,0,0.00901198681937837,0.0109170102929225,0.0105237262343651,0.00878590409446769,0.0103339771642897,0.000695352231855433
0.0412596845018318,0.0163177825814357,0,0.0247037879832874,0,0.0670598594918003,0.119222902377198,0.0190269318139438,0.0857231220538442,0.000423090359533589,0.0600880206191855,0.00717838331538046,0.127122797923981,0.0585210438720752,0.056796238134293,0.0149119971966746,0,0.00781717700636353,0.0209406856840982,0.0414507466870782,0.0334189067527545,0.0985292485190606,0.0411562654097092,0.0148939191481976,0.0648384551197791,0,0.0915030742871336,0.0475447078259592,0.109371544503285,0.0197954383077291,0.0508294126333248,0.0293551571109721,0.112043784178321,0.02955233067113,0.0675919120713064,0.0299459501387972,0.0295220949511326,0.0168121066828847,0.13637074175243,0.069472438192949,0,0.086708103617243,0,0.0693405221930148,0.119559495184053,0.0655477397172782,0.0508382800982162,0.0497876227273229,0.0650848540534683,0.0488130781192378,0.0408125588647597,0.0312614890985493,0.0342591511770901,0.0671546856615546,0.025941749808069,0.0665839736281768,0.0402101031406325,0.0417927645577692,0.0595951751818684,0.0996221157463737,0,0.0206693867579796,0.0825018666042076,0.054008364839236,0.0228779496792485,0.0256700714369277,0.0485632912550091,0,0,0.0266551778235985,0.0721736770832795,0.0616126515841781,0.019926291705421,0.122648323028393,0.00743544893035762,0.101088258928403,0.0697440515668417,0,0.00905934385317305,0.0881635635162661,0.0613999574926415,0.0466964987946256,0.0259397292940202,0.0249120174890054,0.0939611890831953,0.0112635660971799,0.0369307375240523,0.0158522894415386,0,0,0.116481064938419,0.0153512692319107,0.0155149147817663,0.0270483383634902,0.04844048234851,0.0960500606580264,0.0491750265890631,0.0206457092268611,0,0.0960122905651882,0.0968453921718716,0.155479865774948,0.0422287130765541,0.0157741471261455,0.0373593364240769,0.0588070638386925,0.0432628073506726,0.0202518383958922,0.0284524874349552,0.0170370113292489,0.0031862575217458
0.0337204242372741,0.0193701400813762,0.0247037879832874,0,0,0.0828012668502155,0.123174211687677,0.0332188631430725,0.0443791256166809,0.0044097583537822,0.110320986993187,0.0342910907769497,0.109868442836344,0.0428791118130321,0.0261329049349077,0,0,0.00746023631571998,0.00080159476807933,0.0260508559679008,0.0193245523628957,0.0946438163440405,0.00789065990732853,0.0154604550593676,0.0680500124594173,0,0.0772421323933487,0.00135418601041574,0.107741519126787,0.0174787940231363,0.0522677832593405,0.0286335029049798,0.0697266597489919,0,0.046596757440616,0.0421893201710297,0.0151946584241503,0.0164427825219168,0.127942944007031,0.0553155245678646,0.01350369675952,0.0712704406317705,0.0012608793727215,0.077908202313427,0.101383359463445,0.021523345376438,0.0565950403868496,0.0208498072130057,0.0608057083850086,0.0217294891214101,0.0481688824266252,0.0303724027673774,0.0377242541807956,0.0525039607624764,0.0384807329357869,0.0339535297615958,0.0271961768368017,0.0462129040929382,0.0470515622389678,0.0470822141387119,0,0.0215775841343489,0.0650073638662787,0.0574143550750823,0.0265502320303735,0.033362482221099,0.0122787355753969,0.00532666904770765,0.0140992675058426,0.0370933422108152,0.0709029210822446,0.0591168101916946,0,0.126002239019923,0.0247994566994052,0.0752581392256719,0.0760872398415912,0,0.00460500160324358,0.102120749443326,0.0636623389900821,0.0538233103665745,0.00703656553615728,0,0.087679048608077,0.00889604226667947,0.010198436743447,0,0,0,0.0925427831139878,0,0.0234736939254217,0.0195549487391074,0.0368295240103286,0.0997492741169252,0.0211294978452775,0.0138324446480295,0,0.106076407178074,0.0888187502094096,0.147476943770086,0.042241552875224,0.013058403318453,0.091839622269366,0.07839106212071,0.0423855148106242,0.0133568238091084,0.0257689226998037,0.0182756941355964,0.0191933669571277
0,0,0,0,0,0,0,0,0,0.0304165485705078,0,0,0,0,0,0.0617879849051069,0,0.00700941630698293,0,0,0.00451447431587779,0,0,0,0,0,0,0,0,0,0,0,0,0,0,0,0,0,0.00431320180328678,0,0,0,0,0,0.0028410384018633,0,0,0,0,0.00908275753706257,0,0,0,0.00055866012210055,0.0101500176088197,0.00132098935890798,0.00486587635852762,0.00240809122002439,0,0.00168058751503107,0,0.0106720868843361,0.00114320933566961,0,0,0,0.00745040783943468,0,0,0,0,0,0,0,0.00760759313770377,0,0.00106759863779227,0,0,0,0,0,0,0,0,0,0,0,0,0,0,0,0,0,0.00050088929176157,0,0,0.000775089413832796,0,0,0.022468023030089,0,0,0,0.0202709516304463,0,0,0,0,0,0
0.100244689135796,0,0.0670598594918003,0.0828012668502155,0,0,0.0826603546884917,0.0240450808696401,0.0829001694270518,0.010250512101156,0,0.102402176975055,0.0608186762269938,0.0148832822802445,0.0669806015479718,0.0328962834699001,0.0515139535319796,0.0240805982717094,0.0208721478662019,0.0242361600110049,0.0311138395704404,0.0685813780984509,0.0785023088030102,0,0.0171617771136478,0.0342630883898376,0.0226105373501833,0.145156934127023,0.0885434182278884,0.0202605197172785,0.0778804255612819,0,0.141402022337724,0.140778231487849,0.07564379920421,0,0.140146733943973,0,0.118097245947979,0.187782274368866,0.0470242003816512,0.127695613841034,0,0.123767087370746,0.126789355728266,0.153310392123095,0.118039383885189,0.150298285042533,0.132844131165876,0.00613645606039679,0,0.0395101205114048,0.031008243699704,0.0728384607954595,0.0496488531042101,0.0423838137101492,0.000947411584874268,0.0205146154315449,0.132969646006675,0.16459057638282,0.00733321234205391,0,0.0771768176290835,0.0754380952601327,0.0192777781909733,0,0.0922912281917718,0,0,0.1143564197915,0.0115591376728506,0.0771876520275826,0.141471485186738,0.0316088345108336,0.0130814240767264,0.0756246754465517,0.0067271269793827,0.0030328064093137,0.114601812582845,0.0297950518784768,0.108902801604637,0.000444251552113385,0,0.0154913381595348,0.0482237458621709,0.031038492871685,0.0324302535178454,0,0.0394889507270313,0.00777064990563112,0.0905095279042499,0.026305556074475,0.080602943022277,0.035670764374654,0.0161366218793128,0.142072456722329,0.094089722364451,0.0767557282053905,0.0084674732510287,0,0.0860363325015969,0.151199030400129,0.136979795322749,0.102328863377162,0,0.100046834139955,0.137300029957696,0.0866699834063139,0.0578294530107122,0.0552160324283247,0
0.0424104594715757,0.0163502335412318,0.119222902377198,0.123174211687677,0,0.0826603546884917,0,0.040153197374281,0,0.00508008460367715,0.101886976067701,0.103218760537574,0.0723154352347554,0.024696547505552,0.0175321843404072,0.00308669300853906,0.0626427880442549,0.0648877043788054,0,0.0179090891765064,0.0229511932791512,0.00630082668216825,0.122790610797642,0.0206003185134753,0.0585514508787668,0.0278122354347654,0.0201610221485954,0.0840236718177998,0.0490570672828334,0.0280043515223375,0.00535021796071069,0.0103362023520177,0.00942537566400198,0.0848209428474128,0.0537822258424894,0.0677686102848843,0.164664600671957,0,0.0150445298832953,0.084756566862088,0.0189348888742904,0.0261647351418462,0,0,0,0.077933270122129,0.0648820965084899,0.112076258301549,0.0848480803948343,0.0562014216883678,0.0421074559281624,0.0491281816064538,0.0219620544818748,0.0108108704078688,0.0764094993792794,0.0320614973789097,0.0271676614564423,0.000454251055470416,0.050084517701288,0.0642956399539423,0.000892128423108909,0,0.036354772842919,0.0688062633206575,0,0.0173555908857025,0.107984855388754,0,0.0188914296635037,0.0486794590818601,0.069792836023213,0,0.121810884094808,0.0803168708410591,0.0265426152303174,0.0328602330920544,0.0832096990729861,0,0.0445714129200197,0.00211208540801584,0.0234496397030564,0.0264328045519441,0,0,0,0.0944236080016725,0,0.0114095442167244,0,0.010641106178555,0.0176289435371945,0.0141039577723202,0.0596370706001101,0.0623006331611162,0.0242583546503213,0.092017112530977,0.0476359171879559,0.171732135132167,0.0260285500137621,0.10928913687805,0.139821800673074,0.0540656230955643,0.0975357708431061,0.109328152053049,0.158842718684083,0.135246761857679,0.128102076107296,0.0902507746302197,0.0070571790899761,0.0538236528542478,0.00481529470358345
0.0424147671675289,0.0187381528837682,0.0190269318139438,0.0332188631430725,0,0.0240450808696401,0.040153197374281,0,0.0272919151663094,0.0048753698281298,0.00969444819393059,0,0.0439529390854176,0.0294489064472806,0.0128798045807084,0.00852256672294675,0.0112730799945685,0.00776549996363058,0,0,0,0.0490941834429475,0.0208393462503684,0,0.00333361911760089,0,0.0277198076954415,0.0355867503621062,0.04579812096455,0,0.0582898230293239,0,0.0822562778557285,0.0249497245688756,0.0264881249332936,0,0.0209956575265441,0.0211845429196135,0.0624386730729431,0.0370798003724399,0.00176290650914528,0.0652380267635591,0,0.0385025020381764,0.051769402356371,0.0410039050116361,0.00839562448063057,0.0248817374526672,0.022602207589866,0.0280776602452151,0.00924093470717776,0.013691923922381,0.025805281911736,0.0207481091325909,0,0.0477994316916633,0.0181244478039444,0.0142995172389014,0.0387503726477763,0.0391376267828258,0,0.00840870054730659,0.0289316119530933,0.0170030423117897,0.0140038118902487,0.016722493924423,0.021463176867605,0.0382938634964451,0.0228459696739584,0.0225654189918896,0.0252552089416184,0.0188010982884825,0.0238233270047636,0.0320916648103935,0.0323336568814555,0.0224203784840008,0.00421808401959078,0,0.00986322527053226,0.0165215286147982,0.0270130151814681,0,0.00996712089618408,0.0330243540058636,0.0183771544784689,0.0207391848498836,0.0261187473937793,0.00612131429847144,0.0181857250581339,0,0.033387265783248,0.0138594348008676,0.00665931097897862,0.0124530778952836,0.0211752636123112,0.0221335130376958,0.0257409416897805,0.00888444188970975,0.000377410859241058,0.0265108282253464,0,0.0426831933436925,0.0111082319240759,0.00997114665629389,0.02557143716673,0.00332588570808638,0.012703098321878,0.0138537133691462,0.0329801598507475,0.0035347322808574,0.00910984505956297
0.00694237515067867,0.0180270086028934,0.0857231220538442,0.0443791256166809,0,0.0829001694270518,0,0.0272919151663094,0,0.00229544110357905,0.060922309456173,0.0724526243380462,0.0975765772096746,0.0347344219656314,0.0155767930187276,0,0,0.0140260503368321,0,0.0127531723907134,0.0450378513426261,0,0.0395070733296244,0.0178167229937072,0.0294728389901243,0.00612386723919956,0.0341867998201895,0.0265774120253526,0.0555207164696364,0.00728711033370599,0.0114061767895764,0.0119334796245118,0.0122895902413994,0.0276211410283438,0.00545692910025393,0.0135445318738004,0.0195132681779515,0,0.0125684202845416,0.0196078000846979,0.0152522335985709,0.0148063437430124,0.00135056088153192,0,0,0.0166538498906192,0.00416466271811876,0.0243655781254702,0.0370754635579218,0.0156588788831387,0.0141889539039401,0.037967708260807,0.00850124600743274,0.0110093647544208,0.0387541914670347,0.000657509748422939,0.0369398282924295,0,0.00359296845121983,0.0223201668246039,0.00648215851415775,0.00416577441736535,0.007288651134285,0.00161977626198741,0,0.00608821720106167,0.015255353965512,0,0.0358426287221444,0.00673607258063294,0.0241245958365082,0.00679188869964551,0.0159238048316224,0.0390036129219068,0.0236228412429469,0.00368777186486517,0.0698703745357719,0,0.0104877488340084,0.0281681998673727,0.0141620143574725,0.0105136566793225,0.0074956326871863,0,0.0252224496236843,0.0205070541017773,0.00282646380500921,0.00345531180815668,0.0146062553305774,0.00271187700198185,0,0.0043161314348092,0.015648240056761,0.0334519251587579,0.0221051854170514,0.0126380601594469,0.0346546854104322,0.00368918901184227,0.0220846110237829,0.0755840763922034,0.0983984196318963,0.00452492605866542,0.013911342178869,0.0624039092097572,0.0560648338478702,0.0525361349693742,0.0505818501123718,0.0418573215608456,0.00660227586452023,0.0632981911951688,0
0.0230366380918965,0.00798962869141718,0.000423090359533589,0.0044097583537822,0.0304165485705078,0.010250512101156,0.00508008460367715,0.0048753698281298,0.00229544110357905,0,0.00508134261691104,0.0206083857064244,0,0,0.012339590090244,0.0174342050033646,0,0.00449279656189289,0,0,0.0268725349461937,0.023858015337194,0.00566780769377985,0,0,0,0.00370645860894339,0.0109181419675868,0.00366203032447038,0,0,0,0.0203254802140703,0.0128921767697153,0.0105286550302113,0.0179320167743205,0.0058282327968275,0.0222907958885082,0.0135361407342468,0.0265162236556223,0.0331493826701535,0.0183842561101368,0,0,0.0236104898553094,0.0119820272619068,0.0159373960757662,0.00621750917538476,0.0278338342450637,0.0379682581274587,0.00375604629960847,0.0181779305757247,0.0165800367124599,0.0127921654266142,0.017709428587456,0.00299284321796533,0.0262785754379786,0,0.0159676029667905,0.0301427131280933,0,0,0.00368564099316401,0.00221926724569074,0,0.00213764852981579,0.00642176684582633,0,0,0.0166044216745184,0.0116187885224876,0.0198824422153595,0.00934376894837875,0.0238245736711258,0.00559644477384559,0.00132716838255646,0,0,0.0140902598145756,0.0265505850572305,0.0220543385759244,0,0,0.0154141859793191,0.0105276156691921,0.0121341414249783,0.00434408341290744,0,0.0258329590703762,0,0.00944785669750183,0.0172794969152355,0.0263345056308865,0.00943691534063522,0.0172410408401427,0.0241153621449413,0.0341503130842357,0,0.00729517278263904,0.00590213162599407,0.0136749146028056,0.02932089325272,0.0264872535775952,0.0200515244587282,0,0.0111543203508545,0.0309073013681589,0.0249181665865468,0.00320519547305687,0.0197261678835489,0.00916675023010203
0.0822727670333757,0,0.0600880206191855,0.110320986993187,0,0,0.101886976067701,0.00969444819393059,0.060922309456173,0.00508134261691104,0,0.110984393066536,0.0367297846054234,0,0.00269298695055612,0,0.0346091454709765,0.0486309102502806,0.00428940380625705,0.0175039878605635,0.027466112759468,0.0961931688296011,0.0676488579422444,0,0.0511750999646176,0.00449111622983066,0.082999786145787,0.09378278219955,0.0636846796400917,0.0320355367007073,0.110994018733587,0.0303194697700149,0.128710446204958,0.0729884105365619,0.0248070764789592,0,0.114439111468091,0.0146955080572238,0.13955587526016,0.127065386509263,0.0429657487214342,0.119901384643919,0,0.10827970823078,0.115925200581343,0.0943547909054721,0.0984059019259145,0.106210729870603,0.112836494943163,0,0,0.0157341397272933,0.0162961025726189,0.0713072986879713,0.0755793626700098,0.0753100189112348,0,0.0854661877570185,0.0970708592358655,0.106746856277668,0,0.039976161072863,0.142603140932516,0.113083142839558,0.0635281396866151,0.03690088856667,0.119150493243602,0.0114815485666466,0,0.0944375389420831,0.0541272180786778,0.0753626098650488,0.117024324678462,0.09167977647822,0.0147538200024437,0.0963289412416146,0.0408899083390169,0.00179044137353614,0.0757665791669766,0.103969691013667,0.10069279140839,0.0472665499764694,0.00837190449080646,0.0118002305812549,0.0792562312127548,0.0564532571027915,0.0321251335614829,0,0.0163397860861391,0.00167930453886263,0.104155049560002,0.0366438569528095,0.0399363992491858,0.0307823545595904,0.00589136397019216,0.11869878588854,0.0602817825100187,0.074125346915598,0.011958512781424,0,0.0356199131404463,0.142607864727192,0.100481550540739,0.0928792333336232,0.00141061293872712,0.0977194832668259,0.124631256656305,0.104341604774455,0.0619102344436469,0.0332622447178695,0.0284954892961072
0.0391540858937258,0.00414709786458515,0.00717838331538046,0.0342910907769497,0,0.102402176975055,0.103218760537574,0,0.0724526243380462,0.0206083857064244,0.110984393066536,0,0.113693348819353,0.025880338544636,0.0383163752664505,0,0,0.02279824203921,0,0.000614444745816097,0.0177203025470582,0.113435743306378,0,0.00539588562607514,0.0339199948350239,0.00128348113890327,0.0570404726706315,0.0351532486977888,0.121544413261667,0,0.0525950113171741,0.00619576270956804,0.105149200186821,0.00804559822752178,0.0362493700770569,0.00291895792554076,0.0498258434759502,0.032429584440713,0.110498600446649,0.102848900605644,0.0105879274865121,0.0830725226525622,0.0249061438175543,0.107003859943006,0.13574131061728,0.0654620358448672,0.0519644965147294,0.043145823175446,0.10248690669309,0.0032737130704925,0.0442294651130647,0,0.0109652675169658,0.0432814180839227,0.0354000417359541,0.0459419354341762,0.0366326143610161,0.0303523971904462,0.0724624868045504,0.0893531235508471,0.00524136386181488,0,0.070616029735973,0.0467431663291748,0.0106976255675278,0.00475345984142331,0.0556769640945914,0,0.0191801620932031,0.036101990713186,0.0510561858141336,0.0768399482366414,0.0300571566569695,0.0965258575499089,0.000547907895099619,0.0844237675524484,0.0615238099990184,0,0.0121224936614819,0.109744891469431,0.0950632779633486,0.0461811879777718,0.0266419120435275,0.0105205612455127,0.0967473434082854,0,0.036674291828628,0.0011520218535636,0.00748155283687001,0,0.108196189464599,0.00924751385329249,0.0490922811706327,0.000229487201999722,0.0466481808727186,0.109319201083251,0.0469099986014716,0.0363750197217273,0.0155239409736711,0.133465225876942,0.0767919782447603,0.151117461011625,0.07348864510634,0.0137584266643043,0.0567865995607988,0.0542043287584006,0.0440768318377073,0.00690048386736996,0.0342057336690278,0,0
0.0840801989122349,0,0.127122797923981,0.109868442836344,0,0.0608186762269938,0.0723154352347554,0.0439529390854176,0.0975765772096746,0,0.0367297846054234,0.113693348819353,0,0,0.0217355564061326,0.00646429792710639,0.0981973225566363,0.0660193708390002,0,0.0226334084769039,0.0215980311379394,0.0599618019655494,0.123084636171386,0,0.00709675891466644,0.05860592276423,0.0362583910467012,0.151382445003748,0.0762612490868567,0.0309745426806167,0.0600912931460388,0,0.126937957411169,0.144828062623788,0.0606617090258417,0.0254657464116869,0.128626975143311,0.00487006660926294,0.113088143006254,0.164888601573395,0.050008920825717,0.120125415443957,0,0.109411003141545,0.090587583680731,0.140986325644363,0.0986964023848521,0.154841925064785,0.130336282436342,0.0231782482050233,0.00555301111439448,0.0647093794053865,0.0251516744768727,0.0631540120381554,0.118301395344789,0.0505008043182241,0.000465894260089801,0.0336210053478966,0.123298047744169,0.15195276173731,0.000206865346944718,0.00621264299861267,0.0832576081091695,0.0846723232763082,0.0254294520861372,0.00853443466270906,0.108896444921149,0.000197436078202047,0.00827639349842737,0.110264636457873,0.00888608867594447,0.0246035194663253,0.14286093098538,0.0289579756922416,0.0398058413006363,0.0574937788493354,0.00519928266058603,0,0.109585818344132,0.0375149443355497,0.117206361510268,0.00468188703776645,0,0.0151276436419769,0.0467543205492245,0.0814566942652924,0.0337965479339035,0.00112521032592549,0.0443981729862441,0.00733511561101784,0.0676319416580729,0.0424528372348246,0.0764078375746458,0.0766419757132755,0.000362205501241975,0.12139791715922,0.0903949680868068,0.0801475171846667,0.035796029899048,0.0621386368415869,0.0923739440306892,0.126127204170902,0.123605847981618,0.113009808304228,0.0571001671316165,0.0948317444777514,0.123613642699873,0.0971025107231944,0.0438917858384422,0.0821539570502796,0.00477450144114795
0.03375719661758,0.0144668726324476,0.0585210438720752,0.0428791118130321,0,0.0148832822802445,0.024696547505552,0.0294489064472806,0.0347344219656314,0,0,0.025880338544636,0,0,0,0,0.0048649421882436,0.00398227708656981,0,0.0148539550191908,0.00670653054369474,0.0353156639874605,0.0205426514104666,0,0,0.00429673121687241,0.0231190278304057,0.0424924398757611,0.0118498910121411,0.00911329549884542,0.0341651521663346,0,0.0621285599659144,0.0389359356192135,0,0.00413895165501709,0.0355881251885611,0.0229422875848149,0.0533589619601729,0.0531221736041998,0.0211241486165182,0.0542475372670046,0,0.0287528804147347,0.0348807084107796,0.0404529945590547,0.020489567275623,0.0301239124572017,0.0490681003151251,0.00127940935280796,0,0.0394655609008799,0.0139669427340485,0.0265759331218586,0.0267130227410162,0.0147222678873935,0.0111595714675862,0.00744448422157351,0.0390246723972934,0.0510607316687312,0,0.00153251675853001,0.0251481020786618,0.0212678138639365,0.00395806544401479,0.00137457870279558,0.0313419389962356,0.0106251854063687,0.0176555842170468,0.0335195601768635,0.00294974237379386,0,0.0348469245061153,0.0159079172871003,0.0323405401681761,0.0148462055654509,0,0,0.0247993356648319,0.0174447935047131,0.0410054530459495,0,0,0.0133139334965691,0.0185563372576725,0.00561773936361815,0.00407562027075366,0,0.0241371753649633,0,0.0187132601370532,0.0105391635291202,0.0257894286994248,0.0121026308623782,0,0.036459499399123,0.0379042042677412,0.0101472627509759,0.00524595403640328,0.0051078810260036,0.0128275059477572,0.0456063084501448,0.0269519161789685,0.0321346323632962,0,0.0192334143364439,0.0374688594674331,0.0292246676950197,0.0292374943277159,0.0287503326297953,0
0.0265653550670399,0.00236147936603089,0.056796238134293,0.0261329049349077,0,0.0669806015479718,0.0175321843404072,0.0128798045807084,0.0155767930187276,0.012339590090244,0.00269298695055612,0.0383163752664505,0.0217355564061326,0,0,0.0272884585480031,0.0352142299146502,0.0102849256148822,0,0,0.0427474614212566,0.0268624813975641,0.0458229499865156,0,0,0.0165584589682991,0.0198977087519326,0.0519819041729781,0.00785902551590628,0.0504896982393295,0.0144328481138906,0,0.0443849212035692,0.0555327878336298,0.0129902369196565,0.0483382311444658,0.0396725249417482,0.0186458854444574,0.0464853381462026,0.0647232266361834,0.0294135844668348,0.0453618345798777,0.00947530170163392,0.0192459185083683,0.00682463604997662,0.053302667493942,0.0277819978172232,0.0482646010584303,0.0480347436682878,0.0125756860381006,0.00223000507279506,0.0501058060021214,0.0331480419607687,0.0230082397101229,0.0541498425604632,0,0.0363541617282292,0.00970654081740006,0.0346403474888128,0.03728328041715,0,0.0101226502132204,0.00583635407950903,0.0158270556880849,0.00299268738301798,0.00349298131820984,0.0253099084264624,0,0.00488301211851226,0.0402178801437807,0.0374285514943672,0.00111674416227925,0.0471797423334158,0.0263080345982877,0.012939902356425,0.00157537758821853,0.0496776358559667,0,0.0360332103446339,0.0146384284299332,0.0390516991500439,0.033978340211947,0,0,0.00806558999785232,0.0239599820042478,0,0,0.00320603881578695,0.00728609786022335,0.00895234817924653,0,0.0320726478227659,0.0203269650091631,0.001065771366628,0.0318272875209907,0.0168631303370163,0.0104855220830073,0.00886355584542075,0.0448054136567759,0.0399428180853374,0.0261027490986311,0.0353077891541795,0.0365958125932412,0.00634281939673016,0.0199369540862574,0.0402256422595051,0.0336038371904469,0.00916468506341636,0.0332216010889022,0
0.00995379544564925,0.0271560444657572,0.0149119971966746,0,0.0617879849051069,0.0328962834699001,0.00308669300853906,0.00852256672294675,0,0.0174342050033646,0,0,0.00646429792710639,0,0.0272884585480031,0,0.067444846166922,0.00622792067602984,0.00623196887309396,0,0.0366380918171517,0.0309149287237615,0.0426995432879904,0,0,0.01269054025709,0.00481544442423516,0.0299107258755859,0.000590633388438622,0.0642590816107427,0,0.00146764352079458,0.00231914783970954,0.0248499068664083,0.106296892428996,0.0948618732538595,0.00989076719086386,0.057928194211365,0.00520948006038668,0.00470183816622253,0.0292548515186048,0.00635187936592377,0.0295569862264026,0.00974587055335572,0.00246358306268611,0.0183530734764428,0,0.0352597426236573,0,0.0944919520608348,0.00132088168177947,0.0368999929402101,0.0466560295941752,0.0190588981439323,0.011614600116002,0.0107975758375451,0.00525036805052764,0,0,0.00634422603249268,0,0,0,0,0,0.0197733031529236,0.0162483858470934,0.00749521577014345,0,0.00555887568465797,0.0429730291637382,0,0.01163067495154,0.0576285301184414,0.0187247973004842,0,0.0118828365658599,0,0,0.0306605136979105,0,0.0198175910042818,0.0013447060004272,0.0167916316018646,0,0.0314220376314358,0.00105191583657624,0,0.0130872459966885,0.00194234648891151,0.001890257620964,0.00218358017862888,0.00841050141314995,0.00843663995268503,0.0441704742947796,0,0.000107132036449489,0.00673727510189668,0,0.00230689455012346,0.00115267597012703,0,0,0.000746275680254293,0.00113609781245331,6.95255247113805e-05,0.00195912556828339,0,0,0.00232981549312018,0.0140114600019162
0.0217721167328214,0.00457286989625189,0,0,0,0.0515139535319796,0.0626427880442549,0.0112730799945685,0,0,0.0346091454709765,0,0.0981973225566363,0.0048649421882436,0.0352142299146502,0.067444846166922,0,0,0,0.00823353173425576,0.0319439051758349,0.0516536811383223,0,0,0.0295837788047995,0,0.121382720713894,0,0.085559080877018,0.0371222024532265,0.0796184011033532,0.0304078532298991,0.0778266461495157,0,0.00730316031339859,0.0223844219629379,0,0.00537963507792794,0.102570396291615,0.00542096670742393,0,0.0745671894803844,0,0.0465560011268342,0.0331245130317193,0,0.00755737781677712,0,0,0.00264104675450569,0.0265833155555171,0.0215657315986686,0.0245485468635115,0.0605028582521577,0.0075222418816606,0.0365810511175683,0.0362380912878346,0.0460414414384121,0.0172807629556287,0,0.0115526884480327,0.028731697299632,0.0623657245070275,0.0316027921731445,0.0310400320494319,0.0265336374673213,0.033768436532774,0,0.0138553018892584,0.00734917403394925,0.0479154952548393,0.036848993428382,0.00596339576569181,0.103639351750406,0.00843559925218975,0.0139883452996217,0.0837444951571038,0.00333876095730454,0.00869322170458217,0.0333843763411029,0.0101655576979392,0.0497407086827796,0.00334933230021181,0,0.0327324003826848,0.000820067160536488,0,0,0.0051795933609253,0,0.0104634123689296,0,0,0.00383815957097524,0.0247709636995653,0,0,0,0,0.0312191614256728,0.0172069930500471,0.00740061455336177,0,0,0.00921157929380388,0,0,0,0.0161180349860539,0.00147501131950827,0.00315772614451339
0.0428950264893781,0.000697615805124599,0.00781717700636353,0.00746023631571998,0.00700941630698293,0.0240805982717094,0.0648877043788054,0.00776549996363058,0.0140260503368321,0.00449279656189289,0.0486309102502806,0.02279824203921,0.0660193708390002,0.00398227708656981,0.0102849256148822,0.00622792067602984,0,0,0,0.00699861221377039,0.00509132326990842,0.0734131057708815,0.02366295652226,0.00350831406987969,0.0539344842306931,0.014799264009391,0.069891048751364,0.0542765278443537,0.0676293753230226,0.0255300880198594,0.064133803251201,0.0229274207700657,0.0782853573194972,0.0495769855298681,0.0445972804534554,0.0481981311710986,0.0412064788000089,0.0578672811786457,0.0895465435922861,0.0650498413095312,0.00984933364174791,0.0758495661860529,0,0.0671924661385867,0.0995376660084876,0.0570182058684295,0.0350472039491294,0.0441100295395256,0.0387528764629147,0.0250756771692152,0.0218274893764051,0.0175712007779731,0.0155703239335385,0.0659475112822718,0.0241090990795225,0.0315695690467648,0.0151045492481981,0.0476812678016354,0.039418510815948,0.045729984767516,0,0.0120373769248693,0.0726593353591937,0.0557953822409805,0.0272911875762544,0.0305586354541033,0.0532618588225917,0.021839434874868,0.0162656045813327,0.0530447012630722,0.0655884155674151,0.0682326968310178,0.0523276631992671,0.111424396170776,0.00838179693188663,0.0220600620340662,0.0746077288821594,0,0.0331210184321911,0.0452790089435969,0.0337829196482171,0.0281995451953613,0.0018472948540667,0,0.0373870856584381,0.000977578144017115,0,0,0,0,0.0338125991103118,0,0.0131503558075158,0.0207591023700992,0.0250180124566321,0.0418006683004315,0.00588660859023629,0.0105908196320027,0,0.0984902401270441,0.0606821127241435,0.072547176216566,0.0357750583754041,0.0125979477191258,0.0577422830445228,0.0230625689150857,0.0366900064301674,0.0121213936893145,0.0302591361852286,0.00668576221766231,0.0194573769445392
0,0,0.0209406856840982,0.00080159476807933,0,0.0208721478662019,0,0,0,0,0.00428940380625705,0,0,0,0,0.00623196887309396,0,0,0,0,0,0,0,0,0,0.00594697286528188,0,0,0.011934216687751,0,0.0150222047303848,0,0.00569975123362431,0,0,0,0,0.00391294051953178,0.00467020506231443,0,0,0.00545622049120132,0.00696707802545733,0.00948169973021233,0.00886592720826591,0.00317465358564778,0,0,0,0,0,0,0,0,0.0155908301698523,0,0,0,0,0,0,0,0.00544008708957587,0,0,0,0,0.00486942463609645,0.00704070568060255,0.00107936396010583,0,0,0,0,0.0013510621420566,0,0,0,0,0,0,0,0,0.00932960305437249,0,0,0,0,0,0,0,0,0.00895091399827542,0,0.000343634718246693,0.00305132083760948,0.0201418949736481,0.010116274591405,0.000986632678044378,0.00604011426323181,0.0123641546273255,0.0081648388914647,0,0,0,0.00539681084931835,0,0.00172725787144741,0.0259926436746589,0.0103044894586009,0
0.00712757067676812,0.00575693871223324,0.0414507466870782,0.0260508559679008,0,0.0242361600110049,0.0179090891765064,0,0.0127531723907134,0,0.0175039878605635,0.000614444745816097,0.0226334084769039,0.0148539550191908,0,0,0.00823353173425576,0.00699861221377039,0,0,0,0.0220514409695314,0.0121328803275664,0,0.0152558394390124,0,0.00791295880125216,0.0196341997546228,0.0289595360549577,0,0.0315536395527691,0,0.0375072381394828,0.0169639005052175,0.001662947877406,0,0.014971251641948,0.0189085882102097,0.0321937740207556,0.0173510258050949,0,0.0282698293908015,0.00210592428481042,0.0218338252329093,0.0291768021679043,0.0183739923419708,0,0.0092939558160838,0.0135126149350746,0.0129903456504081,0.000893987190523038,0,0,0.00779485320087701,0.00821089375031739,0.0258807352897898,0.00836666403050821,0.00287597546121706,0.00990440162264867,0.0152477663854516,0,0,0.0186698733609716,0.00947726995161307,0,0.00125646654638279,0.0163881630835605,0.0219415022625442,0.00841860940782626,0.010327245999054,0.0126379375316351,0.00590101162152065,0.0148775615244888,0.020740630864387,0.0232849495288823,0.0097362840589637,0,0,0.00565172658302101,0.00451883207091574,0.0135307902342182,0,0,0.00956257662662286,0.00892122315072647,0.00730117009493352,0,0,0.00589227479097768,0,0.00785533180348414,0.00262004784697734,0.00348896238647216,0.0134066292102947,0,0.00980474864594747,0.0106608407691885,0.00409555954004089,0.0006479683544345,0.0324320041894415,0.00182275498890138,0.020307613496827,0.000719672010462196,0.00942967504766628,0.0126980784755995,0.00187210086585879,0.00655972795166134,0.00471533342490844,0.0303832677783703,0.00368206170060678,0
0.0301650358230197,0,0.0334189067527545,0.0193245523628957,0.00451447431587779,0.0311138395704404,0.0229511932791512,0,0.0450378513426261,0.0268725349461937,0.027466112759468,0.0177203025470582,0.0215980311379394,0.00670653054369474,0.0427474614212566,0.0366380918171517,0.0319439051758349,0.00509132326990842,0,0,0,0.0131567690664783,0.0192977908544404,0,0,0.0221217711362233,0.00282787706771516,0.0557701511948269,0.0452115251209106,0.01184164293709,0.0169507044104873,0,0.0593445876712518,0.0489572600247449,0.0579833877242875,0.0015392656426327,0.0392882017585306,0,0.0291407487143644,0.0701416972622805,0.000774208449175692,0.0317360400642752,0.0181932975327407,0.0551936939980673,0.0511533813530882,0.0537041857600049,0.0383639967791028,0.062467810652388,0.0387243483377174,0,0.0134789335992702,0,0.00802968999301917,0.00235919727651985,0.0326548375741847,0.0043320498630505,0.0026712146030101,0,0.0486229980082676,0.0736543097159435,0,0,0.0139738053128182,0.00682524687935579,0,0,0.0207732327863591,0,0,0.0179884411590928,0,0.0394768118630209,0.0440290249121221,0,0,0.026246845666539,0,0,0.0386745931934049,0.0219538671951518,0.0423197093962561,0,0,0.0159237260138936,0.0138240256149357,0.00546832581913288,0.0299558369230639,0,0.0106249193411693,0,0.0389724419986996,0.0157114973988677,0.0427579316597309,0.02156446808236,0.0282058685278693,0.0558247395391416,0.0537915905602362,0.0359567119461112,0.00134497034463633,0,0.0246758905434217,0.057628950075465,0.0596302441853425,0.0253512359491796,0,0.0334010623480938,0.0265740339956293,0.0106524167296162,0.0173817894913051,0.0163604580810233,0
0.0395858391091728,0.0156294269513347,0.0985292485190606,0.0946438163440405,0,0.0685813780984509,0.00630082668216825,0.0490941834429475,0,0.023858015337194,0.0961931688296011,0.113435743306378,0.0599618019655494,0.0353156639874605,0.0268624813975641,0.0309149287237615,0.0516536811383223,0.0734131057708815,0,0.0220514409695314,0.0131567690664783,0,0.0858679514443541,0.00468855407371806,0.0528846689266515,0.0190133617344508,0,0.0632019742124995,0.0401868483416938,0,0,0.00357499344012205,0.00231898465650746,0.0577407938451496,0.030690313779798,0.0228714269538457,0.113247740591328,0,0.0109499976990325,0.0568147485761352,0.00737952160377132,0.0166875477979938,0,0,0,0.0548490407557573,0.081436533274765,0.0743438715781318,0.0667735792511208,0.0371432054071513,0.0338776169710569,0.0363766050555162,0.0114136085214995,0.0158539660936317,0.0499008698827517,0.0220340593312748,0.0214991323771727,0.00555080490837162,0.0324418717105018,0.0437379634466931,0,0,0.0232875590841376,0.045992345587863,0,0,0.098369274047315,0,0.00332516111700642,0.0329034956484781,0.0379916466208562,0,0.0870090150458921,0.044498674847858,0.0246621565627834,0.0243983586652698,0.0306136315155139,0,0.0380068525851479,0,0.012920584281004,0,0,0,0,0.0861086488953484,0.00657468999818127,0.0121751763924321,0,0.00322940042556292,0.0343730383638528,0.0170344490112485,0.0505087929181854,0.0386083331443897,0.0296826444698897,0.075457752176898,0.0472010028943989,0.0972161971709287,0.0320201765192568,0.110770252936554,0.122639617375237,0.0452815733990652,0.0613867682828378,0.104133407764309,0.184728525996324,0.102517863764923,0.125212321269963,0.0877682197877683,0.0101776543571635,0.0561255455804991,0
0.0554825296989144,0.00985813825163986,0.0411562654097092,0.00789065990732853,0,0.0785023088030102,0.122790610797642,0.0208393462503684,0.0395070733296244,0.00566780769377985,0.0676488579422444,0,0.123084636171386,0.0205426514104666,0.0458229499865156,0.0426995432879904,0,0.02366295652226,0,0.0121328803275664,0.0192977908544404,0.0858679514443541,0,0.0092503430037708,0.0293708207007101,0.00455398173462704,0.127077987499138,0.0189567666023855,0.106516388764794,0.0302972059957288,0.0805556229468635,0.0216065147729933,0.127131856525463,0.00170838585428236,0.0533686643075401,0.0518434275982576,0.0201275808840333,0.0290473281053116,0.156160599687009,0.0425774410989269,0.00683591608501996,0.0983084075557619,0.0146357570417825,0.0889077309965415,0.111122127760915,0.0376203334938174,0.0400104326856023,0.0140828598747284,0.0204002557297263,0.0255718774879373,0.0584203483714732,0.0239306048942578,0.0436670582795526,0.0923066499818713,0.0656005775266292,0.0809616211089643,0.0522666685762568,0.0628225964244957,0.0572684504308306,0.0497799477828241,0.00287671528503071,0.0240448115994563,0.106489133426549,0.0673201844320707,0.0332835629298243,0.0234153571594762,0.106143101299014,0.00109865622128553,0.0264920885548116,0.0279636436301682,0.0816294975752186,0.0665639337017801,0.016426975166329,0.128832976414994,0.0432062193527051,0.0884430933340416,0.100608933575474,0,0.00225184756515935,0.0869487801221804,0.0545027133872738,0.0733225942441184,0.0266013436686271,0.00682037937235898,0.0949954904067087,0,0.011460631529964,0,0,0,0.0797538481137917,0,0.0208843885315406,0.0151167246381235,0.0406455904517363,0.0499813605451075,0.000921924976400529,0.0298312372375076,0,0.103361346990063,0.0523710119105766,0.098844461646704,0.0250889853543162,0,0.0256298012575229,0.0138274988186799,0.00958884937888632,0,0.037025708323257,0,0.00715469427982839
0.00588904011949777,0,0.0148939191481976,0.0154604550593676,0,0,0.0206003185134753,0,0.0178167229937072,0,0,0.00539588562607514,0,0,0,0,0,0.00350831406987969,0,0,0,0.00468855407371806,0.0092503430037708,0,0,0.00152441385257332,0.0230432295254187,0.0206823038589645,0.00431664158718123,0.000205414229771292,0.0214768195614846,0.00552002467944669,0.0302979207930748,0.0167609656515514,0.000298252270468084,0,0.0119948271672274,0,0.0354631512306391,0.0158363273583484,0,0.0240369682099298,0,0.00836451082219665,0,0.025182482535489,0.00222208795447776,0.00577697375087955,0.0168199726784708,0.00406843078443547,0,0.000528957645671332,0.0142079691626311,0.0146867737713526,0,0.0184924929521241,0.000264924215149767,0.0146000503280537,0.00933770547257824,0.00865758742975933,0,0.00625379425109135,0.0300696812385123,0.0173360522779611,0.00776992310201435,0.0104322474654167,0.0180105285858782,0.0154892627833527,0.0473591699507855,0.0198951774145482,0,0.0017846726449322,0.0143422698398568,0.00948352020877703,0.0296748838474227,0.022566378933825,0.023498867945828,0.000242937310483247,0.00385872158243077,0.00496468577060714,0.00596053944077376,0.00941598393713062,0.00496088169728489,0.0117500249497701,0.016490947971075,0.0142977529987535,0.00316668916128612,0,0.00765244547382976,0,0.0193434455494454,0.00624992759608702,0.00254569404679796,0.0112141137613736,0,0.0113002599864533,0.0221864998548806,0.0158368094678698,0,0,0.0104006702174887,0.0205862712173372,0.00162894419955344,0.0121440328544807,0,0.0157680435801113,0.0126453959026063,0.0185106201480481,0.0133683621844887,0.0233589837804776,0.0123248963599672
