0,0.16033836630055,0.166832259907005,0.0891515185237001,0.0630180026391681,0.17047747376966,0.100224765245905,0.0957009658093263,0.0466026131913477,0.132166890479799,0.108029655691443,0.0894090662143578,0.159643915108311,0.0826477582218133,0.116109505678941,0.128546608524877,0.160683303584631,0.147940237510797,0.0655931705106171,0.0538112163122947,0.109428947951211,0.0595797617178569,0.00522587079364107,0.0818713282347145,0.0640736725393993,0.0805364852333555,0.167903052191558,0.184398013551605,0.0827434588068688,0.197849716237855,0.0286602553661535,0,0.0722853399094946,0.163469523848609,0.0422328170457966,0.0557029496153086,0.0687112079447357,0.0515091335731516,0,0.0305633170761694,0.0468750895558289,0.0785850823195131,0.110798807831428,0.0995935638525053,0.112081467082466,0.0227491478597412,0.148198223541982,0.191675506489308,0.146728661757676,0.120554074509968,0.0780168063788794,0.229719573959976,0.128389831317606,0.216401665578117,0.125346187842638,0.10837043273824,0.126309950977244,0.132082968962474,0.102711332774282,0.126175890111958,0.128063852807022,0.124914487411846,0.0660239414366607,0.0272369437557098,0.13404721390513,0.00246282921553291,0.0948622340182692,0.105204593566046,0.109372294615226,0.073048437572891,0.0542373143018361,0.221818717093043,0.176729865408635,0,0.00974196058496183,0.0534060063333553,0.0246963257885662,0.159081844195352,0.046622909483703,0.012981677110572,0.045934155568336,0.117413445792883,0.11237404970037,0.0931715607149971,0.184170330225535,0.191663831378361,0.0856837082161431,0.0121117704260824,0.0081323692711179,0.196104519335833,0.149277513892493,0.0114499045992971,0.126465120557627,0.0488588165931783,0.0340982875203611,0.150357097117149,0.0776494755459063,0.0351366410741869,0,0.0495726922708161,0.0965879064949893,0.0190539139540899,0.0277610096561217,0.167573711817507,0.0128838867489922,0.0319170594357644,0.0587283582477938,0.0410945557899915,0.160865000419782,0.144132449480265,0.123787960542234
0.16033836630055,0,0.110302779367727,0.0265069174927933,0.112023603767381,0.0229546933515627,0.130580736484938,0.000941764468513719,0.207572686637913,0.131312576343636,0,0.0310517525209328,0.0319161991610711,0.194343818606259,0.0369552882963805,0.0293848684543414,0.119697023812298,0.0119929638195101,0.0992115236593635,0.19699230226191,0.0699490619984508,0.0740337066034746,0.00903854488481967,0,0.0766047200640893,0.0331341634874352,0.0581107065535293,0.151077887051993,0.0853079837636079,0.0143001263649446,0.191953484418409,0.134229441747379,0.0937896111231389,0.016375820955786,0.0329976032859063,0.0313297987343227,0.208464468954914,0.0317643221476099,0.136084771298985,0.184800870677343,0,0.0975133837631442,0.209422905203861,0.218099290800242,0.000103313216630881,0.12171258667803,0.0207457899708037,0,0,0.145163227410431,0.023765824904769,0.072596671080552,0.204803604393111,0,0.0617515145497765,0.0407765383610397,0.0394812286283783,0,0.0907869497211086,0.109034894223295,0,0.00523131767157169,0.155759425296248,0.0172300052483513,0,0.0580202597086936,0.198252654791418,0.0189618274434915,0.0127378494118819,0.00614106128516345,0.0127325100636613,0.00105562756306654,0,0.0500623041336696,0.00769534152449034,0.0120778534287874,0,0,0.187012713293632,0.0348618405725325,0.0475285211620391,0.0137178395944184,0.0684721866504378,0.0404989812900243,0.0759574265677854,0.0587318948538767,0,0.0647355563361201,0.206282101916808,0.0974802084867643,0.106869132699877,0.148281833059765,0.191417983099781,0.154610643024501,0.203596708209784,0.225350589311594,0.1538065994783,0.138977265295629,0.178757929607209,0.168136270337133,0.162031955842488,0.0993812577786466,0.0904599508266778,0.0775667124575818,0.0871851686800496,0.205023875989765,0.0919755532737927,0,0.0352070110041907,0.0769897621619988,0.0571832478654575
0.166832259907005,0.110302779367727,0,0.0312141512630097,0.145500407779765,0.0370952799160264,0.148538939415168,0,0.246265657390297,0,0.0347890766718534,0,0.146272453585047,0.186571838588645,0.0711751920796174,0.00696710873285742,0.0227806999533399,0.0367310851612914,0.0429800168155849,0.195851790348252,0.136200541590279,0.0227697672052344,0.0108475737056623,0.0144882619384417,0.0336153906246506,0.0387936830631972,0,0.21252305719898,0.1563867881817,0.177122154322236,0.219120535493871,0.120885975321246,0.140480674802676,0,0.0384380588062659,0.00660055288107701,0.239874529355856,0.029065937931177,0.139479374288692,0.172815731246039,0.019325989141529,0.100831767239703,0.2360131997197,0.246668861633396,0.0343783416805285,0.111748484749776,0.0159908491557331,0.0652249388316124,0.0288289463634774,0.112510044834091,0.040407663483745,0.235859883084792,0.210140162940899,0.10046543806193,0.117929423714652,0,0,0.0570026187133328,0.150911928705181,0.185542205513352,0.00642797216314777,0.046146289391568,0.148966572677677,0.0145548556188453,0.0541565428208703,0.0436554110249656,0.203750888946896,0,0.0104265069496464,0.0341139485961053,0,0.0766407752791837,0.0475489940719514,0.0163162818819017,0,0,0,0.0832883287991402,0.11362168603615,0,0.098064975219868,0,0,0,0.194636624266215,0.0705848516026608,0.0552379136854123,0.0386332883094533,0.160395643987095,0.242290689556499,0.193355642769461,0.0751249501390241,0.251365560295698,0.0916680948272207,0.170113889584458,0.270147556346642,0.172342910272084,0.0511020265681078,0.177070311874771,0.168192606168218,0.178918424398469,0.095790779183411,0.099599705025377,0.000698620167244793,0.089406495333672,0.200652513430713,0.0958527413871905,0,0.153500580330577,0.00769306275634916,0.151293960026313
0.0891515185237001,0.0265069174927933,0.0312141512630097,0,0.0198192293471007,0.0214665338304775,0.0489656497879882,0,0.0896747959566065,0.0474906624557396,0.00949633477564635,0.0159225607715432,0.00587465906621139,0.0665738833223647,0.00903896309943644,0.0192940247732939,0.0403564825189875,0.0213994070155453,0.0357778255632134,0.0661737158205873,0.026835117292642,0.0107252759015565,0.0117229134966991,0.0142194986195896,0.0212622838406692,0.0222105850095912,0.00952529127262036,0.0564320490794282,0.022902954396011,0.00364040392764793,0.0669045504556656,0.0699277796602128,0.0207164672420973,0,0.0186386140605371,0.0125545979131168,0.0839841991108746,0.00794521585817001,0.0520862112384887,0.0696917047869179,0.00125313020687007,0.0552663575206179,0.0975902833779995,0.0936882730587942,0,0.0374269825932085,0,0,0.00135566656271626,0.0526721843130342,0.0350514170722396,0.00780384194570363,0.0915807562575064,0,0.0375832909488948,0,0,0,0.0477399240798181,0.0499926727859547,0,0,0.0745016645360179,0.00557676366248691,0,0.0236772817538957,0.0926439395108642,0.0082127762840863,0.00479376745685307,0,0,0,0.0129325727437779,0.0300473694577495,0.0185038920973365,0.0143814973115749,0.0137215363839223,0,0.0634842618913886,0.0240988538080158,0.0243399690949963,0.00435393922674609,0.0194040614393629,0.025406987419102,0,0.00746678449937825,0,0.0399286020979859,0.115468136522421,0,0.0112475587966732,0.068945411935057,0.0563563445574748,0.0580571005816853,0.0904256697581795,0.0755724923192132,0.0669298708697239,0.05291241102599,0.0934955901022311,0.0534043515811697,0.0654160776356666,0.028207627601896,0.05073953862349,0.0109848213724864,0.0201353677257841,0.119914528670385,0.0440532107499569,0,0,0.0365776468516803,0.0142639509219537
0.0630180026391681,0.112023603767381,0.145500407779765,0.0198192293471007,0,0.116087351338614,0,0.105560425061124,0.0921347376315822,0.0914899693573483,0.0362631636712081,0.0572296553194227,0.144230707241711,0.13822050656851,0.0532231617345189,0.079540232271794,0.103585230705914,0.091683193166804,0.0906852558095817,0.126697021207118,0.0152348026988825,0.0544483379225547,0.033353326828496,0.0148666043499177,0.0906566339404485,0.00124240578489534,0.159147919882916,0.0948370441541086,0.116462553657541,0.138632744796623,0.0285792303286323,0.011458433064115,0,0.128038202417757,0.0314235146622529,5.4821951368676e-05,0,0.00372768009439917,0.0628354883422874,0.0904752547373749,0.000562518243985302,0,0,0,0.130974957579681,0.0970849745420616,0.172657199481416,0.163314490923617,0.136059557080668,0.127868208189326,0.0627733254338322,0.152466069551445,0.0117161012592624,0.156054423261624,0.0430904311409675,0.116693753001508,0.165586023114956,0.174538031216606,0.0879166307044019,0.0433910797391451,0.149006694626641,0.181106330657971,0,0.0457946967541204,0.0758593688675833,0.0503616501238067,0,0.120400375587107,0.107940857253533,0.0645777210568047,0.117117635480636,0.185924993911526,0.133233511988573,0.00716975970489722,0.0431259657414497,0.0403448861573883,0.0315360793291805,0.160165461992591,0.120827757017222,0.0624722714117397,0.095286378163516,0.139495792107407,0.135077666889605,0.0796338548148994,0.112825680302806,0.179958554679838,0.137141735255227,0,0.0307686136487739,0.142988416145376,0.0817723045696517,0.0704587830605784,0.0860219183212402,0.115248475530265,0.0957615697495987,0.0109092379653618,0.0316162322937625,0.103635545021281,0,0.108472340491383,0.00363276716815982,0,0.0210537422307483,0.168197293380519,0,0,0,0,0.10901813192757,0.0986021477806603,0.124308511571603
0.17047747376966,0.0229546933515627,0.0370952799160264,0.0214665338304775,0.116087351338614,0,0.139042717352714,0,0.176901677224618,0.0434143780760267,0.038914680206824,0.0209529920716347,0.0986718712998741,0.194539393215815,0.0551091367160993,0.00746666283678978,0.02867306430757,0.0480870186464638,0.0858032920256701,0.201995177697335,0.111468820592341,0.0737644807941628,0.0103284115596844,0.0166522056892316,0.0796456102777333,0.0277536186851436,0.0156411508860489,0.226263839248476,0.11061340567937,0.139772722492255,0.211022535892723,0.133598942141274,0.124917248421765,0.0024117563987914,0.0406297697539852,0.0405433094066705,0.221686927869634,0.0332159641800842,0.127997055714598,0.199591350195932,0.0214182561958862,0.111364138185579,0.212436014896354,0.250401663322172,0.00391107359394729,0.117949192069598,0,0.00357320804609139,0.00719464559966649,0.121783578556041,0.0707472745011816,0.218971288229334,0.219262177983461,0.0254521671420725,0.0977641573783059,0.0315058723171745,0.0050424089581348,0,0.13606044000057,0.167003196265312,0,0,0.156801085635724,0.0108757106447508,0.0400062075360534,0.0418686539329145,0.205970473828555,0,0.0090748752022456,0.0401773522922985,0,0,0.0314834299697768,0.0464510667930067,0,0.011266194867221,0,0.0101759768139327,0.197654529163619,0.0130788569328021,0.0718963185795623,0,0.0463119339495227,0.040766613742338,0.161338859117038,0.0300449979759619,0,0.0525014423814345,0.20127032851083,0.175867652495959,0.147465129431509,0.157045874041087,0.225780802758885,0.163230003750388,0.20414669794216,0.249815218870505,0.166047692444911,0.150188022839745,0.189716704635191,0.192663134003365,0.180551049830808,0.104955832782569,0.0988742743348944,0.0458176122406023,0.0826375102194316,0.209571026578723,0.0836856690081565,0.0126699990911924,0.036131317232574,0.056311499332711,0.117038481029127
0.100224765245905,0.130580736484938,0.148538939415168,0.0489656497879882,0,0.139042717352714,0,0.0517495923184591,0.15260200526926,0.114862722766479,0.0831646623453549,0.0593606258488818,0.0436665444206328,0.119912310419668,0.104571643552107,0.113091187758539,0.150729778683034,0.0990267461283867,0.0540448879667513,0.113436265663564,0.0094495126158911,0.038782967719195,0.00717583126755513,0.0320325030168027,0.0500645818081971,0.0937540317711954,0.0940012958755262,0.0259748914265619,0,0.0587915460765182,0.0686420890125848,0.0450005606487091,0.0328835341193005,0.0696425410717639,0,0.0442038222632993,0.0609965636350075,0.0184963463721455,0.0922606203639429,0.110707607992309,0.00128034557402599,0,0.0368738818852935,0.0606622085818641,0.0803155041557932,0.103474847025355,0.111822521797988,0.0847512698076922,0.104003421456028,0.12360800926614,0.00312273649751393,0.106332223345195,0,0.0798316036369817,0,0.0625716210702801,0.0727511238523623,0.0854383882942627,0,0,0.0657420619228915,0.114441061673028,0.13759779022534,0,0.0943386617727663,0.0406250395380386,0.111969126938643,0.121936766449312,0.123861332620803,0.0159756187165961,0.0727848199699004,0.141276439521528,0.151006001727108,0.0291995201145202,0.0707672298760484,0.054127250638762,0.0501696070210784,0.0492309629268392,0.156885755256094,0.111423146971325,0,0.15820282955157,0.145936899234991,0.139046844960221,0.119972072320021,0.203621803701795,0.103399775275668,0.0317410697979103,0.14990432439369,0.0988231106924074,0.0629985612640248,0.101187823772356,0,0.145936939768597,0.119060049715856,0.0143130004738846,0,0.110566809143891,0.0644544692140361,0.0811423614830973,0.0655454696879505,0.00736430938726227,0.036246064392735,0.150967129087421,0.0333965361440382,0.122418136213631,0,0.000339354803046542,0.117199380626277,0.124346806089911,0.0656343843066254
0.0957009658093263,0.000941764468513719,0,0,0.105560425061124,0,0.0517495923184591,0,0.0726122814282103,0,0,0.00168831601034886,0.11182085641817,0.119876898094636,0,0,0,0,0.0440635435466578,0.128882564364721,0.096103314865301,0.0403956398890103,0.00982196676423487,0,0.0476629170349024,0.0343483940377284,7.00955526816479e-05,0.0653441812281392,0.0930648714026907,0.0459077604766468,0.159909068453766,0.050412024064394,0.127912838888882,0,0.0165576525501367,0.0144029864019828,0.157651355501243,0,0.119961661069452,0.121319027254152,0.00348361195661197,0.0261923165926095,0.120442855653255,0.158500180954074,0.0103284768889929,0.122327015546771,0.00726478544161168,0.019068447951497,0.00111101744031789,0.101615456551471,0,0.0593137768279071,0.082163945698406,0.0572514082693436,0.161905172970333,0.013480142146076,0.0244091618557692,0.0148928314951369,0.158019248441794,0.202020833354453,0.0168547077719748,0.00680997677485641,0.0553643607237076,0.0210701665928067,0,0.0449574896609197,0.0961769949931483,0,0,0.00657910169337319,0,0.005509241234866,0,0,0,0,0,0.0370455892609667,0.0713541838176531,0,0.07428518255222,0,0.00189388241965166,0,0.0446100740972687,0.00151515944848923,0.000865958929382587,0.0163930125919234,0.0539463145375287,0.07032087105589,0.0742673018589011,0.0354154677219468,0.11766471448787,0.0521018384719133,0.102388360625281,0.131769242370301,0.0702705940581734,0.0162609975396311,0.0964706474576528,0.117982143871443,0.0731338040521613,0.0830290454873624,0.0644908876315484,0.00212399976225775,0.0331307463970863,0.0987275094623539,0.0350033712040668,0.0308579997861139,0.00404952705140734,0,0.100341927191441
0.0466026131913477,0.207572686637913,0.246265657390297,0.0896747959566065,0.0921347376315822,0.176901677224618,0.15260200526926,0.0726122814282103,0,0.145999466557573,0.116848839947822,0.0600734629160941,0.177004956449665,0,0.152702986034045,0.126930179061289,0.184557475482824,0.135971232788424,0.00844553684951964,0.014160104060566,0.136162300016935,0.0042502795079353,0.00272934579265832,0.0728375707237772,0.00666537976877781,0.0489194996505847,0.131349786228554,0.232009354341268,0.156304790223106,0.258421297667317,0.122158721131673,0.0348746573910861,0.0921976791440865,0.0816195958236784,0.0317387875939905,0.0198609840015392,0.168763274862611,0.0434542914199782,0.0375622935128767,0.00602429363718754,0.0489011820043632,0.114097755941199,0.191614523721715,0.180587495260572,0.141141484868766,0,0.170039762712539,0.194978210154814,0.16597734554433,0,0.0663689536050026,0.286886587299862,0.200056801618176,0.209036097300422,0.0894466823308797,0.0871929227170213,0.0732101539541411,0.188290120380163,0.111836117754172,0.137139217332299,0.124792121235798,0.185232755835786,0.128376174168576,0.00245775016636566,0.166036265243143,0,0.167354951779198,0.154252299918637,0.132854418242879,0.1023670228955,0.099779595347028,0.263911124583056,0.204639170095389,0,0.00947569949456939,0.0309753833515428,0.00720598579114094,0.185698482219244,0.0139633805864001,0.0193933279435493,0.0689720013087532,0.162539751889067,0.136819293488802,0.0882022392294834,0.262728760710259,0.255137533807616,0.162383077937352,0.00349611546193621,0.0105088913449064,0.278466661522851,0.214310661715459,0,0.233481584248233,0.0407348125938551,0,0.259117544073495,0.146259728491901,0,0.0767876244898248,0.0132437438992209,0.154633501505575,0.0185405171901631,0.012110827721704,0.267660131398823,0.0452065221139349,0.139934354311954,0.108920253604765,0,0.213904954243309,0.138195852324762,0.15041200953448
0.132166890479799,0.131312576343636,0,0.0474906624557396,0.0914899693573483,0.0434143780760267,0.114862722766479,0,0.145999466557573,0,0.0472003502724544,0,0.0965832036751417,0.11094990704451,0.085508802893948,0.0305040725291783,0.0259130341333008,0.048031604504925,0.0286712446989923,0.112848597366181,0.0984186455495774,0.00319009899927525,0.016976862478174,0.0328328672580807,0.0067360232881296,0.00961363609278333,0.00611371623021133,0.161351440801064,0.110137195078475,0.131423399708176,0.127319928227578,0.107776638900707,0.0630939754847577,0.000202997841638201,0.0359838515362445,0,0.15158452582228,0.0285447507955606,0.0823214010153175,0.0878963952061824,0.0196921507362688,0.0984165176232797,0.169074629233325,0.168279596370813,0.022475479891826,0.0529005913242326,0.00188361748770154,0.0490735089456014,0.03015276853317,0.0646048555671165,0.0601258787865834,0.156939019073766,0.168793444770901,0.073772871189349,0.0752356424279584,0,0,0.0291061662433257,0.10766201581315,0.109683709552087,0.000829223667151056,0.0184193477394023,0.125351418320155,0.014268013383328,0.052433297374189,0.029466365738143,0.15418072079878,0,0,0.0299540226694597,0,0.0376353173217485,0.0431524026458848,0.0328014454144424,0,0,0,0.0598896758584989,0.0515496150747323,0,0.0790004863044601,0,0,0,0.142367199293135,0.00362274879762277,0.00735704241614929,0.0292708103096662,0.124255929793816,0.159781854534271,0.135612324816539,0.0625641324512967,0.174131475988729,0.0413118358810972,0.110635520925368,0.186054321985297,0.135989405688729,0.0400753186836778,0.12596903905956,0.0971096859354066,0.129073877205224,0.0689258487635162,0.0753943636497412,0,0.0489712233875183,0.162294086961798,0.0904987604913527,0,0.142898254945835,0.0141448048277375,0.102421391358372
0.108029655691443,0,0.0347890766718534,0.00949633477564635,0.0362631636712081,0.038914680206824,0.0831646623453549,0,0.116848839947822,0.0472003502724544,0,0.0454996447660157,0.00724590606709838,0.113884382847762,0.00431674615616857,0.0361249910996481,0.0462622891863932,0.0381270308544983,0.0532994447625263,0.111034956265013,0.0390838266474435,0.0260790540183686,0.00708332729047153,0.00793004125816883,0.0208305249864208,0.0244832226089474,0.0285259333847976,0.0688551827163986,0.0342249103652732,0,0.0975850467522385,0.0983825421509605,0.0299674855313042,0.0130860144146622,0.0348073154063934,0.0431540050979947,0.111425701755605,0.0280662022961172,0.0788732920289185,0.104720972664355,0,0.106113899754821,0.121654664477194,0.116038774030317,0,0.0646658035810541,0.00646851718792887,0,0.000534357754638326,0.0851107560333633,0.0388330087128346,0,0.127747171472323,0,0.0263810993934611,0.0198261441462307,0.0143231795076638,0,0.0498089800046178,0.051608676763618,0,0.0182010440802261,0.123075593101378,0.00834200619572565,0,0.0342296551511681,0.126984121125978,0.0132874877253265,0.0221144711306494,0.00526782595688498,0.0190216655665456,0.0143215233618617,0.0368235407628179,0.0671595801404813,0.0429374350174822,0.0384187604544513,0.0196303773223601,0,0.138854951007795,0.0687961855503952,0.0161793116797144,0.047100989722332,0.0857526992793213,0.0695399727367237,0,0.0538900418245133,0.0103404774701063,0.064949887215353,0.164872296996607,0.0077507416040547,0.0323539952042365,0.134078599891901,0.0932049443689285,0.116189118518047,0.120438156950526,0.114880436846746,0.101828257704414,0.113760236414265,0.133142447127862,0.0940468595803199,0.100949149591408,0.0615949131678535,0.0528964101960704,0.0417233365639927,0.0510855507470985,0.156993645780668,0.0698391751155316,0,0,0.0436610740553076,0.0149147255983393
0.0894090662143578,0.0310517525209328,0,0.0159225607715432,0.0572296553194227,0.0209529920716347,0.0593606258488818,0.00168831601034886,0.0600734629160941,0,0.0454996447660157,0,0.0633378284166629,0.0817116519673419,0.038634706948948,0.0160704078574252,0,0.034476197858987,0.0325686463802876,0.0809218284858776,0.0630208013003068,0.00495615370366714,0.017383647408315,0.0365218169567309,0.00182407106245161,0.00451264889923538,0.00411152536355287,0.10985190927949,0.0864685202447988,0.0926543688925198,0.0892649592411079,0.101155068400807,0.0373409349759879,0.00777235033790278,0.0278534566423576,0.002662624452916,0.104230542352268,0.012736021959205,0.0396256263790946,0.0729647020943845,0.0296285893011942,0.0649545804194741,0.102376833379309,0.110056960268772,0.0159511848486148,0.0255558523282631,0,0.0405994406307799,0.0369391409883631,0.0418646490794112,0.0679252710415104,0.0936405957396227,0.108723450286202,0.0470819039926957,0.0501028651839571,0.00439897443332994,0,0.0127298709033269,0.0894747991749615,0.0822667729173397,0.00362815971331398,0.0209982903352412,0.0757894126566454,0,0.0383709275686679,0.0137961123035481,0.092292203110583,0,0,0.0808682518118346,0,0.013759484677102,0.0444610273704379,0.0437838118372195,0,0,0,0.0380697633714842,0.0564961004044804,0,0.0571161892069233,0,0,0,0.0768540888832235,0,0,0.020688278748698,0.103043826622834,0.100543840737076,0.082664135831043,0.0744574495273821,0.125703668992499,0.0408588463752744,0.0873019302952907,0.106042305518873,0.0936668594633262,0.0462256493196242,0.0982760167710702,0.0749260434333857,0.073059722879155,0.0728258178440803,0.0538226436455012,0,0.0183196822258387,0.118605508432826,0.0452369832056268,0.000304043127218448,0.0356680517354213,0.00923738594001453,0.0692837817134425
0.159643915108311,0.0319161991610711,0.146272453585047,0.00587465906621139,0.144230707241711,0.0986718712998741,0.0436665444206328,0.11182085641817,0.177004956449665,0.0965832036751417,0.00724590606709838,0.0633378284166629,0,0.252586827867354,0.00454017179612137,0.0608360214123505,0.0818978846815821,0.0540846387702946,0.126434067007794,0.255432907470813,0.00881293465937994,0.1112008238899,0.0104374514258058,0.0115991113113062,0.16175791859806,0,0.187878450071267,0.0258612957613814,0.0368024322644724,0.0563908892259106,0.236544444218206,0.0820675362291541,0.128978271380068,0.138759159829147,0.0427116235565733,0.0316297731939899,0.204340203764111,0.0152976491058239,0.147725003947427,0.250583861970363,0,0.0328849336001427,0.109159928420769,0.194157011928417,0.0884347315450381,0.191784163646596,0.135057053120389,0.114750042380122,0.0880888205227521,0.228284829438107,0.0413981163814164,0.0109911736668015,0.0630010886812068,0.0820067116578991,0.0996377062772766,0.102380481852687,0.18553623385164,0.128503074760375,0.130552229067371,0.199129253349178,0.125808422325576,0.108693050276742,0.0656879667381271,0.0526574908197133,0.0183909330777534,0.0809838915583257,0.0919096849203815,0.0635671720396087,0.0651557571477989,0.0246727827069951,0.0698316743439164,0.168549932359999,0.0929432482876856,0,0.0262065279245733,0.0393273751425071,0.00719588460393687,0.124627874771673,0.215475705802978,0.0483682283883955,0,0.0963581088515975,0.115567460469212,0.0747032094776267,0,0.125704220305949,0.0474421109857078,0.0228937413755102,0.144122406026631,0,0,0.134547617379693,0.0880951077116102,0.198008685543021,0.212342694995361,0.12634534642207,0.0482741831602884,0.163052757771145,0.120672739834941,0.22347091975957,0.0837314845610927,0.0821935392851598,0.115163179612359,0.183137004468293,0.0303330509479376,0.11556749122891,0.0286921787181091,0.0157316151097586,0.0449378655407928,0.121368608710929,0.0360050789593491
0.0826477582218133,0.194343818606259,0.186571838588645,0.0665738833223647,0.13822050656851,0.194539393215815,0.119912310419668,0.119876898094636,0,0.11094990704451,0.113884382847762,0.0817116519673419,0.252586827867354,0,0.128750175092417,0.140427286383716,0.170879367889339,0.168883837400907,0.0504670594738153,0.109026243177072,0.142092547651488,0.0422088273187488,0.0229142822898106,0.0762565756073417,0.0455298708996896,0.07541381455155,0.223876382723544,0.250435318616329,0.211319008309397,0.275947525431161,0.20405142379568,0.0506597532502729,0.129787777190659,0.158031929801185,0.0365142811589918,0.0305651715018727,0.212357172983649,0.0300652474929468,0.0225312427113584,0.0402887999972958,0.0541160243680715,0.0932894964231619,0.176815116532322,0.21675725272656,0.17686121715822,0,0.238043155602717,0.269251316756049,0.210768229616854,0.0744372998619398,0.114843636226849,0.299444876147957,0.182124513964395,0.279833986295904,0.145834977731193,0.137371273673967,0.181450981944932,0.229154593235553,0.205506134202843,0.223404885112455,0.186600941164698,0.224514776006369,0.100752424656188,0.00330268824025048,0.154078505549758,0,0.144398788483029,0.14744928938971,0.138518851776649,0.121540987150693,0.114418709485006,0.300914596301589,0.230060500723236,0,0,0.0346619387191428,0.000821687903099752,0.245120971318697,0.0243923393596298,0.00567884247575172,0.103433474964646,0.155501676387276,0.138095091645065,0.0655090548513795,0.245677009479958,0.263802588958456,0.162348357184988,0,0.0167013825514968,0.279435545212939,0.208438806191511,0,0.241376065400685,0.0373140408311522,0.0264221942344109,0.232432283584361,0.147310527856663,0.0350915562992135,0.0662705776174731,0.0442716148792631,0.131926851836753,0.0495787218919357,0.0539032943096691,0.210882312773649,0.0154777019507854,0.120959561014756,0.0681172653110307,0.0102172952510913,0.17678746739029,0.0953993731547118,0.223991385371342
0.116109505678941,0.0369552882963805,0.0711751920796174,0.00903896309943644,0.0532231617345189,0.0551091367160993,0.104571643552107,0,0.152702986034045,0.085508802893948,0.00431674615616857,0.038634706948948,0.00454017179612137,0.128750175092417,0,0.0696839506062976,0.0776159355413314,0.0505300920108711,0.0723877477963147,0.127339293213681,0.0265884942885671,0.04844967529319,0.0049346424138729,0,0.0465768337610072,0.0272214214973356,0.0376387737914537,0.0768350356450122,0.0404477531145001,0,0.1159327977737,0.0955447768927529,0.0350460853622422,0.00900086726124918,0.0303596290332083,0.0452075552464492,0.129298539893407,0.028571265391522,0.0922122122755401,0.116579149122539,0,0.109911883356198,0.143421197279982,0.138038510851137,0,0.0753831055986371,0.0110453736060462,0,0.0171632661452741,0.093673035012579,0.0413508312659793,0,0.148436902061672,0,0.0186877983316268,0.0363634781479457,0.0195521762868872,0,0.0536334278072467,0.0532449671322026,0,0.0104175308119623,0.147689949361395,0.00588429993911131,0,0.0361237598313197,0.150544829873788,0.0298818011839493,0.0315435316874262,0,0.0146022051786091,0.0153669596430755,0.0350736753913312,0.0714733828084638,0.0367950798179783,0.0464271224547276,0.0193913327138646,0,0.146656922975105,0.0630069935685018,0.0262846716655378,0.0489323159519668,0.0867362127015001,0.0836234532951183,0,0.0604574358641598,0.0110679608506868,0.0601867564695309,0.170369093389856,0,0.0248122137355472,0.136955364266549,0.109636362780474,0.125068160806697,0.136540679950776,0.150173014991259,0.111398873082021,0.127768923626067,0.149417585922588,0.111070650700333,0.122346141140434,0.0698362999451839,0.0636700956290267,0.0585219323262211,0.066393831955475,0.170454793555718,0.0752640715581335,0,0,0.0651619185797544,0.0185095675843418
0.128546608524877,0.0293848684543414,0.00696710873285742,0.0192940247732939,0.079540232271794,0.00746666283678978,0.113091187758539,0,0.126930179061289,0.0305040725291783,0.0361249910996481,0.0160704078574252,0.0608360214123505,0.140427286383716,0.0696839506062976,0,0.0217858095214369,0.038324160580361,0.0693366606721064,0.141544712841535,0.0756304782152335,0.0559194337229341,0.012258036378106,0.0337647361137688,0.0361576537170738,0.0130755943797231,0.00975286272976095,0.149092268721821,0.0917115752902467,0.081192216950329,0.138253579954537,0.122054149115267,0.063565907330811,0.00319556816925556,0.0349533152276515,0.0307416835799789,0.153357942820989,0.0251416421724023,0.0886443028862057,0.124305559902657,0.0163456006035578,0.109309429268433,0.158223032643945,0.167088182521857,0,0.0708192885031968,0,0,0,0.0886590310815292,0.0708299465878458,0.113873519600032,0.170534542578737,0.0047390443162388,0.0560204591308757,0.00761233293853326,0,0,0.0975216010194199,0.102795193113154,0,0,0.138275516348698,0.00684794008103772,0.0181957662486335,0.0334081630626676,0.157975476664441,0,0,0.0368968585732551,0,0,0,0.0547317472110603,0,0.00295074563416423,0,0.00769001719994328,0.122928608704742,0.0119743043905766,0.0646514293100966,0,0.0155772002695031,0.0214192238404476,0.0952704832772415,0.00840712951597168,0,0.0411059476401666,0.160931190590663,0.114216008598918,0.10223738259572,0.12141624539643,0.163193787535506,0.0977995200415789,0.147992206691895,0.173161498586682,0.131773472952523,0.0948641367277651,0.14328708619286,0.124535828072017,0.131638889146284,0.0931276787611172,0.073325842456949,0.00392931137847079,0.0537053679135836,0.171495033696599,0.0752112961306927,0.00127917206044954,0.0328026055585369,0.0307225265288676,0.0739784919638828
0.160683303584631,0.119697023812298,0.0227806999533399,0.0403564825189875,0.103585230705914,0.02867306430757,0.150729778683034,0,0.184557475482824,0.0259130341333008,0.0462622891863932,0,0.0818978846815821,0.170879367889339,0.0776159355413314,0.0217858095214369,0,0.0495135939022009,0.0583466400982276,0.174387116344432,0.115431908451529,0.0261683004790273,0.0193304956809155,0.0358489460711996,0.0363646800385127,0.0127221011046646,0.0157063178465525,0.180167358241,0.112088159277372,0.100344518592477,0.181674950365746,0.138485271847925,0.102533877890304,0.00451702831600487,0.0558395222597416,0.00733066698332968,0.202134167376706,0.0375337161137832,0.140859907821188,0.148770907843354,0.0277442194838688,0.129889183766258,0.221779423541887,0.225937065008621,0.00777131810312704,0.111692759217774,0,0.00160191834743379,0.00818625872472576,0.12669408070524,0.0584818523410996,0.141954065816223,0.218501099673017,0.0248713136757531,0.0862239124715686,0.00398244730897628,0.0123489476210283,0,0.10691007763781,0.126635018048201,0,0,0.169525741778276,0.0344122387257521,0.0328714128079022,0.068443353715444,0.210310120673776,0,0,0.0272765309891105,0,0,0.00481078415051419,0.0403103770001361,0,0,0,0.0109002209996597,0.126617173442965,0.0123564064217289,0.0563155588227318,0,0.00338511774984291,7.58214175099088e-05,0.124575885878527,0.000983392632144936,0,0.0582753817157482,0.177136847766656,0.142273369844676,0.138460365916368,0.105085525432132,0.195877469462741,0.116449045520709,0.177968965236532,0.225853478571358,0.161999114529888,0.089614688429329,0.169402448372892,0.138613039956868,0.166679345311958,0.084930634225336,0.082170768912259,0.0112942005417363,0.0749883884975837,0.219996047176881,0.121211916645754,0,0.0795623296571218,0.0282077514787594,0.0963776554284534
0.147940237510797,0.0119929638195101,0.0367310851612914,0.0213994070155453,0.091683193166804,0.0480870186464638,0.0990267461283867,0,0.135971232788424,0.048031604504925,0.0381270308544983,0.034476197858987,0.0540846387702946,0.168883837400907,0.0505300920108711,0.038324160580361,0.0495135939022009,0,0.0733650856357099,0.173941543073489,0.0781958990127231,0.0672436842227277,0.00578121358807651,0.0275557609601544,0.0756879256107089,0.0209511724171391,0.0450547235154166,0.164704557993813,0.0761849644827817,0.0402886749456089,0.176332347900387,0.121618672285891,0.102871850384658,0.0124656531974827,0.0374574200872987,0.0390246254974094,0.183708895351727,0.0352846152835597,0.113630923624816,0.16877455530018,0.0145174180308724,0.0876746697817485,0.158452494657111,0.214947336584917,0,0.111353116126056,0,0,0,0.122982145477448,0.0244076330072875,0.0919811184432773,0.16511302250524,0,0.0666092806618995,0.0365740255821922,0.0182458921539301,0,0.0935715443682631,0.129784945362023,0,0,0.124817822238768,0.0185718289469498,0.0265316224122592,0.0473586088109152,0.164537655466516,0.000563766766699544,0.0142273243467337,0.0192732740538602,0,0,0.0174766050042556,0.0338135123423577,0,0.0148153565488149,0,0,0.149411372395663,0.00725473027710715,0.0375054871203969,0.000406927841641029,0.0457296016674608,0.0422890508597597,0.0792186228987292,0.0405643824081993,0,0.0385492726421244,0.160185017104797,0.0892757142460284,0.0914015306918081,0.118974065746593,0.167399147870389,0.12372303466338,0.154293635273882,0.199250160015927,0.119804224475825,0.108903043284667,0.135763045401248,0.151812442203556,0.145179244487339,0.083861060708672,0.0766017733148762,0.0388773007221468,0.0556035056812217,0.17277110070801,0.0705135070065742,0.0114778913777615,0.0247371432315622,0.0492434432888516,0.0821992516462628
0.0655931705106171,0.0992115236593635,0.0429800168155849,0.0357778255632134,0.0906852558095817,0.0858032920256701,0.0540448879667513,0.0440635435466578,0.00844553684951964,0.0286712446989923,0.0532994447625263,0.0325686463802876,0.126434067007794,0.0504670594738153,0.0723877477963147,0.0693366606721064,0.0583466400982276,0.0733650856357099,0,0.0523484445448507,0.0794936019469757,0,0.019946484601929,0.033492379637081,0,0.0100470024990586,0.0707216927215309,0.13275984837295,0.135127855336796,0.151345054061667,0.0797945553027381,0.0918290847586584,0.0414790933622841,0.0427500836855844,0.0266669731168671,0.0189962529650913,0.0992674639322074,0.0104020723157004,0.0183499832547115,0.032012480691613,0.0319949531739261,0.0514174330794523,0.0943948650911131,0.101804771664667,0.100536058561225,0.00568901647047504,0.105552194918663,0.129769667109031,0.132147912041902,0.0286214210931713,0.0784781211266624,0.160057652920078,0.100924836939893,0.130526192392483,0.0672503103950891,0.129190536100826,0.0388700950825123,0.117111158430783,0.128143446490523,0.112604649074871,0.0718870469577866,0.120275984576307,0.0582682628959714,0.00273118537367732,0.0794911661116659,0,0.0744164608485354,0.04779590195841,0.0676713017664417,0.118869871840031,0.0598919277554112,0.128423551390643,0.122285833843573,0.0328971263657361,0,0,0,0.119909333577525,0.0043168579398055,0,0.11005972178371,0.0403926374687847,0.028083556734154,0,0.135604633315952,0.101878106878804,0.0784311783651831,0.00644934800270922,0.0599441652589879,0.160122333181217,0.12170527169667,0.0442245204635809,0.16079177847893,0,0.0402239741035019,0.113942604558136,0.109058537603954,0.0151015739127689,0.0827112579469774,0.0568655653611908,0.0647492790692645,0.109962552622477,0.0426914482334127,0.053867107056653,0.0127410164491644,0.0874709245528716,0.0401871591453355,0.0176642056898276,0.091761568698783,0.0248195906445754,0.137539415859974
0.0538112163122947,0.19699230226191,0.195851790348252,0.0661737158205873,0.126697021207118,0.201995177697335,0.113436265663564,0.128882564364721,0.014160104060566,0.112848597366181,0.111034956265013,0.0809218284858776,0.255432907470813,0.109026243177072,0.127339293213681,0.141544712841535,0.174387116344432,0.173941543073489,0.0523484445448507,0,0.140472058661944,0.0398357915539856,0.0225710197273358,0.072100763392336,0.055937183363851,0.0790293104262252,0.227882706685455,0.253047344531846,0.208683959149186,0.281365674028047,0.213979561836287,0.0387535114122432,0.123278872143642,0.162520950956649,0.0319192479481563,0.0296522971517154,0.213280324276467,0.0246067417274469,0.0122522140482938,0.0259317165232737,0.051911604483753,0.0844820845990429,0.170376043829133,0.211275932939615,0.189073988650189,0.00620607943500333,0.248790265516875,0.267302540057569,0.22003734616933,0.0962903015393478,0.111612898709025,0.30480074703958,0.177904206687536,0.273621753798623,0.136047925778657,0.143572946130761,0.191948400379477,0.24188127106422,0.20137299247007,0.219309299345608,0.19432787952898,0.238273563247501,0.0907161953137087,0,0.160634693757625,0,0.134352328062751,0.173191787505462,0.154873315230249,0.128548872987649,0.1309023699077,0.310091666395739,0.239715748881947,0,0.0101526954721436,0.0394663209103377,0.00527804764268133,0.249444433057091,0.0599729441504633,0.0233722731742865,0.102308277797103,0.179997368555296,0.163986641543024,0.0809014088023992,0.250848413463003,0.278468412162984,0.180816051341662,0,0.00444286494438739,0.28824906479271,0.212775607909164,0,0.251066841167566,0.0724766448072201,0.0396832347416282,0.229469638996188,0.147757448224151,0.0517544219364204,0.0580111071778062,0.0370036859413591,0.120912471400369,0.0392814857448968,0.0340715661711045,0.233938121998138,0.0127269952470005,0.109995868916246,0.0633898078438925,0.00283650362169077,0.18095101968858,0.101778964600688,0.221785857058579
0.109428947951211,0.0699490619984508,0.136200541590279,0.026835117292642,0.0152348026988825,0.111468820592341,0.0094495126158911,0.096103314865301,0.136162300016935,0.0984186455495774,0.0390838266474435,0.0630208013003068,0.00881293465937994,0.142092547651488,0.0265884942885671,0.0756304782152335,0.115431908451529,0.0781958990127231,0.0794936019469757,0.140472058661944,0,0.0522417861092034,0.0248680782649017,0.014426474506941,0.0751398942319869,0.0318732741471447,0.11282728643638,0.0131252136946117,0,0.0767548939234822,0.122256887080677,0.069286668595096,0.038443831110772,0.0826692129756142,0.0160547198264625,0.0381592295116945,0.116008775087099,0,0.129744462676541,0.159620601273909,0,0.00957568516904954,0.0766778643021526,0.115357020284587,0.0769715269427275,0.146878502405064,0.113730983833487,0.0987294219509869,0.09236100089396,0.160409900872046,0.0235450228606416,0.0795781546305666,0.030272245921123,0.0863732014509335,0.0477023241145325,0.0659338469519207,0.0740222998795947,0.103889198926082,0.00716001093885646,0.0403151526756472,0.0919526526446249,0.142019707444949,0.0465601385476872,0.0189927015347961,0.0425506331143747,0.0490202822844175,0.0740512483312499,0.110050262998401,0.110897281644917,0.0317416106215561,0.0971784676937831,0.140501660166713,0.132707655629458,0.0313269250644966,0.0902400998663914,0.0654957855679324,0.0454232104973865,0.0691708235546081,0.191460122201143,0.131095922232249,0,0.143425624388759,0.143279296344307,0.109535986196575,0.064401104537328,0.178005190445028,0.108431076880609,0.0497708385959835,0.19579881269674,0.0621886236591462,0.0316752384226418,0.139413649081667,0,0.189840012697654,0.167628825167371,0.0365618702704764,0.0179194178465233,0.124607660383436,0.1360962768811,0.10518227221958,0.0441977029209233,0.0322412307101851,0.0388345379087331,0.151011278706366,0.0472991776010562,0.140243491858484,0,0,0.088014889478859,0.123341136904994,0.000119272477213623
