0,0.0405394166474473,0.0101122205544739,0,0.0218502949682947,0.0462054915661428,0.0212299178378284,0.123745583170844,0,0.0668296479800978,0.0663613083412721,0.0129298429458725,0.027401819889786,0.0103431605738283,0.00666438913912073,0.0163450783182279,0.00563151552491288,0.0250088092369061,0.0857580343687601,0.0401395347328596,0,0.0714021452807363,0.0425779086371706,0,0.0546301206542037,0,0.0153478390572334,0.0352549759171745,0,0.0152518152189147,0.0619583978857506,0.00759469546835136,0.0681801973685052,0.035872273193146,0.0128999404949666,0.0170581586920052,0.0242248905938204,0,0.104157350186143,0.04340828570172,0.0176984432698893,0.000731408301895665,0.0272778009535879,0.0110063363861141,0.0407205988992835,0.0158614018245521,0.025821406751949,0.0393163123236894,0.0362509294253574,0.0673259294798743,0.00160095484232903,0.0258642931936389,0,0.043219290062655,0.0544489082016845,0.0852244625076805,0.0209313748714036,0,0.0167115187628979,0.0574896551185237,0.0167096178347057,0.0119541102355946,0.0209894095836458,0.00879949501191556,0.0816326431974343,0.134092405559304,0.0182953857777317,0.0465529956810505,0,0.127190768350534,0.00791195760044088,0.11734329101474,0.00429445494399212,0.0167924531448162,0.0223468334598397,0.0324871607050745,0.0573063425313331,0.0789042553498853,0.0515468867539489,0.0316890191911522,0.017307065691432,0.0304158714918761,0,0.00362850328926851,0.0271928207712627,0.00240758719485965,0,0.0122956209048724,0,0.000134852037158567,0.0554692728605368,0.0384780868499563,0.0959283108392681,0.128450299130436,0.145064285951328,0.0045383318443316,0,0.0302168548258456,0.0561977447825658,0,0.0253595794084547,0.000836696078656936,0,0.0481753241504442,0.0336769559197667,0,0,0.0234604722151381,0,0.0604992397950005,0.120198288101758
0.0405394166474473,0,0,0,0.0363139987135551,0.0501985565451553,0.0831302272406196,0.03144490449443,0.00417626199090683,0.00377141631711919,0.0327873081740979,0.00567798735041065,0.0196111477435259,0.0465728362911728,0.0374071114921488,0.0384704871479845,0.0352948260423074,0.0271210793547439,0,0.0100491281405386,0.0377275898445927,0,0.0673696215880583,0.00258251475820892,0.0122636279547286,0,0.0232599065077878,0.0850043502126778,0.0418797199016385,0.0769266202064779,0.0270941284299731,0.0254845935805219,0.0045019908670924,0.0632821010723872,0.0191487737720253,0.0449376058703292,0.012101408276225,0,0.00121723383370349,0.0145024386715446,0.0893013498134452,0.00879966401562588,0,0,0.0806836476675376,0.0639103180144863,0.00276141020846437,0.0453058702569393,0.0725386774142873,0.018397210040836,0.0465427791151791,0.0594549010799359,0,0.0624460839867773,0.0488189459993622,0.0235504123461253,0.0763548545683949,0.0154282875915245,0.0201040721628648,0.0622530334638381,0.0363588518104487,0.00552939760650802,0.0248744543739476,0.0267474811413656,0.0041419376111597,0.0167678450376552,0.00914933077111005,0.0486912649775684,0.0335738840497487,0,0.0035320722478781,0.0109183993121877,0.0665830536848844,0.0364233957046891,0.0125128718578053,0,0.0702397665761803,0.00535581479533054,0.0200798244510813,6.18413133297377e-05,0.0147043389462022,0.00977526524081241,0,0.054062087095142,0.0168421473771494,0.0303060616099835,0.0269165917192049,0.0276245462278186,0,0.0453954516236585,0.0687402627767383,0.0694367848130095,0.0602795711376352,0.0525109330640073,0.0103977322214604,0.0392147914830025,0.0240462135500336,0.0178371006545928,0.0670967306722491,0.00982572676091214,0.0107418672031824,0.0319749413656422,0.0328486969187718,0.0159612211434028,0.0710984289798315,0.00114235186579409,0,0.0585424915791678,0.0245825433333726,0.0510682991681255,0.0252254278352532
0.0101122205544739,0,0,0,0,0.0615341103710313,0,0.0874310099693414,0.000185868985507295,0.104511922724065,0.0591061865442081,0.00453181676708156,0.0320023571091894,0.0211241991033991,0.00496533819208341,0.0138877792227016,0,0,0.0532664733568166,0.0410104410472446,0.0117339350986982,0.018073160065234,0.00981163841943283,0,0.0276836279441623,0,0.00511981252830416,0.0128040595178157,0.0017451500617994,0,0.00708524170003144,0,0.0366065242517315,0.0183113555480433,0,0,0.0102485445306772,0,0.00425810790570177,0,0,0.00570932407524653,0.00321903844748039,0.0187654785932164,0,0,0.0093544782891427,0,0,0.0192850366199166,0.00243743088916153,0.00640007407065445,0,0,0.0114934440317864,0.0258984345763208,0,0,0.00258899405580011,0.00604584904983038,0,0,0,0,0.0489252553050993,0.0697973668658235,0,0,0,0.0664941195102508,0,0.0121208361826126,0,0.0378743170717422,0,0.00182808009178063,0.0433287683667898,0.0406484131196004,0,0,0,0,0.0039602135049224,0,0,0.013739977660681,0.0267515304171379,0,0.0106711154897514,0.0204453422662972,0.0377271002272709,0.0181727786594811,0.061778891836721,0.0999041658578191,0.0690225791082917,0.0190285809074842,0.021608385334767,0,0.0322297291047096,0,0.024476843169283,0,0,0,0.0379308714132053,0.00335191202704317,0,0.0224397195932445,0,0.0466440192411838,0.0345737440208317
0,0,0,0,0.010990187942743,0.021969955860669,0.0200752664589873,0,0,0,0.0144355468831776,0,9.98783814198222e-05,0,0,0,0,0.000379845841398015,0.0111005971065466,0,0,0,0.0164497704270988,0,0.0178685730157577,0,0.0322500401001307,0.00783202719828249,0,0.00296281568162384,0,0,0,0,0.0225487248082587,0.0367002239279928,0,0,0.0264936577700548,0,0.0329243815917266,0,0,0,0.00498451538264252,0.0143980037701221,0,0.0209696431664542,0.0337002074572778,0,0,0,0.00568659201563704,0.016185094195775,0.00682934323240921,0.00253500641319722,0.0186136965382776,0,0,0.0203699487320332,0.00658817227066144,0,0.0107844485828046,0.0201338185693466,0,0.00302525429752206,0,0.00943228931544019,0,0.00197891474767706,0,0.00171639498063104,0.0054977996419724,0,0.000113770945870002,0,0.00782264791409521,0.0189679994670897,0,0,0.00224207140996064,0,0.0132155112273458,0.00239780232662441,0.00953341019103611,0.00438696729970251,9.97359724476514e-06,0.000313139631321352,0,0,0,0,0,0,0.00933387431613751,0,0,0.00467099978898717,0,0.00389877817497575,0.000923048468602655,0,0,0.0145314087308633,0.0113335852629903,0,0,0.0138626425248747,0.00394188893018664,0.00105880189755527,0.0167563313228254
0.0218502949682947,0.0363139987135551,0,0.010990187942743,0,0.154840620854741,0.11256623660245,0.107881520393835,0.0182567639790319,0.10963626616517,0.0908353892716192,0,0.0373520518045004,0.0620633225612425,0.0600195740380177,0.077539380880056,0.0317585520256252,0.0793511075948774,0.0466124818956405,0.0592180295374665,0.0587685749250434,0.0203804136564621,0.0745068454227173,0.0226766881358537,0.0660353124161694,0,0.0304796113735393,0.108867769461252,0.0420280602684539,0.0920833468676241,0.0309506373937456,0.0361050430604291,0.0611611565390315,0.0748453168763985,0.0465338372729407,0.0424276199576198,0.0329368470057203,0,0.070798720927781,0.0229486284532223,0.100780221433119,0,0,0.0216954711411831,0.0823021509537007,0.014768478832705,0.0551717536860558,0.00326654158833867,0.104070288010486,0.0393102909344014,0.106491556903709,0.081100675537968,0.00784149715019741,0,0.0189070631287365,0.0503921834131688,0.0549754606132574,0,0.0263485335246288,0.0157360172276758,0,0,0.0473143981273656,0,0.037091902992624,0.0807619335420602,0,0.0483502806734008,0.0117280703540482,0.0738264140179267,0,0.0668635148463724,0.0741552975594541,0.0302006928681189,0,0,0.127855544483573,0.093367803368719,0.0364176066487292,0,0,0,0,0.012635723174968,0,0.0351407902782856,0.0232650595409666,0.0830139888340551,0,0.0363689282011945,0.0697330293734815,0.0402651477392742,0.0596348856862412,0.068165683440715,0.131255827272701,0.0555168498593299,0.0210951426510636,0,0.0833196111223551,0.000857035506516935,0.0819811756518836,0.0127813732766337,0.0632142208953863,0.00925958867357247,0.113967064606518,0.017643411047875,0,0.0499178727718831,0.0164423855548194,0.0847032878848333,0.107148959495223
0.0462054915661428,0.0501985565451553,0.0615341103710313,0.021969955860669,0.154840620854741,0,0.167230520657994,0,0.0456283881335589,0.0443151480798001,0.0551961214421412,0.0500030641073048,0.0296446879784602,0.0393700450388776,0.0424370390260752,0.0458233168349374,0.0183805891119902,0.0555330683996756,0.0874806052963732,0.0173962108116347,0.10174826868169,0.0230706916612199,0.0744478587117189,0.0268503447615198,0.0126241274655605,0.041723289649846,0,0.0391925699858534,0.109537306614888,0.121465365162207,0.0694750409804453,0.0143542282660929,0.0497052530588232,0,0,0.150104715694701,0.0316914143030998,0.00585843776748892,0.0239634185069896,0,0.165352186054367,0.0275146874863983,0.0558537825150106,0.0894560232776724,0.0571617123109108,0.152506196773132,0.0671252074321185,0.185130740070075,0.154086499071233,0.154091889346612,0.141015340211017,0.0242170384068551,0.00577650545652396,0.137873602096111,0.152655184958807,0.156208029749668,0.163706559570441,0.0634356437463032,0.114726575020086,0.155438356341765,0.113856461726988,0.0732411558927531,0.0966829357518006,0.0866504436148938,0.083967855312811,0.0377432223917136,0.137895977415614,0.0423539052343504,0.0857664837212036,0.0722274107141112,0.0469867363806869,0.0189125444011787,0.109049110771261,0,0.113599022298108,0.0588677747640635,0.0806769148982579,0.0176332840025279,0.0313511426274917,0.108271766068642,0.112277443940052,0.130558223181879,0,0.117143190978143,0.114384514534453,0.109865388886036,0.09803389654479,0.117182097474503,0.01311766231057,0.104551779110329,0.00614564838764587,0.0277028895081548,0.0316796871579957,0.00495348195734801,0.166076555166745,0.089423396812415,0.0147371553068875,0.161720499265881,0.0272406555199339,0.0425327799578508,0.0831860775008662,0.065063796735061,0.148269364093137,0.161581922805192,0.0702029607792533,0.0169417424480779,0.00501943529437751,0.0786381206134883,0.0300257038537765,0.0323942508824577,0.187039869765548
0.0212299178378284,0.0831302272406196,0,0.0200752664589873,0.11256623660245,0.167230520657994,0,0.0758394800559287,0.0557710102804518,0.107735772600447,0.104315720790321,0,0.060004010583656,0.0529984252172459,0.0754135069234571,0.0796926585796129,0.0488914025563007,0.0547989265377329,0.0730270453688481,0.0629144252007819,0.00242159253723232,0.0452363601850777,0.0218602063184228,0.0465838401724783,0.0318284979147929,0.0262737321753838,0.0377935837796918,0.106973386692779,0.016568471282287,0.0162648814446354,0.094052827407451,0.040358683042174,0.0919164810811973,0.0718508005622674,0.0339477854115087,0,0.0811423246642269,0,0.0653945551953956,0.00354057102148467,0,0.0292688455272187,0.00570638171110636,0.0693358121860919,0.0467608834883501,0.0178277789288941,0.0868857210753777,0.114811098268657,0.0336648046287903,0.116133859543504,0.0069194980266735,0.0923169365018989,0,0.0664447981781491,0.104246382176602,0.125712506991444,0.0647912225576965,0.044710967038844,0.102213561206214,0.0913948744391807,0.0105648063124511,0.0164288381324064,0.0188907468409478,0.00752417132747784,0.0687791429579907,0.0807246794519762,0.0507215044144527,0.024932688691824,0.0107567742317139,0.0823861915172978,0.0335658506358917,0.0731191351437156,0.0198500852022549,0.0449257861507308,0.00676438204066743,0,0.13816851039324,0.0876946055710667,0.0722939458734223,0.0271372453537133,0,0.0529961438037547,0,0.00668513517657864,0.0147092106478057,0,0,0.000119856623739797,0.00173471503733483,0,0.0712707087433783,0.0340535858587752,0.0829449259215169,0.0570512156426902,0.19207286954286,0.0057088585388167,0.0250903215964669,0.0533606131101892,0.105932985472845,0.0259038156466115,0.124830937055023,0.0126832659675694,0.00582503240596368,0.106802131122064,0.103249780295092,0.0519646853689064,0.00783111457880714,0,0.00511451002786939,0.115920200334202,0.177958700716784
0.123745583170844,0.03144490449443,0.0874310099693414,0,0.107881520393835,0,0.0758394800559287,0,0.0196841551258842,0.0243723839510455,0.000149038840040003,0.111833196849592,0,0.024240921957353,0.0101581612152237,0.0199924652825453,0,0.01177222252659,0.0846209918259704,0.0191977015898897,0.0798641132587621,0.0874338458021038,0.0358619606694501,0.00332590779276244,0.00015922572773428,0.0250030283715935,0.0224974627697134,0.0115874750171668,0.0678403264321514,0.0692573842809817,0.0637092734340949,0,0.0108782822671789,0.00201664197089747,0,0.0872928125730036,0.00550262293326271,0.0109165837452942,0.110472669572909,0,0.0726413131640562,0.01467724101629,0.108060772500569,0.0268562398432455,0.0101677658891066,0.0447970921821505,0.0837520662767199,0.0816277290437075,0.0458563357727287,0.0814975435554095,0.119869586568409,0.00432239479193377,0,0.0936180636975806,0.0535123263267713,0.0781463506064639,0.0700819045617772,0.0241246894719992,0.0746247746195238,0.0638917427013458,0.0108103092029058,0.0918421056414298,0.0321328456276142,0.000507825671351356,0.114807854660016,0.0995009323886938,0.12827824045649,0,0.0752781560376345,0.168636960966361,0.0662924300605213,0.0594471296906731,0.0639073127575317,0,0.128224152422149,0.16795880390581,0.0193895327035906,0.0829001097788113,0.0229160130662824,0.131470595707118,0.155757215360476,0.124918646399674,0,0.084401463600177,0.133098994103834,0.139386812652271,0.166704252798567,0.076403371289441,0.051367362927182,0.109082477861769,0,0.0159008403056921,0.0154973443498612,0.02158951068323,0.145413418238194,0.0990501178639872,0.0292569714112334,0.133091455408457,0,0.0466267958322464,0.0817686501830707,0.0298066404116781,0.0971411895962475,0.109924831378923,0.0188501721436763,0.00441907828810777,0,0.0937706777537258,0.0368169374935907,0,0.171320102821743
0,0.00417626199090683,0.000185868985507295,0,0.0182567639790319,0.0456283881335589,0.0557710102804518,0.0196841551258842,0,0.0102421442161483,0.0135652318628588,0,0,0.00323801589805664,0.0157536998933239,0.0215175160946318,0.00522752052724329,0.0119438656037352,0.00390769879497197,0,0.00692857794427689,0,0.0271306652611517,0.00581002197821214,0.0217518239534786,0,0,0.0267143311034549,0.00968108437774288,0.0326680386024764,0.00620444585625877,0.009395956886509,0.00292226081170414,0.00991323435843552,0.00762554591990275,0.0467815362264345,0,0,0.0105401830425041,0,0.0501787626626187,0,0,0,0.0216623508463838,0.045772589326574,0.000553859041236434,0.0386696829525526,0.0397276674001686,0,0.0228957146051616,0.00649636890492717,0,0.0234880501629946,0.0146850631661527,0.00892834984253909,0.0450507193146261,0.0113770664911345,0.0165531620111229,0.0265513894177846,0.012062394863545,0.0119850204957214,0.00459797136731615,0.00922481400715134,0.0125628494138219,0.00532812980971964,0.00211791782394476,0.016242882889835,0.0132355817356581,0.0092661569680478,0,0.00801564683844827,0.0300350106264556,0,0.0295778793205076,0,0.030679516129274,0.0313012243556688,0,0.00711275803196555,0.0110222407324561,0.0336754071043849,0.00202774393612358,0.025906897086605,0.0226689158208804,0.00136876358890258,0,0.0118039349605306,0,0,0,0,0,0,0.0177242855073703,0.00121725181752234,0,0,0.000277020156358252,0,0,0.0118583927125038,0.00565201297913996,0.0223707173918217,0.0299196631373368,0,0.00938316186138166,0.000940894029683485,0.0177128345138327,0.0110798188090443,0.0186853946605289
0.0668296479800978,0.00377141631711919,0.104511922724065,0,0.10963626616517,0.0443151480798001,0.107735772600447,0.0243723839510455,0.0102421442161483,0,0,0.0682949724596848,0,0.0509517808029569,0.0283212175706608,0.0358160593590861,0.00613618178392471,0.0307559886938641,0.0709647294370196,0.0126195168608493,0.10208307128619,0.00773760095069258,0.0602474959801789,0.0060324176348774,0.0148783345788681,0.0185025572946763,0.0166686647725511,0.0621495049885396,0.0768045103466097,0.0945636925163427,0.0374491473825246,0.00736682337456464,0,0.00693955856774238,0.00505037181260757,0.132464511007681,0,0,0.0189571633410288,0,0.109145815692381,0.0107766748512791,0.0645119595868821,0.04583700797207,0.0517643364180827,0.0768006699664116,0.0160782298114995,0.119010297110916,0.0874420658492501,0.105302090456325,0.129796905674524,0.0284427917207271,0.0138418680556035,0.105966027998395,0.0693314968968206,0.10589531126649,0.105344869864468,0.0253860778241845,0.0703779981258497,0.0924064158703783,0.0335293969723621,0.0716477182603764,0.0500423925750891,0.0232676877190566,0.0576456558576728,0.00122855899365885,0.1233660559605,0.0229355282837743,0.0768325412325293,0.0332172117368073,0.0389300312896374,0,0.0853255764894935,0.00293565355630571,0.124762990203851,0.124234916833663,0.0693124065572715,0.000878157653173403,0,0.110971228139745,0.143623206124514,0.111760481011272,0.00499987642678158,0.0805392573395568,0.13011066385868,0.141820177707789,0.141468663662555,0.136165752810699,0.0433778916287839,0.104013731614851,0.0319999640846507,0.0379134885539807,0.00931622935474844,0.0376824331810865,0.0929792578728164,0.0898961983847933,0.0494865238346338,0.155508629797019,0.0215020326840722,0.0231256632789497,0,0.0359206221387448,0.118631234465403,0.125024894510302,0.0663611009095319,0.00634621627934641,0,0.100329153846898,0.0393809247733692,0.00239694735226913,0.151601549226965
0.0663613083412721,0.0327873081740979,0.0591061865442081,0.0144355468831776,0.0908353892716192,0.0551961214421412,0.104315720790321,0.000149038840040003,0.0135652318628588,0,0,0.0559226348319942,0,0.039479809251648,0.0280402227248503,0.0430991704324234,0.0102415339461919,0.0312877170272838,0.0640683207087342,0,0.105257719587425,0.00960035078366999,0.0547823090472005,0.00751376989838078,0.00118940131654122,0.011064168590292,0.0661155091425813,0.106753526522112,0.0861890497484378,0.107285865342347,0.0498713417824809,0.00241012318374905,0.0185460992618006,0.0127513671058282,0.0289333564194673,0.101938651415005,0,0,0.0253041215736818,0.0088199421279012,0.110824526618527,0,0.0639112041839991,0.0373887026138153,0.0583516620594319,0.0654010164964262,0.0399330491434371,0.0878150298542235,0.0963382159922651,0.0835595253984299,0.109694927351631,0.0340213431280415,0.0119584194873878,0.0902428540555217,0.0514352091959501,0.079765119632804,0.103306310991283,0.0268495719308256,0.0560986789925592,0.0743585728151508,0.0271812172185799,0.0617701101852992,0.0471019878435303,0.0195112555438028,0.0401123260660432,0.0124061709723755,0.0996693383567328,0.0192346674312209,0.071097921290132,0.036405222561996,0.0306113258332746,0.00792953347948475,0.0950893904923922,0,0.0995280107961253,0.11481855615463,0.0953244998797921,0,0.00779486642533231,0.0874697396274686,0.129331221969316,0.0838032343964809,0,0.0923090639754062,0.105429588626608,0.140826382608224,0.190692753670461,0.129552334198718,0.0303248630250616,0.122471404790014,0.0568712025946374,0.0533716324377953,0,0.0423731988992957,0.107494979969722,0.110117952963348,0.0512131413078167,0.128353444817029,0.0359301358998409,0.027586126469324,0.00766106411283426,0.0466479083697894,0.114605425307651,0.0988348908265598,0.110630611897643,0.00189700666904656,0.0119894327811232,0.109537976801284,0.0198656635388162,0,0.130904357534085
0.0129298429458725,0.00567798735041065,0.00453181676708156,0,0,0.0500030641073048,0,0.111833196849592,0,0.0682949724596848,0.0559226348319942,0,0.0158961145917515,0.0323964111554602,0.00725163293842396,0.0182300402979633,0,0.0141460110483372,0.054923320799374,0.0636275506738507,0.0123263244308336,0.0436880918782098,0.0106017447068626,0,0.0395245739129546,0,0.00912794674687419,0.0182644909736355,0,0.00483831202233059,0.0163631016960744,0.00215668373903386,0.0369008196657022,0.00580035831554649,0.00643085281755763,0,0.0140158515902271,0,0.065537806469853,0.0282582827560159,0,0.00160145786051297,0.000361010391727061,0.00548145837897425,0.0333162310850485,0,0.0437801928199181,0,0.0274614429853894,0.0285375382945205,0,0.0208537866875894,0,0,0.00523552212409016,0.0293584369997871,0,0,0.000225162530055062,0,0,0,0.0089494828234377,0,0.048445375156168,0.0993760719889691,0,0.0250672614696778,0,0.10167870022657,0.0042926655812653,0.0802766219693828,0.000246783513959136,0.0269247063083366,0,0,0.0854199696537975,0.0719875017513983,0.0166204212405365,0,0,0,0.0253539737418094,0,0,0.00852705569308338,0.0626668027481378,0,0,0.0291708947745379,0.0870917038738594,0.0564758513263185,0.118815151722141,0.125631242918278,0.0855931694579695,0.0194460786967214,0.0344256426756111,0,0.0595951161232059,0.0298916360324813,0.0312279281191482,0,0,0,0.0386949894550291,0.00124007760641924,0,0.0451627690776656,0,0.0520971516870395,0.0551534320376224
0.027401819889786,0.0196111477435259,0.0320023571091894,9.98783814198222e-05,0.0373520518045004,0.0296446879784602,0.060004010583656,0,0,0,0,0.0158961145917515,0,0,0,0,0,0,0.0552095266335817,0,0.0309420949942586,0.010659627076017,0.0145715768986713,0,0,0,0.0409895749132845,0.032580251732712,0.0234692116918206,0.0450638633193994,0.0473199966639094,0,0.0615473026175672,0,0.0556418777755893,0.0690661507902812,0,0,0.00374195502765956,0,0.0658116597878971,0.0088062430063424,0.0217676350155573,0.043844240649021,0.0152421141478145,0.0502087804106381,0.00182987272657942,0.0779968881685851,0.0444749961646735,0.0816367120358565,0.0514329551533774,0,0.00426098463705841,0.0654423526483072,0.0665236766641954,0.0749772112368163,0.0642891191926718,0.00220533874607069,0.0158971384967586,0.0819955672980486,0.0176566649738001,0.0256139517947061,0.00566675802132996,0.0253166615187631,0.0192703057604893,0,0.0381528124359746,0,0.0216273947558931,0.0116810243724947,0.0198783195539162,0,0.034870879599807,0,0.0419561736717008,0.0534242165682084,0.0202720878957628,0,0,0.0295649507993006,0.0530741612007055,0.0357846063630617,0,0.0291096147469725,0.0527322472309764,0.0567910832402205,0.0817361639903729,0.0994540879756344,0.0107950054365743,0.0313031341410928,0,0,0,0.00678677867578917,0.072260027631092,0.0279830329168266,0.00162698803528873,0.0756675384043606,0,0,0.00258655678053162,0.0118175628797241,0.0541723194756438,0.0454873786084829,0.0237712050226989,0,0.0232180660951159,0.0353928875723599,0,0,0.0857571082397337
0.0103431605738283,0.0465728362911728,0.0211241991033991,0,0.0620633225612425,0.0393700450388776,0.0529984252172459,0.024240921957353,0.00323801589805664,0.0509517808029569,0.039479809251648,0.0323964111554602,0,0,0,0,0,0,0.0623906449024384,0.0214646938447518,0.021747127072016,0.0421326959003381,0,0,0.00924469481564235,0,0.00480527217347401,0,0.0286217425249943,0.0541901351188473,0.0795413315260087,0,0.0977442159795348,0.00379441640378066,0.0144610553166548,0.0530411793635982,0.0497749273519331,0,0.0303291458540429,0,0.058496557965106,0.0227429998713178,0.0577789431825131,0.0552495142946335,0.00170985203926313,0.0431163554814726,0.0473277904243907,0.0726335979173829,0.0111212427231282,0.0739889798401711,0.0320380802842233,0,0,0.0579506344568191,0.0662157613368107,0.0688615320177251,0.0523270902161017,0.00625334678202818,0.0428592330388051,0.0706581692906989,0.0150581301465756,0.0715964479646031,0,0.01007844598519,0.0620391366024965,0.0418944782909404,0.0649179636650913,0,0.0729812873419422,0.0770315547614412,0.0118676919733732,0.0506934503882171,0.0482228853253464,0.0264058550910671,0.0723208083782339,0.0779856225790386,0,0.0703950667549204,0.00142016704843804,0.0690643544021571,0.0792030496323213,0.0686402399567382,0.0146413336170449,0.0580652410281378,0.0793668471178484,0.0570147232055023,0.0609504049312259,0.0232928264638432,0.0257035460721957,0.0578708717883082,0.00399012979849202,0.0027085101540229,0.0520852092859316,0.00413879381453661,0.135442089412158,0.027046061043299,0.0251476645861508,0.055955386422936,0.0144977701011537,0.0132933689352668,0.0259171898746616,0.0100190475411841,0.0310732815233657,0.0666194438021839,0.00263201326920424,0.00541865350746968,0.0284764919806505,0.0113318851745262,0.0336739075732309,0.0576564129021207,0.124494507343373
0.00666438913912073,0.0374071114921488,0.00496533819208341,0,0.0600195740380177,0.0424370390260752,0.0754135069234571,0.0101581612152237,0.0157536998933239,0.0283212175706608,0.0280402227248503,0.00725163293842396,0,0,0,0,0,0,0.0396118872068211,0.00350842140873371,0.0092927030090147,0.0199267531160286,0.00996275872290018,0,0.00650843983388898,0.00569946215885426,0.014022185451476,0.017598030979926,0.0439076102665388,0.0641488826872696,0.0683060345934806,0,0.0423122424885359,0,0.0205050080797369,0.0583756171984294,0.0437768013651534,0,0.0212912414501942,0,0.090042302111902,0.00687419278968775,0.0325201953489732,0.0255634289931391,0.0074338664450264,0.0521734988041694,0.0345635549343192,0.0699058084132583,0.0297913516209516,0.0451937560575571,0.0222267403514954,0,0,0.0616661801381019,0.0485704979762625,0.0443699184734218,0.0627855692232235,0.0318054333763827,0.0379878699498519,0.0578298188215611,0.0140896828045404,0.0606224077277316,0,0.00374017519221953,0.0437955955582559,0.0277753955523358,0.0432777699647894,0.0121374492344966,0.0846294343643779,0.0434128627470228,0.000614117724338751,0.0359632191748138,0.0810227713719089,0.00982125232622191,0.0605776552487675,0.0258226475945786,0.0138351421044127,0.0485762708349125,0.00448513186398614,0.0525616932607836,0.0462044498634171,0.0628231359747865,0.00186555931989445,0.105075526211991,0.0668305548913453,0.0210514896702134,0.0227355827029471,0.0119487781885717,0,0.0277867529704302,0,0,0.0112193186827764,0,0.0919110709006877,0.00745085054393038,0.00413096496739766,0.0344524876450643,0.00133823825942597,0.0168759136209366,0.0236875299762274,0.0302339985787903,0.0192708318263795,0.0656317394816842,0.0278726670549032,0.0084192254364236,0.020777037776207,0.00964194941028785,0.0257397182986944,0.029689740581613,0.0919946595251013
0.0163450783182279,0.0384704871479845,0.0138877792227016,0,0.077539380880056,0.0458233168349374,0.0796926585796129,0.0199924652825453,0.0215175160946318,0.0358160593590861,0.0430991704324234,0.0182300402979633,0,0,0,0,0,0,0.0603293742548175,0.0104834594889804,0.0389406029543696,0.0279949777702344,0.00748197067427334,0,0.01857629198518,0.015913300198578,0.0306847074979327,0.0153089090784347,0.0852883195677974,0.076391773009518,0.0643716787218462,0,0.0503751850106018,8.58415708122357e-05,0.0184355005516781,0.0748432488449327,0.0207976127053969,0.0134502420198973,0.047157764264116,0,0.0931625497338038,0.000104648142958171,0.0703319464601097,0.0207219434361976,0.00420540300376857,0.042815531609536,0.0499682596786981,0.0757842711886613,0.0248246816525338,0.0553268258545633,0.0377142898532633,0,0,0.064148844021525,0.0441992238912383,0.0563769058841626,0.0656077917624278,0.0362541873249609,0.0516156444316209,0.0566483468922028,0.000832302986138401,0.0905555008040999,0,0,0.0697201421081216,0.0539755728950243,0.0923449337989819,0.00383679589593866,0.102573716107395,0.075656954497264,0.00569423588522197,0.0573078027468602,0.0992223957423949,0.00182902996959176,0.0943935171853135,0.0617469593202316,0.00977667129723259,0.070467765839365,0.0171173970318842,0.0917344124819094,0.0916602990088873,0.0874217301319077,0.00677110438230781,0.137449390364527,0.0947787271952439,0.0630279516063722,0.0551198974257751,0.023899605229363,0.00857441300740553,0.0800074796227743,0,0,0.00997634083591583,0,0.111594891193024,0.0516547172496716,0.00910875537422767,0.0641716718745405,0.00204649692487875,0.0297552258917343,0.0326115304508514,0.0514400537446079,0.040776942770244,0.092729041846988,0.0303938265817748,0,0.0294896173319832,0.0321165252419202,0.0281582268647941,0.0349936735733315,0.118112417411532
0.00563151552491288,0.0352948260423074,0,0,0.0317585520256252,0.0183805891119902,0.0488914025563007,0,0.00522752052724329,0.00613618178392471,0.0102415339461919,0,0,0,0,0,0,0,0.0177430429471423,0,0,5.67044438275002e-05,0.00466627110750657,0,0,0,0.0132361320113495,0.0172762334818406,0.0186415135770276,0.0331889809578831,0.0542736263283077,0,0.0273335726601804,0,0.0166515071260097,0.0389441535675314,0.0322193561074525,0,0.0012344252249288,0,0.0572491736291479,0.00902523281268729,0.0108547763222303,0.0143049787977459,0,0.0433443061199763,0.0124390294995587,0.0523996677474805,0.0215523530892208,0.0356680670394248,0.0116645770259854,0,0,0.0481726853681052,0.0467911517098695,0.0332467013135021,0.0491946646696582,0.0177669657488293,0.0192716486934263,0.0551522409721125,0.0173794120464099,0.0192987800708343,0,0.0116594882407211,0.0262066628728591,0.0137155290354258,0.00673677843604249,0.00898302793800997,0.0252691789845369,0.0134298203511624,0.00638403884036581,0.00840216921256442,0.0367455507415214,0.00323324297192945,0.0212938265742854,0,0.00242080169130048,0.0104312857265701,0.000285201813376641,0.0132394758982859,0.0129254726407344,0.0228569328738147,0,0.0442868008045264,0.031984748805133,0,0.00528801689715402,0.00979347868103033,0,0.004573075154072,0,0,0,0,0.0589372968676153,0,0,0.0181199255581801,0,0.0086118312754468,0.00819218548729528,0.028103552669401,0.0116815796714559,0.0328429863158197,0.0056260054461245,0.0102209752618535,0.0108055112697186,0.00382824796239628,0.01471302275791,0.00194712219232563,0.0638195194669901
0.0250088092369061,0.0271210793547439,0,0.000379845841398015,0.0793511075948774,0.0555330683996756,0.0547989265377329,0.01177222252659,0.0119438656037352,0.0307559886938641,0.0312877170272838,0.0141460110483372,0,0,0,0,0,0,0.028215127666486,0.00810456688043557,0,0.0128566600748198,0.0150493838462461,0,0.0177857301036908,0.0037229598419867,0.0260942016760639,0.00937019642351566,0.00218597449791786,0.0150621282637061,0.0540118673697123,0,0.0171623556245448,0,0.0150301726649372,0.0540059416999104,0.0163801016589183,0,0.0477960729935898,0,0.0631183314085065,0.00263857678337091,0.0152246645585717,0.0179393033118105,0,0.0343538360063489,0.0393258544606115,0.0578689059362562,0.0258570209803049,0.0412052824022589,0.0156080500042109,0,0,0.0683508912349915,0.0385225596159367,0.0417257385643752,0.0500024830633834,0,0.0346311544606916,0.0503671941077382,0.00335528427478037,0.0142131547718779,0,0,0.0368186192297721,0.0358497025235534,0.0436223440551443,0.00873666879557714,0.020417811785565,0.0451379326658764,0.00254657208647619,0.0442463280335633,0.00913770427039013,0,0.0352450547311734,0.0163105287638009,0.0286111732550312,0.053203482384216,0.0251519183758353,0.0319860052593807,0.0314669601426829,0.0429992949697732,0,0.0441802091296269,0.0589715025693765,0.0200313951831365,0.0173422194546025,0,0,0.00603987390110694,0,0,0.00328641436993518,0,0.0963997369751043,0,0,0.0493211494846102,0,0.0325127896660796,0.0507218929003581,0,0.00782903620448158,0.0775232770892207,0.0119615655113941,0.00601961142116979,0.00551310274500123,0.0112576751238873,0.0128171757056341,0.0148207543282567,0.105558772935848
0.0857580343687601,0,0.0532664733568166,0.0111005971065466,0.0466124818956405,0.0874806052963732,0.0730270453688481,0.0846209918259704,0.00390769879497197,0.0709647294370196,0.0640683207087342,0.054923320799374,0.0552095266335817,0.0623906449024384,0.0396118872068211,0.0603293742548175,0.0177430429471423,0.028215127666486,0,0.0325988002402434,0.114835483578141,0.00728007268199153,0.0619211171159116,0.0124866472520518,0.015789901756878,0,0.061067842749094,0.0864351654576255,0.0793818596327087,0.0846595362885098,0.00383802848061124,0.0135719009235701,0,0.0654651493270235,0,0.0895279437329895,0,0,0.00900780424059415,0.0135116106834126,0.0694932661328449,0,0.0468034608830233,0,0.0407813773647711,0.021614521739703,0,0.0302645105535869,0.0602402260764228,0,0.149006639732617,0.0451677152486864,0,0.0369113390880885,0,0,0.0606448833540418,0.0226857253810594,0.0389684065275544,0.00477556522492747,0,0.0537748910235762,0.0221297163992336,0.0100405026696258,0,0.0183200389932703,0.0949563209943548,0.0124750827938713,0.0644188358178223,0.00387845926725726,0.0304324559219097,0,0.0876427243787205,0.0543464449440142,0.10828213502053,0.148252529379798,0.0996200607628579,0,0.000523769524627844,0.0759154848887982,0.14530573581259,0.0801894286850769,0,0.0790969375172811,0.0975960663205855,0.154952823072381,0.174604874407893,0.139158109736005,0.0549243888022985,0.115055012852131,0.0919834328726069,0.0646197229964379,0.0566021836802788,0.120855545962099,0,0.123549273198005,0.066376923644831,0.101403981073104,0.0661399583280937,0.0021178703210255,0.00590945802486775,0.0347232053588641,0.107651335605112,0.0436556173205483,0.103972984512932,0.0134849107435037,0.0020609185997667,0.103164116772441,0.0256269956999382,0.0514307531706725,0.0263371779585695
0.0401395347328596,0.0100491281405386,0.0410104410472446,0,0.0592180295374665,0.0173962108116347,0.0629144252007819,0.0191977015898897,0,0.0126195168608493,0,0.0636275506738507,0,0.0214646938447518,0.00350842140873371,0.0104834594889804,0,0.00810456688043557,0.0325988002402434,0,0.0553743834155057,0.0179043020908948,0.0304388392045586,0,0.0122312850457625,0.00721178575055706,0,0.0268577702144388,0.037037184220106,0.0552384443780693,0.0287578872209527,0,0.00983117565318005,0,0.000421113402897552,0.0608300535561176,0,0,0.00209132492036556,0,0.0642698281563586,0.00639045481161857,0.0223988645253852,0.0569112774591158,0.0315814762439713,0.0388489092885859,0.0149785136263437,0.0550983040957295,0.0571028313402099,0.0614044111234129,0.0766992566982027,0.00968295098070328,0.0116988354487846,0.0638038959352042,0.0535243364213242,0.0541728208336226,0.0620327286999839,0.00155786380924402,0.0303952037133765,0.0591737447892423,0.029959977578631,0.0289436505227636,0.0270954467954917,0.0168494254959474,0.0117485919530801,0,0.0721753578959809,0,0.0396551748784083,0.00885963763139104,0.0249740341306163,0,0.046243998355485,0.00369028413021874,0.0590736105965715,0.0836541719908874,0.0431263312836151,0,0,0.0487099086815644,0.0795264101181525,0.0535690277358699,0.00336604579038661,0.0456516901601775,0.0674590146821839,0.0944582215875336,0.120255534076857,0.0556152043038817,0.0324529958109234,0.0715630824556684,0.0270364682995563,0.0292886147805812,0.00672935560778525,0.0335369823577218,0.059627126357488,0.0633073676881143,0.0335488515396205,0.0938451179006565,0.010793572874014,0.00714441758707894,0.00817412914381808,0.0115859491230747,0.0792796695561943,0.0583198540093464,0.0297992160865448,0,0,0.0629924084701126,0.0339237718767992,0,0.087994136530529
0,0.0377275898445927,0.0117339350986982,0,0.0587685749250434,0.10174826868169,0.00242159253723232,0.0798641132587621,0.00692857794427689,0.10208307128619,0.105257719587425,0.0123263244308336,0.0309420949942586,0.021747127072016,0.0092927030090147,0.0389406029543696,0,0,0.114835483578141,0.0553743834155057,0,0.0509300319128883,0.00427451607940511,0.000404844292622914,0.0396976173656238,0,0.00295578511083411,0.0163972495115934,0,0,0.0729150463942105,0.0113265255236561,0.117041322104913,0.0268408493725666,0.0104097808578083,0.0733948407868566,0.0451010195659286,0.00187832279678341,0.0663474279748531,0,0.00771318073680563,0.0112286249928342,0.0599141615792636,0.0454101358870573,0.00467588247619159,0.00553510188584723,0.103467520272703,0.0840803085387203,0.000765310399373192,0.0977001441169685,0,0.0238100307268028,0,0.0857708759647598,0.0588775939938225,0.10101127165507,0.0134671402908765,0,0.05989178255944,0.0758710622978769,0,0.0700651898441344,0,0,0.109446752678609,0.107736510410878,0.0862542726406739,0.0037089405651412,0.0442113891113944,0.137984891743189,0,0.0883400639869113,0,0.0540640252784997,0.0769026760530609,0.0571634567517367,0.0775013690062051,0.11758920460242,0.0194763031055601,0.0883395231594762,0.0687181160043182,0.0815075998687639,0.00271815454301384,0.0387935247196025,0.098148538769671,0.0126195523884855,0.0156682783228178,0,0,0.0226696886339968,0.0713016100832333,0.0363487752135706,0.112539297154288,0.0723607222403217,0.184526292465916,0.00124459850611177,0.0275118152235669,0.0580007254831486,0.0937010035990656,0.0133408752058911,0.0606103626393217,0,0.00852537718302945,0.0846560173747363,0.0613621531664977,0.0142930848611732,0.0133335312508666,0,0.0285299303838882,0.110834231636358,0.171901672618742
0.0714021452807363,0,0.018073160065234,0,0.0203804136564621,0.0230706916612199,0.0452363601850777,0.0874338458021038,0,0.00773760095069258,0.00960035078366999,0.0436880918782098,0.010659627076017,0.0421326959003381,0.0199267531160286,0.0279949777702344,5.67044438275002e-05,0.0128566600748198,0.00728007268199153,0.0179043020908948,0.0509300319128883,0,0.0240774560525754,0.0019905384228056,0.000619839756601573,0.00462482744329811,0.0341262223823862,0.0391554790952564,0.0326289641821839,0.0515562677456731,0,0.0032090936002558,0.00762850759748935,0.0496735844102645,0.025452458050515,0.0284820598934674,0,0,0,0.0323730266494189,0.0399511465238498,0,0.00845732108317153,0,0.0279456379399597,0.0303978220560447,0,0.00751211147433626,0.0447167406533794,0,0.0560631683109988,0.0309586257751934,0,0.0289838752598186,0.0123838022001119,0.00326177006281381,0.038621997318588,0.00312711075294326,0.00371980490534467,0.0106193248740685,0.0165969269530109,0.0104875214863924,0.0209193817141691,0.0186951113397384,0,0.01493193945224,0.0237358742207564,0.00839704166102208,0.0289881323480155,0,0.001786190974938,0,0.0416606938889056,0.07251123294655,0.028846076036143,0.0522343402902773,0.0736268706760029,0.00413213296178058,0,0.0166476434436683,0.0525188555329841,0.015799556396844,0.0239154965700011,0.0468378092903484,0.0337390104194901,0.0792221323387349,0.0872501086439239,0.0311343297827002,0.0451561795299573,0.0667325477132085,0.0806174901292422,0.0634532436253688,0.0540184881979804,0.115136486695517,0,0.0733081820043311,0.0562921117513183,0.0217064953662846,0.0497329361248853,0.0364464898908276,0,0.0254756889322744,0.0322399879576354,0.0182328766327605,0.0484051448209264,0,0.00255802990602484,0.0829118466251355,0.0261686530874574,0.0255019007781815,0
0.0425779086371706,0.0673696215880583,0.00981163841943283,0.0164497704270988,0.0745068454227173,0.0744478587117189,0.0218602063184228,0.0358619606694501,0.0271306652611517,0.0602474959801789,0.0547823090472005,0.0106017447068626,0.0145715768986713,0,0.00996275872290018,0.00748197067427334,0.00466627110750657,0.0150493838462461,0.0619211171159116,0.0304388392045586,0.00427451607940511,0.0240774560525754,0,0.000402950628548905,0.0269399965880149,0,0.0353570929973386,0.00127384143204143,0.0249919323584896,0.00623200931304374,0.0864565175358048,0.00882458655054677,0.0636604172253082,0,0.00738910292534044,0.0495426716544678,0.0457236281558436,0,0.0997801422818542,0.0210168320766296,0.0362207797505452,0.00581455431060068,0.0369576904594335,0.0396557896955601,0.0107102360498927,0.0159105212599781,0.0578144718591634,0.0673120520427101,0.00724864351530334,0.0844267114138033,0.0166249221732011,0.0202361432707765,0.000466213706004752,0.0583749092203536,0.058438624502785,0.0721308763848086,0.039909154449299,0.00166277294981459,0.0495120144671676,0.0644900984041687,0,0.033028423481084,0.017732698264951,0,0.0718478517665611,0.0942882472789848,0.0913547947169037,0.0159000947416011,0.0401695799162659,0.106991877365187,0.0219751361774012,0.0991682046028845,0.00497659333481486,0,0.0405630714993459,0.0422964873281844,0.0567765573517484,0.0869673108535398,0.0491112995016817,0.0463233198486491,0.0433807547937505,0.055217279151997,0,0.0440148165275377,0.065886119354093,0.0321359077845372,0.0411027620143174,0,0,0.0483059309690335,0.0118442975041304,0,0.034349798220779,0,0.161695010189754,0.00932747978801803,0,0.0783388113188748,0.0212962565550076,0.0594215631122514,0.0794895384429301,0.000526806501825631,0.0266486909621378,0.0868936393463354,0.00539873976422944,0.011204551509852,0.00643004334067883,0.0120122533885145,0.00962936957629546,0.0568628686778945,0.159923157974324
