0,0,0,0,0,0,0.0019571755308575,0,0,0.00495369634938914,0,0,0,0,0,0,0.00375748989478822,0.0120513536952054,0.0166193045665244,0,0,0,0.0233534897170092,0,0,0,0.00594330147772478,0,0.0056808395233336,0,0,0,0,0,0,0.0134297842389887,0,0,0,0,0,0,0,0.0159309340766,0.00403511204291891,0,0,0,0,0,0.0118173899669017,0,0,0.0182502890502354,0.0165552813962692,0.00296146303666491,0,0.0177233322830158,0,0.0162996028635239,0.0152206667179745,0.0156660251987084,0.0118805105750161,0.016287089876716,0.018367942914762,0.0177892919053342,0,0.0115776117587867,0.000167442373400321,0,0.00533095572555332,0,0,0,0.0256034486657694,0.00789810035794875,0.00658050701759927,0.00882401775269459,0.00610817929692012,0,0,0,0.000440606123082768,0.0070505577407018,0.034252285661731,0,0.00054146622953049,0,0,0,0.0210890785360152,0,0,0.00284840072473156,0,0,0,0.0142079437228091,0.00768181737906951,0,0,0,0,0,0,0,0,0,0.00360670704074401,0,0.00392529696357958
0,0,0,0,0.00641613719963317,0.0477200162131555,0,0,0.0159924176152243,0,0,0.0231313278402671,0.00486019207053171,0.0338755840928174,0.000586822000764519,0.027991451421837,0,0.0134543763130761,0.0339314105852657,0.0257596003113153,0.0150258458180307,0.0177543688638129,0.0274089463343988,0.043093948171629,0.0216437428025244,0,0.0313562369209571,0,0.0139859770473685,0,0.0540931423662165,0.0371131289268336,0.00985194684184076,0,0,0.00830982098185235,0,0.0195250756804668,0.00349860615866427,0.00919952752239387,0.000867282995738879,0,0.0374903825854489,0.00115252008743166,0.00893145839861736,0.0120234377580933,0.0287464577018408,0,0.00534587456494285,0.0158148508047234,0,0.011832173305379,0,0,0,0.0182010977742918,0,0,0,0,0.00747786080690383,0,0.00501476088769808,0,0,0,0.0108967814132205,0.000154919550256509,0.00104535126911519,0.000274193322950375,0,0.015716828118104,0.043878977479026,0,0,0,0,0,0.00411123853619508,0.038276418922497,0.00522417700667194,0.0189890381413123,0.0128848929296603,0,0.00400922950483921,0.0020450181165587,0.00703933841138269,0,0,0.0169118840473556,0.000324150735371851,0.0275869364080418,0.0269827183866881,0.0139586207439275,0,0.0119219404626712,0,0.0231868268253657,0.00277523638902719,0.00998383272933277,0.018618500382522,0.0294893971044031,0.0283537437362912,0.021436955850905,0,0,0.0226621001407619,0,0,0.0386295186893262,0.00487585729899611
0,0,0,0,0.00850236531824739,0.0366662745267576,0.00442409147203382,0,0.0260355575597187,0,0,0.0246878055476657,0.0023262825426682,0.0517909883975011,0,0.0412236743948788,0,0.0128192055454336,0.0143303994537428,0.0389371324589002,0.0109325321985438,0.0164759785389338,0.0412136184353878,0.0650818333787451,0.0253919818521418,0,0.0850910381655805,0,0.0297140366306476,0,0.0798183243047869,0.0569903259913097,0.00444246755857102,0.00723780859228397,0,0.0263154895503552,0,0.018086222796081,0,0.0152528073741933,0.0114009830121946,0,0.0584545341044359,0.0179265561493257,0.00891967077113187,0.00564953897410951,0.0165507514754139,0,0.00299837240071545,0.00956157266976971,0.00478768091234049,0,0,0.00039737074201283,0.0221367361999521,0.0513181148870646,0,0.0206653184222646,0.00284535300972481,0,0.0382336445414791,0.0291331307846355,0.019696381013446,0,0.0210077225932635,0.0225553387210792,0,0.0373402720906684,0,0,0.0249660886532684,0.00467834960633913,0.048959963249944,0,0.0229257704476159,0.00392347064303229,0,0.0261707338601644,0,0.0190459247653487,0.00340518428745743,0.0219001574077536,0.0272715366156631,0.0153616922347887,0.0185124855457417,0,0.00794013040560813,0,0,0.0166542298582246,0.000384118319020159,0.0321308088968079,0.0345649464946929,0.037773066052894,0,0.020259206282852,0.00202303057683224,0.00551730671727867,0,0,0.0403493504334916,0.0206242620220213,0.0373827412380102,0.0228150630659073,0,0.00668603446636851,0.0175423401813552,0,0,0.0432404503996495,0
0,0,0,0,0,0.00901718912861476,0.0159580529777884,0,0.00473618682094611,0,0,0,0,0.0134878635533545,0,0,0.0064237943192661,0,0.00630160999714792,0.0162001444378723,0,0.000967691625743764,0.0122366533551865,0.0199681993892225,0.00777035687092073,0,0.0221311529473544,0,0.0136441138995857,0,0.0217527329471213,0.00787982378620959,0,0,0,0.0116716769542245,0,0,0,0,0.00869896110864387,0,0,0.0174414397841454,0,0,0.00431920034890056,0.0175116229286463,0,0.0143462291392613,0.00447155551924867,0.00153129924771677,0.00369477725640328,0,0,0,0,0,0.0167121675756118,0,0,0,0,0,0,0,0.000391405941085323,0.00240142056977345,0,0,0.00222769493035587,0.00797712844267211,0.0117045613111608,0,0,0,0,0.0110629565974291,0,0.0213666035407723,0,0,0.00479818855737822,0.00660116436378202,0.0169981238149911,0,0,0,0,0,0,0,0,0.0190443405858623,0.0131703662026738,0.00711081154189731,0,0.016329824021639,0,0,0,0.000686221570199018,0,0,0,0.00369925791521067,0.00344521974224754,0,0,0,0
0,0.00641613719963317,0.00850236531824739,0,0,0.00788068978550581,0,0,0,0.00364315328979399,0,0.00400373687743331,0,0.00867449877065846,0,0,0,0.0202718529739954,0.000488274345313849,0,0,0,0.0147381474831098,0.00745039237768373,0,0.00634199837788241,0.0485669089900571,0,0.0246431291646005,0,0.0307702930511001,0.0382149787333337,0.0205186026724746,0.0152601531605036,0,0.0207547356059094,0,0.010228444501694,0,0,0,0,0.041510837807518,0.0303954320121514,0.00326751108367507,0,0.00857705295586208,0,0,0,0.0121077454320923,0,0,0.0166819881088971,0.00728104045548875,0.0205671799472274,0,0.0154678654798933,0.00367830578592909,0.00481640726325,0.0356451135042338,0.0147689546468243,0.0125024081128646,0,0.0155668139248365,0.0109776668804962,0.000196285038168091,0.029906881411514,0,0.00648758708499659,0.0133668529465847,0.000854876315368044,0.0261966291871659,0,0.0188241659929901,0,0,0.0156442082790381,0,0.00145510456047234,0,0.0168019319992841,0.0169679424096161,0.0139361395965938,0.00434230808185477,6.20727284835546e-05,0.00618573204775907,0,0,0,0,0.00545348854586765,0.00381251665065573,0.0270487487272531,0,0,0.00242409769055986,0.0101288907378129,0.0128319550656655,0,0.0196198077606798,0,0,0,0,0,0,0,0,0,0
0,0.0477200162131555,0.0366662745267576,0.00901718912861476,0.00788068978550581,0,0,0.0161848229190434,0.00477236201017035,0.0290564782007517,0.00388684540209795,0.00877681496935463,0.0147597289880635,0,0.028825822328646,0.0045214186900491,0,0.0354317835506942,0,0,0,0.000728545998723212,0.00548943642928738,0,0.00249223210725735,0.00667660500953705,0.0272755547858326,0.0291799851362218,0.0152018584082786,0.00843651673162378,0.00357445870912404,0.0129738037202857,0.0514782225502321,0.0647645462736192,0.00245721034456945,0.0158560745002949,0.0333433045278711,0.051872823749535,0.033903784071869,0,0,0.01060059972272,0.0327812744222259,0,0.005924979419341,0,0.000530097053781125,0,0.00453985545157262,0.012647587538448,0.00461387822256381,0,0.0137279845031257,0.0242961644851477,0.0295039484265493,0.00637267666558928,0,0.0193549507801577,0,0.00680317446494446,0.0322655591341188,0.00824070032041498,0.00504160105439641,0.0155479394919908,0.0165582214434333,0.0113194248142116,0.000521363282498579,0.016467109837105,0.00868140933411763,0.00711643323116403,0.00460530197555065,0,0.00210620137571367,0.00275672481558826,0.0180207490303811,0,0.00364215285683759,0.0137098769513398,0,0.00229642222033034,0.0328280369694806,0.0190232889823372,0.00951331699484017,0.00170180073308384,0,0,0.00570495261737244,0.0212943201501652,0.0187881101709119,0.00565248129384616,0.000626059256431006,0.00289766393602943,0.0418713047405379,0.00654861397203139,0,0.00654450054154287,0,0,0.000541169916940548,0,0.0152080633330169,0.0171689707243598,0.0300457128320189,0,0,0,0,0.00578930665791137,0.00398740234464734,0.0151001153123263,0.00541916278925006
0.0019571755308575,0,0.00442409147203382,0.0159580529777884,0,0,0,0.00900286048182783,0.00395713395295177,0,0,0.00723694253682356,0,0.0171805179388681,0.00316910157277079,0.0141841717209357,0,0,0,0,0.0107726262127828,0.00465878326790022,0,0.0177292240144231,0.00242687652877163,0.00200178425320613,0.000104127533455032,0,0,0,0.0261966298062593,0.0171932153713487,0,0.00837355235317541,0,0,0.00468203235473055,0.000728240852749567,0.00823225231688635,0,0,0.00523600251319475,0.0298285170324155,0,0.012506647881097,0,0,0.00714470124344922,0,0,0,0,0,0.000446308808891074,0.0109694061348999,0.0431142669739012,0,0.00540080305588315,0.00868265734301835,0.00883802742999257,0,0.0241479354562077,0.00248061466809413,0.0295783085012566,0.00991029268503214,0.0203008863178632,0,0.00669203766742195,0.00216820740247674,0,0.0320910686558738,0,0.00351264129523375,0.00679630998980307,0.0139891185037329,0.0199600179050185,0.00696686814659164,0.00936811707999162,0.0137385394552285,0.0377361440718027,0.00289581939347725,0.000727799477325168,0.0131637604095859,0,0,0,0,0,0,0.0090980564853477,0,0.00779380552303139,0,0.0124872616219839,0.0148043996664202,0.0260133145026491,0,0,0.00390886836394822,0,0.0498940095848767,0.00392597218213228,0.00258222837380696,0.0081847833272571,0.00307700107800115,0,0.00932467275636572,0.0132107653716714,0.0172630179638051,0.00697653472012044,0
0,0,0,0,0,0.0161848229190434,0.00900286048182783,0,0.00286910654126629,0,0,0.01342336186699,0.00534718798611923,0.0329277026276446,0,0.021353635528902,0,0,0.00320252208022166,0.0232269035985457,0.0161529662687742,0,0.0144472503775533,0.0328412602173372,0.00906868805699898,0,0.0434874891137417,0,0.0104549182354064,0,0.0554693486931168,0.0370717321495545,0,0,0.00309452499939077,0.00380833459986173,0,0.00589595484735608,0.00664921876493501,0,0,0.000706421869896906,0.0404390375754574,0.01088040757926,0.00112066784593886,0.000915116124917357,0.00275000988527418,0,0,0,0.000907916871140923,0,0,0,0,0.0393600541305107,0,0.00496131296364737,0.00506508675734755,0,0.0112996145505041,0.014010493625523,0.00989189952318402,0.000510591891934006,0.0066180177283694,0.0090636763229854,0,0.0184103052027057,0.00215279673785512,0,0.0168861271195417,0.00564726002698723,0.0275401027255372,0,0.015728041785651,0.00807269746511452,0,0.0100439373328924,0.000712567671804843,0.0252126076769378,0.0101113555738544,0.00937387018084788,0.0262660040085805,0.0210860024831019,0.00418005004167276,0,0.00881836253476887,0.000387577475567548,0,0.0168707304842291,0,0.0209027552593176,0.0170108082775626,0.0282638168424454,0,0.0224902129080753,0.00384734469666974,0.00217256380845663,0.0237611440622311,0,0.0283024237797941,0.0158294849554361,0.026981746289225,0.0318718963590063,0.00289589098656185,0,0.0164001864099104,0,0,0.0172141880039004,0
0,0.0159924176152243,0.0260355575597187,0.00473618682094611,0,0.00477236201017035,0.00395713395295177,0.00286910654126629,0,0.00469029718793556,0,0,0,0.0159573764190155,0,0,0,0.0352952206330455,0.017193349174707,0.00572506407465116,0,0,0.0401216684671531,0.00960212945430249,0.00511289872739023,0.0093387143399256,0.0398168431555452,0.0111398901303104,0.0615378510132501,0.0366329599660474,0.0297835786933059,0.0156529675755364,0.0143900388195415,0.0229654045290898,0,0.0377101424057938,0,0,0,0,0,0,0.0382744683737054,0.0232559309371384,0,0,0.0375858955279364,0,0,0.0123347257289299,0.000561481071447506,0,0.0117479777463495,0.000701360439366823,0.0184894434655849,0,0,0.00805651574376517,0.000713874593581916,0,0.0127978871777443,0.000102278588980769,0,0,0.00118072282526594,0.00366848722868025,0,0.0149509756569489,0,0.00417254276762903,0.00355604510382157,0.004070020966619,0.00793894895806003,0,0,0,0,0.0135998158661698,0,0.0109489978866238,0,0.028474249090613,0.0192340618531971,0,0.00645000823779951,0,0.00751918671643757,0,0.0131639110333681,0,0.00159261188305178,0,0,0.0284835838369336,0.0158326673014732,0,0,0,0.0124050278704471,0,0.00796782451633542,0,0,0,0,0.000572698054641614,0,0,0,0,0
0.00495369634938914,0,0,0,0.00364315328979399,0.0290564782007517,0,0,0.00469029718793556,0,0.0184826135290693,0,0,0.013431696938375,0,0.00266121217486338,0,0.0375354748898288,0.017402718296963,0.0150880612415155,0,0.00261494349890261,0.0308567729302887,0.0119852459513299,0,0,0.0289205430424265,0,0.00377950632250465,0.00503874336938139,0.0162443743314719,0.00985398864608422,0.00504747036932172,0.0254137152140693,0,0.000906231742087985,0,0,0,0.00975502561449157,0,0,0.0171369142972987,0.0107058746517593,0.00813856258780857,0.00172804845184105,0.00874926930586321,0,0,0,0.00361277180122267,0,0.000793736955269746,0,0,0,0,0,0,0,0,0,0,0,0,0,0,0.00180153630012524,0.00323406288449588,0,0,0,0.00679622572545639,0,0.00626848222234327,0,0,0,0,0,0,0,0,0.00346801331104009,0.000245174413762366,0,0,0,0.00103539689810263,0,0.007072016631968,0.0258391793573905,0,0,0,0,0,0.0303926737581417,0.00780288821837786,0,0.0139226504746772,0.00657025958436372,0,0.00511557040321283,0,0,0.0108505359412962,0,0,0,0
0,0,0,0,0,0.00388684540209795,0,0,0,0.0184826135290693,0,0,0.00629840197233923,0,0.00047942638779924,0,0,0.00523903514907073,0.00201812527017861,0,0,0,0,0,0.0114450204279601,0.00252675463798194,0.0246479846533702,0.0062140363638945,0,0,0,0.0081133975952917,0.0133105645086782,0.000265010961000108,0,0,0,0.00236001344448941,0,0,0.00231747499706656,0,0.0113657048950333,0.0438590551200574,0.00555637301790939,0,0.02301553898726,0.012705838213519,0.000961303062458628,0,0.00290531802988149,0,0.00702604899637825,0.00848849001506692,0,0.00894901169414687,0.000695987359797768,0,0,0,0.00442216270243726,0.00124942355903354,0.00343997007940711,0,0,0,0.00742888021367169,0,0.00486019222093173,0,0,0,0.00514821626127822,0,0.00301637855709891,0,0,0,0,0.00289447832188874,0.00872119296136295,0,0.00032994536885957,0.0145529555428993,0,0,0.0120864561893527,0.025141896680993,0.0161276995679089,0.00103743956835233,0,0.0176353372012148,0,0,0,0.0105582376917364,0,0,0.02015930370945,0,0,0,0.00460386620411055,0,0,0,0,0,0,0,0.00225348582133141
0,0.0231313278402671,0.0246878055476657,0,0.00400373687743331,0.00877681496935463,0.00723694253682356,0.01342336186699,0,0,0,0,0,0.00814253266391568,0,0,0,0.0234184320455152,0,0,0,0,0.0122931335653206,0,0,0.0388385571885568,0.0404427008794094,0.0195266251648648,0.0383285592003139,0.00565547634055115,0.0307168899290507,0.0550716016782638,0.0242089220447757,0.035157070962368,0,0.0385626442552602,0,0.0166096101283508,0.0083892120526888,0,0,0.0039786802106318,0.0385240989180725,0.00940800570237984,0,0,0,0.00599282077732731,0,0.00188255156758494,0.03137796007555,0.00489519313422255,0,0.0332496985474116,0.0219060286125057,0.0247285556681776,0,0.0366148998487299,0.00194697208561004,0.0101052554635174,0.0471799980244426,0.0248831702099502,0.0268009676213075,0.00548379129270762,0.0299754077996863,0.0266387895802771,0.0176869011433542,0.0403234647925528,0,0.0256647432424847,0.0196447634802721,0,0.032659227448557,0,0.0192273525221135,0,0,0.024905892402342,0,0,0.0284277333282199,0.0113457378755195,0.0194934699242379,0.0115241361567026,0.0184804797701485,0,0.0128631595154952,0.00583056577358512,0.00123012091654729,0,0.00154901850644921,0,0.000101971950745005,0.0338263703080825,0.00301628854916076,0.00134022415640532,0.0208351885735584,0.0217830054553697,0.0174291528703899,0,0.0113287209085929,0,0.00842414635920519,0,0,0.00178555327510842,0,0,0,0,0.0003349662490585
0,0.00486019207053171,0.0023262825426682,0,0,0.0147597289880635,0,0.00534718798611923,0,0,0.00629840197233923,0,0,0.024619469236818,0,0.00545554526727234,0,0.0265812743197398,0.0150896104433959,0.0128070470128416,0,0,0.0254130276265989,0.0283625677753272,0.0116235886147903,0,0.064907389070536,0.0144822265392739,0.0298178142267008,0,0.0402021569690662,0.024004933431798,0.0428780527345322,0.0512590961697554,0,0.0213177702885981,0,0.0521401889864969,0,0.00438079208553056,0,0,0.0448187857753533,0.0257601061969193,0,0,0.0240277135520255,0,0,0.0241056837013647,0,0,0,0.0181075949121289,0.0195316510574156,0.0248413089381564,0,0.0161982256460871,0.00921947022372444,0,0.0248212732162608,0.0141906566226136,0.0147956741309989,0.00128664217327259,0.0121014403487561,0.0115562317046074,0.00476367937997922,0.020815104109538,0,0,0.0115443074516054,0,0.0415622775184328,0,0.00417191205448916,0,0,0.0224199586058818,0,0.00933875736980295,0,0.0268062865232023,0.023376367783385,0.0105116586129849,0.00761687255719983,0,0.0131644175125522,0,0.0177667781390613,0.0207578516962718,0.00622747479787103,0.00850350458539481,0.0215335287094943,0.0310128509163933,0,0.0139044813135681,0,0.00159686599200934,0,0,0.0182147279884036,0,0,0,0,0,0,0,0,0.000338644537446015,0
0,0.0338755840928174,0.0517909883975011,0.0134878635533545,0.00867449877065846,0,0.0171805179388681,0.0329277026276446,0.0159573764190155,0.013431696938375,0,0.00814253266391568,0.024619469236818,0,0.0294634568848467,0.0292592651065614,0,0.0410305930441693,0,0,0.017876941433678,0.0219049251378551,0.00384815625807144,0.0384539495393578,0.0292675510072419,0.025756776205733,0.0191593664476688,0.0544082206166295,0.0213840691222242,0.0521262751450764,0,0,0.0132366171529317,0.058153563340972,0,0.016522134247481,0.0164757100346385,0.00886930184294148,0.0626175547958729,0,0.0175539628130984,0.0234924311929939,0,0.015595396370798,0,0,0,0.0257361561864213,0.0315969779217826,0.00430339612468641,0.0107531342713894,0.0039278888089233,0,0.017204149911929,0.0260061651620995,0,0.0135818418697318,0.0255807918061003,0,0,0.00790037003075371,0.00162897971582926,0,0,0.00962221142652585,0.00363203068879095,0.00010366207024308,0.00572502641921279,0,0.000135868689538379,0,0.00658973982152173,0,0.00580511877911169,0,0,0,0.0370743919476322,0,0.0411223712777549,0.0394675988887517,0.00901044110486337,0.0151531418870228,0,0.0032350479006951,0,0.00106725103236712,0.0314665243783932,0.0189598727711945,0.019009184235014,0.00332741957727247,0.0163106188130297,0.0136377842080789,0.0211680684644293,0.0241235635491858,0.0388713172529163,0,0,0.041447229671171,0,0,0.0285138992049163,0.0261690051914771,0.0193584219740982,0,0.00821424421984641,0,0.0150277140830608,0.0173575876182864,0.0294566804220438,0
0,0.000586822000764519,0,0,0,0.028825822328646,0.00316910157277079,0,0,0,0.00047942638779924,0,0,0.0294634568848467,0,0.0113097818755411,0,0.0270095668352598,0,0.0276881079869346,0,0,0.00981810804452378,0.018018037746943,0.00454487063220914,0,0.0267652248327757,0,0.00637060700213556,0,0.0294721881069316,0.0152641417761713,0.0221648737149685,0.00941604441909651,0,0.0116621255271518,0.014669853588179,0,0,0.0108234386443509,0.00561522289477708,0,0.0258710964441005,0.00388352794244476,0.0140445483301139,0.00519898419322301,0,0,0,0,0.0108051518842582,0,0.000655522925728214,0.0155564093693227,0.0140068625064683,0.0263855256208407,0,0.0116609813033581,0,0.00755637468391176,0.0245659131010619,0.0172776426620809,0.00384943881585769,0.0128799834993929,0.0132729734176647,0.016855811903048,0,0.0156911613246944,0.0115756522485182,0,0.014181330824085,0,0.0148129728250432,0,0.0150862376281159,0,0,0.0178848078204146,0,0,0,0,0,0.00359526781469453,0.00696067346240685,0,0,0,0,0,0,0.0029085082469516,0.0130165171612628,0.0191331425579275,0.00273374191156725,0,0,0.0168422176980206,0,0,0.0116294982270819,0.0242949659042621,0,0,0,0,0.0261880409794678,0,0,0,0
0,0.027991451421837,0.0412236743948788,0,0,0.0045214186900491,0.0141841717209357,0.021353635528902,0,0.00266121217486338,0,0,0.00545554526727234,0.0292592651065614,0.0113097818755411,0,0,0.0424621640049971,0,0.0197325376463635,0,0,0.0184807123076664,0.0119164612400957,0,0.018970465484247,0.0458441628549271,0.0478963820865731,0.0437046649621939,0.0304843469204599,0.0297706918298019,0.0182795116375012,0.0335716249996095,0.0608008517514288,0,0.0392743527513484,0.0127214189697234,0.00804232171247551,0.0391717441534005,0,0,0.0141653258937666,0.037244886873692,0.0155199836412601,0,0,0.00111786886212678,0.000637193546833622,0,0.00469276134265939,0.0210185082840029,0,0.000451181738241226,0.0229765972787997,0.0336248208684728,0.0124222894803387,0,0.0317724623769351,0,0,0.0373393425531916,0.0190596485978155,0.0133080835203013,0.000187743714227185,0.0235293629730703,0.0218607114028871,0,0.033740524020002,0,0.00694021895875372,0.0171858784749122,0,0.00995537306920941,0,0.0148329760024584,0,0,0.0295108218467843,0,0.00997863226446229,0.0234465180990055,0.00593772561122602,0.0178440724357301,0,0.0104885715942285,0,0.00444998764266031,0.00812206056502818,0.00716930347540617,0,0,0,0,0.0380787745661136,0.0209122515664209,0.0144395240478214,0,0.00127040547776563,0.0140035376733741,0,0.00685196242881073,0,0,0,0,0.00139361260928814,0,0,0,0,0
0.00375748989478822,0,0,0.0064237943192661,0,0,0,0,0,0,0,0,0,0,0,0,0,0,0.0119481346696632,0,0,0,0,0,0,0,0.0307017200895984,0,0,0,0,0.00255326702873907,0,0,0,0,0,0,0,0,0,0,0.0232196382371198,0.0195758145224651,0.00843663735885894,0,0.0168464677498695,0,0,0,0,0,0,0,0,0.0108072049115398,0.00845671962547597,0,0.00265307450040749,0.0109161929082296,0.00272535647181795,0.00923490319974486,0,0.00743202410405803,0.00455002694399594,0.00465612868342375,0,0.0217382151484417,0,0,0.00471138782821738,0,0,0,0.0177810422385358,0,0.00274035606932759,0,0.00686560304642928,0.00958936970926293,0,0.0179540484377158,0.0103502724633659,0,0,0.0198182327672984,0,0,0,0,0,0,0,0,0,0,0.00371847282503133,0,0,0,0.0212816834672186,0,0,0,0.00226717568430346,0,0.00355608759673912,0,0,0,0
0.0120513536952054,0.0134543763130761,0.0128192055454336,0,0.0202718529739954,0.0354317835506942,0,0,0.0352952206330455,0.0375354748898288,0.00523903514907073,0.0234184320455152,0.0265812743197398,0.0410305930441693,0.0270095668352598,0.0424621640049971,0,0,0.0273791555104959,0.0442841061093071,0.0185103500538111,0.0364842845727599,0.014087523500898,0.0581651462749037,0.0573777498625673,0.0195139686521186,0.0238160169433305,0.0177936813593109,0.00947741639393789,0.0146919986693881,0.0495778124460926,0.0114447842160185,0,0.00898931664008379,0,0.0219022824394973,0.00815121554735723,0.0132297113919687,0.0232069047224678,0.00134099571124638,0.0302477751993175,0.00998712121802492,0.0157481067370311,0.0161739756345799,0,0.0428261989342401,0.00632672806716172,0.0186463521391606,0.0453263766169263,0.017257503961026,0.0267143120385939,0.0555331709622881,0.013973718532189,0.00368724505297849,0.0171633284284717,0.0285419802241404,0,0.00450588658857082,0,0.0227595611498648,0.022338182809157,0.01015523684233,0.0274700044699251,0,0.00940695567334639,0.00922067288585694,0.0458104683534337,0.010716792815133,0,0.0151235799950223,0.00257365300970404,0.0550120362225119,0.0458730862259713,0.00574654982671013,0,0.00444391987751494,0.0110977124984713,0,0.0203507836349766,0.0485851928860098,0.0308213679902516,0.00301178578662803,0.0107301001109143,0.0122584921795265,0.0123923306012233,0.00225827939835728,0.0236921461961554,0.0416375045014895,0.0379352818522206,0.0328890268135317,0.0188951486767981,0.0807746540856111,0.02748295250503,0.0017837427198942,0.00224235969146862,0.0361996884478827,0.00842097276080194,0.0290206867334567,0.0263825621046109,0,0.0123082291551728,0.0436877244843013,0.0440131944891464,0.0197277804567389,0,0,0.0228604162965217,0,0.00433222647896735,0.0316635759844959,0.0334107566793333
0.0166193045665244,0.0339314105852657,0.0143303994537428,0.00630160999714792,0.000488274345313849,0,0,0.00320252208022166,0.017193349174707,0.017402718296963,0.00201812527017861,0,0.0150896104433959,0,0,0,0.0119481346696632,0.0273791555104959,0,0,0.00219627567915599,0.019241313415424,0,0,0,0.0209063801558661,0,0.0404278736366974,0.0391977338018763,0.0385546928893297,0,0,0.00720354688205427,0.0146127836729498,0,0.0461677676289881,0.00190011806261441,0,0.0125008028535319,0,0.0181064211134167,0.00296897396175372,0.0101530150340315,0,0,0.0164835558965748,0,0,0.0293921512412061,0.0200931020943397,0.0195053602242741,0.0256295048088961,0,0.00389340152100757,0.0240251149553255,0,0,0.0238131622122156,0,0.0284390796396065,0.0248190951950474,0.00896741580647745,0.0250847232953895,0.0160358510781154,0.0208958096642653,0.0233444141088351,0.014716565834624,0.0142317582207718,0.00098273269208476,0.0302913461079851,0,5.91607007873821e-05,0,0.00648938418027539,0.0108759711154571,0,0.03314372982191,0,0,0.0148913496170098,0.015956268681619,0,0.0037409954692242,0.0046487884522774,0.000319953826773602,0.00431868464222388,0.00110292296220591,0.00439739521806597,0.0162303166506998,0.0133239261467876,0.00136829572504696,0.00273396913475365,0.0151670726183778,0,0,0.0022806618585692,0.00557358080206655,0.00958067725688764,0.0111516890384756,0,0.00710310950402974,0.00253603962907951,0.00131799995888729,0,0,0,0,0.00114163815032951,0.0046478611836626,0.00882094958306428,0.025027115782311
0,0.0257596003113153,0.0389371324589002,0.0162001444378723,0,0,0,0.0232269035985457,0.00572506407465116,0.0150880612415155,0,0,0.0128070470128416,0,0.0276881079869346,0.0197325376463635,0,0.0442841061093071,0,0,0.00689588646284844,0.0133190813238634,0.0154769966957762,0.00898207305989474,0.00867351397585135,0.00459633802153716,0.0126524467603878,0.0398331690135615,0.00574896428634807,0.0281668381150461,0,0,0.00865645372611513,0.0485258018322693,0,0.00542667786255402,0.0126030702634333,0.00350235572299887,0.0494405303924903,0,0.00517787937377933,0.00942115637352867,0,0.0130421626724127,0,0,0,0.0116954697451636,0.0202543779463396,5.22821048404958e-05,0.00771988719295427,0.00956034235290981,0,0.0127151234124803,0.0140724525511441,0,0.0100704564137189,0.00757013578214304,0,0,0,0,0,0,0,0,0,0,0,0,0,0.0301882507419697,0,0.0019984572108693,0,0,0,0.0123946283523734,0,0.0321567932301718,0.0365193304351973,0.0118354860611278,0.0107205113436685,0,0.00705700848567672,0,0,0.014252325267356,0.0156672517439783,0.00377526210615998,0.0037703435970444,0.00693986134455182,0.00753446859599599,0.00435676589697571,0.00711814273591143,0.0345379514892262,0,0,0.0247093597929705,0,0,0.0142207756733446,0.0205062228523371,0.00531413529964023,0,0,0,0.0145905004662949,0.018442647219739,0.0193288409886247,0
0,0.0150258458180307,0.0109325321985438,0,0,0,0.0107726262127828,0.0161529662687742,0,0,0,0,0,0.017876941433678,0,0,0,0.0185103500538111,0.00219627567915599,0.00689588646284844,0,0,0.0146005940574462,0.00664084369025066,0,0.0176551582997997,0.0492965875440445,0.0317545498983307,0.0480702661468031,0.0107887632217714,0.0358384624678033,0.0246334509431563,0.011362156712155,0.0343294250302589,0,0.0540176445567558,0.00110859129083184,0.00170523985130281,0.0119740170952448,0.00663414488630753,0,0.00579643145242947,0.041458650343881,0.00063296574717276,0,0,0,0.000282126445718335,0,0.0273474091417543,0.0391520417858577,0,0,0.0305643212395348,0.0426122674120989,0.0357318560112784,0,0.0502076376838611,0.00958991035099759,0.016925126349448,0.0500512344130498,0.0402756022240368,0.0525427964161269,0.0248910388687676,0.0441277274870085,0.0459206369644749,0.0116948981066453,0.0424026685390077,0,0.00446064051071833,0.0282863471112087,0,0.0103925821937414,0,0.0253108021846612,0.0059111665487848,0,0.0397289511552311,0,0,0.0114902414746883,0.00868950415000704,0.0135502861224559,0.0125404578424462,0.0215250909565492,0,0.00144253557182364,0,0,0,0.0123411350344004,0,0,0.0361457129877495,0.00797889889351886,0,0.00373797081639943,0.00332536655190467,0.0099985657866642,0,0.0126491185438802,0,0,0,0,0.0032624782305595,0,0,0,0,0.00554629942157722
0,0.0177543688638129,0.0164759785389338,0.000967691625743764,0,0.000728545998723212,0.00465878326790022,0,0,0.00261494349890261,0,0,0,0.0219049251378551,0,0,0,0.0364842845727599,0.019241313415424,0.0133190813238634,0,0,0.0176781806085466,0.00918204908124338,0,0,0.0484953195628963,0.00701056838672352,0.0349826218440932,0,0.0214867757350976,0,0.0101279704604319,0.0120904481258117,0,0.0387760597958969,0,0,0,0.00193190309955987,0,0,0.0362006266826936,0.00171271849739331,0,0,0.0109470254467316,0,0,0.00687990761108459,0.00933397920728216,0,0,0.00960732043707125,0.0229726659858526,0,0,0.0117749373821086,0,0,0.0236812506813775,0.00988480428491958,0.00705397043204256,0,0.00862115133641387,0.00921470719986514,0,0.0277902658754022,0,0,0.00281107691649391,0,0,0,0.00174516258012545,0,0,0.0145099779920595,0,0.0084078490818087,0,0.0140333215127118,0,0,0.0097704814551721,0,0,0,0.0169527007266035,0,0,0,0,0.0167929401308703,0.00128340922619791,0,0,0.0475435929942607,0,0,0.0055251931771727,0,0,0,0,0,0,0,0,0,0
0.0233534897170092,0.0274089463343988,0.0412136184353878,0.0122366533551865,0.0147381474831098,0.00548943642928738,0,0.0144472503775533,0.0401216684671531,0.0308567729302887,0,0.0122931335653206,0.0254130276265989,0.00384815625807144,0.00981810804452378,0.0184807123076664,0,0.014087523500898,0,0.0154769966957762,0.0146005940574462,0.0176781806085466,0,0.0241736746139176,0.0362418210991902,0.0209044898888954,0.00782999455374981,0.0245555147075685,0,0.0283506966023272,0,0.0163024907043187,0.00769200694855678,0.0111950903804558,0.0306872666112477,0,0.0301314004852357,0.02744187660461,0.0294132595455996,0,0.0234372136949677,0.0226942055377101,0,0,0.0220018608031631,0.00916418516383137,0.010891790366819,0.0196873571070802,0.0262620870257092,0,0,0.0301000904997189,0.027933553562462,0,0,0,0,0,0,0,0,0,0,0,0,0,0.0164467455099778,0,0,0.0228335164151331,0,0.0391015654702506,0.00644416842587824,0.00271774535046659,0.00413906280999935,0,0,0,0,0.0243333919857634,0.0194095947799772,0.0121025506486395,0.0240671978412112,0,0.00691688317118547,0,0.000421304344214549,0.00135088072188211,0.0359198051048701,0.0123982498335902,0.0038911512749884,0.0139544954835441,0.00836920573005468,0,0,0.0300773367633102,0,0,0,0.0102051465487135,0,0.011106975332682,0.0153477406101993,0.00214147145117564,0,0,0.00707897123680441,0.0205500581955798,0.00352369700158587,0.0332051584088,0.000321945787829284
0,0.043093948171629,0.0650818333787451,0.0199681993892225,0.00745039237768373,0,0.0177292240144231,0.0328412602173372,0.00960212945430249,0.0119852459513299,0,0,0.0283625677753272,0.0384539495393578,0.018018037746943,0.0119164612400957,0,0.0581651462749037,0,0.00898207305989474,0.00664084369025066,0.00918204908124338,0.0241736746139176,0,0.0333298872378034,0.0382204159784788,0.0653222700805656,0.0725696658186857,0.0560776797534927,0.0721315563938497,0.00989471122053177,0,0.0175628137784675,0.0759594481439676,0,0.0491783511982963,0.012624112191545,0.00483294713197722,0.0666365926947744,0,0.0159133859408801,0.0245560015482735,0.0260090494489227,0.0206338461258305,0,0,0.00531189922311923,0.0258815546111539,0.0401497043592271,0.0200028466136523,0.0269607185434148,0.00685055847527799,0,0.0262586668072751,0.0513405151573814,0,0.0065742816263963,0.0440185972654284,0,0,0.0325053861665426,0.023762643892403,0.0158194905410662,0,0.0289005735906214,0.026770579789157,0.006139118511779,0.029148952766689,0,0.01313935016325,0.0174172245160883,0,0,0.00485869518690323,0,0,0,0.0496115904152334,0,0.0335669286207437,0.0372320577099183,0.0267387860733253,0.0183670138738411,0,0.0104238391462349,0,0.00769379427455872,0.0227321726609129,0.0236814876335989,0.00870848240594248,0.0122739286391422,0.000587240098285793,0,0.042377552574331,0.0259411363410401,0.0344161795329566,0,0,0.0422572461651659,0,0,0.00457849986458014,0.0134102403995386,0,0,0.01258736159236,0,0.00814141409680657,0.0154113255925983,0.0203677018657886,0
0,0.0216437428025244,0.0253919818521418,0.00777035687092073,0,0.00249223210725735,0.00242687652877163,0.00906868805699898,0.00511289872739023,0,0.0114450204279601,0,0.0116235886147903,0.0292675510072419,0.00454487063220914,0,0,0.0573777498625673,0,0.00867351397585135,0,0,0.0362418210991902,0.0333298872378034,0,0.0101501815471004,0.0697859381538045,0.0506836670493248,0.0576806812639429,0.0495939647663764,0.0504782109469304,0.0376005499995063,0.0189731647753312,0.0518625246913842,0,0.0595127424791235,0,0.0155353333198749,0.0268275482746868,0.00763993846320341,0.00302622524421407,0.00286048674950741,0.0536131823587607,0.0223830726858562,0,0,0.0160594959498876,0.0116411900009395,0.0157772542219319,0.0411999316897846,0.0362760056793479,0,0,0.0248633837504883,0.0592110405437479,0.029735662089009,0.00415762686669198,0.0440977211371786,0.0115954373325578,0.00565438272088043,0.0492543407733586,0.0373757372134597,0.0420984767341983,0.0122004115777628,0.0386946659422106,0.0426948107333903,0.00748290794633866,0.036314842741506,0,0.00653470874090446,0.0286762399930826,0,0.0138672262714626,0.00529531626869436,0.0133903581368513,0.00993315890340827,0,0.0427282274623289,0,0,0.00257849238542157,0.0322056075559176,0.0182775153111975,0.0103227333743449,0.0159132508613878,0,0.00504642816799727,0.00722139299486306,0.0125159238449358,0.00361714971277555,0.0223551775787114,0,0.00232397012537105,0.0357256656041019,0.00822049272587958,0,0,0,0.0133969241079639,0,0.028631546925424,0,0,0,0,0.00225754048687947,0,0,0.0139295028694425,0,0
0,0,0,0,0.00634199837788241,0.00667660500953705,0.00200178425320613,0,0.0093387143399256,0,0.00252675463798194,0.0388385571885568,0,0.025756776205733,0,0.018970465484247,0,0.0195139686521186,0.0209063801558661,0.00459633802153716,0.0176551582997997,0,0.0209044898888954,0.0382204159784788,0.0101501815471004,0,0.0602805174647981,0.0137985046627547,0.0476517041949858,0.00208652822715784,0.0605466830886746,0.0476614527673501,0.00278440850459335,0.0169745312884211,0,0.0470357176898164,0,0.0338196318159488,0,0.00704782323039724,0,4.87518679940172e-05,0.0607249795995872,0.0226216347043969,0,0,0.0112071779111399,0,0,0.0189310158753142,0.012451014501345,0,0,0.0218833969471468,0.0268964808366425,0.0451547263873818,0,0.0336939832035009,0.0168965701050092,0.011499240318064,0.0426875453947131,0.0321916204987014,0.0359482788821991,0.00852755515454999,0.0308124571339288,0.0343788080291291,0.00256852893126085,0.0426530950644856,0,0,0.0264451544649652,0,0.0327842674533296,0,0.0183132932842799,0,0,0.0300972502415948,0,0.0125397235564003,0,0.0242092491881998,0.0089177224914241,0.0114595249115176,0.0262742841594311,0.00371455283470961,0.00733921301832682,0,0,0.0256973641947773,0,0.00948977814314648,0.0115430673820279,0.0344492102076317,0,0.0143507000172443,0.0114574670786656,0.00444138760429702,0.0019604605595688,0,0.0431203814919527,0,0.00518328211060886,0,0,0,0.00965723679429927,0,0,0.0097538953923989,0
0.00594330147772478,0.0313562369209571,0.0850910381655805,0.0221311529473544,0.0485669089900571,0.0272755547858326,0.000104127533455032,0.0434874891137417,0.0398168431555452,0.0289205430424265,0.0246479846533702,0.0404427008794094,0.064907389070536,0.0191593664476688,0.0267652248327757,0.0458441628549271,0.0307017200895984,0.0238160169433305,0,0.0126524467603878,0.0492965875440445,0.0484953195628963,0.00782999455374981,0.0653222700805656,0.0697859381538045,0.0602805174647981,0,0.0526431912232628,0.010214748881424,0.0694852657010409,0.0312091490148754,0.0181663046483912,0,0.037353137676611,0.0120120371362388,0.00158541404901973,0.0352155197582589,0.0221414887820441,0.0741823414048136,0,0.0473602782805203,0.0541925298636654,0,0.00512310989334931,0,0.0231059265584592,0,0.0500163697741164,0.0476395204682465,0.00718414573831065,0,0.00940060892660156,0.00984746872906432,0,0.0130878751149259,0.0273027366724494,0.018700538692847,0.0160055461186651,0,0,0,0.00623278430019269,0,0.00976896274668229,0.00546886907430077,0.00144580538468129,0.0140904191467738,0.00095234379742838,0.0108494057462205,0.0212286136229876,0.00172660702837238,0.0111649144679506,0.0180951019643302,0.0157402467490423,0,0,0.0113284933763608,0.0241122888497946,0,0.0749113755861199,0.0506334490168498,0.00407051638439674,0.0491672647449227,0.0261022528630779,0.00722889825780815,0,7.91425227801299e-05,0.0401440251942884,0.0239205409284429,0.0594780382692599,0.00736265433539195,0.0400099449216253,0.0354094627909184,0,0.0220213160703303,0.0753732986387624,0.0120288907620144,0.0019352489705483,0.0492734546057612,0.0303659842211628,0.0288351765397841,0.0297774425677995,0.0408039159463927,0.0319719202823036,0.00612000421300346,0,0.0104542524617695,0.0313697671316502,0.0312328059330407,0.0688849237392231,0.00411219453189988
0,0,0,0,0,0.0291799851362218,0,0,0.0111398901303104,0,0.0062140363638945,0.0195266251648648,0.0144822265392739,0.0544082206166295,0,0.0478963820865731,0,0.0177936813593109,0.0404278736366974,0.0398331690135615,0.0317545498983307,0.00701056838672352,0.0245555147075685,0.0725696658186857,0.0506836670493248,0.0137985046627547,0.0526431912232628,0,0.00594507351035769,0,0.0599430345852552,0.0335381178897707,0.0395659016675912,0.00432914551566304,0,0.000733585394079644,0,0.0482834141085677,0,0.0115417659252496,0.0265889062244663,0.00567035790368646,0.0343060501347596,0.027530977290831,0.0123139932438038,0.01010778788068,0.0348728846037698,0.0202432715266107,0.0432315251204877,0.0218358756848192,0,0,0,0.0192409644413706,0,0.0314496151278434,0.00489812494611677,0,0,0,0.0107061593049074,0.0071614816451288,0.000790666403428826,0,0,0.000671192857604495,0,0.00861590217103776,0.0013161571995868,0,0.0139347130214523,0.00810793869576463,0.0568013105567413,0,0.00595700487955869,0,0,0.00852797041692393,0,0.033039027907958,0.0178404313756991,0.0121601939609112,0,0.0119979529693279,0.0200636322237663,0,0,0,0,0.0436598766699688,0,0.0375658344452794,0.0440505458272019,0.0308678556991366,0,0.0401942338883526,0.0179400562506121,0.0124065068114467,0,0,0.0361549963771264,0.0182809204521686,0.0156420288830469,0,0,0.00293530043921473,0.0119144708760222,0,0,0.0084186639319065,0
0.0056808395233336,0.0139859770473685,0.0297140366306476,0.0136441138995857,0.0246431291646005,0.0152018584082786,0,0.0104549182354064,0.0615378510132501,0.00377950632250465,0,0.0383285592003139,0.0298178142267008,0.0213840691222242,0.00637060700213556,0.0437046649621939,0,0.00947741639393789,0.0391977338018763,0.00574896428634807,0.0480702661468031,0.0349826218440932,0,0.0560776797534927,0.0576806812639429,0.0476517041949858,0.010214748881424,0.00594507351035769,0,0.0457711955874679,0.0545760609177136,0.0480765421842927,0.015573984010998,0.0157017116134863,0,0.0135823638941421,0,0.0460605797718354,0.0175724675780716,0.00910585339399474,0.0246560172497474,0.0311486278664132,0.0487788102293997,0.0203817825569742,0.0282200626733786,0,0.0318395863435722,0.0252836997397342,0.0157207795322742,0.00338282949287676,0,0,0,0,0.0136030818293612,0.0448186357060843,0,0.0101403874424722,0.0114547510941258,0.00409642712130441,0.00258778371703152,0.0188098134814766,0.0232324971364986,0.0152295528712741,0.0126748635288879,0.0178843181390128,3.84237530154247e-05,0.00589398828257118,0.00736882771658416,0.00602584001354008,0.00805664706795191,0,0.0382869943861738,0.00818444401409089,0.0089474941133731,0.0100563725917285,0.00803001059169787,0,0.00762213255095612,0.100094945043926,0.0170117609473626,0.0125087783207448,0,0,0,0.00291184427989317,0,0.00415035263641865,0,0.063096120534178,0.0148921883009753,0.0494606156689915,0.0213531944130134,0,0.0174732223099226,0.0549513569868782,0.0258081182253666,0.0150562326112033,0.00597035707379692,0.0150882353955199,0.0611103227780545,0.0287859440544749,0.0127791348495674,0.00605577459940444,0,0,0.0329209295818695,0.014000040811651,0.00419610521880024,0.0369588385158545,0.00220458406699935
