0,0.0198289058548486,0.0148027307200895,0.0277980000839007,0.0271310075866099,0.0650359951414987,0.073112408964163,0.0538352826324851,0.0391932459482992,0.0208557701435627,0.0228995282056196,0.0303346460620078,0.0131822207344364,0.054303017105912,0.0258151516344548,0.0207599781681062,0.0505962466296241,0.0158381669903292,0.0211098031066668,0.0556462364302485,0.0199212077743232,0.0365946778831965,0.0228484172262658,0.0508040341197412,0.0400258179495614,0.0173373867912163,0.0249781867927644,0.0440051804802162,0.0446029608661529,0.0389461054573502,0.0358654455475886,0.0351932018481303,0.0266839019107801,0.0317655497914824,0.0209900435045359,0.0320889211689551,0.0325152602351193,0.0308072527167359,0.0139783481219066,0.0159394434055029,0.0182618761125825,0.0160508581085467,0.026499256753574,0.0165507531017761,0.0358186495504192,0.0260262762586019,0.0165138147072063,0.0219597444315958,0.0165733401754994,0.053125269315959,0.0175540623168306,0.0588552237997868,0.0514398918421064,0.0349776265220984,0.0206922108899627,0.0176495155933044,0.0265454958602208,0.0539704005543851,0.0174767449102938,0.0179179913442381,0.0241702044795439,0.0215144176469534,0.019690650277858,0.0248562002312763,0.0231923768494473,0.0758306790815884,0.0225685519505135,0.0813155045404026,0.0508257058558247,0.0468399555154247,0.0355296422299404,0.0264907793745661,0.0557114260007826,0.0126030109062089,0.0423414795009369,0.0257196066784776,0.0333001478875893,0.0236240083058278,0.046561026561154,0.0269999804205586,0.0397300696722191,0.0283809307965355,0.0231745456109821,0.0346085954674063,0.0336559439059218,0.0411167633838805,0.0124395031729715,0.0128169026279638,0.0227116811500116,0.0264347132929167,0.0244137637666864,0.039045713082375,0.0149023740611874,0.0162069167041245,0.047816487379316,0.0206229433596722,0.0396054022265751,0.0114520953379035,0.0690882442946144,0.0124856563499491,0.0234262753412459,0.0543512368342219,0.0533219052432085,0.0153342925562997,0.0320512883807063,0.016752880881843,0.0187083890524964,0.035973860195917,0.0275323380317506,0.0366506392517352,0.0969909721283187
0.0198289058548486,0,0.0330289727840281,0.033719013557456,0.0604751990764991,0.055115217640954,0.0434486682244883,0.0453284049932295,0.0454786921689696,0.0431459503811233,0.0415124268653695,0.0363938137306837,0.0302602398172919,0.0490812428766528,0.0222047545416469,0.0497002600564688,0.0367006891773965,0.0322457854109065,0.038412889565667,0.0461320177062222,0.0421047002177215,0.0409250367675386,0.0284172693268663,0.0491121352047579,0.047275024876689,0.0452135331622743,0.0435211753740889,0.0538787086629012,0.0330564864090159,0.0601834607406692,0.0471916662656338,0.0267560125518678,0.0424342819255023,0.0312925789310147,0.0228713885979889,0.0370625592345241,0.0373967834283896,0.0226066097561633,0.0408999583725395,0.0336081138991252,0.0166919600757647,0.0280206346996749,0.0113406958649628,0.0304367311226323,0.041014453902194,0.0163043993728823,0.0174311577412277,0.0468458353177174,0.0259657636125543,0.0670168265454807,0.0565200381110848,0.0496433251952948,0.0409238674241041,0.0568326408760567,0.0262833778771546,0.0352992999381855,0.0381301023469523,0.0220331377926207,0.0389613562353451,0.0247438241391113,0.0394276444306559,0.0245236525436338,0.0303721027921355,0.0330584634901193,0.0284144343435774,0.095763355313902,0.018741236024755,0.0339844054013616,0.0820470247250956,0.0559234587162418,0.0513502621495455,0.0499438107499916,0.0811112735999737,0.0215603779182025,0.0575419478414346,0.0304925665575998,0.0456300627112554,0.0512134501392811,0.0719420603536631,0.030676602850044,0.0305484692717687,0.0345867387808303,0.0602276989077801,0.0475649729089504,0.0199618261385831,0.0256643037170047,0.0359207539829382,0.0249973235343191,0.0220184653305575,0.026712213867734,0.0229997352350198,0.0593826645117523,0.0457237704586367,0.0385154024003209,0.0655091169345004,0.0312429398919845,0.0567854939083037,0.0168570297698314,0.0486362333048982,0.0211617448586975,0.0345767025598606,0.0482687498003963,0.0349867273814059,0.0105172956747837,0.0200167971808485,0.0355018786844658,0.0254045471688801,0.0287400157936982,0.0518819942709519,0.0407825427151971,0.0560102556992399
0.0148027307200895,0.0330289727840281,0,0.0600249486186457,0.0485959473314567,0.0617035804515247,0.0822339550853855,0.0359553857754222,0.0275385475061481,0.0321002957910289,0.0432820419753671,0.031263170240749,0.0313980268647651,0.0461601700508743,0.0499664638702308,0.0337206534199003,0.030902255829133,0.030568182724039,0.0198381521728238,0.0476094273502076,0.0244220983820746,0.0387021616475603,0.0262911182237845,0.0452245083871612,0.0513874874412965,0.0481162011909812,0.0337962046838657,0.0450323572416494,0.0481555965742421,0.0691828954335349,0.0572766829321225,0.0312714547954446,0.0320049468537155,0.0430527902280184,0.0200724014778409,0.0467576365017867,0.0875053534723601,0.0278725994924455,0.037208682404552,0.0352833283386148,0.0195038192956606,0.0366329847260379,0.017608668964042,0.0486276117731807,0.0331325360046286,0.0146631858802473,0.0251573752761255,0.0336204088282739,0.0311921463875508,0.0561000693875196,0.0395739469417857,0.0539537350503143,0.0438253415075181,0.0636591768477739,0.0231056963387073,0.0245839462863197,0.0495785241031534,0.0260988984149935,0.033545424491381,0.0630033493372478,0.0311768579185741,0.0286698223798906,0.0336525139953092,0.0262845986830744,0.0226056887539213,0.12357057552787,0.0192137935939671,0.0420325703997758,0.0837992157106885,0.0815937732013554,0.0517713127148443,0.073063220871169,0.0954909386277975,0.0308938568965837,0.0348457519131093,0.0335602747036036,0.0581487722050352,0.0570877810550574,0.0697709713358488,0.0227286188469592,0.0233024478410882,0.0199652535713916,0.0662587328494124,0.0449831154645436,0.025585930376536,0.0370257874916498,0.0440617296171993,0.0549908738736887,0.0233627594290598,0.02446016006057,0.0141952803011036,0.057023057315485,0.0323423643016393,0.0202590757417187,0.0614457943153522,0.0422699417515808,0.0388118799789578,0.0503910118626888,0.0690354499506525,0.0482942471716366,0.0196995116365063,0.0869984166789805,0.0458857971089467,0.0554362609176824,0.0236816609577225,0.0483421312588906,0.0291715105434369,0.0229468230136684,0.0705140191155725,0.0331064372724538,0.0801941153867334
0.0277980000839007,0.033719013557456,0.0600249486186457,0,0.0738281427986077,0.0544095132659581,0.0630345450995274,0.0450852857546134,0.0419579900733911,0.0326030775458592,0.0447645874842864,0.0341250437707597,0.0234113409171565,0.0468246649727161,0.0254294379466418,0.0628586635311814,0.0299130365163382,0.0415319314896991,0.0197960544693627,0.0456294447440817,0.043106498295415,0.0491330594399518,0.0188207002151002,0.0478740347491299,0.0506584931386416,0.0258346517960015,0.0346487004168774,0.045724631265006,0.040022772941576,0.0414964223750273,0.0566999274028563,0.0381102162117059,0.0235011476351268,0.0446674583303146,0.0178992618022014,0.0373421648009537,0.0505800585349378,0.0160174485896005,0.0295718453615353,0.039800166345618,0.0251744512609233,0.0245093324503336,0.0173484932134014,0.0662463210037776,0.0345518402918395,0.017641317680126,0.0250504383111433,0.0480012878590232,0.0290978025739106,0.0703653998450799,0.0783735054604507,0.0587142953613725,0.0474733132475426,0.0576216704570548,0.0275906872661975,0.0463892887241334,0.0354282947495833,0.0261579936618833,0.0222393851934898,0.0395936858072398,0.0476363597231073,0.0278539391975194,0.0413130349762043,0.0589948198653856,0.0207344143800398,0.111065050523881,0.0253643605794658,0.0476181432474862,0.0817985141012865,0.0732298508910194,0.0488705527706996,0.0432920762441079,0.0775408707780498,0.0294522385586719,0.0460487791274972,0.0356941267868539,0.0538942450641323,0.0509966619786001,0.0723181856280839,0.0368591480077502,0.0233519966728585,0.0169230070651671,0.0595062033720341,0.0440418541904473,0.0264364687560399,0.0404073111135234,0.0355778301786715,0.0213940033160099,0.0184478651897751,0.026130170028102,0.0207637518579894,0.0598197493983749,0.0712821306839752,0.0300441771431837,0.0620003596743974,0.0441400496203214,0.0603993664119161,0.0291099614175814,0.0474722751333259,0.0323747208833227,0.0517080268810678,0.0697735965323758,0.0345567406623452,0.0179843780234841,0.0234073842726769,0.0641858413563457,0.0528386876419335,0.0236970634654422,0.0556938860946337,0.028750812051374,0.0603863116092113
0.0271310075866099,0.0604751990764991,0.0485959473314567,0.0738281427986077,0,0.0387861454043439,0.0851692308710198,0.02922183506088,0.0264987134469624,0.0249929537994816,0.0597011035281541,0.0366682051360811,0.105128093263105,0.0311539799925811,0.0591811493452642,0.0552833218152625,0.0211326920296838,0.0946524522061705,0.035015219526943,0.027130064828002,0.10375142637397,0.0336421955881163,0.0761672573932625,0.027846524459227,0.0328033445163941,0.087632415282404,0.0345457736977243,0.0273823398934733,0.0375247109433484,0.0725901647687355,0.0359921020185706,0.0474967184538901,0.0524227111906716,0.0329854965727361,0.0194636811856758,0.0428200330433286,0.0938066097881322,0.0687554397111745,0.0593300582442084,0.0340862856126971,0.0211976075370633,0.0715957540248145,0.0275008352702664,0.0320877785880615,0.0295248640071391,0.0212929665743847,0.0236612719629221,0.0211767538282554,0.0610915861949188,0.0384137168332138,0.0248182880440579,0.021380980344893,0.0303417650076866,0.0469982650997616,0.0237417745219091,0.0330246993523197,0.0416843414581561,0.0273893769232405,0.0554461515789444,0.0779751552076845,0.0329081437440866,0.0288782092769789,0.0226139467315997,0.0379038365782109,0.0199426999870796,0.103137480927499,0.0277544971631412,0.0359611434782252,0.0759386455285936,0.0768913234687738,0.0490560670736415,0.0621297254156756,0.0835699543443072,0.0654077618171329,0.028813145251415,0.0445554207435098,0.0579885548624781,0.0621413167420909,0.061643899038107,0.0425473548526668,0.0337456066478693,0.0388345481926198,0.0750796100099858,0.0483536848493285,0.0333354124870365,0.0314697300715265,0.0588635697759291,0.0585859412613266,0.0330420345836992,0.0432606868845424,0.0167801253573246,0.0493758741379963,0.0417161771340847,0.0836979703020728,0.0535063077837876,0.0401067990614111,0.0165463457508562,0.0585355129763743,0.0597604207087407,0.0771006913991066,0.0294712380806806,0.0814616761166536,0.0307509285250989,0.0512978278971888,0.0252623675260811,0.0613046477856832,0.0519460674779827,0.0250580653142945,0.0669777941153405,0.0356040073034244,0.0734449379192012
0.0650359951414987,0.055115217640954,0.0617035804515247,0.0544095132659581,0.0387861454043439,0,0.105345844098238,0.0171114165499773,0.0415918914035996,0.0169252359613954,0.0564426964841227,0.059769734450267,0.0913024469283779,0.0146431419467052,0.0509350184876376,0.0657158768476326,0.0248044948211492,0.0484106152277195,0.0592132788876475,0.0328030837912336,0.0767171102944047,0.0228266811364273,0.0712910466368116,0.0285475701565502,0.0190237944928562,0.0775532003819192,0.0594832647377241,0.0188085826113503,0.0352536458174056,0.072333472688072,0.0161554436325998,0.0430817263789443,0.0969282274462037,0.0272233882028191,0.0254508306403805,0.0488148099954795,0.0589209509656942,0.0740287749254716,0.091532840047758,0.0383040159517184,0.0266009082409719,0.0550262867468063,0.0490887203369424,0.0238422638477642,0.0202866323512156,0.0333845259733297,0.0201122063120946,0.0167783676569847,0.0676896839613358,0.0223871685849404,0.0274883821975821,0.048911416965773,0.0296228942802442,0.0253111309109481,0.0223128603150914,0.0297685173085185,0.0327782662912779,0.0287042454812432,0.034869753920773,0.0458244248641049,0.0379911001006788,0.024038896676487,0.0263964685594176,0.0324058460817457,0.0250675730460855,0.0654082899999409,0.0305284928760016,0.030152204879236,0.0605074856906897,0.0872591079226412,0.0573736192696627,0.0578595623903924,0.0817632373170489,0.0443010052478647,0.0349067308165306,0.056733913212168,0.0708360913242585,0.0682133933587708,0.0331870571144583,0.0373358653108102,0.0302506890955208,0.0344648816388707,0.0754144197751791,0.059351805637219,0.0607973181304685,0.0427592340903563,0.0478359482408716,0.0587080781221458,0.0329062787506069,0.0550679240026592,0.0215808859908331,0.0313697322284099,0.0564538129331307,0.0575040329860171,0.0182969931505475,0.0251796842511565,0.0352789386258167,0.0515131605538599,0.0765069437709266,0.0698711956096063,0.0696004243664524,0.0705202364956966,0.034808267790898,0.0688284354521015,0.0266557044728426,0.0451697922956514,0.0634405424752224,0.0240929953324055,0.0476788786930034,0.0456147091249184,0.100462433121982
0.073112408964163,0.0434486682244883,0.0822339550853855,0.0630345450995274,0.0851692308710198,0.105345844098238,0,0.052451180188038,0.0820148535595692,0.0136816669682849,0.0231034522465092,0.0827438267153482,0.0844257842232272,0.0515632825159135,0.0526074692621068,0.0908173164434857,0.0877726274590712,0.0576256002808811,0.0671783284233402,0.0958658818105823,0.0957604012040283,0.0348260715913095,0.059418372259147,0.106306571736352,0.0687399110376891,0.0658504635841438,0.0879951763436855,0.0986122847656459,0.0323173727624788,0.0365426349037463,0.0436936175471194,0.0221197224816579,0.111287898448317,0.0373800372523498,0.042934697876422,0.0323487426338339,0.0437220276787006,0.0706371161739237,0.0894690789154799,0.0480813553292525,0.037275611509982,0.043393149586022,0.0214033731399498,0.0362789879721563,0.0655888630822753,0.0410847656633188,0.0129771375881284,0.0691751089268563,0.0236334493149621,0.0980231049803559,0.0608387057834217,0.117650559185413,0.0643835432502142,0.0207483728885433,0.0324967345159269,0.0614743565713252,0.0452456020057548,0.0187270267762991,0.0141027122538904,0.031531972553436,0.0578384207231954,0.0340436512349142,0.0273050870692031,0.0683120587985599,0.0366437392018356,0.093964238638487,0.0381557426061756,0.0453585897912005,0.0815399871538865,0.0458885813606974,0.0608142547589184,0.0154138111197029,0.0246669141784855,0.0391431715180798,0.0687837873223658,0.033710615186169,0.0581870001081974,0.0348709424662147,0.0879684808787549,0.0695825837154274,0.0462448922018537,0.0433882015572993,0.02956076018639,0.0568014716566208,0.0635038219731575,0.0235330925067198,0.0278796790592394,0.029859951011368,0.0103701819587235,0.0766203689439862,0.0264592218607751,0.064671249989241,0.0800134975315906,0.065031391771853,0.0866505635342209,0.0217904604028187,0.101951913571029,0.0352713798122161,0.048848775927177,0.0665199436557942,0.111176647454648,0.0238509102441387,0.0435772854921296,0.060038552807546,0.0252615884445857,0.0649448885939258,0.0862392519299478,0.0304378516880681,0.0119267905187345,0.0315498349437512,0.0624682850010095
0.0538352826324851,0.0453284049932295,0.0359553857754222,0.0450852857546134,0.02922183506088,0.0171114165499773,0.052451180188038,0,0.0760524800653743,0.0160743283502405,0.0196574482344787,0.0199735515569839,0.0312160513877249,0.033876222670306,0.0496216624396983,0.0312026731846219,0.0263335207919722,0.0344748358411058,0.0410618218941562,0.0170776003084835,0.0293198101689977,0.0199873232752467,0.0480203681512854,0.0182409180590046,0.0313378281957922,0.055233017348391,0.0373390574269307,0.018242127103835,0.0264956596225714,0.0453499642315444,0.0311345927903989,0.0557910645997398,0.0544990949401871,0.020552372087766,0.0140284999818662,0.0262588209076654,0.0483084853552578,0.0519617074689647,0.0387578735859219,0.0295255823381834,0.0160405049488974,0.0261956585514949,0.0113422803272699,0.0245406194076562,0.0251597479756726,0.0260937870659853,0.0176558273039967,0.0246961449781941,0.0306959304646233,0.016166507682719,0.0294177874059688,0.017162069706553,0.0134354018008623,0.0228452679729249,0.0167587575611972,0.0263158067433638,0.0160317430268681,0.02688165846485,0.0317478478962391,0.0307821539168716,0.0408171351853664,0.0137493079529436,0.0196117757761693,0.0335285399243931,0.0206209043553765,0.0334176017025827,0.0195984611660572,0.0339106552461673,0.0146895937458855,0.0201323341626929,0.0087955307962993,0.0290812492214814,0.0389328067425614,0.0295219579849323,0.0360599465439375,0.0290147076656214,0.00784599056102187,0.00521250632066186,0.0181917132443881,0.0265915533623008,0.0423733906495243,0.0464812381743292,0.0129605832369141,0.0185395385557837,0.017542069090579,0.0321213089250067,0.0250731958008836,0.0236827341280799,0.0131840432795803,0.0370874951143031,0.0386163457620418,0.029632497209192,0.0386086818788044,0.0392165456363072,0.0182860559065288,0.0348615625735253,0.0301518992258144,0.0269068616304269,0.0489310787619879,0.0360521616754174,0.0319218425376068,0.0535059346148267,0.0263453524742344,0.0401898898548743,0.0305459852201499,0.0338197904212737,0.0425815583686837,0.0362430163180867,0.0368401939544535,0.0446287583438189,0.0508384757064079
0.0391932459482992,0.0454786921689696,0.0275385475061481,0.0419579900733911,0.0264987134469624,0.0415918914035996,0.0820148535595692,0.0760524800653743,0,0.0190823804224499,0.0203150645797851,0.0173933343282592,0.0340078161466726,0.0675176120664146,0.0480748441209437,0.0200698779881261,0.0375284114368599,0.0357224410632735,0.0367704429575825,0.0410197322403177,0.0244513609155261,0.0303856227036362,0.0497249150463674,0.0381004986998306,0.0409279836931365,0.0566463902532345,0.0389658418516056,0.0282832496621358,0.0335663037841516,0.0564500591472071,0.0462925671831819,0.0511568290209241,0.0483677276459469,0.0249178487534046,0.0180345778779405,0.0430020376119694,0.0542628885418237,0.0498770460741393,0.0362937917481863,0.0323927194238572,0.0195519616956729,0.0315716647507115,0.0197535478105633,0.0315149737702036,0.0320665220333311,0.0242351200065099,0.0227067848538834,0.0227745155966035,0.0420603056764505,0.0309002642050517,0.0257039899891004,0.0370724744256762,0.0249513207682146,0.0389863373362383,0.0173753357377919,0.0233924872858708,0.0393879450854069,0.0295480946497858,0.0373770871074478,0.0369110197203716,0.0281089002100315,0.0231353307967007,0.0229300943283703,0.0330919917090581,0.0236663950791083,0.0742551638098492,0.0163292248388935,0.0408444078965909,0.0436763049339726,0.0575303641867754,0.0356556949439061,0.0466638598439031,0.0735526715785531,0.034160621438453,0.0343112921017452,0.0506304483478195,0.0347459312393079,0.032465534662791,0.0395378131512163,0.0284869030133375,0.0417144052479762,0.0429491234350056,0.0446589676869216,0.0411106282815885,0.0273552189555404,0.0444354938405148,0.0366942994213605,0.0333544186487945,0.0196882636164176,0.0375233403566213,0.0306390065722771,0.0406632545755444,0.0286272674397587,0.0363617202354994,0.0331227755747792,0.0422394351353588,0.0195215022196771,0.0353780971061376,0.066902607398359,0.0340568390448186,0.0206466558698504,0.0662414555834171,0.0339765820002486,0.0395058049268298,0.0305905793974046,0.0314767899245658,0.0329404586517529,0.0367489917704855,0.0474606259175071,0.0503606237529106,0.0769576492191133
0.0208557701435627,0.0431459503811233,0.0321002957910289,0.0326030775458592,0.0249929537994816,0.0169252359613954,0.0136816669682849,0.0160743283502405,0.0190823804224499,0,0.0495991813625077,0.0247016578652222,0.0467963330405622,0.0156180399163165,0.0314521867837541,0.0350363232676904,0.0248017657286255,0.0357012969076181,0.0340522665603279,0.0156338864913156,0.0278315798725921,0.0203042261442022,0.0473822793975604,0.0179500040514727,0.0295232377984111,0.0359883277650793,0.0211452915401133,0.0195206453500317,0.0150788351709572,0.0339214411328033,0.0321270095445305,0.0402923340059895,0.0259891782164817,0.0173629136418742,0.0136125648961954,0.0250479852020846,0.0481388691244765,0.0384422402191321,0.0260362544819816,0.0119594779951169,0.0182500572441689,0.0248777016609124,0.013178622937542,0.0280118789549519,0.0146160887846786,0.0297460431997397,0.02848605054017,0.0315998945264949,0.053330498962326,0.0193384242026373,0.0269530950530966,0.0178031769749445,0.0168809568508121,0.0360709992425431,0.0233266964149637,0.05241767973699,0.0192889677089409,0.0293541685420245,0.0372799373473073,0.0416709902984282,0.0354719416073574,0.0151986005640753,0.0202012630841519,0.0264068488789978,0.0576256794256559,0.014055276759586,0.0461941098247465,0.0382051624709891,0.0129665025861266,0.0123805197040275,0.0108057443306011,0.0319255594499342,0.0358362617397706,0.0487882259739336,0.0278582403091984,0.0189538083553171,0.0010111640022198,0.00475423608829336,0.01408711858551,0.0313133046690949,0.0254162899748368,0.0278596599702436,0.015899108520916,0.0170463875641977,0.0186419376402348,0.0199801958300265,0.0296305170570233,0.027385694792332,0.0299639475256107,0.0234459207501166,0.0215061718728872,0.0365951357994433,0.0346841940273561,0.0399829055689953,0.0135129931538878,0.0343732556752552,0.0292214415656359,0.0499200328125529,0.0189109067950703,0.0376468196430627,0.0397779779851652,0.0341290980005949,0.0266011857238533,0.0321428456157512,0.0159338372039379,0.0406346069124489,0.0382848733068967,0.0418490446093719,0.0410847587728157,0.02671921230816,0.0102038214294864
0.0228995282056196,0.0415124268653695,0.0432820419753671,0.0447645874842864,0.0597011035281541,0.0564426964841227,0.0231034522465092,0.0196574482344787,0.0203150645797851,0.0495991813625077,0,0.0626743340782285,0.0495655746759213,0.0220888157267485,0.0417720465080101,0.0346337183689757,0.0513635502422558,0.0482591293510688,0.0208641632531447,0.0332199170469201,0.0558869810400349,0.0274541109540184,0.0497914771030364,0.036515235080146,0.0218247672086178,0.0347277710153069,0.0281174447438264,0.0676713513056041,0.0467754756542369,0.0303106696116314,0.0247265882132919,0.0296182154738988,0.0342116933177016,0.0509825092812245,0.0401531405870743,0.0242815863863654,0.0342798319897357,0.0356580432274371,0.0352921555282592,0.0350377699446651,0.0381296774398307,0.0463804416804918,0.0302559232611394,0.0375281618618497,0.0706766347079081,0.020158120767408,0.0582952900005726,0.0187565517823983,0.025470590262667,0.0238587556726947,0.0460800183738948,0.0420617767283229,0.0173760757115951,0.0442424845067249,0.0604871413813432,0.0448853940331679,0.024705053217152,0.0336602605266419,0.0711625535985759,0.04938004088033,0.0437304688857907,0.05016279813154,0.0536562086897416,0.0548799257615873,0.0443947362815291,0.0328201643958831,0.0281567809642045,0.0489936106105398,0.0251125959296476,0.029706657322721,0.0294267594281491,0.0253260661807408,0.0138293404172652,0.0517412343651287,0.0469473799818749,0.042788312658605,0.0283903699487166,0.0412096677793952,0.0490089577377641,0.0313380802922828,0.0511948760141909,0.0476274406660639,0.0320447925632672,0.0244047743288901,0.0382841805546826,0.0343402050396083,0.0579975795961843,0.0326451672045022,0.0356510338055725,0.0453584439008994,0.0543417404099037,0.053362120339162,0.0417070221830282,0.0557452267364375,0.0624052798805877,0.0244520100237561,0.0415635323553701,0.0327394523488754,0.0425945830675629,0.0442893485507804,0.0430420303331516,0.0333544970523008,0.0467076129963244,0.0306683814486673,0.0253380001718733,0.0369020317750318,0.0371791759016786,0.0360073125695142,0.0398156305373572,0.0352811932940108,0.0413267143338585
0.0303346460620078,0.0363938137306837,0.031263170240749,0.0341250437707597,0.0366682051360811,0.059769734450267,0.0827438267153482,0.0199735515569839,0.0173933343282592,0.0247016578652222,0.0626743340782285,0,0.0586849122835228,0.0284153183179076,0.0379168107530659,0.0298691760850761,0.0439613782051895,0.0420792953220392,0.0249974668462229,0.0349151295099631,0.0266903703853359,0.0283005545263431,0.0376189590711612,0.0302636709800127,0.0298808067811753,0.0485953087583933,0.0289247705994015,0.0328987377875058,0.0449253005763331,0.0528740865940028,0.0312222504151332,0.033118510150145,0.0369634919698981,0.0469790345571631,0.0312553609743999,0.0493986576905159,0.0434512697588465,0.0318797842829093,0.044806073786191,0.0370870899474197,0.0298974914186724,0.051595363521712,0.0353643507328295,0.0335128093655077,0.035737676054096,0.0192793978058598,0.0285603705983067,0.0251072910675895,0.049723217646968,0.0386858419556909,0.0292599811290796,0.0301326931780777,0.0372785251632571,0.0410151438447469,0.0289025996656301,0.0259382835715709,0.0473884399615486,0.022441657396093,0.0347763350807208,0.043418121793484,0.0263728477132188,0.0307853894090214,0.0370637340733131,0.0304365620821669,0.0210914483573525,0.0958361735661764,0.0274312497271827,0.030684959833404,0.0794409583175404,0.0819398029413629,0.0641160523753536,0.057650240431157,0.0763942248440473,0.0339043950833502,0.0460773110974195,0.0477216065807739,0.0738522250143525,0.0713123080485295,0.0721641234718428,0.0311942523747781,0.0310589403625478,0.0191898970475685,0.0814201376349285,0.0597785680384087,0.0391084704003023,0.0350678389197046,0.0488295649423927,0.0472318771574375,0.0333189794606634,0.0333721342612967,0.0147247924155128,0.0667912955328628,0.0243697055996721,0.0308384103011078,0.0716385781748349,0.0310788080454522,0.0158541429982292,0.0418725214322297,0.0767541516441633,0.0439932927882298,0.021546896965932,0.0596227835573442,0.0524842228671669,0.0449030020986242,0.02139099005116,0.0291278573423995,0.0306423769171193,0.0257150075864215,0.0459017889762956,0.0428897140574662,0.0838004958189475
0.0131822207344364,0.0302602398172919,0.0313980268647651,0.0234113409171565,0.105128093263105,0.0913024469283779,0.0844257842232272,0.0312160513877249,0.0340078161466726,0.0467963330405622,0.0495655746759213,0.0586849122835228,0,0.0408361108952728,0.0204627736688809,0.0440106960973815,0.0684432627943336,0.0257150530447229,0.0247762702700799,0.0581705989966838,0.0688008461134218,0.0279145052526077,0.0152655533401899,0.0635693787039245,0.0491806416260175,0.0261573869212324,0.034551390725268,0.0887599437903239,0.0431104227646954,0.0560364821871847,0.0421472461552586,0.0261438751156735,0.0325641305836515,0.0372357964254016,0.0336669591394919,0.05751378537203,0.0232699015871417,0.0116159667501471,0.0331274441702129,0.026899478878008,0.0198704202555033,0.0274357736265326,0.0169085762252168,0.0290492583302623,0.0669280831481966,0.0169883524676072,0.0229814247761226,0.0408916316118439,0.03270079507285,0.0779944939856218,0.0476309379674706,0.066775693785424,0.048132889664039,0.0538801636401573,0.0288006102239239,0.0489950782383529,0.0624299836390232,0.0244023341197232,0.0303420281034292,0.028086426507196,0.0334830951291033,0.0333117983300886,0.0331848588963336,0.0401525832786319,0.0281773547334876,0.12352524769802,0.0192279171474947,0.0482212526182829,0.10749172186982,0.0860692570051299,0.0799625268749977,0.065943866619697,0.0989876105147817,0.0243955365266786,0.0726355177220751,0.052026030865695,0.0728467202219175,0.0756005654819149,0.109204280314077,0.033826296735548,0.0336804270811095,0.0210335629558954,0.0914283138116978,0.0751678045976643,0.0171582672407354,0.0221694276567303,0.0504853292369885,0.0288067863049088,0.024237176487101,0.026626790242515,0.0185199338222137,0.089018781852146,0.026630471356794,0.0315140235997151,0.110959655524982,0.0217124231983328,0.0639556105138504,0.034418216023324,0.075154409381417,0.0200949426908135,0.0270902625925787,0.0585740076338012,0.0534158558089481,0.0219272953116495,0.0141947280273574,0.0213178013988833,0.0182579442229079,0.0274881217630358,0.0392322783992929,0.0530385423184555,0.0960352689941586
0.054303017105912,0.0490812428766528,0.0461601700508743,0.0468246649727161,0.0311539799925811,0.0146431419467052,0.0515632825159135,0.033876222670306,0.0675176120664146,0.0156180399163165,0.0220888157267485,0.0284153183179076,0.0408361108952728,0,0.0510695589253026,0.0409529645676519,0.0223330957795302,0.0411239012714827,0.0489756038776701,0.0199444528232512,0.0372978633302345,0.0209826936633153,0.0529791522235842,0.0203676867530019,0.0370909037343405,0.0635512351437564,0.0403815011517566,0.0212333068299478,0.0207331488120827,0.056064132860936,0.038030797518091,0.0565313127683287,0.0631306319942588,0.0207337762943292,0.0161955235017199,0.0320742703283234,0.0496085836220865,0.0513883803013857,0.0489552546860561,0.0313946456146743,0.0204200724358791,0.0304322522085436,0.013039319676172,0.0303127961610964,0.0237367571534764,0.0366163099570145,0.0215535484586491,0.0280666258728171,0.0413413886949945,0.013779141829422,0.0356448194159551,0.0215774884054673,0.0131717266152305,0.0254729956947889,0.0213395021163279,0.0328549736895551,0.0158364802864873,0.0223372551423245,0.0384543000288008,0.0375509637564909,0.0463182916522463,0.00941293315359294,0.0255449078081475,0.034607122530972,0.0200768632398676,0.0271133523810902,0.0183878442707395,0.0243830627579234,0.0192980464429869,0.0160821765887177,0.0108595765251822,0.0397816397310205,0.0458395539365699,0.0371653317786114,0.0337856556304646,0.0265053248014261,0.00770053609729993,0.00880880005291306,0.0153587287837519,0.0238428352235193,0.0364795451829601,0.0478127890120545,0.0216935228833549,0.0232490889491096,0.0274373198719171,0.0430758932498618,0.0292326696685128,0.0334595091751391,0.0187410774514955,0.0389813372795678,0.044059098556973,0.0279764882101654,0.0487820697379725,0.045102013853224,0.0189911959013878,0.0358255730559115,0.0427708744295267,0.0412060713055575,0.0416660692580215,0.0478177277991684,0.046112312298221,0.0543325091891964,0.0215284394870595,0.0518139267889628,0.024004894576879,0.0399251076277076,0.049373322670845,0.0297010010070364,0.0463623265354982,0.044395373205511,0.0420428235934043
0.0258151516344548,0.0222047545416469,0.0499664638702308,0.0254294379466418,0.0591811493452642,0.0509350184876376,0.0526074692621068,0.0496216624396983,0.0480748441209437,0.0314521867837541,0.0417720465080101,0.0379168107530659,0.0204627736688809,0.0510695589253026,0,0.0532317144019928,0.0241932921366802,0.0392088957167387,0.0234436574464888,0.0451156920864169,0.0412624517179344,0.0398354019957667,0.020301008244266,0.0457452618642867,0.0491845847230626,0.0418115090729604,0.0318252406969659,0.0556011759539778,0.045545960001344,0.0413166441686727,0.0513252600853373,0.0289280635696677,0.0357828875900434,0.0412439181504017,0.0184545057629447,0.0413764516529681,0.0291786344026185,0.0178541048046263,0.032464759883719,0.0350223049210515,0.0208284018651307,0.0191940598017906,0.00929965211030648,0.0661111421803884,0.0429093148698588,0.0243918673675832,0.0252372289403382,0.0440293169558082,0.0228578519678508,0.0616309363266014,0.0887342014046956,0.0508696564571241,0.0403001697644704,0.0413932683954026,0.0325801441716609,0.0503496698773902,0.0320283059454073,0.0276590190611611,0.020204831427727,0.0169572853806252,0.0718515714001608,0.0257025909461532,0.0501818675588248,0.0536216592421775,0.0269503465981267,0.118550923170637,0.0189799148654341,0.0331371981877878,0.081421769753021,0.0658994031240483,0.050757921806433,0.0325144702049605,0.0662049966744576,0.0228308211709435,0.0560008700642978,0.0229889543811719,0.0537945995024841,0.0446808807862613,0.0803857478764545,0.0283075835710811,0.0233116059817548,0.0308836854760374,0.0484108279509354,0.0349546346308167,0.0217350663486322,0.031613522884092,0.0287205897925367,0.0168527232652678,0.0121856714193032,0.0288688171987609,0.0267615077875913,0.0739225254439737,0.0666737398260853,0.0363088666084339,0.0710835559444499,0.0391626302122015,0.0637246221881748,0.0189163922542939,0.047757331790254,0.0285530892675134,0.0476050424381622,0.0622710232045564,0.0458958029312799,0.0170416421551077,0.0196089440335069,0.0469594614751838,0.0448521060014811,0.0218480814935282,0.0380641406256412,0.0299867795377659,0.0676315629486343
0.0207599781681062,0.0497002600564688,0.0337206534199003,0.0628586635311814,0.0552833218152625,0.0657158768476326,0.0908173164434857,0.0312026731846219,0.0200698779881261,0.0350363232676904,0.0346337183689757,0.0298691760850761,0.0440106960973815,0.0409529645676519,0.0532317144019928,0,0.0604279945912279,0.0473080668297512,0.0265331723755072,0.0408752558209023,0.031759060549792,0.0373211560634018,0.0622097965119757,0.0420474807608711,0.0483861551265769,0.0616776738188867,0.0317219612172262,0.0453465424167513,0.030569071229855,0.0796348029259323,0.0571854732359426,0.0385695504421373,0.0272140744883218,0.0350681938385452,0.0317550960906872,0.0640459228606035,0.0745720432419163,0.0421519030291817,0.026282506217038,0.0247300055347861,0.0308360809038389,0.030610036037916,0.0241852344934305,0.0356315042563154,0.0370912896612578,0.0208972548859235,0.0329491942628854,0.0329840143874305,0.0352511669093819,0.0538008399852733,0.0369636450178324,0.05409444599955,0.0602974068934398,0.0627743621805106,0.0253167713297894,0.0314280769207913,0.0742827264977058,0.0212603355079535,0.04849669996478,0.0654524063230114,0.036143273439452,0.0418276187335063,0.0244692031671814,0.0614074200854993,0.0241973169462919,0.0914618965699931,0.0196535325502624,0.0338697611914041,0.0975930888864895,0.0796034808688809,0.0776013121113362,0.0743382766565727,0.0987648545156689,0.0458238657277644,0.0474974376110307,0.0567761661401684,0.0714527087254706,0.0811302751249827,0.0862722037877194,0.0419496411741993,0.0407927949128317,0.0471374894018133,0.0903407270172875,0.0691180507590975,0.0231558715287297,0.0279887765125491,0.0571813665789958,0.044233401948198,0.0392052991108532,0.0485210908562161,0.0204412034712761,0.073104045654549,0.033442158544308,0.0414895918925309,0.0770670454313267,0.032383124832115,0.036795081729928,0.0572597606648071,0.0738164442008049,0.0503840967009402,0.0182441560154004,0.101792558761954,0.0411436575449944,0.0461477127423813,0.0235817670883926,0.0407576756819678,0.0312583425418105,0.0237249607431574,0.0652490118905552,0.0457208480740749,0.0845533576564703
0.0505962466296241,0.0367006891773965,0.030902255829133,0.0299130365163382,0.0211326920296838,0.0248044948211492,0.0877726274590712,0.0263335207919722,0.0375284114368599,0.0248017657286255,0.0513635502422558,0.0439613782051895,0.0684432627943336,0.0223330957795302,0.0241932921366802,0.0604279945912279,0,0.0342400770735132,0.038560802389782,0.0387040716533015,0.0442412730974152,0.0268638515263171,0.0569535986946127,0.0414479965776219,0.0199877429627681,0.0481444903857347,0.053390282940288,0.0247280203101387,0.0282149794623258,0.0497388034462651,0.0151611406443148,0.0347657438670074,0.0756495037011114,0.0224077362226174,0.0227286796754238,0.0353548228679621,0.0347930930334141,0.0493641095240279,0.0661058634698552,0.0308075267004089,0.0215759769299238,0.0459519435780223,0.07242525724198,0.014869667316704,0.0192111230583709,0.0305064256259247,0.0226801001189251,0.0176511704180186,0.0603242905914322,0.0363225572474447,0.0119683223412268,0.0258255398044851,0.0332755459786411,0.0216999710949506,0.0246746247310177,0.0218381824242005,0.0468692904472689,0.0405495279120869,0.0271892853270002,0.0287061503160866,0.0149192407794681,0.0375989715751206,0.0253117530980949,0.0118405460610309,0.0306381956281327,0.0448699781604352,0.0397904200582834,0.0313405770533327,0.0562066347740362,0.0942047596078899,0.0829144275544531,0.05220579730549,0.0601436861122065,0.0299484160089082,0.032300789100657,0.0541133035908398,0.0767460159163533,0.10039155699838,0.0333215371676827,0.0233608302916977,0.0210834355233315,0.0249063143445308,0.0762772591126029,0.0568459703587826,0.0705682187402162,0.0600546163949558,0.0553917299803565,0.0546666776196415,0.0365271542658849,0.0520583646230345,0.0158853739836726,0.0426388786740653,0.0266276607886096,0.0327490570991085,0.0210604501616369,0.0183142245529095,0.0159272814668297,0.0392764662489026,0.0489428488782217,0.0403825761385947,0.0320772424747682,0.0430647025046442,0.0347480101828266,0.0399006240684981,0.0223738801347482,0.0240872373220349,0.0323145865344305,0.0137829551279838,0.0302911199527707,0.0459469111936176,0.0620855835006921
0.0158381669903292,0.0322457854109065,0.030568182724039,0.0415319314896991,0.0946524522061705,0.0484106152277195,0.0576256002808811,0.0344748358411058,0.0357224410632735,0.0357012969076181,0.0482591293510688,0.0420792953220392,0.0257150530447229,0.0411239012714827,0.0392088957167387,0.0473080668297512,0.0342400770735132,0,0.0205380434682809,0.0424007430604064,0.0431855703355696,0.0358776324979115,0.0244593833545065,0.0409437224630205,0.0337438954827255,0.0428377844121276,0.0361803890452159,0.042738565843758,0.041351477797911,0.0493475089210897,0.0378817349062666,0.0329576588208659,0.0324635609869807,0.0448236596234704,0.0299289314350855,0.0464756862552996,0.0378136453534195,0.0185462813986384,0.0401468204659414,0.0365314597032987,0.0242454905675129,0.0338079539864464,0.0186132489523056,0.0407539768751532,0.0397110571214464,0.0162986524153834,0.0248035885781469,0.0394979252242501,0.0277146248062192,0.0488661787045802,0.0592332063547656,0.0424256451775751,0.0402397180142212,0.0507390857577203,0.0275218175887057,0.02443592835411,0.0432657806492317,0.023932952446788,0.0319467081284455,0.0363364281039822,0.0269761980984229,0.027380709443396,0.0417907851590967,0.0393801713599416,0.0249743611833222,0.108525234961232,0.0226898287131226,0.028141130121388,0.0854726681121512,0.0650634575306214,0.0540230286806563,0.0495137336552243,0.0693690595089472,0.0232728906112009,0.0582982622471672,0.03475027832188,0.0574042250216946,0.0594211180833873,0.0752189213248507,0.0231680931940515,0.0336751630458405,0.0279267730291382,0.0708906063274061,0.0451606015418809,0.0277994482419302,0.0287995401274306,0.0493152501073458,0.0304678427755417,0.0223988949511651,0.0242409328946652,0.0203346931329704,0.071377179261552,0.0265203034371573,0.0196726183684718,0.0680698789863692,0.0306226116844528,0.039221389875479,0.0276197028900628,0.0541147254302506,0.026078043747589,0.017200330117695,0.0602136256573877,0.0411791799441631,0.0184437708675072,0.0217973115070568,0.0207649073561035,0.0156361358402319,0.0281167578992978,0.0537956519073679,0.0343271758534345,0.0628957736832735
0.0211098031066668,0.038412889565667,0.0198381521728238,0.0197960544693627,0.035015219526943,0.0592132788876475,0.0671783284233402,0.0410618218941562,0.0367704429575825,0.0340522665603279,0.0208641632531447,0.0249974668462229,0.0247762702700799,0.0489756038776701,0.0234436574464888,0.0265331723755072,0.038560802389782,0.0205380434682809,0,0.0492450402653449,0.0235113066064975,0.0369540803341665,0.0361332276261445,0.0559917047705678,0.055045033664363,0.0294635130181948,0.0349700647945499,0.06330739995539,0.0345246197035023,0.0608885395885368,0.0447066056173241,0.0415393941067074,0.0395020913594557,0.0240260502759948,0.0232429733371912,0.0508789088790956,0.038954296864971,0.0360073404617112,0.043696564022357,0.0311612233932278,0.0170525631892552,0.0371728989659775,0.0200680477214636,0.0223931555927058,0.0419329597522024,0.0202768374835768,0.0212538632013314,0.033628327956934,0.0538539524008895,0.0641315212038011,0.0224949174768957,0.0376227867293891,0.0314247481113184,0.0413466752295928,0.0225179615425544,0.022160808663531,0.0447138755696355,0.0290020363632318,0.0340634068338415,0.0285363761466261,0.0172619216457903,0.0274027613421416,0.0269052239105016,0.014454126793583,0.0262450371166439,0.100192543333371,0.0232596101793403,0.0495305669505094,0.0745128974555191,0.0657683688967529,0.0533166749822662,0.0604855247953689,0.0891882732434213,0.0274260036620966,0.0379780684804622,0.0421261732777854,0.0476811613435594,0.0530272173890735,0.0710282003793009,0.0189968431791575,0.016755868223758,0.0218555411766024,0.0672755627808802,0.0643452124852764,0.0221341743750142,0.0162912896434115,0.0340913100879477,0.0377675464149901,0.0224556884554075,0.0182297487159711,0.0272441144343648,0.0477934726912586,0.0176357913987165,0.023829317117117,0.066831782311885,0.0213093431521411,0.0362726065393283,0.0366859526190169,0.0616420359732261,0.027571124782996,0.0146329582430517,0.0530975259008103,0.0347294247836875,0.0328232690737841,0.0255532833601686,0.0180538215030122,0.018096792724789,0.0331761489775143,0.0446568951016663,0.0424693480650747,0.0818787683557014
