0,0.00134475888093574,0,0.00170000013628987,0,0.00230724100784005,0,0,0,0,0.00999314984877154,9.02611262751501e-05,0,0.00762740525346993,0.00362646172286293,0,0,0,0.0106037726604017,0,0,0,0.000323774218421579,0,0,0.00884705779072096,0.00405700641485808,0,0,0,0.000231224022792022,0,0,0,0.0326420282699688,0.0177349154964774,0.00905937054369608,0.0105050284376054,0.00568991706944098,0,0,0.00121316914293722,0.0260469522966826,0,0.0290602922545344,0,0,0,0,0,0,0.0144864312248463,0.0114098945871324,0.0329894528565298,0.0155324941678868,0,0.000368429159184031,0.0360110021789151,0.0126184679086805,0.0272406831448687,0.01364183706689,0.0184586923271875,0.0107013296180652,0.0344119946028477,0,0.0158070112565523,0.00969045383600734,0.0422194723584581,0.00394275198350435,0.0568174337789393,0.0627030339753108,0,0.0215317673964023,0.00768231180092535,0,0,0.062903543883371,0.0221913393792171,0.0344765994924625,0.0210262176565729,0.00779223611366537,0.00322518028660232,0.0482934964752851,0.0273175868167209,0.0125928242861967,0.0145717499646497,0.0285622283223827,0,0.0289111778335625,0,0.00569916514784109,0,0,0,0.0183603804064967,0.000292533397442022,0.00192004791196957,0.0228302976696348,0.0357127851387807,0.0139926153722707,0,0.00973027927573372,0,0.0055352524088461,0.000369155788690755,0,0.0460443160134755,0.000661933964597956,0,0.00410062350149803,0.0491992266872801
0.00134475888093574,0,0.0319342452111346,0.00474439428630789,0.0138941918500644,0.0173163322438264,0.0127392304217823,0.00948727857943661,0.0145639835599215,0.00015586372124357,0.01863390597255,0.012587299209105,0.0304891902758146,0.0034707811660815,0.0335184257113395,0.0208130853646795,0,0.00174898106490784,0.0201814095509012,0.00318509850756781,0,0,0.0184534503289072,0.00455194614710207,0.00824657306972188,0.0119610983918914,0.00737117335722836,0.00218126705250102,0,0.01771840868672,0.00479026669819034,0.00561894827162849,0.00641098628698538,0.00708014192461774,0.018238057795808,0.0109628197171075,0.0234240655358317,0.00277694424119833,0,0,0.00284033896675518,0,0,0.0208582623060474,0.00184053968274576,0.0113314614203518,0,0.0301814247010247,0,0.0248622052622439,0.0089779547781784,0.0153409075139964,0.00363601907919716,0.0137483752627556,0,0.0174204458889872,0.0254925131603147,0.0302410562832464,0.0248536076625596,0.0140619305473906,0.0231359905736968,0.0357813953363309,0,0.0275061868307584,0.0321375337219368,0.0371266689664379,0.019426157614933,0.0230028185959208,0.0144775235991132,0.00858428026546952,0.0157969562197749,0.0117672295732207,0.0357366360672776,0.00348287039058496,0.0103023392812283,0,0.0269127327258075,0.0318178242292428,0.0354140887321674,0.00447967716473935,0.0350936395153475,0.0202401446634324,0.0247841358045672,0.0355697536984425,0.00584368802935191,0.0466397192980003,0.0302762406162389,0.0500920192299723,0.00428384686108168,0.0252504208001651,0.0256025079766953,0.00968484756892389,0.0252369776736361,0.0368431656388544,0.00272411073449803,0.0247736022354148,0.0318848358117972,0.0337024986159581,0.0398441763427369,0.0156685987591962,0.0361977262376239,0.0530496993326549,0.0419513684682019,0,0.0197778494395008,0.0136428045564592,0.0469501980608438,0,0.00724306024971826,0,0
0,0.0319342452111346,0,0.0112927103366362,0,0,0,0.00604661895937569,0,0.0055846316625321,0.0202720179911502,0.019835810115894,0.00217523685379622,0.012880497179787,0.00322788528299541,0.015927859956047,0,0.000711239491158296,0.0197721155648863,0.00956203507107499,0.00519672142315995,0.00506565213723611,0.00508975606864698,0.00801079590792775,0,0.0105023441310464,0.000408124887034277,0.0126566840321558,0.00116253228381935,0,0.00793830934472305,0.00722546962163656,0.00274763192424348,0,0.00976060001142817,0.0116564272123491,0.0179085774491647,0.00559967873500229,0.0057068556704148,0.0116249777304308,0.0186885399923444,0.00403008488569455,0,0,0.0167370239898015,0.0020978752299826,0.001549624045176,0.0147512579670205,0.00150425674229144,0,0.00340844229866345,0,0.00337883990069191,0.0141266822186062,0.0124574730309616,0.00370610153906322,0.0156642932225872,0.0334071957442647,0.0156181923868143,0.0166512279816925,0.0201796221091481,0.0317473013717409,0,0.0307931485079309,0.0122374234440908,0.0241805573504685,0.00354998862483444,0.0275582031239794,0.0212895444937708,0.00806443075217423,0.0151193831171631,0,0.0362002330837039,0.00578265297374815,0.0117857841529043,0,0.020147462661821,0.0208606975595728,0.0191390873551177,0.00163634204412034,0.0230295623415648,0.00453159898406604,0.019153601859473,0.0374502458404585,0,0.0184351138749537,0.0173439145137661,0.0234477423257583,0,0.0162787268735922,0.00784999558857192,0.00683189785230041,0,0.0240015894821964,0,0.0111256995108147,0.0110004904884157,0.0287584388772631,0.0368983527386905,0,0.0102691336286336,0.0263874035413241,0.0219580820635543,0.00117226307839558,0.00403587472105501,0,0.0269543224430061,0.00444390251320531,0,0.00993907664549343,0
0.00170000013628987,0.00474439428630789,0.0112927103366362,0,0.011788807268289,0.017389032017329,0.0120867592180182,0.0253634287558423,0.0153156727023615,0.010735545173565,0,0,0.0130370579236076,0,0.0195209284741916,0.00919723172756792,0.00300092293862765,0,0.00715343493526334,0.0148500790449741,0.0104024260742075,0,0.0173745865517612,0.0192868680910139,0.00944903357877267,0.016385061222378,0.0145931370012692,0,0.00489702995961591,0.0116374673333047,0.00969555905186469,0,0.00521302638147345,0.0196924632633193,0.0018627604628432,0.0140620294461588,0.00133598970323404,0.00211478353221596,0.0213698646623455,0.00484437157730533,0.000654919474067756,0.00218884550900312,0.01901945720248,0.0163413700273467,0.00670547635335367,0.0152648184626209,0.00510842675429633,0.0151853256439593,0,0.0198282032658511,0.00696745308945406,0.0313715462355826,0,0,0.00891739880187916,0.000871522614809287,0,0,0.00338542887419547,0,0,0.0051737780109686,0,0.000656531272910231,0.0116058016843735,0.003567131618398,0.028428181364907,0,0.00171544561123585,0.0114086520612361,8.94248905831151e-05,0.0118275913149274,0.0368872082573906,0,0.00523457707105823,0.00747049451224852,0.0315692834077769,0.020375068774313,0.0355820443452002,0.0169713664646875,0.00130076012530022,0.00799094204848835,0.0378273641860577,0.0479751234102356,0.0052650281677268,0.00778672800808365,0.0386288797414439,0.0428449204649612,0,0.0129568936924083,0.0308377145226805,0.0134000208057097,0.0272024762131657,0.0250890812244817,0.00259819334954876,0.00286128099174599,0.0392880563987109,0.0358339632606213,0.0444476123067892,0.0188532853157619,0.00833775504522132,0.00840170032714444,0.0378690557396191,0,0.0233819253335028,0.00764759667688739,0.0163003708151517,0,0.00679537850209785,0.000677322755680316,0
0,0.0138941918500644,0,0.011788807268289,0,0,0,0.0072410663080218,0.00696947578598297,0.00895540637016003,0.0167814395483277,0.0124147546645955,0.00358338149349276,0.00812380358161685,0.0126236074870794,0.017671896829286,0,0.00075671101600788,0.0237121201813657,0.0115392045587478,0,0.00622469507151112,0.0253552954419835,0.0197364589475486,0,0.00302072437610514,0.00370803064090081,0.0116521208938067,0,0,0.0104708928156299,0.00857537571162141,0,0,0.00846957083706637,0.00838972097202398,0.0130558288332671,0.0116353663800295,0.0217839965452837,0,0.015578552550261,0.00159126460126829,0,0.00499148002379206,0.0187030674275001,0.0164860359728047,0,0.0254963174983212,0,0,0,0.000936391400899088,0,0.00513686628479803,0.00372293562999331,0.00389951022947684,0.010623292321979,0.0280265925507057,0.00901553533567629,0.00607207498834505,0.011844652089604,0.0251977311918792,0,0.0225651633688705,0.0150600778562625,0.0187443549598931,0.000384658109489728,0.0200896846504621,0.0252628341523941,0.0129271269430853,0.0204018484789048,0,0.0465670929256465,0,0.0293255175131272,0,0.0283661978281456,0.0282140897834937,0.0209258769531256,0,0.0294212304599042,0,0.030579449988341,0.0524860074530617,0,0.0211375991468093,0.0312200126364897,0.0339521663062514,0,0.0231161072699396,0.0146015228559047,0.0219489479328375,0.0162508169128646,0.0250376923930912,0,0.0122979572832175,0.0157331556369787,0.0396128750395223,0.0428953294622285,0,0.0149653614753851,0.0199796172312389,0.0345338328046174,0.00612092904291958,0.0108130955766761,0,0.0286837809894745,0.00423999036799128,0.0059504634605983,0.0158688852265073,0
0.00230724100784005,0.0173163322438264,0,0.017389032017329,0,0,0,0.00979126226685697,0.0100972647244845,0.00680087712028588,0.0087895488310421,0.00256944830380967,0,0.014682127295743,0.00799138152731594,0.0098404405336641,0,0,0.0047737529960118,0.00560920457641569,0.00313308137634561,0,0.033225994941062,0.0156767387285616,0.00484658231547623,0.0156442909796863,0.0107595873616529,0,0,0,0.0152352245803234,0,0,0,0.000434290702355749,0,0.00573565414475315,0.0379850566557376,0.0174832206422302,0,0,0.00392780450468318,0.0141952767299413,0,0.02236010635138,0.0386451491171499,0,0.00942749917560775,0.00307724016793365,0,0,0.00746763261031052,0.000653265803574981,0.0160994160158717,0.0220434767279097,0,0,0.0114417600752784,0.00903058081621821,0.0150865417809238,0.0137756135234742,0.0183390771827097,0,0.0211432910051333,0.0153920246919336,0.0070672740812364,0.0218023641656956,0.0185267598377963,0.0136170625623934,0.0207253308040821,0.0153497010289445,0,0.0585591593630931,0,0.0241513687405024,0,0.0404179892273983,0.036924605116641,0.0352035278473422,0,0.0420130111640692,0,0.0520216501462278,0.0700494129664728,0,0.0328582881797359,0.0574424323961113,0.0399829730325746,0,0.0479150466197069,0.0163799623827997,0.0206071266562961,0.0167396848140857,0.0188609092461125,0,0.036635545247176,0.024434655779837,0.0443828787610505,0.054241899390666,0.00363167242773632,0.0169764543325333,0.0183572003051571,0.041445413181172,0.012757500157449,0.00261814243096438,0,0.0341740209754446,0.00158677332442788,0.0118662588218068,0.0208051979947474,0.0101418038924212
0,0.0127392304217823,0,0.0120867592180182,0,0,0,0.0107393047738349,0.00767895827371062,0.00599000229125366,0.0243751985573811,0.0353070582633626,0,0.0135339224293812,0,0.0173751622574245,0.00166772251942447,0.00583227431882555,0.0241661933138327,0.00679274325627097,0.0167453783683813,0.00302215664006934,0.00869585854365212,0.00407669853327495,0,0.0210433084233361,0.00971408934912697,0.00533843691163453,0,0,0.00519156933950561,0,0,0.00225072001203485,0.0149972694046712,0.00428744492283127,0.0131411787632958,0.00947238862018088,0.00428636035372632,0,0,0.00482216693932141,0,0.00662346768298725,0.0115357010948424,0.0179245756825093,0,0.0270495945216355,0.0023538061310566,0,0,0,0.00941628092354183,0.0305440880617363,0.0204570459703459,0.0097176718353098,0.0163075612233545,0.0346163177172462,0.02306430000462,0.0306369183231357,0.0282897196197605,0.0382215050421674,0,0.0380552219265756,0.0194064315947801,0.0235755282595888,0.0014103981721227,0.0356967771981797,0.000794917456604719,0.00474606651322342,0.00903295093312712,0.00636484191346428,0.0516267246728428,0,0.00203065126073156,0,0.0163915594041563,0.0127774926775192,0.0125665228467157,0,0.00328305317501282,0,0.014371744722211,0.0252373138322511,0,0.00103923585023493,0.00655013102358921,0.0217274561701744,0,0.0131872375835584,0,0.00987434134685349,0.00327642036703582,0.0302223106795803,0,0.00334701629861023,0.0119965584611028,0.0229863516732144,0.0439136481758805,0,0.00105208418962715,0.0101475433750984,0.0348407494158611,0,0,0,0.0119985029939214,0,0,0.00235105549037693,0
0,0.00948727857943661,0.00604661895937569,0.0253634287558423,0.0072410663080218,0.00979126226685697,0.0107393047738349,0,0.00407385306897117,0.00312103572773795,0.00137818724937625,0.0188340165244448,0.00110855532306967,0.0302513628185467,0.0166426656923256,0,0.0204294200592901,0,0,0,0.0206086598272464,0.0151306043990259,0.0191240164370995,0,0.00266967894127089,0.0358346013625806,0,0.00842384587568831,0.00339366245446716,0.00472404410039229,0,0,0,0.00783614593153096,0,0.0296491091410778,0.00440957818057021,0.0040726451539524,0.0113457788131596,0.0124763491280679,0.0245255336454817,0.007650503476025,0.0199182943508094,0,0.00602862513681029,0.00129752947788518,0.0295374369270417,0.000634957255951425,0,0.0143708947804206,0.0105306233872027,0.0330552995253629,0.0129515716430846,0,0.0114033120064085,0,0,0.0318241374393983,0,0,0,0.00637262588993808,0,0.0419012633066686,0.000554521990903423,0.00927644897887653,0,0.0500066447848206,0.0222890899497474,0.0102334196849273,0.02100240873694,0.00361833305737546,0.00409606052829826,0,0.000872659506369052,0,0.0115230005108317,0.00027527199883887,0.0181182997454247,0.0267264152791585,0,0.019244053151378,0,0.00324858436277701,0,0,0.0130590707144754,0.0231763185824308,0,0.00667581765713861,0.0222597206180421,0,0.0195673307445688,0.0142780312714659,0.0225097283724927,0,0.0251888407305264,0.00424084704763192,0.00145401531442095,0.0203863706588235,0,0,0.0140606606230364,0,0.0173876131207109,0.00367945638308089,0.00103633543010583,0,0,0,0.00950510030180573
0,0.0145639835599215,0,0.0153156727023615,0.00696947578598297,0.0100972647244845,0.00767895827371062,0.00407385306897117,0,0.0038565458351586,0.01078998219163,0.0192337061415256,0.00135216444714051,0.0121280656241298,0.00124321385366042,0.00520385977711999,0.0188122561348971,0,0.0208877078007573,0.00753572317444152,0.0235601639541449,0.0185191152262476,0.0147211575674507,0.00825985760415462,0.00127107546811744,0.0280995926520493,0.00792710624192295,0.0172810911715214,0.00756718219640343,0.00239642626128211,0,0.000669994386023914,0,0,0.0180715781892464,0.000104559121440008,0.00148852034036313,0.0058733080546344,0.0336510997436468,0.0264757154544626,0.0379577235483394,0.0177791686597588,0,0.00478937584930297,0.0284246923494719,0.00093323013041502,0.0171945412795226,0.0203501928786597,0,0.00304606285909832,0.0132307884323974,0.0183357713763653,0.0200740157995231,0.0150350732978039,0.0242917438655534,0.0182679387707776,0.0132837532035367,0.0513966699647691,0.0199719234020482,0.0274868295338219,0.0251751917161984,0.0375468136476365,0,0.0603545186763153,0.0134177883768397,0.0264024269669127,0,0.0602732192887233,0.0283527971533913,0.0120985806558276,0.0381322120618496,0.0100611119558482,0.049139011638402,0.00451639587325108,0.0315000088237834,0,0.0292475040497753,0.0161135395049846,0.00443492782730594,0.00974097728721004,0.0103068222738965,0.0113067632174344,0.0136876473766941,0.0157394554982009,0.0074869844044439,0,0.00863637872606275,0.00809028515471862,0,0.0134832860687391,0.0107839271786475,0.0174291150619587,0,0.00209342764272011,0.0228576221047646,0,0,0.0183763521561674,0.0332915911083566,0,0.00630555784086607,0,0.0259222958452941,0.00148373467698194,0.0123005169332833,0.00984328032885153,0.0114716410586646,0.00264723761071406,0.00628276575166251,0.00328567568969319,0.0126209620345067
0,0.00015586372124357,0.0055846316625321,0.010735545173565,0.00895540637016003,0.00680087712028588,0.00599000229125366,0.00312103572773795,0.0038565458351586,0,0.0068398931084995,0.00311185680274173,0.00852200500757612,0.00193403618326055,0.00577503327129548,0,0.0120919607292529,0,0,0,0.00644422010158666,0.00418236399306705,0.00761449094518214,0,0.00670141477434737,0.00863816840639776,0,0.00565889656728905,0.00433685467334057,0.0117557122359406,0.0130673571085159,0,0.0139642829620458,0.00590112914829087,0.00395298833792119,0.0149329028977013,0,0.0049452569334419,0.0155692622956926,0,0.000495025267120689,0,0.0301263810079945,0.00472155099034653,0,0.00216710788051084,0.0047577107281697,0.0106419352721152,0.00506223260523083,0.0099921201512621,0.00232370485316953,0.00769368322922085,0.0175542501538044,0.0010768049896005,0,0.00698612981684541,0.00525514855380272,0.000439088893743475,0.0157863166639317,0.00420762484856501,0.0153247985491271,0.026619464458208,0.00107543396773374,0.0265422087817163,0.0222409723747764,0.0133999329960975,0.000952941292547557,0.0217210847243995,0,0.004713448601588,0,0.00820661116083393,0,0,0.00622042355917051,0.0116908531275705,0.0109962192579467,0.00587891303127294,0.0119052929751546,0.00624571119003407,0,0.00249990643360726,0.0232868384541103,0.049006175736733,0.0140635965585973,0,0.0115568189298014,0.018353100030284,0.000797042088199062,0.00174635412953451,0.00261632370961067,0.0031712844693975,0.00720791716034575,0.0313722194567429,0,0,0.017623096382584,0.0357459456863162,0.00658109281093009,0.00751883001993448,0,0,0.017926725894478,0,0.0109750665254058,0.010105912279987,0,0,0,0,0
0.00999314984877154,0.01863390597255,0.0202720179911502,0,0.0167814395483277,0.0087895488310421,0.0243751985573811,0.00137818724937625,0.01078998219163,0.0068398931084995,0,0.00424431220917435,0.0188965943681315,0.00158944200491562,0.0302300301588073,0.028291799759561,0.00655889989222103,0.00872087474560576,0.0152207949189001,0,0.020849946320614,0.00053997977573488,0.0222930052826412,0.0256381597499156,0.0191057147682427,0.0332929277167473,0.00837206445145708,0.00513331596965406,0.0175028335583769,0.0222229189724124,0.0157817240133439,0.00634233809073032,0.0208843241514718,0.0112976230233446,0.0020598320989825,0.0197640799443306,0,0.00169281277091277,0,0.0136040481287508,0.023750744363237,0.00276854739317253,0.0271038748488946,0.0377097675330888,0,0.0152371516952822,0.0454189355100877,0.0274410379494207,0.000841515809836927,0.0311747468257672,0.016164870682835,0.0319958504671479,0.00695213546292744,0,0.0170373256986204,0.012530677029695,0,0,0,0,0,0.00207795680916636,0.00639621179522598,0.00558840547599323,0.0100782008059376,0,0.0290803343750195,0.0100763291450581,0.0131275272192069,0.000596676060514021,0,0.0165956585280103,0.0214293842904132,0,0.00744178063003094,0.0368293616800301,0.017520869833826,0.0138826063682364,0.0175634343000819,0.025093634341703,0,0.0228544632627676,0.0287478529531295,0.0466600958934616,0.00812644076016044,0.00702088889958966,0.0211582624966757,0.020575449248245,0.00700358394041651,0.0114244080640971,0.0176940337683927,0.0261320335502248,0.0325996357758573,0.0231503412273093,0.0141068703020612,0.00913551007958249,0.018738607186179,0.030532622652728,0,0.0216611525484463,0.0172248178498238,0.00713693582823391,0.0266191987343806,0.00219800370116824,0.0216506409417572,0.02123618862361,0,0.0123559496662981,0.00976913852227927,0,0
9.02611262751501e-05,0.012587299209105,0.019835810115894,0,0.0124147546645955,0.00256944830380967,0.0353070582633626,0.0188340165244448,0.0192337061415256,0.00311185680274173,0.00424431220917435,0,0.0281104491589261,0,0.0295775258875067,0.0121870279175617,0.00277295177481488,0.00165747072606036,0.0239922443892587,0.00341860097488945,0.0274614223053097,0,0.0333236158330988,0.0117734294778118,0.0158917244865284,0.0199080027232771,0.0204765626914435,0,0.0188550270282154,0.0244917315242804,0.016789324499351,0.00713289534719253,0.0239649972835325,0.0286484294378512,0.0349343087057493,0.0235139289991355,0.0164366814397002,0.00587310616530061,0.0173093501591542,0.00429885581747921,0.00476286956330692,0,0.000326365634130413,0.0424035582841263,0.000163278098242447,0.0280430462113508,0.0018156377011672,0.0451091024336514,0.00667671077115636,0.0290728626259155,0.0127357068261858,0.0362162632020608,0.000969793527126562,0.0305566490669771,0.0265847574522103,0.0283856803727534,0.0217063133576047,0.0186361414727677,0.0327455088279694,0.0294126336887182,0.0281219974610865,0.0338394567527253,0,0.0272199105017272,0.0303420894487105,0.0204574317019349,0.0266378309713323,0.0199522681010685,0.00932178199317577,0.0193273494907653,0.0178277993309538,0.0281739031726639,0.04972662766396,0,0.0137506748150753,0.0199997744465363,0.0439106095354214,0.0364773557367698,0.0441425078043309,0.0273291137696535,0.00784654612030869,0.0297977600385308,0.0439368470667186,0.0470757308810086,0.00677336415978452,0.0150193654121552,0.0281304324810117,0.053709701604404,0,0.0275092401087898,0.0333126358079981,0.0292183629441843,0.0397194494483024,0.0394164511456743,0.015853224415116,0.00566438019277298,0.0394452507577047,0.044324900770296,0.0573927662519561,0.00696266260316567,0.021622794473111,0.0171372321466175,0.064022584731363,0,0.0231362821394861,0.0105611989025776,0.0324074533555467,0.00103139597553153,0.0160857570509203,0.00453746036678455,0
0,0.0304891902758146,0.00217523685379622,0.0130370579236076,0.00358338149349276,0,0,0.00110855532306967,0.00135216444714051,0.00852200500757612,0.0188965943681315,0.0281104491589261,0,0.0091549159315808,0,0.0167387157415807,0.016570866524781,0.00494808835360054,0.0465117806812261,0.0149134055740411,0.0232487011504801,0.0258706560080602,0,0.0185108680710612,0.00399462640941475,0.0104245450872541,0,0.0385565053385458,0.0182316588586053,0,0.00444041929714818,0.00743427943869613,0,0,0.0192601534593039,0.00841427071294256,0.00840401291486375,0.00114649490182089,0.0264884819480932,0.0312631232601918,0.0342170081442459,0.00464176979654782,0,0.0080496771219033,0.0401533217069739,0,0.0132486394036983,0.0253510720053305,0,0,0.00265394625703028,0,0,0.00966760912789356,0.0152173216866509,0.00690371116291248,0.0049440317378886,0.0474721992845745,0.0194038560335613,0.0139176526004907,0.00947967029046548,0.0453117608337408,0,0.047828585452155,0,0.0147221020264277,0,0.036117217594957,0.0160632435946091,0.0103039265982808,0.0324549050623132,0.00198853634877459,0.0403512747164923,0,0.0320032156182093,0,0.0197260165516783,0.0108802794823367,0.00685186863642061,0,0.00034340822322323,0.00843946207305915,0.0131122288870205,0.0265921954456159,0.00609915444846522,0,0,0,0,0.000267619829016229,0,0.0203410503740202,0,0.0138810935317326,0,0,0,0.0286107761451385,0.0441283406045933,0,0.000876469210622247,0.00359643650183657,0.00625345656968996,0.0097204135679639,0,0,0.00443299172501621,0.0137467709950622,0.0082756742534562,0.0143424490389672,0.00476777557164268
0.00762740525346993,0.0034707811660815,0.012880497179787,0,0.00812380358161685,0.014682127295743,0.0135339224293812,0.0302513628185467,0.0121280656241298,0.00193403618326055,0.00158944200491562,0,0.0091549159315808,0,0.0255724423314331,0.010357220995403,0.00221223421033038,0,0.0169612351249928,0.00363431135878907,0.0125905246202591,0,0.0208912243191515,0.0127685675244655,0.00886567425984835,0.0124677596002299,0.00867829703699708,0,0.00181047549157742,0.0109736830702851,0.00913881533090943,0,0.00964105826994843,0.0169429692343248,0,0.0350917497415289,0.00621102086732619,0,0.00850943842773542,0.00383695611555295,0.0105725198191454,0.000609564984539426,0.0135687006687959,0.0172004246118289,0,0.0107732065789054,0.0112041402840076,0.0148435712296842,0.000465824511284322,0.0211726482801471,0.0107502475845488,0.0356167186654043,0,0.00645963940818536,0.012361495942324,0.00403125166870887,0.007480271842739,0,0.00664727403920111,0.00237893923326494,0.00564934136399388,0.00465777440194787,0,0.00918295848925462,0.0112385263100333,0.00558932994989531,0.0379857575292886,0.00734116955920847,0.0127756043596589,0.00837745265179067,0,0.00976232131313812,0.0331217190788238,0,0,0.00976872893538609,0.0234326785603678,0.0180305569458204,0.0414059947725338,0.0314944728330708,0.00175774935123642,0.0173269071743279,0.0300344662883256,0.0516043071215306,0,0.0130596496720475,0.0326115730083509,0.0447120429979524,0,0.0110969149479872,0.0317495899848971,0.00810687542978398,0.0278705079534481,0.0326335644232371,0.0107068528677633,0.00787612898322319,0.0412286884940487,0.044513741072749,0.051978241847713,0.0253103091311313,0.0100631628520589,0.0125329157260216,0.0340399633645865,0,0.0270953866755621,0.00419593775157497,0.0126561731676009,0,0.00690601570581731,0.00303161228065296,0
0.00362646172286293,0.0335184257113395,0.00322788528299541,0.0195209284741916,0.0126236074870794,0.00799138152731594,0,0.0166426656923256,0.00124321385366042,0.00577503327129548,0.0302300301588073,0.0295775258875067,0,0.0255724423314331,0,0.024133847771403,0,0.00546628229288896,0.0242250246329802,0.0202800007703237,0.0169146349968794,0.00758334236183192,0.00459692421128377,0.0216481887404281,0,0.0282313181438475,0.0109367338894481,0.0139265368075072,0.0116264481019221,0,0.00220004101665786,0,0.00131077818613517,0,0.000218401719701479,0.00198960024555717,0.0103207878540763,0.0109264395623294,0.00652453004353658,0.0169448266334289,0.0117157132292132,0.0129978892147205,0,0,0.0157015137270834,0,0,0.0127125864067858,0,0,0.00610968265610171,0,0.0103243380980936,0.00728698736888533,0.0196866429897633,0.0120034111673495,0.0250686749558066,0.049012492442982,0.00709508245119607,0.0123814671722279,0.0180403887211869,0.0257524225142873,0,0.0345406805034052,0.0191840262666914,0.0375558227467416,0.00533885612283523,0.0357668769739102,0.0326426150128801,0.0168448331386413,0.0193723351892074,0.00240468840894188,0.0477719096905116,0.00823878458658474,0.00560491149164679,0,0.026794239373242,0.0213474657919977,0.0193260097023268,0.00634294269265209,0.0315318704399952,0.0181564719381964,0.0218125576869365,0.0410594148140135,0.0146284954761303,0.0172967667576309,0.0235399982153613,0.0282890711592059,0,0.029615420767293,0.0172170725444389,0.0138065662223852,0,0.0243439225560619,0,0.0183114564571483,0.0177941195056963,0.0328229503932597,0.0403842100255401,0,0.00559312276502805,0.0197668265332372,0.0193614892718209,0.00695740402896154,0.0133511008058155,0,0.0276545327361489,0.0109310675501346,0.00393570135791148,0.0163439816982367,0
0,0.0208130853646795,0.015927859956047,0.00919723172756792,0.017671896829286,0.0098404405336641,0.0173751622574245,0,0.00520385977711999,0,0.028291799759561,0.0121870279175617,0.0167387157415807,0.010357220995403,0.024133847771403,0,0.00697794508532928,0,0.00915832950868675,0.00643342536775407,0.0175660440190574,0.00828545198778226,0.0109513211704411,0.0072731964164083,0.0176875106649286,0.0236856847970511,0,0.0149460413393264,0.0173187675029205,0.021367443671611,0.0128017572088238,0.00934044428877603,0.0237610608311164,0,0,0.00115329477504958,0,0,0,0.0218187867897894,0.0440845641432952,0.00669105246756701,0.00238099806686552,0.0230756698367738,0.0151794650871973,0.00276697360652034,0.0489226091658584,0.0160190477049131,0.00251098963978419,0.0224968256958856,0.0150165939531358,0.0173162591013395,0.0114047132649818,0,0.00879077844928862,0.00524514681299296,0,0.0151566282393473,0,0,0,0.00122735867488276,0.00217756677425175,0.0117819427039077,0.00205963939811183,0.0025540610801685,0,0.0207520381023545,0.0273929841309316,0,0.00160877533326147,0.0159298472526243,0.00971529202098203,0.00561292307597577,0.00238741423842231,0.0302184554212521,0,0.000210918707246821,0,0.0177675548249744,0,0.0195954315865358,0,0.0161977214338395,0.00742142542489115,0,0,0.00451905342631048,0.00530400559918774,0.00577841348954199,0.00975470193860214,0.0221335402787392,0.0207879117742079,0.00164517243541925,0.0109980901927254,0,0.00280657164364185,0.0126636721977611,0,0,0.00557791496427873,0,0.00698310473685922,0.00239435269456543,0.0202916286289977,0.0212126587098282,0,0.00865778204501385,0.00642612894143006,0,0
0,0,0,0.00300092293862765,0,0,0.00166772251942447,0.0204294200592901,0.0188122561348971,0.0120919607292529,0.00655889989222103,0.00277295177481488,0.016570866524781,0.00221223421033038,0,0.00697794508532928,0,0,0.0244045910097934,0,0,0.00290855664606131,0.0030344195793748,9.96988155618111e-05,0.00532524006026141,0.00720916968839838,0.00893269362593039,0,0.0031882123559988,0.00819654764115159,0.00566085854590353,0.00181162774388559,0.0207185944206267,0.0116037898914257,0.0388677357778062,0.00937758467508378,0.0046775249444016,0,0.0296789547386735,0,0.00316739126787614,0,0,0.0373782875408475,0.0163541764271421,0.00368205443713556,0,0.0246966859256276,0.00980111558691189,0.00752776850346065,0,0.00860770037174494,0.00188571784932956,0.0542288376825872,0.0058558424274856,0.0209333464573494,0.0185273319988373,0.0246963001057718,0.0439103270954155,0.0567442307009155,0.0452843666222184,0.044090077254181,0,0.0462758453867955,0.0225459153346721,0.0184511019467263,0.0257681332418776,0.0306933385777361,0.0033175159750838,0.00884776453820483,0.0294325891625627,0.0160707895650627,0.0384855110334221,0.0068717789808046,0.0184577588272629,0.00284643957985647,0.0335532387224741,0.0176782719745534,0.0221125889168248,0.0131076019421556,0.0106642804736163,0.00519829375129766,0.0237681533075739,0.0248716774011703,0,0.0133106225535705,0.0127780151524645,0.0262108597801633,0,0.00887923031536874,0.0138886322606242,0.0146957112929394,0.0140277969646489,0.0295042563497804,0,0,0.0103395499139938,0.0272436259884124,0.0707425305292389,0,0.0115957581506684,0.0152216159045096,0.0548758067492152,0,0.000884728237868447,0.00140309412490674,0.0333091656964984,0,0.00221577968922092,0,0.00506304975816585
0,0.00174898106490784,0.000711239491158296,0,0.00075671101600788,0,0.00583227431882555,0,0,0,0.00872087474560576,0.00165747072606036,0.00494808835360054,0,0.00546628229288896,0,0,0,0.0110460374020358,0,0.000384684156528344,0,0,0,0.00290413595720796,0.0180751530906059,0,0,0.000109091880165276,0.00751183275357755,0.0176274722281342,0.00258223455670751,0.0288622001953645,0,0.00806525974669767,0.00463456603524215,0,0,0,5.20692122340132e-05,0.0153809480933362,0,0.00339114958138682,0.030040955585426,0,0,0.0419933750623278,0.00310283133102422,0.0280547797583696,0.0111385988384247,0,0,0.0176354803012135,0.0113870224954108,0,0.00602064372667115,0.00232415172665958,0.00119268074964657,0.00552526983567411,0.00692270359510777,0.0144525989301802,0,0.0283898700906282,0,0,0,0.0258727198774824,0.00260786546369834,0.00914881283224595,0.00296720696085052,0,0.00537757383894078,0,0.022533886703862,0,0.0171467446271533,0.00101273134397424,0,0.00745812340793052,0.0344054351417718,0,0.00696868761204221,0.0122616717486167,0.0266390403686792,0.00331919223820604,0,0,0.000984279911339322,0.0125729460633365,0,0,0.00531154826406457,0.0046354595660068,0.00315922827242169,0,0,0.00241442400237097,0.0149800371309598,0,0.00155897549132506,0,0,0.00465239392226316,0,0.000706565622813749,0.00185484157452982,0,0,0,0,0
0.0106037726604017,0.0201814095509012,0.0197721155648863,0.00715343493526334,0.0237121201813657,0.0047737529960118,0.0241661933138327,0,0.0208877078007573,0,0.0152207949189001,0.0239922443892587,0.0465117806812261,0.0169612351249928,0.0242250246329802,0.00915832950868675,0.0244045910097934,0.0110460374020358,0,0.00388366654172446,0.015570035293674,0.0361121224245358,0.0125131537430056,0,0.0236348447276125,0.0272314503276155,0.00888133517311483,0.0492225333643526,0.0326426391063174,0.031938695420975,0.0644810217943443,0.0431435052329526,0.10007034456305,0.0190001421505241,0.0916185149992248,0.00743883658007243,0.0120436676070512,0,0.000928747191976921,0.0126227094223576,0.0435130637306216,0,0.0150157297833086,0.0704797390830026,0,0.0119776566421145,0.0538565112231497,0.0380641698556206,0.0644649502396925,0.0264251346681973,0.00812777345889976,0.00668855431503048,0.0521939728725447,0.0822021361038793,0.000343799236665971,0.0479529506892927,0.0329979785606939,0.0127794463645196,0.082017656397349,0.0858231677458332,0.0893248838807188,0.0585934472933032,0.0386045937280517,0.0452643992245288,0.0482799995863244,0.0381770635207804,0.0394810656785763,0.0404860779152265,0.056065970550032,0.00978320493467063,0.00182231089471304,0.039957679846111,0.0074547620332989,0.0756120683910707,0,0.0307199486306456,0.0171061839533698,0.0204568812651265,0.0117619690900553,0.0412639926444098,0.00974732839981904,0.0442456200532333,0.025035144788098,0.0211259165835934,0.0230974211344292,0.0046066378697982,0.00899439336540523,0.0233722821300969,0.00329467034340689,0.0246625638970014,0.026997285273929,0.0321454080701647,0.0298260724243577,0.0134019492343557,0.00019821206112553,0.0134462912247879,0.0164496228203687,0.00863468404747932,0.0239238949097376,0.000322608195182622,0.0142327418854861,0.00296256025252532,0.0361868478158844,0.00469333783643819,0.0255619552553397,0.0175458084282388,0.00498917651756847,0.0144488730219781,0.0240059135277554,0,0
0,0.00318509850756781,0.00956203507107499,0.0148500790449741,0.0115392045587478,0.00560920457641569,0.00679274325627097,0,0.00753572317444152,0,0,0.00341860097488945,0.0149134055740411,0.00363431135878907,0.0202800007703237,0.00643342536775407,0,0,0.00388366654172446,0,0.00570268923346158,0,0.00665758848082892,0.0221082257226087,0.0123713004536876,0.0137964115904093,0.00782770884009238,0,0.00619190460903737,0.0120700049757631,0,0,0.0175715760903742,0.00877908448327803,0.0191851877821908,0.0106173879187538,0,0,0.00852391250226564,0.00228763409188427,0.0175628815784012,0,0,0.0235784235999665,0,0.00855504856940604,0.0236244071399313,0.0167520482611485,0.00727799972167881,0.00913790583588152,0.00307122982045622,0.0140705069429411,0,0,0,0.0130241629707955,0.0105524794547876,0,0.0041014422213658,0,0.000571370643962595,0.00704988085934992,0,0,0.0074525597853372,0.00397531163999431,0.00409880755411584,0,0.0168898110228093,0.0104828702174278,0,0.0151437604813293,0.0210595247726677,0,0,0.0206760075934703,0.00678872334721028,0.00801670518831475,0.0105378409550746,0.0223569659192977,0,0.0136040028652849,0.0186914542788334,0.0326810895155245,0.015598382851097,0,0,0.0157567743927869,0.000371417726568407,0.00900595661350581,0.0124664043808074,0.0123241973215952,0.0206731839646512,0.0119923152546066,0.00386150639126472,0,0.0211099232546772,0.0113554846801188,0,0.00440904881471456,0.000456725415593846,0,0.0296912071837684,0,0.0170905314392578,0.00605081260908732,0,0,0.00916710143084959,0,0
0,0,0.00519672142315995,0.0104024260742075,0,0.00313308137634561,0.0167453783683813,0.0206086598272464,0.0235601639541449,0.00644422010158666,0.020849946320614,0.0274614223053097,0.0232487011504801,0.0125905246202591,0.0169146349968794,0.0175660440190574,0,0.000384684156528344,0.015570035293674,0.00570268923346158,0,0,0.0232672922361522,0.004674954837734,0.0127253486690189,0.02074793521431,0.0161142616306841,0,0,0.0140327243682258,0.0042863207906244,0,0.00801149311652339,0.00676490555251211,0.0226841590799015,0.00874385223641118,0.0150244829399053,0.00624331863076115,0.00980374624292023,0,0,0,0,0.0267733915388557,0.00945690238251825,0.0232729633067567,0,0.0442905871275189,0,0.0204495991339033,0.00985996002061154,0.022376773290679,0.00187491714056935,0.0269791500705798,0.014622814231635,0.018493955839289,0.0237306917642185,0.0344126627211935,0.0261021025470305,0.0272602481440387,0.0275998933697803,0.0429957148375936,0,0.0363459222218884,0.0299027391325838,0.0285004165725119,0.0242562521544076,0.0294802626466739,0.00424227686023522,0.0109267148282142,0.0216819054807992,0.0125060709677408,0.0422309747844785,0.0020565810848551,0.0133652603756101,0,0.0297547108399765,0.0245834738637497,0.0271797510514846,0.0112207398033044,0.0213318227963196,0.000331064785637487,0.0187767051732836,0.0226590764776191,0,0.0304713416784421,0.0198717162284427,0.0434576948657763,0,0.0207041617301728,0.0165416078837868,0.014726827070159,0.0324201672278442,0.0412245734663738,4.4130979143323e-05,0.0138129449089156,0.027344701795712,0.0275976769527218,0.0552402075319378,0.0017076701751309,0.0278622435980632,0.0340844243964083,0.0618231555272256,0,0.0141292986241578,0.0136381765908817,0.0383825529854163,0,0.00160571264665962,0,0
0,0,0.00506565213723611,0,0.00622469507151112,0,0.00302215664006934,0.0151306043990259,0.0185191152262476,0.00418236399306705,0.00053997977573488,0,0.0258706560080602,0,0.00758334236183192,0.00828545198778226,0.00290855664606131,0,0.0361121224245358,0,0,0,0.00255883522503833,0,0.0149327328370873,0.00421718098403127,0.0112690632899021,0.0152679425580281,0.0130980849678902,0.0194681431401154,0.0212246937834262,0.00851769370457083,0.0467795755214616,0.0178930186170651,0.0462075409714496,0.0171048076792515,0.001008903702154,0,0.0226671163807009,0,0.00962213634636518,0,0,0.0444222043211992,0.00572477378268469,0.00533983135773276,0.00712438709376302,0.028530767548784,0.0285653765694541,0.0145258407335101,0,0.00133083454330216,0.007743913445757,0.0728159998326321,0,0.0280430979372007,0.0302241966808618,0.0198055936639474,0.0558801485321961,0.0802065717048141,0.0661826905077077,0.0438063318831345,0.0031255278648522,0.0461644328289439,0.0280887875798583,0.0246245155172117,0.0289223035773818,0.0237132443310872,0.00621727389131818,0.0101611718083003,0.0117358616424686,0.0293933854660438,0.0414676501439321,0.0289110096294405,0.0029072720527501,0.015435676749571,0.0255818762133132,0.0182851544547377,0.0225415415307617,0.0206329300262162,0,0.0102503198415529,0.0251954265838216,0.0308599200632776,0.00117620161634096,0,0.00271338014577639,0.0221327458041791,0,0,0.0122207883321813,0.0178699506308592,0.0165116426377485,0.0262891776069047,0,0,0.017850246047537,0.0282968393837893,0.0691978165405204,0,0.00780084688264291,0.00457217392288548,0.046172194811603,0,0.00550661504064662,0.00448335038898255,0.00700534229685385,0,0.0120278120748939,0.0010209570271207,0
0.000323774218421579,0.0184534503289072,0.00508975606864698,0.0173745865517612,0.0253552954419835,0.033225994941062,0.00869585854365212,0.0191240164370995,0.0147211575674507,0.00761449094518214,0.0222930052826412,0.0333236158330988,0,0.0208912243191515,0.00459692421128377,0.0109513211704411,0.0030344195793748,0,0.0125131537430056,0.00665758848082892,0.0232672922361522,0.00255883522503833,0,0.00387091494456286,0.00592380505637008,0.0260416807589186,0.00257385238932958,0.0150380325122652,0.0119401412426818,0,0,0,0.00276930635260908,0,0.00451079642877288,0.00254386069494164,0.0153551654311984,0,0.0113372377496049,0.0208879590769971,0.00479319010919491,0.00328778743251232,0,0,0.0139259032522515,0,0,0.0114038394857474,0,0.00992910247938116,0.0195547578828939,0.000371508392950337,0.00241685965564681,0.00900273591080039,0.0120464869936767,0.00150042119424673,0.0208804542299842,0.0456006496401004,0.00923021753114284,0.0131666388827386,0.0167961664737584,0.0210596699950229,0,0.0295998801935142,0.0189382235307228,0.0267963686057122,0.00936861267066407,0.0292767639767562,0.0229364593661149,0.0125491690483462,0.0214242659230969,0,0.0248478024485517,0.00442038775513738,0.0154458764853444,0,0.0197169506300108,0.0126411503742099,0.0155770895235208,0.00564261690619817,0.0269388612718668,0.0165912547208329,0.0165748092460302,0.0335462838123328,0.00316871098963444,0.0177928528539935,0.0145095471065215,0.0211657569772651,0,0.0199431687283075,0.00863250707158564,0.00882800194626993,0.0120458303872057,0.0354537186684401,0,0.0104195783097422,0.0113201124641736,0.0335440201536372,0.0492196681169012,0,0.0130849724040507,0.0268209997780163,0.0366893118153658,0.00122936502811675,0.0178671101573271,0.00244269004549282,0.022624496118052,0.0077804477622576,0.00269368735631998,0.0111596805476115,0
0,0.00455194614710207,0.00801079590792775,0.0192868680910139,0.0197364589475486,0.0156767387285616,0.00407669853327495,0,0.00825985760415462,0,0.0256381597499156,0.0117734294778118,0.0185108680710612,0.0127685675244655,0.0216481887404281,0.0072731964164083,9.96988155618111e-05,0,0,0.0221082257226087,0.004674954837734,0,0.00387091494456286,0,0.0102763933005201,0.0159227219404853,0,0.00899224373588877,0.0101280719825245,0.00928770385355145,0.00608691666968442,0.003794844247997,0.0219274297065128,0.00362228478098596,0.0134828249433939,0,0.00543746873928931,0.000991871495818765,0,0.00281769370072893,0.021193459023569,0,0,0.0144863834941752,0.0129753859968476,0.00875334738328598,0.0166377220954395,0.0146014385431115,0.0175495356599128,0.00332068584835169,0.00837283316613182,0.0019445798729299,0.00677670984374787,0.00316475711508326,0,0.0183833509831337,0.024535787657263,0.011482638336528,0.0123692612600419,0.00639867172670536,0.0100164882055061,0.00836378176780751,0.0094741191208688,0.000446440567339411,0.0164337617023363,0.0238665876544289,0,0.000496406379314379,0.0347615458006623,0.00609476799352761,0,0.0182950428607079,0.00640257072464674,0.0307124829669442,0,0.0125936109195835,0,0,0.000780236405615736,0.0163742843957564,0.0220929477044066,0.0209880020784577,0,0,0.0302978189099589,0,0,0.01274177407465,0.018265304981522,0.0192974935616976,0.0180156064206277,0.00643079369662589,0.0255376083467147,0.000150966579256431,0,0.00270431537355539,0.0145978144806553,0,0,0,0,0,0.0127256531444767,0,0.0253594052651222,0.0023569599399977,0,0,0.0098872417455884,0.00109118070508931,0.00113206059247669
