0,0.0111858167753794,0.0577343190276435,0.0316062995983445,0.0289462794537032,0.0160063728157415,0.0346139527135713,0.0675917769439216,0.0251568984149492,0.0351942852106863,0.017691810182046,0.00488878428879852,0.0253190610667162,0.0763245592383219,0.0734607121282204,0.0418871848728878,0.0341711771871582,0.0602985513795787,0.0230468301387068,0.0791571590780314,0.0481652042579108,0.0168944838603646,0.0530380125060239,0.0118149774973613,0.0393495991744403,0.0155701175074143,0.0186742199898857,0.0468104025147877,0.0633671812398636,0.0287846984174869,0.0267238128947359,0.039774898953045,0.0339362545233167,0.0151758860219879,0.025545170924239,0.0159566373020728,0.0299962954140521,0.0453970910371771,0.0131967156968849,0.0378295429915865,0.0479050800869991,0.0517294470643054,0.0345035349763474,0.0339916818520573,0.010923097817674,0.029980756993188,0.024665980729157,0.0400120525005176,0.0289695399261433,0.0149416507815494,0.0374791110078909,0.00740190360875244,0.0214731358449362,0.0402329290160064,0.0456463822357608,0.0215575512772836,0.039904386551021,0.0326721297746595,0.021549478281514,0.0233551847298404,0.0235890538660213,0.0484478580784348,0.0258758516185775,0.0514353509737626,0.0517179481881143,0.0280862660328526,0.0164999601202461,0.0295028743243272,0.0317805812818706,0.0573051215217106,0.0247854105098089,0.0290286825838981,0.0210531486584398,0.058819111786775,0.0080434766778315,0.0356896777194977,0.0499136103761096,0.0018862858225834,0.0108376189336668,0.0449590386602732,0.0495306827539238,0.0406591865814557,0.0504942462893179,0.0229263238810713,0.0426273414828306,0.0255477518536345,0.0364977903593903,0.0252821166490999,0.0334254033582115,0.0324069498756227,0.0201741427379003,0.0244801594210314,0.0325878586682383,0.0211156021820549,0.00849623673762886,0.0637222738212641,0.0310040363336998,0.0275566661392899,0.0369144447028351,0.0397087263124918,0.0247277459434722,0.0280862897861458,0.0498577994129307,0.0339846722500292,0.0453215000411296,0.0456791790644724,0.0297768752894538,0.0224381103138539,0.0148827681659573,0.0232617046260913,0.0262493979106098
0.0111858167753794,0,0.0302931200782712,0.0183837447085699,0.0241770659180291,0.0180477143148566,0.0308045606618483,0.0277009744815942,0.0232496324349167,0.037379800231654,0.0175842949752335,0.00996255481360435,0.0335039980254368,0.060534940760246,0.0659052980099289,0.0350046341433521,0.0186900220656919,0.0622048864155732,0.0192441405923969,0.0693536483279639,0.0484373814489911,0.0256260724461411,0.0544452249347481,0.00693222345086789,0.0344134495444847,0.016803401129098,0.0195249612231673,0.0474276096001997,0.0668895779223835,0.0257670962727301,0.0155638543742172,0.035296531911771,0.0327010212296314,0.0106967524479538,0.0253685003496536,0.0121332904614338,0.0243897595123909,0.0489034749822333,0.0103856104795125,0.028559957377184,0.0287112391131041,0.0452459686084608,0.0315999963489334,0.0242930184272442,0.0271474963004779,0.0412913265399789,0.030821225039721,0.0318617345222671,0.0163760290168822,0.0157616034711855,0.0259436570949653,0.0138149341371171,0.0219910405147501,0.0331350813594478,0.0637888370950131,0.0174793129539551,0.0296364006469594,0.0330577500805998,0.0208563549804557,0.0237871575142,0.0319580361553833,0.0464894077633163,0.0240387949737222,0.0495826834101387,0.0624308742963213,0.034768193258188,0.0169639505687074,0.0318086483707066,0.0368303199611454,0.0536045210607754,0.0220626687674431,0.0319594957634546,0.0137542626452293,0.0507472321587474,0.00914039801059501,0.0351147934908001,0.0444130150334605,0.000761046599462432,0.0109109774278884,0.0426861154346137,0.05105473608081,0.0322132461156453,0.0489944082574096,0.0230940911369644,0.03890865331661,0.0240468949379766,0.0414505693935958,0.0269049729736919,0.0263590960174303,0.0306057890448592,0.0278687561072106,0.0301967988989153,0.0326937462581514,0.0220639805929025,0.0106387450992709,0.0611885902329951,0.0369604179266193,0.0287614755457364,0.0302883371255628,0.036043693581732,0.0329854315860935,0.0372048346720062,0.0421777893173611,0.0322849159912847,0.032804912418985,0.0398058656940924,0.0424277335746646,0.0214347177205974,0.0249460575677509,0.0254584521395005,0.011070425233467
0.0577343190276435,0.0302931200782712,0,0.0190738627068487,0.022692959477492,0.0175669762027353,0.0304025171665943,0.0289000528320325,0.0250260169902906,0.0430361228205716,0.0116120722916826,0.010734133850385,0.0488828732140134,0.0291255865127645,0.0314856616217365,0.0367070457170821,0.0175802046859577,0.0528530748631903,0.0216575770852126,0.0271336335426663,0.0431826640142928,0.0229600369766981,0.0337139112884956,0.0249933181611143,0.0342922114339948,0.0487171083454583,0.0166862975165124,0.0523913456846474,0.0308575393177497,0.0499557101265629,0.0275532890778623,0.0557114683785742,0.0122852393425347,0.0257511200788854,0.0151953101418865,0.0177737199742678,0.0445254975003579,0.0373164975749398,0.017789987504287,0.018766309516739,0.0240042003847613,0.0312695934720541,0.0294235755323409,0.033083297361194,0.0151317571036943,0.0355956702374212,0.0231517931389307,0.0385264645350631,0.0148439726356106,0.00656484498886918,0.0372660039118616,0.0137085601286438,0.0252465452504025,0.0249637689793035,0.0544684361769447,0.0373436496263018,0.0537659219289815,0.0269374349284311,0.0330657468491444,0.0569417535781043,0.0513089589268411,0.0484440283321846,0.0135218547013432,0.0416559042071676,0.0448410892258218,0.0281890865599473,0.0283050591175824,0.0108785032779185,0.0213218837588895,0.039751847309299,0.0383465496717485,0.0200816527059735,0.0250712696925663,0.0807398166518515,0.017494524465809,0.0296490481726383,0.0476804484430299,0.00869519357622351,0.0228523670860202,0.0483777738095263,0.0485300335517155,0.0445168580731884,0.0274359281053594,0.0278332039350629,0.0453005511240431,0.037988054016736,0.0107947389860274,0.023125039261397,0.0413477461404786,0.0166539633431593,0.0376017523060714,0.0391721436512653,0.0444320849486693,0.0288305377291001,0.0211099869909104,0.0466899040073123,0.0373699024817713,0.0388614290595411,0.0242404493138706,0.0301300343125016,0.0240246131607162,0.0879816806672199,0.0422634097157078,0.0528291446861489,0.0358865879221188,0.0325148560974782,0.0877595249311948,0.0191856377989807,0.02579921027515,0.0363674696371529,0.0435862688493367
0.0316062995983445,0.0183837447085699,0.0190738627068487,0,0.0442284731114035,0.0259027378011723,0.0323174315285792,0.0235237836607252,0.015892116493215,0.0372687351950965,0.0185904051303445,0.05475226510575,0.0202574401482189,0.0179358946062569,0.0135741836078262,0.0285181365144852,0.0300050277299955,0.0366357878341212,0.017165294549686,0.0124102288305409,0.0305843905711095,0.0278779287111285,0.0544719185724852,0.0604435865237855,0.00652474903381196,0.0287672007393263,0.0170903221343136,0.0124079093401769,0.0221445587849798,0.0464624296104814,0.0368400505785812,0.02606539302165,0.0260179466936288,0.0306942770975269,0.0440594723700561,0.0331542022784867,0.0314845783829137,0.034490103140557,0.020117746419498,0.063473130805296,0.0243015429648952,0.0359173053639874,0.0261177891538485,0.0263551312390632,0.0471658514731684,0.0134214179217716,0.0609092456547484,0.0153878792641186,0.0234575059246088,0.0195658939475632,0.0350219826059937,0.0248323355587176,0.0271533805481333,0.0450547388750306,0.0297173627873701,0.0165553438967776,0.0265180620559492,0.0200112323700438,0.0156026037285674,0.0178026313575711,0.0101638647866295,0.00918476450084637,0.0236136776655257,0.0146765551775375,0.0138034428224632,0.0174229436185018,0.0185522267660622,0.0382042714723044,0.0384948705443316,0.0187929905748883,0.0265990373393174,0.0204553597747002,0.0415351672464924,0.0179572808957471,0.0387359861825046,0.0505544468089226,0.0130246237841097,0.0132649892287884,0.018642424819425,0.0255369172170466,0.0159956952065973,0.0123666031309577,0.0146464428208272,0.0173578339860454,0.0101003545129851,0.0102512225466555,0.0159150362299048,0.0200497152298566,0.01791977397162,0.0270550854854497,0.0170225365037691,0.0242660960508467,0.0152395006150852,0.0270599326587633,0.0447896569289778,0.0275936892867794,0.0226596929689815,0.0180751428294014,0.034263068662299,0.0405770544620582,0.0140193380910044,0.0279486228628925,0.019301555206539,0.025403654797204,0.0149778205349319,0.0118561013614885,0.0323442817255442,0.0320269209543643,0.0287908210256934,0.0321537266087399,0.0169872791580945
0.0289462794537032,0.0241770659180291,0.022692959477492,0.0442284731114035,0,0.0258613004314473,0.0460343013639255,0.032985120960567,0.0281669856263523,0.0217935987531426,0.0175887207059943,0.0249945303224236,0.0283761235616954,0.0301891782520708,0.0254412177922815,0.0178231802473154,0.0239426415241464,0.017725444674739,0.0285387631929787,0.0261139858245266,0.0487082300436017,0.0354825373824877,0.0454269987540192,0.0259204544372421,0.0360725837797687,0.0341147228625154,0.0259666989058726,0.0205112823665982,0.0168457146312506,0.0278892027842509,0.0260752137018954,0.0261807375018189,0.0288143370162316,0.0218444749257844,0.0150472958906088,0.0173948540066531,0.0261149864523184,0.0446431527517405,0.0284788088096901,0.0877148633372908,0.0260696872953615,0.0196550198259918,0.0291589867253515,0.0366706008525832,0.0265701300925506,0.0243586683660068,0.0366964595375386,0.0250853848272241,0.0304505112071374,0.0433559395995663,0.0230517504560551,0.0503971331903697,0.0507721762509259,0.0160219899946699,0.0319285014853342,0.0226546404552155,0.0382863574022213,0.017949936523182,0.0187218603313688,0.025465673970748,0.0248814756174262,0.0209509465321284,0.0192483397762713,0.0213251201265718,0.0262555114977841,0.0326628970022397,0.0199540541174503,0.0251121862596241,0.0491762959976389,0.0155492952756627,0.0415233573187866,0.0207116214092791,0.0206312507175733,0.028971266670876,0.0378662237743335,0.0549762106228048,0.0187672329498236,0.0372499579047671,0.0196633277583183,0.0345902278483249,0.0260417124195643,0.024928729966399,0.0137166386761939,0.0398914463563873,0.024490002582225,0.0378805839983598,0.0243796071020841,0.0273131092550387,0.0264684874635595,0.0336248327089146,0.0267035304392656,0.0226923293404954,0.0151103982360088,0.0194799200089339,0.0369998208062226,0.0143505794292548,0.0223421835364022,0.0178815470998111,0.0188910001339994,0.0359830858959069,0.0219390932484094,0.0396730344348416,0.0253414146720649,0.0210651959568081,0.0186505506013441,0.0189099925057486,0.0219495069881778,0.0194577033197373,0.0142225707279655,0.0145884481470031,0.0140751116945055
0.0160063728157415,0.0180477143148566,0.0175669762027353,0.0259027378011723,0.0258613004314473,0,0.0303937602522206,0.0174890901725876,0.0294427703343921,0.0303477178963709,0.0319743484022962,0.0285328532625834,0.023531616882079,0.0176514726913172,0.0257274377136689,0.0240986942899182,0.0296156836704719,0.0346636351163707,0.0237033584173626,0.016831979601851,0.0332195415719468,0.0231147447590261,0.0184807322528175,0.0134946284101971,0.0213991065248962,0.0369959887432785,0.0249556848132942,0.0215523966249618,0.0181225102676102,0.0134674368327541,0.0149294572648473,0.027278145968257,0.0225095367481149,0.0343329218437646,0.0166554044133314,0.0228223708355315,0.0146753512545219,0.0345753064888358,0.0156769453936121,0.0243252140806762,0.0227171187611519,0.0164092562923024,0.0182567385214076,0.0332227291595082,0.0299709273434656,0.0206394697230259,0.0425826051511963,0.0156802601713552,0.020583467927043,0.0212197143149729,0.0256452272067633,0.0352228661912348,0.0283650664746459,0.0263891123762607,0.0495042220683316,0.016579689726762,0.0126569669397369,0.0223359506030839,0.0155567754819392,0.0179088300371719,0.0142159254015517,0.0169828387866247,0.0149051234335112,0.021759439234555,0.0137257212212027,0.0134318743385711,0.0138050351505608,0.0310562916899615,0.0357232837147686,0.0185747272077516,0.0427004337739411,0.0125606008854093,0.0147323142420686,0.0568312896798553,0.0177475009046977,0.0192956295729588,0.0219824813743882,0.0142159050584858,0.0164039160839453,0.0348508874663161,0.0224291240770987,0.0210445606301038,0.0218444869230429,0.016770350989511,0.021837221792416,0.0119010020933036,0.0273546689607688,0.0169008531916662,0.0273437450019162,0.0305298041889205,0.0335297759759802,0.0263352862600364,0.0287354258011881,0.0267493380191756,0.0213348499582451,0.0353584008156059,0.0285133184243124,0.0288849531745776,0.0287318639973346,0.0320197636285075,0.0303751548705877,0.0334840212076214,0.0117499202104733,0.0216103120040352,0.0247360157273533,0.0236414686169184,0.0289882708631092,0.0242587473885173,0.029204028277487,0.0322742349037475,0.0309706569400607
0.0346139527135713,0.0308045606618483,0.0304025171665943,0.0323174315285792,0.0460343013639255,0.0303937602522206,0,0.0397986823850137,0.0251799577440973,0.0456274848302598,0.0233394649529263,0.0411606850121501,0.025052823979715,0.0446509975008991,0.047935392366854,0.0402357759558017,0.0186910016712628,0.0361148639287154,0.0352720063136562,0.0462788897683034,0.0348755830123148,0.0259912113590976,0.0324655234320529,0.0562062873457772,0.0521809311581848,0.052763688788658,0.0283100119673569,0.0447913214064721,0.0422245278321402,0.0426239918061588,0.0469347735961306,0.0466623906799444,0.0503969307302202,0.0333331026803511,0.0205062586704295,0.0430716582561889,0.0183341967816103,0.0380675612724385,0.026768210975362,0.0311788478034615,0.041784807908959,0.0277359416268429,0.0370992476786097,0.0377423217660162,0.0210211603438785,0.0508573499554214,0.0318105705090457,0.0507260953447567,0.035391993071517,0.0246683684019153,0.0537651681761855,0.0337123561238064,0.0329580332787811,0.0341741040548034,0.025591358030462,0.0446021446812048,0.0353750680282535,0.0307203483102139,0.0334251476193551,0.0332210843581836,0.0467293805127866,0.0439577639119486,0.0450486975076118,0.0382768527893981,0.0347983480908205,0.0262741305550003,0.0356579417657807,0.0201497337722957,0.0227331012976657,0.0492877031056105,0.033731817737542,0.0227691950054801,0.0440923498002462,0.0295191812288682,0.035924360079715,0.0399445588283151,0.0443182137309421,0.017873833473386,0.0341041363780397,0.0214396960857771,0.0295718795058032,0.051520517825444,0.04911916156833,0.0223965065179103,0.0292351668035295,0.0280255635989891,0.0318029676728596,0.0289194321823285,0.0378478312974494,0.0206892860732627,0.0394673429570356,0.0294119872512038,0.0420229396759389,0.0615899762268505,0.0419161058830902,0.0559898286473084,0.0412161360213616,0.0292748781126103,0.0368146905128328,0.0207354149461945,0.0605130906581427,0.0247751236761775,0.0338758874592302,0.0383213855440194,0.0351110144327181,0.0328413913279887,0.0197983180678865,0.0232993984095718,0.0290795637941267,0.0506345983323733,0.0401061915713491
0.0675917769439216,0.0277009744815942,0.0289000528320325,0.0235237836607252,0.032985120960567,0.0174890901725876,0.0397986823850137,0,0.0230356939540982,0.0391123432087059,0.00842289014674329,0.010730071857892,0.0383224239082389,0.0658759142655885,0.0434430102263526,0.03164467123484,0.0254831391048342,0.0655638621266774,0.0288140097483551,0.053361665508583,0.049509510354433,0.0190352559647842,0.0498780994335145,0.0151813034333884,0.0302943818569584,0.0264815057357242,0.0184181011296293,0.0405858492943727,0.0557457759504592,0.0474777027529346,0.0224231104149493,0.0452152572237234,0.0332422596809318,0.0194859689473291,0.0210495895337133,0.0148401243969933,0.0345227307898295,0.0357619191287285,0.0119305135962575,0.028234388758958,0.0285537519404654,0.0481293787680851,0.0407057410590182,0.025427848257752,0.0129750635307672,0.0176257624337675,0.0302968088646537,0.0198666630929719,0.0186794667432268,0.0100458276300162,0.0377960000462361,0.0102092104477508,0.0225230093322391,0.026398132371847,0.0510306013643641,0.016581879352043,0.0411480625460139,0.0251682249086357,0.0149084603041884,0.0334121654027135,0.028428825588182,0.0372385927580589,0.012186220236902,0.045537912508463,0.0402312779772104,0.0257732352382146,0.0128597312938463,0.0170263692766844,0.0332904226653081,0.0434042244031597,0.0238830397882244,0.0195410092151078,0.0201290114260324,0.059697951843753,0.00744378091670122,0.0422801095781352,0.0457425090580526,0.00131747618879067,0.00699737714417429,0.0383208906919714,0.0439223144762945,0.0383499213812647,0.0247950405739991,0.0235230463246894,0.033201334317006,0.0245864931099772,0.0191488435959131,0.0234734603629078,0.0281926775546533,0.0241664368758281,0.0315803019453121,0.0364880099406628,0.0397395037379277,0.0232583493663276,0.0146734363610797,0.0602460855595033,0.0375175447608385,0.0367761049939653,0.0286586528867192,0.0376100056058791,0.0221763578026403,0.0613916820544028,0.04514312020677,0.0497554789182735,0.0321934132182527,0.033852657493499,0.0672772858481304,0.0264996644488331,0.0277793800775078,0.0342216676142068,0.0187445323251868
0.0251568984149492,0.0232496324349167,0.0250260169902906,0.015892116493215,0.0281669856263523,0.0294427703343921,0.0251799577440973,0.0230356939540982,0,0.0404421070285278,0.0206726095978887,0.0391917690689402,0.0185239719813678,0.0190098493699132,0.0170190120528453,0.0298250319029955,0.0470424272749693,0.0223326166682995,0.0569283566406658,0.0154516531838131,0.0491498374525994,0.038120482664591,0.0192643805240814,0.03073618262034,0.0265519502854722,0.0333576149929377,0.0129545096822186,0.0204473103000057,0.0218637718543964,0.0146699549676122,0.0179979929250463,0.0361816711802276,0.0312905085857646,0.031179998426288,0.0279101800530332,0.0230797845956728,0.0289135351544547,0.038078842775049,0.016757532431403,0.0235957553507261,0.020685483341155,0.0218848744777642,0.0152897076281416,0.0198399402842514,0.0158261104114505,0.0208137026077985,0.0224835990118748,0.0084232967339317,0.0161325402794766,0.0189395970645681,0.0168950969385298,0.0249845206787962,0.0259832570752374,0.040618796859294,0.0310826057616205,0.0128079441440604,0.0190046431755145,0.0096354976484612,0.0121775452321556,0.0193520522061356,0.010152950380661,0.00423376485061523,0.0157174641533104,0.0263228535525551,0.00747731761345681,0.0143957637579136,0.0114431200104682,0.0242718415597208,0.0473157242616515,0.0137594708880127,0.0405648482225709,0.021165198196202,0.0293395937177462,0.0313172883960698,0.0273920968694247,0.0300216534286277,0.0102619103922757,0.0196150065915053,0.0330206238359752,0.0335262328135737,0.0153470225081691,0.0117524619287255,0.0132840566862745,0.0178315746620199,0.0179672696531845,0.0162194483155693,0.0086858308678828,0.0395429353023675,0.017305748389194,0.0180061068302204,0.0155324176978681,0.032722295298071,0.0207555303740146,0.022895887037748,0.0199317687972389,0.0224624985376242,0.0201638627499554,0.0209764715368377,0.0256522310311323,0.0406254644275014,0.0175958713872805,0.0237197002556492,0.0242248236075908,0.0236309084814015,0.0154132720527657,0.0146852020598171,0.036592854094309,0.0304153975846775,0.0382269157154051,0.0362852386054518,0.0148815046992257
0.0351942852106863,0.037379800231654,0.0430361228205716,0.0372687351950965,0.0217935987531426,0.0303477178963709,0.0456274848302598,0.0391123432087059,0.0404421070285278,0,0.0181291094350011,0.0184223337110753,0.0233008641982811,0.0428661818992958,0.0486999785847264,0.050240530036981,0.0371673361577466,0.0197142868339474,0.0279769630146946,0.0366269560966907,0.0339939378379936,0.0303409919437381,0.0187388306156788,0.0183611272307523,0.0178856140600121,0.0152457376313575,0.0265923131019954,0.0317058368915751,0.037627051468232,0.0356770394417455,0.0191675291645543,0.0400700458751157,0.0261526579310471,0.0299184084723555,0.0272041804769456,0.0192575906954616,0.0368434180572593,0.0594317430618684,0.0181255695039715,0.031270851935677,0.0382020461446681,0.0259278437954587,0.0243451814173253,0.0268320704295978,0.0274622078891516,0.0292298417367393,0.0363163112058956,0.0203045767280835,0.0256141401748424,0.018826044953983,0.0291096203829621,0.0192886679253105,0.0264435250968201,0.0343955361465454,0.0314996040757737,0.023891740048088,0.051607267149443,0.0300597248801366,0.0200148783879626,0.0306979658550572,0.00957542304312832,0.0294665819286512,0.0227027487763659,0.0471927956188256,0.0246675941798956,0.0163416335002357,0.0190244426228973,0.0204520731166846,0.0285292687649472,0.0447655657360676,0.0377599284073786,0.0438315734224482,0.0162353575982479,0.0420706037507553,0.0204130774870596,0.0269804453602538,0.0392762518123866,0.0114637112588199,0.0247381599791111,0.0414037038213425,0.0178537949191436,0.0285119857403025,0.0454461576707318,0.0217520379487832,0.0295122297917243,0.0239049805327677,0.0210750790597073,0.0439764318047333,0.0244154263736994,0.0263233457281199,0.0210473855790596,0.0236652374806253,0.0186692940337373,0.0224951413404213,0.035533633376799,0.0533382626911948,0.0216560995714488,0.0219993930113051,0.0377262113838066,0.031743946987699,0.0122431119028105,0.0424827302210129,0.0449629008340324,0.0393157047686378,0.0303078098836706,0.0309542158467603,0.0348206373405836,0.0308034332908199,0.0258452121362229,0.0417137383899257,0.0331075451483673
0.017691810182046,0.0175842949752335,0.0116120722916826,0.0185904051303445,0.0175887207059943,0.0319743484022962,0.0233394649529263,0.00842289014674329,0.0206726095978887,0.0181291094350011,0,0.0202526285053346,0.0143009542308225,0.012870744654217,0.0179299830697688,0.0291176294621944,0.0225026631104528,0.0359439477048481,0.0185349413232909,0.0114751872651036,0.0610828817970412,0.0204819942029923,0.0386423773931323,0.0223319583827102,0.0240652724324664,0.0610393179890102,0.0211725363959768,0.0162991805161431,0.0399034369921948,0.0221232881040137,0.0139517096662742,0.0304992736709146,0.0195869159751151,0.0145469515090811,0.0333425100937353,0.0150855092477942,0.0139649033579156,0.0412455482623966,0.0220269398292786,0.0236271127871358,0.014032906213696,0.0339811953184435,0.0362875886096348,0.0259328543403866,0.040614189991127,0.0252092783745809,0.0241384643543815,0.00607503894827109,0.0272197769951597,0.015268912284701,0.010789695324731,0.00694712256548943,0.00907911095146361,0.0217083282046086,0.0837487038400303,0.00394644340345221,0.00688653737169386,0.0192766751403566,0.00856956286721326,0.00952929740178388,0.0140363203064254,0.00792003246629581,0.013098786499603,0.0111255930152967,0.0139240921726793,0.02369121707784,0.010873831553672,0.0342985945202074,0.0307949331697248,0.00993687293241322,0.0321479099604394,0.0124702250170867,0.0152318517508601,0.0355952448988964,0.00978970490994186,0.0199190321791866,0.00495205577404617,0.00955955828249386,0.0110384705644007,0.0378288395940549,0.0255407695483679,0.00323586070585198,0.00634511229037505,0.0178990933840384,0.0158710800131033,0.0180001608253889,0.0141603899924275,0.0200291050750754,0.0109760932045143,0.024622692097462,0.0270893666736317,0.0221017336722075,0.0179181302019627,0.0137313781447507,0.0146010227693537,0.0310985217170446,0.0209116536844651,0.0184063006081136,0.022899751947518,0.0246308732390634,0.0208372906955066,0.0254226155095135,0.00601940750541679,0.0298315440372487,0.0108690282840704,0.0087390940645965,0.0232387164591366,0.0132184638190614,0.0315884273923276,0.0154467412136447,0.00692086653688804
0.00488878428879852,0.00996255481360435,0.010734133850385,0.05475226510575,0.0249945303224236,0.0285328532625834,0.0411606850121501,0.010730071857892,0.0391917690689402,0.0184223337110753,0.0202526285053346,0,0.0215926962234042,0.0114006603445879,0.0100912706585668,0.01963364864272,0.028416957285807,0.0440714208302245,0.0344301917338324,0.011478713919595,0.0426732672747418,0.0331166406831572,0.02616589688945,0.0324010721148665,0.0189405874473854,0.0282591922542338,0.0246142791971153,0.019690295893133,0.0232074169589436,0.0150247021979862,0.023944360719307,0.0311009553411034,0.0164398471558352,0.0268239779941077,0.0352581589525375,0.0383089582334396,0.0213333311764206,0.0385763851972123,0.0108495086382518,0.024379114372785,0.0193089213023504,0.0176188218729155,0.0230021748069879,0.0294593883235989,0.0660251983753105,0.0185134921426564,0.0542609565051099,0.0109824791149393,0.0253324574227791,0.0176586394492859,0.0182573247566603,0.0373074747124339,0.0328510156897284,0.0211606969799253,0.0620900902776823,0.0224550415978963,0.0288992599997111,0.0116796593163539,0.0212132796829951,0.0268689942723306,0.0180848660320519,0.011785499857359,0.0156345243828161,0.0225017297118561,0.0178157363127823,0.023311066208017,0.0228419436963986,0.0295314064923495,0.0390642091235821,0.0183223192010781,0.0129330713613595,0.0202808824785744,0.0301486979990504,0.0215857204814875,0.0255443364399649,0.0245808992378689,0.0135036522117195,0.0182014034137387,0.0166951513940678,0.0205963009807972,0.0151584018268893,0.0130161517331384,0.0111730225510166,0.024117106759094,0.0115530878172545,0.0233503100541693,0.0268523285948923,0.024553913779989,0.0179132524190488,0.0304485618105041,0.0300837400781845,0.0426300976706828,0.0339125115587529,0.0329639420942696,0.0322847184332984,0.0280666293911173,0.0381310816593919,0.0372628489241838,0.0200696532467316,0.0209989914513697,0.0283578021295843,0.0465646987536942,0.0305252800907245,0.0337734177540496,0.0136588782648603,0.0142615483873258,0.031281636429054,0.0311267714703327,0.0316756157049757,0.0349888300526806,0.0152901284622571
0.0253190610667162,0.0335039980254368,0.0488828732140134,0.0202574401482189,0.0283761235616954,0.023531616882079,0.025052823979715,0.0383224239082389,0.0185239719813678,0.0233008641982811,0.0143009542308225,0.0215926962234042,0,0.0403834022572359,0.0320969488576074,0.0352926775066287,0.0274190103544068,0.0208022419417369,0.0290822596058019,0.0352384801063888,0.0228602346069241,0.0241940409918937,0.0278834846308772,0.0260347526565069,0.0168064147149262,0.00818456519843533,0.0403393598529179,0.0527716054723133,0.0582366566584412,0.0245209910917651,0.0404088985761358,0.0269114341045124,0.036353253746395,0.0417387737092126,0.0223206971089145,0.0299883530884984,0.0435428413540582,0.0434055164337964,0.0344732681968967,0.0288597611731367,0.0425322480596329,0.0332434524039143,0.0228294784181444,0.02930877647254,0.0287409294232413,0.0383343326043951,0.0515211743006654,0.0290502323776873,0.0482826018396651,0.0213733863948206,0.0342963247195913,0.0302030974298847,0.0270686465171531,0.0358161664273624,0.0254193226756657,0.0378706395262929,0.0533469546800482,0.02187205395772,0.0350151000547843,0.0336125148792351,0.025433351535318,0.0327673330184754,0.0338269112837183,0.0570194833281109,0.0286511516524888,0.0271518995787422,0.0356945700894192,0.022164366613147,0.0469443686092112,0.042661030093789,0.0322151293670674,0.0394974069530285,0.037809840854398,0.0461533745701205,0.0246556528770738,0.0439222490224264,0.0436832674730133,0.0178041207939582,0.0301409698624415,0.0476154321934722,0.0258546508073345,0.047743248131822,0.0445893468152176,0.0299710339931969,0.0502723638119676,0.0204193210187726,0.0323892246585763,0.0383689922047668,0.0545237298405896,0.0353324332430816,0.0218738251244905,0.0318567918646591,0.0463361974665876,0.0443786326715422,0.0224856160345619,0.074926262419971,0.0331999816535324,0.0413164317411128,0.042034950914327,0.0492685319686978,0.01833939463221,0.0330696677015679,0.048566002099886,0.024358123923425,0.0643320869822928,0.0445820906290562,0.0357686248848668,0.0369140825801544,0.0279158605554106,0.0303890721066178,0.0394316870508762
0.0763245592383219,0.060534940760246,0.0291255865127645,0.0179358946062569,0.0301891782520708,0.0176514726913172,0.0446509975008991,0.0658759142655885,0.0190098493699132,0.0428661818992958,0.012870744654217,0.0114006603445879,0.0403834022572359,0,0.0191284993657088,0.0355239834433708,0.0238539159148053,0.0601473982822693,0.0293066349967214,0.00650053388159347,0.0416783298128666,0.0209742055674926,0.0463352639283506,0.0158101760885858,0.0290534958450437,0.0400814357110998,0.0177454703642857,0.0311550229763203,0.0346442368296593,0.0412917081618079,0.0171654017521755,0.036949007313607,0.0221199869051528,0.0202424396971942,0.0181040906439426,0.013684192912932,0.0340447666079718,0.0369298857180921,0.0154802544431135,0.0197483464407167,0.0166204232441929,0.037399263882324,0.0331628683086453,0.0357115468342234,0.00725110387348386,0.0153272643045211,0.0285882069642612,0.00886207917435524,0.0131040865768896,0.00626601903034651,0.0230330817513613,0.00419335283366577,0.0185567542934137,0.0158823776270555,0.0534250551540917,0.0152282688318277,0.0290842265432081,0.0330648148361872,0.0104859138765104,0.031362491678396,0.0296050108289975,0.0211515059484291,0.00320722413089248,0.026957298122691,0.0247186562937753,0.014212097213096,0.00951987484744133,0.0142788876366796,0.0317503752397717,0.0308021354646554,0.0372774541354852,0.012682312931689,0.0195133082811385,0.0773990478790716,0.00852464780141779,0.0288344646614369,0.0382244493835859,0.00100630676262154,0.0353025361647414,0.037683678530891,0.0372626339070848,0.019662887546885,0.015868889051999,0.0178666363548855,0.0282038184383317,0.0209012413359084,0.0102009670791676,0.0151454650528419,0.0236362901702318,0.0201283760513019,0.0303638250431,0.039426150520928,0.0352917586456288,0.0137439016255413,0.0171557502655533,0.0366447309533214,0.0308808870324188,0.0372095142255815,0.0187018991239609,0.0440868939082616,0.0145469849484468,0.0799819468283747,0.0385413600910907,0.0476312396255159,0.0148948070737333,0.0307574233933962,0.088493888530365,0.0325019859691492,0.0352293330183481,0.0351440830071658,0.0207612613966067
0.0734607121282204,0.0659052980099289,0.0314856616217365,0.0135741836078262,0.0254412177922815,0.0257274377136689,0.047935392366854,0.0434430102263526,0.0170190120528453,0.0486999785847264,0.0179299830697688,0.0100912706585668,0.0320969488576074,0.0191284993657088,0,0.0290053416143363,0.0299860617883366,0.0421016008667294,0.0363392855160262,0.0269463262387816,0.0316295341363257,0.0360754018794936,0.0433733730981508,0.015417885760232,0.0270575027290557,0.0383538558578681,0.0218664022647363,0.0323260363356515,0.0341555971724209,0.0268269529208757,0.0207857890770141,0.0260079245238649,0.0233398781409888,0.00994880978253017,0.0194655994765972,0.0125687538669754,0.0244897413943067,0.0378898342964285,0.016881323884629,0.0215443599673807,0.0292228418412193,0.041471265324076,0.0294029124660764,0.0378885898918343,0.00629927178502438,0.0138315666373496,0.0215437113935171,0.00780676042645593,0.0132974928584231,0.00973554626518556,0.0129052244725853,0,0.0124921879216227,0.0142114059944139,0.0490081114133966,0.0116633276975127,0.0138101516808259,0.0410976904882342,0.00971561848947092,0.0104463436090368,0.0210670714164345,0.0172020547215498,0.0101072074049666,0.0259126414777475,0.0172723594775846,0.00862391309931016,0.00977569637925941,0.022455377107829,0.0361893033018507,0.0158710832123455,0.0471145473949042,0.00530930485171665,0.0198517798747402,0.0697447897606428,0.0100611318813907,0.0181734353492629,0.0241670791717745,0.0046936839510033,0.0357616284522007,0.0401468452558254,0.040502262657665,0.0165996035480807,0.0136774312708454,0.01574894423247,0.0360849655449021,0.0121752444320661,0.019308729499602,0.0167969974862182,0.0272694167598486,0.0209271484998907,0.0416825828726022,0.0314735427684719,0.0310941137456533,0.0105172948971181,0.0178086970554626,0.0314771528017468,0.0341553816326623,0.0314518104416864,0.017101056282684,0.0496470301594412,0.0209380022338601,0.0596288891735847,0.0183721858769575,0.0280633672144182,0.0206066003347758,0.0515739005065656,0.0738494443243386,0.0323555348601485,0.0293461294003557,0.020561198464929,0.022085137794058
0.0418871848728878,0.0350046341433521,0.0367070457170821,0.0285181365144852,0.0178231802473154,0.0240986942899182,0.0402357759558017,0.03164467123484,0.0298250319029955,0.050240530036981,0.0291176294621944,0.01963364864272,0.0352926775066287,0.0355239834433708,0.0290053416143363,0,0.0227810075706294,0.0354064285458543,0.0451720989262099,0.037549317421745,0.0378226065771254,0.0178559999508061,0.0399608143318488,0.0263326310207503,0.028376474905678,0.0199003906818219,0.0205424536081105,0.0392515220447701,0.0449360990079559,0.0128376990503254,0.0281593753602492,0.0218890459079707,0.0268383824638754,0.0124983821935825,0.015650838250156,0.0221494765972732,0.0178947830959853,0.0586276017136448,0.0209034958002994,0.0535560980352672,0.033350007878946,0.049919446024412,0.0446612476115799,0.0333470448701869,0.0146965925789106,0.0277186623363654,0.0315206833537587,0.0207879223003508,0.0168541792443769,0.0295595510524395,0.0139171660011134,0.00999634253511918,0.029466382433992,0.028875860317373,0.0440913370633802,0.0138582514835376,0.0220793333386528,0.0386790661022474,0.0245540462371735,0.0104486306717349,0.0224839236257438,0.0140412876232852,0.0256538431003579,0.0308907444064822,0.0292296930385693,0.0289663251400454,0.0220327328781494,0.0267483103811924,0.0417332118141932,0.021763242310581,0.0136724218402022,0.0188723062922131,0.0292833367755914,0.0457694347784126,0.0232266978421238,0.0141182359424192,0.0226833704092054,0.00636086361091057,0.0154206432427709,0.0402933725092488,0.0504227918365951,0.0181287410138303,0.0133712051547337,0.0232600696093983,0.0383980612960958,0.0308127955884933,0.0251301084343423,0.0273307102890883,0.0283722871716562,0.0310171845300748,0.020761009156845,0.0231922326975179,0.02747615620182,0.0138359042320119,0.031215180052539,0.035760835714704,0.0213190425888519,0.0264633572990011,0.0253230263150296,0.0393459888530074,0.0189499829508333,0.0242044174092468,0.0165403007491366,0.0166101419956051,0.0306294659577187,0.0360458830933229,0.0363408704950202,0.0347585690823076,0.025507790101417,0.0140039757814589,0.0185713418603586
0.0341711771871582,0.0186900220656919,0.0175802046859577,0.0300050277299955,0.0239426415241464,0.0296156836704719,0.0186910016712628,0.0254831391048342,0.0470424272749693,0.0371673361577466,0.0225026631104528,0.028416957285807,0.0274190103544068,0.0238539159148053,0.0299860617883366,0.0227810075706294,0,0.0336407559683524,0.0333111476046057,0.0224849253991665,0.0371822513456485,0.027510513367616,0.0405889536200021,0.0281473729515822,0.0156648105485242,0.0162219408178019,0.0158566459759548,0.021868692318614,0.0176204549676918,0.0368649065700166,0.0230823001123121,0.0398379283973926,0.0338743890148717,0.0281165207005622,0.0416507799707931,0.0195237261146173,0.0264001905423436,0.0421599881159635,0.0198966818392622,0.0640469324988408,0.0228444563118293,0.0167104155164532,0.0261553546646789,0.0320329687617687,0.0242608594408271,0.0322436330077098,0.0208286695964256,0.0247655403849002,0.0212771275741717,0.0371551543993463,0.0329483921528153,0.0306605142785635,0.0469555955589511,0.016319608774875,0.0286954276853778,0.0328365215272021,0.0411246363477688,0.0221095719037873,0.0206156145041718,0.0273977154034507,0.0329603952710249,0.0274901672166406,0.0168729169790098,0.021412375837112,0.0165024164277701,0.0389453693370241,0.0255915137277026,0.0229861096030348,0.0180316713803393,0.0196899828594002,0.0648722687680852,0.0188526448510368,0.0186358155920244,0.0253661612997357,0.0314164279491217,0.0282255175659782,0.0183740231753247,0.0277929888186054,0.0232271693235968,0.0196070695141528,0.0197270350218289,0.0310811616348204,0.0215867443745737,0.0368818983113277,0.0190750255157507,0.0232274377684546,0.0485846291463027,0.0185791049737676,0.0227088145067438,0.0214232665281137,0.0282367935731164,0.0260710948760915,0.0334219845161809,0.0409300645590489,0.0324087787195581,0.0384763584004787,0.0348988881823297,0.0281430888466221,0.0189456775040515,0.0147833905895892,0.047307354323096,0.0200904312752058,0.0101419715337426,0.0252286465599931,0.0205197202171955,0.0267419760400824,0.0282973013983336,0.0155917384671192,0.0267292175369517,0.0192211108927399,0.0278967537658121
0.0602985513795787,0.0622048864155732,0.0528530748631903,0.0366357878341212,0.017725444674739,0.0346636351163707,0.0361148639287154,0.0655638621266774,0.0223326166682995,0.0197142868339474,0.0359439477048481,0.0440714208302245,0.0208022419417369,0.0601473982822693,0.0421016008667294,0.0354064285458543,0.0336407559683524,0,0.0243796978951785,0.0482550156413197,0.0365579519563924,0.035061802836845,0.0261081196526651,0.026605170213121,0.0200361869936401,0.0306487531287699,0.0195667140147006,0.0177158292702876,0.0318112412144518,0.0314280870403193,0.022423492918554,0.0138577522988472,0.0182105175554402,0.0425786392862295,0.0430440976778159,0.0222098710538461,0.0380788965635211,0.0493123231085945,0.0243049619124758,0.0292119474980551,0.0356903331038765,0.0398901991980892,0.0459221818516502,0.0223691610385013,0.0354509913014712,0.0176141698389902,0.0355998686325937,0.0171949003463246,0.026644491847667,0.0407499744462434,0.0277886374916585,0.0374415688255972,0.0405012252155312,0.0264303116798492,0.0550578409538647,0.0311631090105956,0.0363495191034099,0.024259702531681,0.0159399859410693,0.0234238126449968,0.0256045697871457,0.0189301884960002,0.0192859103118028,0.0205241708677951,0.0243489577847927,0.0249041519032234,0.0166986165956029,0.0340631271474244,0.0547953251043984,0.0275016319910257,0.0385645554073199,0.0326153976063652,0.0284358231093001,0.03054024922084,0.0342387212892487,0.03854696329787,0.0367451792814172,0.0163033387631428,0.0421251326803329,0.0284297415008712,0.0206453202070222,0.0249120957139593,0.026175364310457,0.0291512492451351,0.0148303810999132,0.0294881554027313,0.0175618980348866,0.037962955655743,0.0163084546072186,0.0340968119390341,0.0232475179442913,0.0338650998743137,0.0161540957681063,0.0172547502790554,0.0277731293572128,0.0430573556677995,0.0133215658160727,0.0201074746100442,0.0377366662105235,0.0328975033039438,0.0203490420909094,0.0261685417856964,0.0361446006575962,0.021292183312543,0.0294609503620987,0.0154603880217288,0.0579554468486174,0.0380728707006101,0.0366659705061681,0.016979512385943,0.0301892006472725
0.0230468301387068,0.0192441405923969,0.0216575770852126,0.017165294549686,0.0285387631929787,0.0237033584173626,0.0352720063136562,0.0288140097483551,0.0569283566406658,0.0279769630146946,0.0185349413232909,0.0344301917338324,0.0290822596058019,0.0293066349967214,0.0363392855160262,0.0451720989262099,0.0333111476046057,0.0243796978951785,0,0.0238437410999411,0.0282423895745783,0.0292428435721416,0.0297904979341928,0.0385053497457335,0.0410070403418859,0.0243721742437308,0.0182661341490285,0.0307061907302619,0.0394530739489074,0.0275842138338366,0.0295896829937653,0.0377580346523405,0.0374407067552035,0.0324836467425522,0.0320618026231652,0.0384568819895428,0.0235816293568312,0.0232805594405383,0.0252753617299506,0.0216141833772168,0.0178603841373029,0.0287005407340073,0.0236636422248971,0.0345059869821668,0.0437350432014262,0.0219347319046796,0.0389451282117808,0.0312526449662067,0.0172314755082259,0.0481701029927881,0.0398178986953037,0.0290925005673619,0.029726608533229,0.0560064845669855,0.0312208054090615,0.0321600886650094,0.0269330793760104,0.0328960607055704,0.0443337704124839,0.0447057818714041,0.0342344509048189,0.0510644936910926,0.0378690436300556,0.038825455455656,0.0325410226414194,0.0335002528722995,0.0387114547627783,0.0347548319868281,0.0247257859438179,0.0329750644186077,0.0380211523513191,0.0243312533391696,0.0418334498189809,0.0190855811313394,0.0316409424485538,0.0230842487451817,0.0395681184567967,0.0270472944292919,0.0187163007609556,0.0123830141849532,0.0280965350651261,0.0413935746135507,0.034305803096486,0.0303843336876301,0.0260907058952274,0.0287893528761402,0.039639064974905,0.0174945774721568,0.0325484437931942,0.0571338706605849,0.0251184180086894,0.0347328915473969,0.0406643300635302,0.0343591395525839,0.0336629708567133,0.0326722104564641,0.0338031059108426,0.031105949877414,0.0261673391181455,0.0185474062445285,0.0389230584039573,0.0447328880870052,0.0380024274043268,0.0553578527942011,0.035153539501322,0.027049622720797,0.0242502707064265,0.019949388414348,0.0273299936511096,0.0394314990829118,0.0229523488864782
