0,0.0430115960667564,0.0524998028199743,0.0126403691248498,0.0267656160826369,0,0,0,0.00640253055024028,0.0104060868073863,0.0197996075324908,0.0321461542261285,0.0641029179255224,0,0.0246387631228056,0.0173602754428319,0,0.0271971529443469,0.0952636662904182,0,0,0,0.0746220035996104,0,0.0370285907068597,0.0762152438520915,0.0016976381666647,0.051754050387769,0.074450874043588,0.0247650144888665,0,0,0.0756428227863582,0.0443473920111121,0.0319544224237198,0,0.0175516595547144,0,0.01159562970074,0.0437960181308676,0.0470411301524731,0.0695662095300317,0.0800159574525797,0.067879546911799,0.0660922413782505,0.0553808007669088,0.055271443149051,0.00459230633021534,0.0689496995780991,1.73530661847643e-05,0,0.0610516485563274,0,0.0308229020351818,0.0208596998367115,0.0512663492726603,0.0635251380426434,0.00580541356346006,0.0209118562242672,0.0246317585308383,0,0,0.03962753986748,0.051712960825032,0,0.00860069588548403,0,0,0.0149427155461445,0.0159815133055757,0.00399941006337136,0.06677874959771,0.0895690358213159,0.0417388107120063,0.0239816581318275,0.040700783241893,0.0368118772243414,0,0.0487587482525287,0,0.0103482839135122,0.0161763304755879,0.0504930214906121,0,0,0,0.0405324397319549,0.0517895748545319,0.00626774634424072,0,0.0075647577849594,0.0246336351611173,0.0902363252505998,0.021712728209842,0,0.0284340552279107,0.0446166621242842,0.0762464354996218,0,0.0807095421638626,0.0409285430110828,0.0463944759066939,0.0329769589802744,0,0,0.0518783316666554,0.0497882435030153,0.0208777566654869,0,0.0409780323860194,0.0109659511164874
0.0430115960667564,0,0.0574269891968766,0,0.0388967370230884,0,0,0.0607272954146968,0,0.0082432714948371,0.0283573879161838,0,0.0688943120031172,0.0368882599712557,0.0439479473603841,0.0216180412400147,0,0.0068327891575807,0.081112162728284,0.0305724004034521,0,0.020437616140945,0.0888202241532828,0.0243371736409206,0.0133653306816794,0.0704602720134425,0.00350332987235342,0.0603343676127746,0.0769282784490552,0.0128026716555733,0,0.00362139372281442,0.0998785042529694,0.0392703925429166,0.0300221292931163,0,0.00610073207364493,0,0.0135298971713041,0.0365234008915493,0.0444892813848058,0.0806366425463976,0.0665480031994606,0.06590163669955,0.0642989784166136,0.0630588808916402,0.0365395214311649,0.00239348666999776,0.086210260769433,0,0.00666229294715739,0.0632198656523431,0,0.00327586440874457,0.0251774832083625,0.0541423394581825,0.0622857174803853,0.015594338297449,0.00113718808225053,0,0,0,0.0215507375481239,0.0269663991835209,0,0.00897698731714481,0,0,0.0168538205611693,0.0243988600701457,0.00923537859050568,0.0679788259557254,0.121432839810973,0.0142639887524538,0,0.0197710258643773,0.0453353069909468,0,0.0399457499634865,0,0,0.00226578737423818,0.0437970465413435,0,0.000236240393366982,0,0.032480511895575,0.0547764295033346,0,0,0,0.0132531317065665,0.0533926848709561,0.0335868286147622,0,0.0118002905305961,0.0422354907532875,0.059414337848624,0,0.0675064298917391,0.0153999116355673,0.0594255078672912,0.0405359535140421,0,0,0.0550688348061334,0.0513827607568943,0.00609238375859649,0,0.031399161523515,0.00209041763335301
0.0524998028199743,0.0574269891968766,0,0.0173805566513598,0.0270825443125397,0,0.045941474238594,0.0551338716645351,0.0323844179347859,0,0,0.0478864672244705,0.0360396469855811,0.0364053633991158,0.0229151350615299,0.00726356647377582,0.0164520916651394,0.0244946648772553,0.0551491739657426,0.0273898470798978,0.00396795911862316,0.0194246880601733,0.0573057952796684,0.017945549278069,0.0416018993689921,0.0643619545299283,0,0.0358060306720306,0.0135116651859161,0.0141093891730852,0.00115480453162419,0.0200770689559145,0.0606905490776727,0.0394041436102974,0.0216218720180712,0.015485513401009,0.0411027801048283,0,0.00329692024253655,0.026849960918642,0.0160552523035618,0.0200991579850523,0.0157919970933991,0.0333162121070902,0.0681896266675022,0.0289377193850732,0.0607411269329857,0.0485491180460418,0.0226011083200369,0.0250533480742767,0.0166416791864386,0.01676265273001,0,0.0856059579122561,0.0120042649845818,0.0105664428759106,0.0043375353706159,0.0265872269838172,0.052582603308889,0.0755332189226812,0.0151942762854638,0.0505943270704687,0.059976496454805,0.0242744477642747,0,0.00198738770376209,0.0507378782089326,0.0485733870672115,0.0106735715912845,0.0109952738366599,0.0126829217056711,0,0.0328903671361055,0.0418848787299704,0.0630555487447385,0,0.0139158002662507,0.0126314308297337,0,0.0475159941889024,0.0144785765776086,0,0.019497265213087,0.0153969634854988,0.0594761549762709,0,0.0472612670294485,0.0374355743720873,0,0,0.02168425894232,0.0219577016832304,0.0565032502485835,0.00777870592736641,0.0157152869894825,0,0.010685624600175,0,0.0217897876899297,0.092994014154793,0.0451690259945327,0.000535780608607771,0.0106044104748864,0,0.0198935994343049,0.0517776266662578,0.0260975350404896,0.0334891041854936,0,0,0
0.0126403691248498,0,0.0173805566513598,0,0.00791512916136686,0,0.00960860957820204,0.00929033886605149,0,0,0.0076557789881584,0,0.0116659187663936,0.00173802445340951,0.00347898555106371,0.00555920117565993,0,0,0.015069198774769,0,0,0,0.0202550038119318,0,0,0.0136234853309235,0,0.0249397021277148,0.0220973721900868,0,0,0.00364902616994058,0.0201968623508881,0.0074080007879836,0.00807511952501593,0,7.7625832747658e-05,6.77446195292315e-05,0.00169950311247005,0.0176347714768277,0.0256087757483277,0.0268412472621732,0.0128311398298057,0.0284473464962425,0,0.0312180781840233,0,0.00511336822521532,0.0393582923826682,0,0.0217962675639996,0.0269859839795901,0,0,0.022186583862032,0.0395348315933869,0.0252285877542137,0.0239731196082581,0,0,0,0,0,0,0,0.000917369942975933,0,0,0.00991597867448476,0.031568018522007,0.0204600871868905,0.0437371727768454,0.048848624776112,0,0,0.000320622260951287,0.0385751463551354,0,0.0198661223117131,0.000929358944685711,0,0,0.00584935354281025,0,0,0,0,0.0152971560606248,0,0,0,0,0.00593842945801103,0.0085508423031334,0.00403557515821468,0,0.0171916209675658,0.02022675242955,0,0.00607325954390189,0,0.0221172924384072,0.0274358517297882,0,0,0,0,0,0,0,0
0.0267656160826369,0.0388967370230884,0.0270825443125397,0.00791512916136686,0,0,0.0192498177075253,0.0309402315705344,0.0116909542049095,0,0.00246112600029429,0.0316583422445384,0.0371736317487038,0.0110842529682273,0,0.0122685147700283,0,0.0169445396415243,0.0928397824203053,0.00283909015142341,0,0.000368783826631194,0.0465790140624276,0,0.028971061765794,0.0817957985819956,0,0.0246089621385621,0.045409096742845,0.0102265528224181,0.000123850422190264,0.0111229382663786,0.0568184753306602,0.0283518485387325,0.0142550280514289,0.00223432291054094,0.0214489495446443,0,0,0.0245380983081654,0.0237156555676829,0.0449172897071787,0.054214547166205,0.0578018611674448,0.0616423586556783,0.0316364765943663,0.0593213789379635,0.037865484664951,0.0368679124789338,0.00634109901096904,0.0357112161508317,0.0275967442635371,0,0.0606520701362524,0.000875303473582531,0.024390930834843,0.0448275389131546,0.048039439831231,0.0581656301388503,0.060262043709182,0.00229550188718942,0.0287535951361402,0.045258761359394,0.0579051369408562,0.000570799012327089,0,0.0430425189155969,0.0455994886475948,0,0.036092633156599,0.0410267276769941,0.0465549180180084,0.0448083788985893,0.0577510309979749,0.0594868185025218,0.0315123975657117,0.0363195829484777,0.00861027637311275,0.0291453993424515,0.0333163201538363,0.0364260243250721,0.0221094514640322,0.0177444776441611,0.00250913282499915,0.0449482174402438,0.0148770832863065,0.0325594258548535,0.0411806372898501,0.0255298344421266,0.0118452475921842,0.0197098730949797,0.0116949729379474,0.112748066203918,0,0.0132750480971414,0.0240811442971636,0.0084923736352343,0.024776568838872,0.000927528030824038,0.0769665368732007,0.0350986596319262,0.011897859284258,0.0153524885502164,0,0.0627553290216799,0.0440323090713327,0.0239040948449044,0.020944933340234,0,0.0180015147477155,0
0,0,0,0,0,0,0.0152901485763716,0,0,0,0,0,0,0,0,0,0.00273820141645343,0,0,0,0,0,0,0,0,0,0,0,0.000913626809813532,0.00251907267622833,0,0,0,0,0.00282517343494813,0,0,0,0.00263953023880187,0,0.0154859367459057,0,0,0,0,0.00996939160244293,0,0.000995814984533203,0,0,0.0228941992889892,0.00517851137925444,0,0,0.0463562885427644,0.0252260189988197,0.00302604507033374,0.0203434567573245,0,0,0,0,0,0,0.0135787726449778,0.00310462350720422,0,0.000632032427467743,0.0356708538060114,0.0269367002900914,0.0167550218172504,0.01664453050242,0,0,0,0,0.0225020903611475,0.00976750280443717,0.00593473406780381,2.91477093257141e-05,0,0,0,0,0,0.00598840281758479,0,0,0,0,0.00213946342779198,0,0,0.00357774586724808,0,0,0.0111154465025751,0,0,0,0,0,0.00494929856841445,0.00221284379393795,0,0,0,0,0,0,0
0,0,0.045941474238594,0.00960860957820204,0.0192498177075253,0.0152901485763716,0,0.000785511103578894,0.00243283360142545,0.0266609105633031,0,0,0.0118947807382414,0.000621753190570649,0.0232828790726225,0.0206788113262356,0,0.00480454739015261,0.0201283030633216,0.00172611146878419,0,0.000156272236656081,0.0161436877893457,0,0.0045010752881703,0.0243875194537651,0,0.011444230772072,0.00317711486341907,0.0262682258104675,0.000803834834615497,0.0119468638113811,0.0140087897075919,0.0174979623400833,0.0240928967079822,0.0234325166946621,0.0110164041536005,0,0.0273404393046246,0.0198268822365534,0.00864309731256591,0.00417926713264474,0,0.0109903974417385,0.00686565060429311,0.0170384619137135,0.000833218107168924,0.00362194777173132,0.0127970757191291,0.028247214991782,0.0277243199838676,0.0100814176391099,0.00369067716120676,0.011399215849726,0.0279340061451013,0.0184693240584425,0.00276221225627642,0.0329389909236853,0.000523376624360203,0.00719786504526193,0.0160550901473759,0.0219288148069593,0.00843256480868884,0,0.00745265453328882,0.0198403309474656,0.013849064400138,0.0273096543962484,0.0354486310199508,0.0318970089615364,0.0256850459753318,0.0106389359796076,0.0103974396095234,0,0,0,0.0357635158810202,0.0163160617583222,0,0.0239420239180985,0.00224086122139603,0,0.046432850742031,0.0235141979222482,0.0193424758368909,0.0161511840248041,0.0093357782391149,0.0166511719123226,0,0,0.0204979556604038,0.0268970834369594,0,0.0270643530249577,0.00745734727212151,0,0.0208451315260577,0,0.020314984883157,0.0113142817041561,0.0205685799440569,0.026923177959467,0.0295705538233477,0.00428436912722003,0,0.0113758459762996,0.00959213508663967,0.00949983102366376,0.0249448036688123,0.00490543640822009,0.0247046198697345
0,0.0607272954146968,0.0551338716645351,0.00929033886605149,0.0309402315705344,0,0.000785511103578894,0,0.0101620063979598,0.00395836843905329,0.0546725133038136,0.0506504220130429,0.0796145085346948,0.00195272670544708,0.0432438398753489,0.0214458349547507,0,0.0220642326922572,0.117033110929768,0.0107393249651517,0,0,0.0839804036673751,0,0.0375697421019906,0.100402579191255,0.0156740362514008,0.0613859309176977,0.107149585637128,0.0250585991902734,0,0,0.0988918802814323,0.0557049885335953,0.0389063632049876,9.25984303346243e-05,0.0200546584761437,0,0.0131185767870823,0.0402735876223124,0.0564190631614812,0.0968404977543115,0.108273442962552,0.0926999785244169,0.0832625211182675,0.0709682102047933,0.0755432433471336,0.00949065315822758,0.0853563692714648,0.00121303271450114,0.0133193983727176,0.0785055627984619,0,0.0442400894793324,0.0210923016765169,0.0633074450223204,0.09052735329367,0.0197348888158983,0.0272568028659955,0.0333948926730273,0,0,0.0521098618271843,0.0655556547503067,0,0.00318634658842938,0,0,0.0143548385440739,0.032033767260205,0.0209907152765142,0.0957807902998899,0.10946234462859,0.0510129827843813,0.0355630538251301,0.0510796731488778,0.0522528535178583,0,0.0654103495350933,0,0.0119889057532781,0.0256767056201112,0.0451099909804595,0,0,0,0.0473407099869694,0.0661112871003236,0.0180684032233204,0.00281658501712815,0.0116112881068871,0.0249664697452989,0.133759807584023,0.0233848607508663,0,0.0391452544554626,0.0414297754573161,0.0858813641455889,0,0.0924515863739569,0.0462790953647438,0.054615874956384,0.0411608488145616,0,0,0.0705630626915325,0.0580659037179792,0.0322153664412047,0,0.0569844663357559,0.0124012746818448
0.00640253055024028,0,0.0323844179347859,0,0.0116909542049095,0,0.00243283360142545,0.0101620063979598,0,0,0.0186807562842658,0,0.0321637584557298,0.00454375885058704,0.0117079239946855,0.0133154434643571,0,0,0.0272318255813108,0.00115233937202548,0,0,0.0326604935486297,0,0,0.0274079929781918,0,0.0568281020399964,0.0344575224993864,0.00717400141450515,8.54906697065723e-05,0.0113704269149926,0.0293479153088428,0.0411425118483593,0.0333507968930439,0,0,0,0.0136278473565549,0.0132113105413297,0.0433144434201401,0.0249196650757665,0.019808988645982,0.0190179197604427,0,0.0574644332522936,0,0.00665937938114396,0.0480923189874553,0,0.0373656323168902,0.0473997708818982,0,0,0.0452271612602134,0.057555175733884,0.0405090642445908,0.0423442882001237,0,0,0,0,0,1.87603246989641e-05,0.00537746943658138,0.00489503548579154,0.00251641773312001,0.00786755635730755,0.031153366179479,0.0491151770141057,0.0352314241791793,0.0580475368506435,0.0579852045936722,0,0,0.00844548559094096,0.0616009695337091,0.000320896116051033,0.0316428320795704,0.00719640348388726,0,0.00174621316683761,0.0322114022028749,0,0,0,0.00406432457974076,0.0238034295592214,0,0,0,0.0184239896074317,0.0101742856219065,0.0253657333557487,0.00172665643080012,0,0.0454726394876875,0.0225456508635074,0,0.0121634172949588,0,0.0332495159970343,0.0421581833199851,0,0,0.00169450247977291,0.00982552357191663,0.00236859291147118,0,0.00704019158406121,0
0.0104060868073863,0.0082432714948371,0,0,0,0,0.0266609105633031,0.00395836843905329,0,0,0,0,0,0,0,0,0,0,0,0,0,0,0,0,0.00378066770710995,0,0,0,0,0,0.00996180210189957,0.0120521420519189,0,0,0,0.00376032288283865,0.0190346493013689,0,0,0.00137832854067818,0,0,0,0,0.00878711514339565,0,0.012672952234435,0.0366201750085052,0,0.0228825421533363,0.0421917320671475,0,0.000644314427559822,0.0372273527473371,0.0228029087244992,0.00814563671424975,0,0.0494582848844445,0.0236047482354851,0.0334322276390426,0.0138538490076135,0.0384446835511248,0.0128927271638057,0,0.00175410577395118,0.00120690608304973,0.0351309523676566,0.0493655502497787,0.0154399416061429,0.0373126455478268,0.0337648243374853,0.000964271936711857,0,0.00548653167621936,0.022625345634465,0,0.0329849073793835,0.0217870620095005,0,0.0558356568731146,0,0,0,0.00293165866396497,0.00860095337298112,0.015279412488286,0.00681234032800035,0,0,0,0,0,0,0,0.00895646080576348,0,0,0,0,0.01450889892164,0.000979350076901271,0,0,0,0,9.41176957913366e-05,0,0,0.00285604370314481,0,0
0.0197996075324908,0.0283573879161838,0,0.0076557789881584,0.00246112600029429,0,0,0.0546725133038136,0.0186807562842658,0,0,0.0275703815185117,0.0268484122379288,0.0910567890987234,0.0435726479730532,0.00284257118387508,0.0517935130661457,0.000346763548320702,0.022152662086634,0.100963973097031,0.0560783830827089,0.0692035505245688,0.0252978623395677,0.0781044640710228,0.0104887177355036,0.0292621606532536,0.013433795391675,0.0224680603640265,0.0466776120609948,0.00386405699132208,0,0,0.0330717850366312,0.023794486837148,0.0120463427740989,0,0,0,0,0.00459547833748783,0.0237915996005681,0.0277314219710145,0.0365015349629115,0.0201503658831001,0.0163737507031401,0.0260144578751727,0.0127726795894305,0,0.026400447085958,0,0.00166557297381962,0.0422717194479758,0,0.00637808839768069,0.0101631321652705,0.0254610941365257,0.0343316065676559,0.00140240616701551,0.00492694704290225,0.00613440341729208,0,0,0.014300892775738,0.0188457182790294,0,0,0,0,0.00351009778808415,0.0171529474783006,0.00750209735185109,0.0445089087512814,0.0380785078155486,0.0148606911766229,0.00774345263515866,0.0175768595655025,0.0190764034412961,0,0.00877825961833943,0,0.0144086252263799,0.0117491058285101,0,0,0.0346904051598898,0,0.00917452571153783,0.0113420980953045,0.0090196970695621,0,0,0.00850566162174245,0.059357300075108,0,0.0370565473737346,0.0295361170952606,0.0136052618549378,0,0,0.0194805828066941,0.0303932672467997,0.0081661364158929,0.0109797049369264,0.000753684715512916,0.0261361202217147,0.0271715900136864,0.0130071052002737,0.0230890947033501,0.00212976713272203,0,0
0.0321461542261285,0,0.0478864672244705,0,0.0316583422445384,0,0,0.0506504220130429,0,0,0.0275703815185117,0,0.0469834909361661,0.0355614443042476,0.0365480192486672,0.0133218682890597,0,0,0.0609448475437745,0.0287864654230077,0.00124529795047891,0.0234190919014616,0.0384283082319964,0.0256939949149441,0.00239450443914505,0.057816280844762,0.00432592303910067,0.0305361843502641,0.0557860325505941,0.00209819999078448,0.00121743084851734,0.0117575662825109,0.0530343415788067,0.0214163044211375,0.0268591196433249,0,0.000740917938347579,0,0.0166309932452712,0.0210120502019777,0.038870671080209,0.0390263701759891,0.0390279414199506,0.0373485709093363,0.0232840063756056,0.065441531527071,0.0109767568826653,0.00871937549170798,0.0660715728066296,0,0.0209095128679989,0.0644796938007221,0,0,0.0328993616365639,0.0477805764650518,0.0503975201760707,0.0285233792269936,0,0,0,0.00206574290994068,0,0.013704818052083,0,0.00685999911896959,0.00238518015536561,0,0.0252669367733596,0.0358488813945853,0.022801812104446,0.0616675096889849,0.083475247953133,0.00218856020288413,0,0.0142889657119795,0.0580052908373063,0,0.036211894210688,0,0,0.00126394260053363,0.0327240232614716,0,0.00472510779765819,0,0.00597930682301096,0.0284752873854923,0,0,0,0.00385577537179889,0.0403467293194283,0.02898065648841,0,0.00480212115501772,0.0210105083484156,0.0488489936230418,0,0.0421096040577157,0.00781174215409343,0.0365241026017605,0.0258228368469891,0,0,0.0219574060620684,0.0220516546141781,0,0,0.0262154447322372,0
0.0641029179255224,0.0688943120031172,0.0360396469855811,0.0116659187663936,0.0371736317487038,0,0.0118947807382414,0.0796145085346948,0.0321637584557298,0,0.0268484122379288,0.0469834909361661,0,0.0663282649884642,0.0527780476630484,0,0.0309597075515345,0.0166025220409572,0.0207099584966818,0.0549796574648259,0.0196084015898769,0.0483707663370767,0.0036958056392583,0.0474580916543877,0.0197398799516366,0.00418787583750694,0,0.00144099793035343,0,0,0.00375633555937805,0.0131880471870751,0.00411110636135043,0.00354289795247529,0.00279541883382442,0,0.0112346408403589,0,0.0127728123614132,0,0.0114417707068389,0,0,0.00545892184819357,0.0117183166489881,0.00759582410501506,0.0116111416487678,0.0245304717562866,0,0,0.0187349220270161,0,0.00620555936809132,0.0304004221235967,0.0203454086916567,0.00887712668406793,0,0.0240089128178483,0.0140889875475795,0.0290717123878546,0.0114065687968488,0.019150580671651,0.0311171383770856,0,0,0.0146679021649496,0.0217120780698974,0.0206966700887566,0.018577208374086,0.0158427710338486,0.0157458902557452,0.00112041445350424,0,0.00758910268846255,0.0172836779587939,0,0.0272462038134435,0.0100216155404169,0.0080406848981468,0.0197345281119159,0,0,0.00825022453862381,0.00227397683736388,0.0309474821832961,0,0.000930031973507673,0,0,0.00195571648730235,0,0,0,0.0257226660989615,0.00415260422975972,0,0,0.0399474975073029,0.0234343322461156,0.00653653046050365,0.0414496206114959,0.0164509315602542,0,0.0088589273448628,0,0.037863424457349,0,0.0080723739390562,0,0.0273762250947311,0
0,0.0368882599712557,0.0364053633991158,0.00173802445340951,0.0110842529682273,0,0.000621753190570649,0.00195272670544708,0.00454375885058704,0,0.0910567890987234,0.0355614443042476,0.0663282649884642,0,0.0315499724324911,0.00805320508755648,0,0.00633154249526585,0.110022462607971,0.0116023499292422,0,0,0.0657008078230043,0,0.0224073528988009,0.093731888382369,0.0273308302192955,0.0453415476978263,0.102512865536089,0.0152057020309408,0,0,0.0807017774368489,0.0419518107676506,0.0301015169695286,0,0.0139623415081273,0,0.00643991746095564,0.0249061423067704,0.0508785047530999,0.0785198423875225,0.0919906443534892,0.0718549025705466,0.0642039432975463,0.0591409333240471,0.0592613234428953,0.00971676388334164,0.0683367161335242,0,0.0238088401133903,0.0669614665214905,0,0.0369019692062284,0.0179592249690882,0.0557590837314433,0.0852521688420289,0.0291827253306935,0.0255769322521157,0.0296397678126845,0,0,0.0429145126659497,0.063639125031294,0,0,0,0,0.0077548194294532,0.0403101653403943,0.0304943723744505,0.0975343626239588,0.0861728102631609,0.0485594512125042,0.0349500124422025,0.0537093161863194,0.0528666046086518,0,0.0645211132969608,0.000214423480886371,0.0187892279045458,0.0325191919061881,0.0288027387325187,0,0,0.00610122175746998,0.0348615184897926,0.0558770766009472,0.0267691392182485,0.00145367800344655,0.0104226440712286,0.0151832460727854,0.13177159112661,0.00931199290443328,0.0135018415938511,0.0414493189227529,0.0289661871712258,0.077747827720095,0,0.0768010123394108,0.0361132801597846,0.0431727472682936,0.0325023884190695,0,0.00215523130958918,0.0555608188705283,0.0435356229775711,0.0267206539586731,0,0.0586621202705429,0.00689026710361677
0.0246387631228056,0.0439479473603841,0.0229151350615299,0.00347898555106371,0,0,0.0232828790726225,0.0432438398753489,0.0117079239946855,0,0.0435726479730532,0.0365480192486672,0.0527780476630484,0.0315499724324911,0,0.000996558477965857,0.00460025331193228,0.00751588754410947,0.134777487304171,0.0260945443558442,0,0.00231490773375446,0.0549690598579374,0.00575995773188727,0.0251907250749088,0.106737048613051,0.0266826754672276,0.0306192969234272,0.0768221040019189,0.0138124445220915,0,0,0.0652959368731149,0.0323837700628119,0.0202726781365631,0.00184194832917056,0.0291652217806045,0,0,0.0207560653799112,0.0301504325690437,0.0527376189462942,0.0743587643693515,0.0631308585910777,0.064623129012966,0.0364694588116844,0.0697029720743031,0.0442857707693454,0.0400991261402864,0.00519308060356282,0.0381474406454525,0.0394932478902884,0,0.0653353394582781,0.00125927398213721,0.0323341484327351,0.0590588680416252,0.0578609196453297,0.0764567820244059,0.071543391044387,0.00672922607119039,0.0409733611631174,0.0501677153679716,0.0906546136934155,0,0,0.0523552291610427,0.0446047252577497,0,0.0461830059633724,0.0398918065513985,0.0635588438400445,0.0543315285562857,0.0851035780974847,0.0733767044127367,0.0550602916869911,0.0454050333897892,0.00126849534455204,0.0355950586374522,0.0278855203397145,0.0643595182788147,0.0381155276410671,0.0189499842686507,0,0.11701243056928,0.0154769625540888,0.0372260535766902,0.0407194749273679,0.0278875225213438,0,0.0189922822970329,0.0140760943492886,0.138547083067855,0,0.047405082583475,0.0539238428046201,0.0144254626866576,0.0508159578133036,0,0.0873254639829148,0.0407353318778563,0.0270770600457757,0.0152288761199775,0,0.0426717807374114,0.0476801797852433,0.0344321485389831,0.0306424919849847,0.00772357149798931,0.0790508428854196,0.00504594084388395
0.0173602754428319,0.0216180412400147,0.00726356647377582,0.00555920117565993,0.0122685147700283,0,0.0206788113262356,0.0214458349547507,0.0133154434643571,0,0.00284257118387508,0.0133218682890597,0,0.00805320508755648,0.000996558477965857,0,0,0.00881401849468044,0,0.00248943739259454,0,0.00384625265782898,0,0.00190278860686573,0.00828123755314264,0,0,0,0,0,0.0129760713339438,0.0281115921502325,0,0,0,0,0.00599904376770877,0,0.00154806054821292,0,0.00310684752585187,0,0,0.00220386148959773,0.000562787020328998,0.00680034384991387,0.0072752803217661,0.0259614144771696,0,0,0.0300994535234227,0.00883422113163136,0,0.0196625902616968,0.0274279292959633,0.00635913808614777,0,0.0299495577829668,0.0117160899372604,0.0213100716792611,0,0.00877720507959765,0.00505495927887943,0,0,0,0.0245830633514057,0.0287175760801645,0.0147595922127981,0.0303578577392245,0.0254486252560406,0.00363385092243586,0,0,0.00890169664298617,0,0.0320493213947229,9.09719788528864e-05,0,0.0319943079296801,0,0,0,0,0.00914651491884548,0,0,0,0,0,0,0,0,0.00281643265286195,0.00555977824469728,0,0,0,0,0,0,0,0,0,0,0,0,0,0,0,0
0,0,0.0164520916651394,0,0,0.00273820141645343,0,0,0,0,0.0517935130661457,0,0.0309597075515345,0,0.00460025331193228,0,0,0,0.0428706485622354,0,0.000171336012879235,0,0.0354558402641337,0,0,0.036238195782622,0.0126168254471605,0.0257769938328928,0.0534301768513662,0,0,0.00280379295438551,0.0359084726793666,0.0144601858525898,0.0105223268240664,0,0,0,0.00166305055895889,0.0102407771445113,0.032569098009274,0.0441736543272107,0.0431991744473663,0.0351113354821989,0.0114571784374353,0.0342691966923618,0.00700763716441647,0.00362331597100267,0.0420751297144146,0,0.0323015932239624,0.0407032033888459,0.000423089184631463,0,0.0207746325028896,0.0455688302219806,0.0539835568547314,0.0313553318638939,0,0,0,0,0,0.0157504819496821,0.0110805334364497,0.00191735568680977,0,0,0.00517819296337047,0.0441511337419747,0.0349995762744677,0.0703270680565564,0.0609198448075535,0,0,0.0241148338632463,0.0514788724736098,0.00585677957597881,0.0438698525156189,0,0,0.015896834414615,0.00899938274357534,0,0,0.00343951802434939,0.00528545308067234,0.0225099960335606,0.0126230673387281,0,0,0,0.0381347370295676,0.00379660170852259,0,0.0170840125751947,0.0231714530934627,0.0412462548322181,0,0.0267565100685584,0.00194975739596297,0.0279453803993139,0.0143879381718114,0,0,0.011743936477303,0.013473573125524,0,0,0.0125591453949723,0
0.0271971529443469,0.0068327891575807,0.0244946648772553,0,0.0169445396415243,0,0.00480454739015261,0.0220642326922572,0,0,0.000346763548320702,0,0.0166025220409572,0.00633154249526585,0.00751588754410947,0.00881401849468044,0,0,0.0115518355706089,0.00236497741569171,0,0.00122107468649564,0.0180563443353053,0.000150933905754328,0,0.0150791964782849,0,0.02704508842224,0.0216125993838041,0,0.00241772634214447,0.00938835987644237,0.0157955911997856,0.012989082790609,0.0171214947072021,0,0.000872437885986647,0,0.00852937898507465,0,0.0307934472137072,0.0219822395717976,0.00175294230077711,0.0263168725919711,0,0.0349546961518154,0,0.0166098805336032,0.0393275889196869,0,0.0234867363716781,0.0294706582257853,0,0,0.0291649249801312,0.0383401432926715,0.0280717680957359,0.0324803011281656,0,0,0,0.000418624954405747,0,0,0,0,0.00267728695029138,0.00459938868990418,0.018220787562492,0.0320377205120864,0.019707828885349,0.0449721825020999,0.0450394357785109,0,0,0,0.0430665100923916,0,0.00850525704749098,0.000297976915235831,0,0,0.0116066241799517,0,0,0,0.000507562364361494,0.0177474820375946,0,0,0,0,0,0.0166859354516097,0.0040807709883855,0,0.0200524931668009,0.00869356517043611,0,0.00389366979889258,0,0.0411327387325625,0.0245809011643895,0,0,0,0,0.00404628762330105,0,0,0
0.0952636662904182,0.081112162728284,0.0551491739657426,0.015069198774769,0.0928397824203053,0,0.0201283030633216,0.117033110929768,0.0272318255813108,0,0.022152662086634,0.0609448475437745,0.0207099584966818,0.110022462607971,0.134777487304171,0,0.0428706485622354,0.0115518355706089,0,0.109913117866905,0.0378539033455859,0.0718870000788971,0.0271325354301468,0.0850565158607595,0.0277661095433216,0.0275331258292691,0,0.0173359972657642,0.0264201981381149,0,0.00872509338066871,0.0118436337232385,0.0452317573124399,0.0216187479780936,0.00800048623495399,0,0.00612328204543692,0,2.66942607014033e-05,0,0.00782459913350476,0.00681689256832008,0.0135046194359634,0.00925257228010115,0.0474517424156264,0.016617039965596,0.0436109003239226,0.02391215436048,0.00989010196004952,0,0,0.03195242723533,0,0.0523714177643919,0,0,0,0,0.0476266962470195,0.067122406670972,0.014864646395068,0.052625389936918,0.0478251143473889,0.0273115951143347,0,0.00631950314397902,0.0431375468072354,0.0181566146779969,0.0056535821843244,0,0,0,0.021834465418027,0.0535556466392892,0.0722055211158835,0,0,0,0,0.000888336532738881,0.0220602776088283,0,0,0,0.0964658294845928,0,0.0135275997143023,0.00420872089977163,0,0,0,0.00186202696767105,0.0622701427980926,0.0476409068848562,0.0298066649844043,0.00407005800922039,0,0.0269322409206044,0.0106986477994486,0.0326036017697344,0.0453818540380008,0,0,0.00908672178854132,0.0141264174758887,0.0435465413154771,0.0183956871224609,0.0357527057699312,0,0.0340215955496436,0
0,0.0305724004034521,0.0273898470798978,0,0.00283909015142341,0,0.00172611146878419,0.0107393249651517,0.00115233937202548,0,0.100963973097031,0.0287864654230077,0.0549796574648259,0.0116023499292422,0.0260945443558442,0.00248943739259454,0,0.00236497741569171,0.109913117866905,0,0,0,0.0546655538253705,0,0.0181620696871086,0.0908328560488232,0.0344700177139576,0.0335224259794246,0.0967124185481674,0.00915395788405337,0,0,0.068776661371598,0.0310882749885889,0.0216112967751587,0,0.0136136941921284,0,0,0.0186426890777841,0.0424704041903721,0.0694942587143048,0.0881763140485012,0.0665282938763857,0.0571320575072715,0.0466735121173029,0.0589730335964201,0.0163023526064085,0.056685928843971,0,0.0256274319166198,0.0561247789435029,0,0.0383368066629106,0.0101479942716968,0.0475195244040139,0.0795847143436814,0.0328975470477489,0.0364930952722527,0.0369802349445926,0,0,0.0375971714492053,0.0710620237956741,0,0,0,0.00876276744286531,1.28560551665239e-05,0.0405649545192098,0.0323317281467555,0.0926344957534981,0.0735138838600186,0.0578612911357924,0.0421377065084109,0.0571230947102867,0.0474226527741072,0,0.061265195479836,0.00333650335198767,0.0278079195869581,0.0358167330451454,0.0197576836250634,0,0.00160071269257266,0.00699823131688476,0.0284815763256097,0.0458404605311536,0.0284845038090754,0.00126667616594514,0.00803082597778298,0.00857333103061731,0.138533596215261,0.000188119305278981,0.023065931482376,0.0470323586488006,0.0186973698344568,0.0772489178988333,0,0.0715966597723845,0.0304698763097538,0.0345682094358425,0.0220675103912728,0,0.0106464629747205,0.0458605786739385,0.0347754611596446,0.0229580066718654,0,0.060436769909444,0.00322121596984497
0,0,0.00396795911862316,0,0,0,0,0,0,0,0.0560783830827089,0.00124529795047891,0.0196084015898769,0,0,0,0.000171336012879235,0,0.0378539033455859,0,0,0,0.0226663038747476,0,0,0.035680133262992,0.0257904299644549,0.0149133011852486,0.0542431473950949,0,0,0,0.0290502134924456,0.0108676689137838,0.0033822529144769,0,0,0,0,0.0015708667045696,0.0271048058811837,0.0382073247091321,0.0435264774634295,0.0306939893476729,0.0106972674241309,0.0263590513927303,0.00705270064080219,0,0.0346927268920236,0,0.0223701642699537,0.0377888549260519,0,0,0.0110005818976773,0.0402197539350718,0.0548731671618951,0.0217237345045596,0,0,0,0,0,0.0170478633995174,0,0,0,0,0,0.0396763452707376,0.0271333646963326,0.0752241560865611,0.0471575320922985,0.00257872298503083,0,0.0241815472859525,0.0447735731226512,0,0.039672282167519,0,0,0.0158437151586196,0.000805346530969371,0,0,0,0.000630279908233217,0.0155901874880538,0.0122889047023077,0,0,0,0.0597182281638083,0,0.0150662099023634,0.0241569104334997,0.0058982484862402,0.0345619401052687,0,0.0209035311012213,0.00626995960566568,0.0139186480841942,0.00853560492919709,0,0.00148025497827487,0.013402907198698,0.0072435564261625,0.00753420543263175,0.00205150353697583,0.00397824859009013,0
0,0.020437616140945,0.0194246880601733,0,0.000368783826631194,0,0.000156272236656081,0,0,0,0.0692035505245688,0.0234190919014616,0.0483707663370767,0,0.00231490773375446,0.00384625265782898,0,0.00122107468649564,0.0718870000788971,0,0,0,0.0520686591617478,0,0.014855872611494,0.0656060433405721,0.023465440283217,0.0400383566142438,0.0862015389983918,0.00550182287876768,0,0,0.0623513931191736,0.0321386009486054,0.0233437702627159,0,0.00468730067473081,0,0.00242762344630725,0.0131250299136844,0.0478347522877312,0.0661327570306634,0.0720463463076711,0.0545884381187587,0.0409829217840823,0.0508900387480243,0.0339196630486971,0.000947975773726619,0.0604603670298085,0,0.0235978950219753,0.0596895753074098,0,0.0142463508256386,0.0194223014313263,0.052175966995625,0.0758536158699214,0.0263191606112697,0.00621698544431689,0.00750801185522939,0,0,0.0258712880342481,0.0395673347476082,0.000836827235969371,0,0,0,0.00648584996049294,0.0413832337566657,0.0293801656507692,0.0920064696426741,0.0779574760933682,0.025227296715322,0.012515730458886,0.0395908785453815,0.0516448353168423,0,0.0534419379104063,0,0.00814927376014645,0.0240559433457604,0.0155839509781335,0,0,0.00114422332533888,0.0212407965587465,0.0424815719681408,0.018572166258873,0,7.34312098174412e-05,0.00637962119446565,0.0924135251356596,0,0.00961376919535525,0.0322858661324711,0.0228976007104637,0.0544408198315763,0,0.0514153933262078,0.0236135491950312,0.0342336483608154,0.0261407139815568,0,0,0.0416963588982892,0.0300448460543253,0.0211340339204337,0,0.0275532419003678,0
0.0746220035996104,0.0888202241532828,0.0573057952796684,0.0202550038119318,0.0465790140624276,0,0.0161436877893457,0.0839804036673751,0.0326604935486297,0,0.0252978623395677,0.0384283082319964,0.0036958056392583,0.0657008078230043,0.0549690598579374,0,0.0354558402641337,0.0180563443353053,0.0271325354301468,0.0546655538253705,0.0226663038747476,0.0520686591617478,0,0.0475193673475134,0.036430783853466,0.0195400920424829,0.000814765690536671,0.00154857454795117,0,0,0.00173114388603612,0.013942982510872,0.0272079465325415,0.0117264336442461,0.00917347507720281,0,0.0107977104775183,0.00194873610400602,0.00903503943254773,0.00606514446092835,0.0136402039652972,0,0,0.0078226747141013,0.00133274676630615,0.0201746325312026,0.00806989030966106,0.0219710640332761,0.0075104158183185,0,0.0196671488309998,0.0157622964765244,0.00199238100610228,0.0297861661053884,0.0152084349260286,0.0167574294204331,0.0023731370529251,0.0259708302829807,0.00816135467121518,0.0295229239884196,0.00379719088124713,0.0178434613975677,0.0267856799020318,0,0,0.00708058509826483,0.0158256469048696,0.0146933797983677,0.014371724288834,0.021936055007247,0.0163624977422186,0.0147679836708818,0,0,0.00790483531212007,0,0.0343220482956452,0.00224619678067301,0.00814535381384164,0.0146282148538062,0,0,0.0197799475951705,0,0.0293538051553283,0,0,0.00303359281508706,0,0,0,0.000542072511901365,0,0.0304516187344181,0.00704819054961933,0,0,0.0321374610808239,0.017498551430094,0,0.0237028268470175,0.0307234951242765,0.012365161834315,0.0115004422611285,0,0.0222297774593856,0,0.0181608285415042,0,0.0198498997978903,0
0,0.0243371736409206,0.017945549278069,0,0,0,0,0,0,0,0.0781044640710228,0.0256939949149441,0.0474580916543877,0,0.00575995773188727,0.00190278860686573,0,0.000150933905754328,0.0850565158607595,0,0,0,0.0475193673475134,0,0.0152825186088005,0.0730452672202435,0.0231768271220257,0.0336565062392482,0.0961705349390456,0.00315660628491109,0,0,0.0623514306581664,0.0264618327876348,0.0196216409939234,0,0.00439509904799049,0,0,0.0130168102702364,0.0471820184984028,0.0641871067190981,0.0798797965983385,0.055929109579546,0.0453339200059783,0.0484924851981803,0.0434543721975212,0.00585157071623685,0.0589162880853564,0,0.0239427537685364,0.0634111477736836,0,0.0216018919147584,0.0157227824263814,0.0506106198962668,0.0826623018696872,0.0292205319929253,0.0161557049293756,0.0171893879940434,0,0,0.0260359771424141,0.0544506039178686,0,0,0,0,0.0019175844980103,0.0436285661614413,0.0316347137323892,0.0986635566799194,0.0748523162094942,0.0391723619116716,0.020707925132881,0.0518958494763128,0.0531609258415775,0,0.0637238554103553,0,0.0187518824813745,0.033338377225673,0.0139483143573138,0,0,0.00320120365178801,0.0191281518836341,0.0407665347944957,0.026173093000289,0,0.000516737724448615,0.00366028619633666,0.111930069496469,0,0.0142362069463014,0.0409373777462725,0.0176446207382716,0.0684879668091592,0,0.0551397249982616,0.0236645431647706,0.0297143276820909,0.0224463781282898,0,0.00279684158413704,0.0414338478502482,0.0308099682632704,0.0203038558646907,0,0.0322570085432061,0
0.0370285907068597,0.0133653306816794,0.0416018993689921,0,0.028971061765794,0,0.0045010752881703,0.0375697421019906,0,0.00378066770710995,0.0104887177355036,0.00239450443914505,0.0197398799516366,0.0224073528988009,0.0251907250749088,0.00828123755314264,0,0,0.0277661095433216,0.0181620696871086,0,0.014855872611494,0.036430783853466,0.0152825186088005,0,0.0227033523049953,0,0.034243232115082,0.0309576343735639,0,0,0.00733847973667282,0.026065559410936,0.0107565060671946,0.0121028599042243,0,0.00284309399249582,0,0.00457995413641507,0.0161263769636362,0.0252523256126549,0.0364043553955686,0.0164651026365899,0.0258539733663624,0,0.0327130569083112,0,0.00746919257547055,0.0479227339151413,0,0.019605754314058,0.0320097778269269,0,0,0.0212656039459434,0.0386315590558131,0.0366064842285283,0.024389107788755,0,0,0,0.00137999576069121,0,0.00153127550432777,0,0,0,0,0.0108853819579817,0.032521462706948,0.0182040221879558,0.0468962609212774,0.0622538403320131,0,0,9.97163418963211e-05,0.0452427047136121,0,0.0189133757032209,0,0,0,0.0255548218329786,0,0.00241453334540794,0,0.0091365899499662,0.030329709245575,0,0,0,0,0.00478281083632908,0.0243572486372299,0.00389141403365105,0,0.0189822752850753,0.0215697477037371,0,0.0168013875451354,0,0.0475343796063665,0.0240491461810669,0,0,0,0.0096614267081582,0.0155700964122125,0,0.00786779669118933,0
0.0762152438520915,0.0704602720134425,0.0643619545299283,0.0136234853309235,0.0817957985819956,0,0.0243875194537651,0.100402579191255,0.0274079929781918,0,0.0292621606532536,0.057816280844762,0.00418787583750694,0.093731888382369,0.106737048613051,0,0.036238195782622,0.0150791964782849,0.0275331258292691,0.0908328560488232,0.035680133262992,0.0656060433405721,0.0195400920424829,0.0730452672202435,0.0227033523049953,0,0,0.0107962086195387,0,0,0.00598824808706128,0.0232794388420654,0.032393492708288,0.014512284891328,0,0,0.0102265188115346,0,0.00624668326171876,0,0,0.00147853399063268,0,0.00808864513996366,0.0356652171175861,0.00137633342568033,0.0296218507981098,0.023298643081423,0,0,0,0.00485891636552005,0,0.0459425938525276,0.00103991276294107,0,0,0,0.0357736276115416,0.0548991631559082,0.0120049967256278,0.0352085034255087,0.0398588033815267,0.0122779316091873,0,0.0105503194576659,0.0411083877550411,0.0188584652632996,0.00414951883869473,0,0,0,0.00617141652464293,0.0341760359525232,0.0517681037449969,0,0,0,0,0.0066549669052681,0.00963546114805794,0,0,0,0.0788468546738681,0,0.00947944906560939,0.00150208972560914,0,0,0,0,0.0342057807780383,0.0463043070406608,0.0177248604359272,0,0,0.0264999594133416,0.0119036744837938,0.0261652060311287,0.0446625279017273,0,0,0.00759664352358472,0.00142709417585141,0.0429458676053661,0.00364106583335084,0.0264213731758747,0,0.0415803605156651,0
0.0016976381666647,0.00350332987235342,0,0,0,0,0,0.0156740362514008,0,0,0.013433795391675,0.00432592303910067,0,0.0273308302192955,0.0266826754672276,0,0.0126168254471605,0,0,0.0344700177139576,0.0257904299644549,0.023465440283217,0.000814765690536671,0.0231768271220257,0,0,0,0,0.0108908944048421,0,0,0,0.00624569435355993,0.000648452362708756,0,0,0,0,0,0,0,0.00905740766177675,0.0186575621696067,0.0111135255806559,0,0.000468439732240185,0,0,0.0102262340428185,0,0,0.0144116738320644,0,0,0,0.00452258455537848,0.0205579353904543,0,0,0,0,0,0,0,0,0,0,0,0,0.0100190352604276,0,0.0323608412869961,0.016153865809105,0,0,0.00528399093062839,0.0130382773856172,0,0.00878675737009251,0,0,0.00055112965975861,0,0,0.0110808695566322,0,0,0,0.000939779623196272,0,0,0,0.0537201945555872,0,0.00315085071340947,0.00759897343563914,0,0,0,0,0.000261226452687449,0,0,0,0.0050084453906156,0.00281175542643311,0.0011235276340409,0,0,0.00875351232940407,0
