0,0.0175384309359425,0.0236845465799704,0.00655116617331633,0.0145332153199924,0.018828167661103,0.00765785687676734,0.0129681418678095,0.0293595013873057,0.0284781598746822,0.0380674518831101,0.0203312268715859,0.0117503557332618,0.00700844907549607,0.011213489829863,0.0211877057993826,0.012385736590733,0.0262402567246353,0.0219448510056132,0.00926726610174177,0.0106870967692442,0.024751297280423,0.0257525943829243,0.0202045125404997,0.0185721554485295,0.0299527623637554,0.0149328391991058,0.0285094834791648,0.0103644915514241,0.0276166066727038,0.00708793058593148,0.0155339826988484,0.0309166116332791,0.00967923482367899,0.0407481603312028,0.00732877639500997,0.0149812620254592,0.0183380170243961,0.038127660961031,0.0314290488930371,0.0134373247652804,0.0302207159718845,0.0337057155319457,0.0152729398310403,0.0106941775342361,0.0147232983725461,0.011089935735232,0.0186820190521641,0.0114277196724612,0.00757753795792631,0.0154446995991484,0.0256982109990245,0.0119212805335114,0.00567473844949575,0.0178877194709283,0.0164322172605331,0.0184472829792973,0.0313315140640837,0.0362384726935494,0.0149729531031341,0.0185736575444501,0.00716763387404369,0.0123835122209586,0.0117579759008074,0.0196378965489893,0.0549229209406348,0.00792871370774875,0.0250789524525909,0.0175281110385532,0.0452163747769127,0.012498283115622,0.0101592072026516,0.0211754204720836,0.0346841149444832,0.0185077317032428,0.0136776158497867,0.027787013971383,0.0138621808950895,0.0164650650927861,0.00863840351680022,0.0191699688401109,0.012183415682034,0.0102030892198954,0.00825439170805924,0.00724943508896343,0.0330870287363858,0.0204786103601354,0.0334353998428537,0.0143754243804014,0.0106085252325661,0.0270456424884043,0.00943657543400016,0.0200289967635049,0.0118776676569505,0.00925707361666875,0.0218151570685984,0.0156155315898335,0.0139646820625488,0.00757008462914597,0.00827788868849133,0.014412017111039,0.0172784059153554,0.0138250034143621,0.00826786570293337,0.0394444654606799,0.012900529305197,0.0185123873046778,0.00984127703630717,0.0351886738570681,0.0426852382899485,0.0141097338399576
0.0175384309359425,0,0.0236452285344249,0.00487863182831742,0.0231059862759244,0.0225092136938581,0.0181401561900516,0.0235283189750855,0.0354935917915465,0.0435062483811137,0.0437718226866392,0.0162492013050209,0.0205957997699289,0.0143865365361239,0.0118357124975259,0.0270678413847346,0.02252236901488,0.0232462081813444,0.0161587420067019,0.0197415230400748,0.0154152569105042,0.0251052976061139,0.0329811592280038,0.0239459257995555,0.0226926233793402,0.0451545384632858,0.0260042834814913,0.0323255020179808,0.0122761332646989,0.028932667291021,0.0151814592244291,0.0135145133677637,0.0274402971718772,0.0187955625036827,0.0426259253304695,0.0160800875379365,0.00773059534922214,0.0182685582142953,0.0395198495003001,0.0328954301856309,0.00953844280577196,0.0279268017461003,0.0265286280571391,0.0203269256571797,0.0144597450331534,0.0164478398829963,0.0196724554102347,0.0161996176048381,0.0189657654473886,0.00663635503546648,0.0320590633129497,0.0279678786736385,0.00617068861323383,0.00450905862098874,0.0184045988896279,0.0150161680300489,0.0141271359582114,0.0188057267430001,0.0274236071315995,0.0173181218217479,0.0140405487557827,0.0172547412855468,0.0087377103982322,0.00889037663529206,0.0133771741571564,0.0354070112982614,0.00836786808493974,0.0214493904095404,0.0156492072181917,0.0328268600314428,0.0204554514345315,0.0142736423990583,0.0217975644194816,0.0411054109184591,0.0119462733379474,0.0171939385944162,0.0332978135993373,0.0155156701988638,0.0222000745703045,0.0155666052109717,0.0177761945066891,0.0165224085072217,0.0202100394839625,0.0141660320610008,0.0173484372011333,0.028950926385424,0.0184823843828589,0.0319764706147005,0.024679008914053,0.0127278767327426,0.0384022176801507,0.0144063996514022,0.0174140409398485,0.0289766904309429,0.0142396649517296,0.0224003758493371,0.0235280714383261,0.00983795059167421,0.0177243515386643,0.0187491975869043,0.0178154935523535,0.017107707085946,0.0243454577544543,0.00770795861385359,0.0439472868734708,0.0206651262126476,0.0244753233240463,0.0177843915370036,0.0281804251150181,0.0362048356637263,0.0182208694509956
0.0236845465799704,0.0236452285344249,0,0.0203501135374596,0.0355216490171613,0.0150581219271321,0.0189512764274598,0.023253968481736,0.0171300686668663,0.0424997818469619,0.0385261803627303,0.00889792997740718,0.0197154411630277,0.0266067710471237,0.035221891912959,0.0238618165238776,0.0162478918755791,0.0391059192741623,0.0184053708332612,0.02045398102635,0.024910890530768,0.0323887380271173,0.0217390758499027,0.0177052363794197,0.0202983040727021,0.0329942576529854,0.0269786538760196,0.027291868810009,0.0372827409155227,0.0164598968070189,0.0184327743268387,0.0172470305259348,0.0291131784319949,0.0271684747461721,0.0196990732377178,0.0256587652894216,0.019503181170978,0.0178553878521367,0.036464421261862,0.0268611729718361,0.022921000308596,0.0333885611229,0.0238980526978758,0.0301417599467511,0.0108745841008075,0.0201384078292943,0.0253498709991569,0.0118783483685336,0.0212004344599874,0.0237689879198023,0.0240965483300094,0.0200125313265507,0.0186504041736859,0.00855420942691162,0.0135565971484728,0.0211903058982763,0.0213218183054241,0.0104042746585959,0.0232877010710834,0.0251856177621798,0.0104544988324275,0.0248560019049514,0.0250082072633882,0.0187469931250639,0.0264547415564241,0.0178804561335555,0.0237614012352527,0.0105416276073215,0.0176329410376237,0.012224240341916,0.0235588096576863,0.026465988372389,0.0217728764088523,0.0425150239138697,0.0122678995976302,0.0104739860067394,0.029029833243333,0.0302248122049467,0.0164607087995419,0.0269440109938556,0.0108964575187502,0.0157568463971688,0.0261059495270963,0.0164834559432474,0.0232128964628717,0.0211179033256576,0.00878365050257454,0.00836256801685208,0.0230166017186957,0.0149270590290796,0.00992630361378667,0.0119556235735384,0.0437530657905119,0.0117084945910062,0.0177012892925401,0.0207862540770284,0.043569368179256,0.0152808712154787,0.00543293402788633,0.0253034819071769,0.0270543929835231,0.0230856735167225,0.0235968534655523,0.037696690862566,0.0318539211935033,0.00604726022017124,0.0219644917389198,0.0213874116445557,0.0325835631235109,0.0257931667321717,0.0241223476574584
0.00655116617331633,0.00487863182831742,0.0203501135374596,0,0.0159057543276879,0.00986394404287449,0.00783107120095136,0.0155364593836115,0.0258585602815064,0.0402158769829467,0.0257288549641428,0.0229769109193385,0.0206695125700248,0.0163550599667198,0.0196760494491165,0.0110586146979238,0.0111845409599034,0.0379529713106919,0.00870927323533682,0.011285557601297,0.0138623943587711,0.0407059027773397,0.0117824503015457,0.0116676711351517,0.0258075722823648,0.0241001740490618,0.0124358634034904,0.0195705640090972,0.0174001341237542,0.0383200586146592,0.0157297331963346,0.0268127629926352,0.0299335778745836,0.0266896964561106,0.0439206802503572,0.0260651051001723,0.0159167890368338,0.0314211355036702,0.0256339177208032,0.0392996399824562,0.0157828405079226,0.0426413665632551,0.0136028355822225,0.0209571614147974,0.0135922958391722,0.0188451524986975,0.0190057231489654,0.029309625635689,0.023322086596513,0.0217702929146979,0.0179479289917203,0.0121603567721018,0.030115444087077,0.0202557829763776,0.0237746687521132,0.0364026608466737,0.0206745363585809,0.0142217219266581,0.010711604031819,0.0349735587894128,0.029467918905959,0.0301978641111922,0.036591761601033,0.0298699447832206,0.0238988460549893,0.0153091690848374,0.039543702610441,0.024770350336517,0.0301196280382969,0.00711978406490384,0.054555210295185,0.0376651792728703,0.0254878654474766,0.0232020216554693,0.0161356671588206,0.0243715552812008,0.0172009248092456,0.0314758585057575,0.0102164277192617,0.0117930884497971,0.0152566430101643,0.0252963929440696,0.0346904746680076,0.0226361240564031,0.0248494143917186,0.042055573181977,0.0110852597617903,0.0245103696088654,0.0261059884146107,0.0212371970652413,0.0300473537364669,0.0158200685008769,0.0267212567353415,0.0139458154545987,0.0189598356344111,0.0378747158711708,0.0230217174525876,0.0103476281609857,0.0205065782585488,0.00664424589395291,0.0124487499374484,0.02257143887872,0.0126339828825974,0.0123955786681824,0.0369584539003041,0.0177579962672182,0.0355518880509486,0.021354846425761,0.0658354921623459,0.017135051043751,0.00637943564474075
0.0145332153199924,0.0231059862759244,0.0355216490171613,0.0159057543276879,0,0.0289037316544705,0.0214815355861366,0.0179428169901779,0.0375085573017273,0.0539149694210934,0.0114820576842181,0.00940479652617895,0.0187100776822446,0.0197441937578433,0.018229625684248,0.0511547751544341,0.0227868423443586,0.0111974114160455,0.00796803071516245,0.0222659288779413,0.0264504313089697,0.0118912642590444,0.0326267348434304,0.0234666991415652,0.0224496718349067,0.0369926362925591,0.0217227399728771,0.0396917396242605,0.0319318644107297,0.0297929559731311,0.0168763212376611,0.0160178220052785,0.0218492507719287,0.0215333648557533,0.0211504157135988,0.0188292844997648,0.00543345726450183,0.0268373607448714,0.0311372908123779,0.0186348673467332,0.00498948817302353,0.0121394218897257,0.0198695079885321,0.039187145701216,0.0252184414364347,0.0247252169595982,0.0371190356068638,0.00970825809288176,0.0381401733468874,0.0237455272631908,0.023257635358861,0.0227468545029891,0.011009532827952,0.0273173006178693,0.0280920249084043,0.0164136162893835,0.0252623307947599,0.0129156784882815,0.0137041199682416,0.0275676403108374,0.0228058639245446,0.0239166036776117,0.0199240249517257,0.0218548964098886,0.0227856487661604,0.0173376071021271,0.0248371695889257,0.0380086337614475,0.0177336637028983,0.00871798379542272,0.0292526516349137,0.0246763949347124,0.0185297522641527,0.0185786718025115,0.0133210788861927,0.0143836022119731,0.0227308208353949,0.0250520045874912,0.020328440090109,0.0396656406328161,0.0222860980279645,0.0142397475952704,0.0267521401815194,0.0230743665586074,0.0378944241090301,0.0286522508919888,0.0102593190220842,0.0239256634535488,0.0322904436006878,0.0144788413886471,0.0383938750445695,0.0274428797511058,0.0165995913373367,0.0358781512588585,0.020436915264242,0.0120135480216662,0.0255988416356213,0.0208336584910654,0.0436931682495177,0.0215752123654829,0.0214651541078606,0.0262910628498653,0.0153415119981188,0.0236439380205279,0.0517903860026409,0.0200596094980443,0.0249316766848226,0.0178790274597307,0.0102410171604402,0.0163265120268021,0.0134725218462624
0.018828167661103,0.0225092136938581,0.0150581219271321,0.00986394404287449,0.0289037316544705,0,0.0214426602563906,0.0124746252275385,0.015239868389941,0.0322369757856834,0.0239825775595297,0.0136872860642047,0.0235000682793339,0.0177211200132771,0.0299228679875972,0.0124371840378843,0.0223060203815894,0.0228088780324191,0.0162231250696138,0.0128237578451542,0.0144993785857855,0.00794642598302279,0.0252169429770545,0.0138331252595977,0.0113895701267805,0.0269706000704304,0.020651855047074,0.0100612939430316,0.0128278542964727,0.0181334207728014,0.0170899304736598,0.0202934866522679,0.029241917993133,0.0188879290841988,0.0224709002444806,0.0201371937647842,0.0210912588378622,0.0322258872488484,0.0140155318369257,0.0153441642207429,0.0239982214606381,0.0343284219145297,0.0313186548472654,0.0194561809680826,0.0237500829356327,0.0217894489555051,0.0199467239589777,0.0131274790450795,0.0203366044936777,0.0169569908602411,0.0141432744346919,0.0235826108668577,0.0124036660786114,0.0232976210100967,0.0300828838166521,0.013205756418709,0.0130814243925753,0.0143130837807409,0.0220754776384859,0.0208635673238841,0.0139397641247616,0.0116819557694394,0.0139022181395713,0.0159697536524359,0.0149595871314641,0.0212343651179336,0.0117475429326218,0.0202895593415376,0.00928498646852449,0.015336148068535,0.0142938380880741,0.0110674973873665,0.0192227209805664,0.0250972011355639,0.019497935583614,0.0135901988136546,0.0219387505019648,0.0134623717082424,0.0145769651741378,0.0165158293051988,0.0255948678804495,0.0140064815606798,0.0125186281096636,0.0135551761578484,0.0137685165037595,0.0152185610020764,0.0180178482677524,0.0330550392340927,0.0176337870742608,0.0524935397247829,0.0238584296526562,0.013574540038871,0.0275555156125268,0.00858102915902443,0.0172605005694514,0.021857040898784,0.0181998992338863,0.0370479200209582,0.0087643439193049,0.0177577211837558,0.0118280024051449,0.0182451131731433,0.0120619650840399,0.0237784885133372,0.0128142106996413,0.0263477095806134,0.0398770387206273,0.0211240648849154,0.0238515343644744,0.0116628630477335,0.0173163433934931
0.00765785687676734,0.0181401561900516,0.0189512764274598,0.00783107120095136,0.0214815355861366,0.0214426602563906,0,0.0107032060410609,0.0362416784139829,0.0561441758755777,0.0545412815262909,0.0536613010260165,0.048323795399501,0.0188961884742473,0.0188559462579085,0.0103266447778284,0.0179311702865152,0.0497901445429642,0.0139635462450422,0.00724938228880293,0.0194733707627313,0.0387801752953798,0.0235272805398113,0.0283543099904599,0.0208043960895779,0.0249473958806597,0.0171649462018774,0.0159962790304121,0.0122911039233314,0.0456989017651774,0.043854756608508,0.0292431755685668,0.0341646259643378,0.0237360200204772,0.0672784764301942,0.0198926087965291,0.0202278654255406,0.0338607548559973,0.0429536816983099,0.0403007689768743,0.0119523616465014,0.0765574714670659,0.0179391494583923,0.0328439441488316,0.00593772286708276,0.0239226488497504,0.0234962210005813,0.0262909551531764,0.0264030148884558,0.016921167824068,0.00946919668638881,0.00988267261512541,0.042710486027626,0.0227438786883629,0.0266273792185608,0.0411597598935122,0.00513181567106079,0.0061836376501884,0.0120000038562401,0.0342982545747102,0.0261553017174401,0.0162720038500184,0.0291327324611653,0.02158938367518,0.00649668343589324,0.0117449806953409,0.0250647292127151,0.041361235473409,0.00650946349853764,0.00962474018349539,0.033640048189461,0.0159685457096123,0.0314628573277665,0.047436681257678,0.00678148462557969,0.0078735924304719,0.0329597609461402,0.0155196914334433,0.0296364309632217,0.0153653579197677,0.017935945115993,0.0146441556995048,0.0205383062055757,0.0186092869202251,0.0147102204838702,0.0525772348132992,0.00612146958663129,0.0326772715108048,0.0373292105933701,0.00678143580485423,0.0407006081094528,0.0154722846067701,0.0152345228060015,0.0295664064085213,0.0211564856379727,0.0439675530885283,0.0201502327460462,0.0151567736077405,0.0233818631887775,0.00964449668980802,0.0163915708216614,0.0156317368315644,0.0123046227855069,0.0135303517161632,0.070723452289584,0.0115951966416921,0.0274138374054782,0.0123461887453956,0.0484861311032818,0.0563522316283273,0.0158860212904586
0.0129681418678095,0.0235283189750855,0.023253968481736,0.0155364593836115,0.0179428169901779,0.0124746252275385,0.0107032060410609,0,0.0299452433287662,0.0229535550670844,0.0156660666879586,0.0175611862179199,0.0147882230269593,0.00908649554895931,0.0177063944427147,0.0260817522806136,0.01681234315472,0.0226054626830214,0.0153591093492764,0.0297603075911936,0.0122757759420044,0.0179205269629138,0.0240868485220125,0.0336489599273088,0.0267355691279987,0.0405611043450301,0.0140940267485619,0.0273475786083801,0.00573124816273462,0.0468278764540579,0.0136727775730618,0.0279919118862931,0.0356400054328612,0.0104960085846071,0.0367176176910009,0.0114014359841828,0.0142289168385683,0.0240766927980256,0.0285144933882817,0.0351249849027486,0.0122197809281422,0.0156571385267287,0.0223010126074622,0.0122028650361091,0.0118263877145393,0.0192003026476031,0.0140403337389185,0.0150332647984333,0.0186915365123473,0.00956579941764367,0.0165830951527672,0.025919239864764,0.0172711941951983,0.00678283700090114,0.0128615030563937,0.0153580847227731,0.00986943952195907,0.00560315909229099,0.0104646373936024,0.0191374611762937,0.012585280184014,0.0117908929971872,0.00936839351219033,0.00957771311299294,0.0132958833853992,0.0132682351070109,0.00760234518902776,0.0206226004620834,0.0128702901568012,0.00713867260144136,0.016268283369722,0.0164255850292671,0.0225480077664812,0.00906034905998752,0.0158409459172961,0.0147171048994101,0.0178260254537475,0.0191304835089065,0.00888176923196077,0.0271076100868664,0.0141102795596136,0.0161195154867693,0.00953470852286095,0.00942556527571738,0.0130396400969021,0.037053033436636,0.0115252639779747,0.0326449703768169,0.010274015049005,0.0146595957319239,0.0324887975110772,0.0117316499910596,0.0147351931455363,0.0150587600452635,0.00984280439183512,0.0228023477907864,0.0187316128006213,0.0153259823549701,0.0191144316582663,0.0147964709943963,0.012591242028683,0.0185040006141331,0.0217263154420813,0.0165811053196386,0.0454497393096167,0.0182878468815697,0.0264764056532772,0.0144486274818286,0.0287860138445803,0.035734456382731,0.00784252301277387
0.0293595013873057,0.0354935917915465,0.0171300686668663,0.0258585602815064,0.0375085573017273,0.015239868389941,0.0362416784139829,0.0299452433287662,0,0.0308123744605434,0.0513617393933105,0.016334627222671,0.0100885765329502,0.0362424690019808,0.0210205874055888,0.0161161332929224,0.035268180254237,0.0516660737707941,0.0216874378939651,0.0327262711480504,0.0303911573374937,0.0278044617781406,0.031187530817227,0.0310105115479433,0.0560432487630194,0.0413064157094766,0.0454299185867965,0.0530025688600596,0.0157420248656343,0.0128598948583755,0.0331259831394387,0.0325176652206839,0.0206173994987446,0.0360034590823498,0.0301439583976789,0.0262705296875402,0.0182897496581048,0.0241968102986043,0.0262616519376937,0.0437364705419029,0.023064647011284,0.0367691889232738,0.0264106582330157,0.0254171016377733,0.0102959688752358,0.0170479126080212,0.030641769137451,0.00922338287937807,0.0144259584980293,0.01459903692738,0.0202203072299313,0.0292155363044217,0.0158210438476932,0.00646163911667732,0.0254542966022358,0.012696624635548,0.00898393805056059,0.0215536553706369,0.0101068573717952,0.0263344324302141,0.0130708143750062,0.0343173085906259,0.0149778936590888,0.0140478558464622,0.0126507410147537,0.0151215183406624,0.0150249052471814,0.0248801050334608,0.0194597386780457,0.0403303497416498,0.0320883244809625,0.02225010103592,0.021779410074838,0.047206016925784,0.0267514125620062,0.0284390391028469,0.0409774639544297,0.0221824111471648,0.026054022944663,0.036541245946323,0.0155457137910951,0.0277068470624604,0.0435487588212476,0.010444636857571,0.0258740091362466,0.034889792089237,0.0356347434970216,0.0336463292407952,0.0444535179942211,0.0182384974770684,0.0152673967460626,0.0172429266327058,0.0229915522636062,0.0242590672356554,0.0405984702252363,0.0333889831407871,0.0343874627131316,0.0328890944339668,0.0116203461617557,0.0366507390571057,0.00887551138543464,0.0256584080399823,0.0385115140124294,0.016344094573722,0.0227770991605636,0.0157242483660409,0.0239037037016206,0.042042143012963,0.0259479922175721,0.0180055796753102,0.0242548813583365
0.0284781598746822,0.0435062483811137,0.0424997818469619,0.0402158769829467,0.0539149694210934,0.0322369757856834,0.0561441758755777,0.0229535550670844,0.0308123744605434,0,0.0568574115537266,0.0638483209324016,0.0611592803259093,0.0262062582236066,0.010421144989773,0.0338193315538948,0.0285435999758439,0.0353765914991373,0.0584657842775784,0.0291817825149433,0.0321215662191294,0.0122365432285122,0.0654336292787188,0.036728525631395,0.023978968832296,0.0417183901066205,0.039763461197197,0.0328391493264543,0.0313701256786766,0.0556053604879031,0.040631398748299,0.0343055785813638,0.0609162382141806,0.0237069256693041,0.0526698060530357,0.013221418133581,0.0334622140476203,0.0120557597891523,0.0477570859486963,0.0205787146950833,0.0415078433405243,0.00837462819337196,0.0371999434364037,0.0163763966350586,0.021345866612329,0.0528429616035643,0.0444612087964381,0.0138674297347499,0.0706293621967992,0.025772880913668,0.0218300867827598,0.0179184082208306,0.0515097647806784,0.0347942401685914,0.0493044464453504,0.0508716339855139,0.019470643432147,0.0761178866624015,0.0734908794955586,0.0334322410663059,0.0723236854430051,0.0276338813421845,0.0492427235167497,0.0473382718241296,0.0251010205776062,0.0664609875289136,0.0248101549108079,0.018671537028131,0.0233537967398952,0.0768736656509662,0.0223336768134427,0.0198038327099323,0.0579353127271926,0.0710588463210893,0.0292622683828062,0.0328346245996197,0.0317815038619637,0.016513032821558,0.0498956071800782,0.0523019588102797,0.00813285667712884,0.0302680104248852,0.0283774488274274,0.0196544543226629,0.0348458027353275,0.0388982082470027,0.0668291505036039,0.0313901653238926,0.0488401171160328,0.0767691899517801,0.0429835853689103,0.0314018633230185,0.0432811815212673,0.0576214912500008,0.0287039247083054,0.0284924805122593,0.0193786323973663,0.0333277544521816,0.0661229548106883,0.0417931431395342,0.0418534129286237,0.0264859674679582,0.0404668511464109,0.0522279124468298,0.0672092793299451,0.0262586527546213,0.0393900073627128,0.0377219078872282,0.0364013807565221,0.0485339502234608,0.0414921396717683
0.0380674518831101,0.0437718226866392,0.0385261803627303,0.0257288549641428,0.0114820576842181,0.0239825775595297,0.0545412815262909,0.0156660666879586,0.0513617393933105,0.0568574115537266,0,0.0986853646067165,0.0699758148450807,0.0190576090397305,0.0178107790068699,0.0188715258161964,0.025958197590605,0.0211565013578762,0.0193539903679169,0.0305749952296308,0.0226092059863137,0.0367060953589598,0.0402691780872353,0.0600904614995313,0.0240178580145344,0.0251946368310696,0.025299925803233,0.0177798070613533,0.011529847073766,0.0764204337329422,0.0621799353876577,0.0673258044941168,0.0534138318286513,0.0164603008206342,0.0545590118379107,0.0152411711086332,0.0364023501731179,0.0227988571626947,0.0423195757160918,0.0340430388495596,0.026911458457977,0.0517859815692579,0.0209368298853062,0.0122525699886264,0.0207579644158462,0.0519700311928942,0.013396696735213,0.02769519735271,0.0424548031785223,0.0227437748359268,0.0132654833082558,0.0320482708933608,0.0601345065658691,0.0328812335506336,0.0362861843033843,0.0466773239151895,0.0133514554771397,0.0355048567612417,0.0185008569161316,0.0353009391800762,0.0477544555541501,0.0143774091415054,0.0479705669942903,0.0385682437811901,0.0150866749063218,0.0182819979721626,0.0343587910968709,0.0298659924192062,0.0202632566202649,0.0252740524143921,0.0281449773082301,0.0178168595984868,0.0523292181176659,0.0101558063090089,0.0134141796258606,0.0250747244729709,0.00768613405239886,0.0152444128564647,0.0622806297645788,0.0366680780076889,0.016459234650515,0.0353736212663248,0.0157736873921997,0.0208931863742405,0.0163415357423968,0.0561567201362998,0.0397234520173456,0.0374971119211697,0.0127702935674759,0.0254496780569311,0.0553463906572246,0.0210647359674325,0.0270375130218029,0.0622097662463027,0.0158229616018922,0.0341384433873696,0.0140904211307198,0.0205370113286526,0.0530178989353051,0.0380513354318216,0.0306756889789697,0.0215572801996868,0.0339481620292828,0.0429126196224517,0.079233296206333,0.0213858248410411,0.0307389544196671,0.0177141583232036,0.061453308591587,0.0678864117815637,0.054744333650811
0.0203312268715859,0.0162492013050209,0.00889792997740718,0.0229769109193385,0.00940479652617895,0.0136872860642047,0.0536613010260165,0.0175611862179199,0.016334627222671,0.0638483209324016,0.0986853646067165,0,0.017912102543561,0.0172764246892097,0.0273355812034935,0.0132856447493215,0.0234990705382883,0.070842864875337,0.0433899342336043,0.0101575884707899,0.0304429011129553,0.0468314262019283,0.0437912294978889,0.00686384960330378,0.030094473330218,0.038454929434489,0.0483106267433754,0.0446454324417058,0.0436211905940019,0.0109635988948652,0.0168995819977084,0.00843414324440471,0.0148362901471292,0.0316412088233058,0.0284389918122072,0.0154678766567457,0.0136897084341721,0.017920817379383,0.0243623412649788,0.032032959406233,0.0249310006689099,0.0848153427034047,0.0533079769502349,0.0292911972429944,0.0100213756041257,0.0080836297519291,0.0467773974775678,0.0155554655792298,0.0111493204893086,0.0126256297397116,0.0171125313352627,0.010242575898051,0.00566628709275923,0.00570714653770089,0.0101763858437157,0.016847839789981,0.00832923521103825,0.0641552076483128,0.0338637689709917,0.0196132954532355,0.003469541587195,0.0284823574401495,0.00719895759927382,0.00488654685823499,0.00653545774331512,0.0641579729649293,0.0145960128934865,0.047468467006874,0.00981744698741045,0.142552695735923,0.0451342524170268,0.0164806043847437,0.0396143295530174,0.138005444160587,0.0122240865567691,0.0181245077870246,0.069870399791183,0.0133945534279411,0.0425771246671311,0.0403918035022921,0.0215767119742959,0.0127361080860966,0.035707438340804,0.0145045156775295,0.0232676247422746,0.0319489018794904,0.0833774762216325,0.0349738695280164,0.064765198116384,0.0952071487730102,0.0190670107681309,0.0184553554142802,0.0095266242481663,0.024690651355628,0.0307705667410852,0.0589256860581185,0.0294187000613194,0.0301434427294438,0.0255703516642142,0.0335281860863889,0.0132389244877639,0.0154442200962346,0.0235721884254366,0.0153365031041675,0.0107756838386438,0.0122861326262121,0.0266236255783947,0.0170172667282832,0.026297930925044,0.0217831726572829,0.0253237153402913
0.0117503557332618,0.0205957997699289,0.0197154411630277,0.0206695125700248,0.0187100776822446,0.0235000682793339,0.048323795399501,0.0147882230269593,0.0100885765329502,0.0611592803259093,0.0699758148450807,0.017912102543561,0,0.0226479926677814,0.0285853430707171,0.0156733373017039,0.0327671375415647,0.0710879357899011,0.0176741367775515,0.011220621354266,0.0321293417381091,0.0382673056340654,0.0386578050962701,0.0110929553428213,0.0237118583129923,0.0344303888899546,0.0315490769680575,0.00844833617892683,0.0689058947298398,0.0120355193327309,0.0178256517347443,0.0160781237053281,0.0111415582972951,0.0300077918474203,0.0518415663846334,0.0212793556544558,0.0208063418677092,0.0205362360445195,0.015143823824168,0.0340001657749392,0.0242710431778723,0.107921713934301,0.0305521799885461,0.053306852672967,0.00844368371749588,0.020783604867501,0.0540437589665028,0.0345159963821912,0.0211654713450405,0.0226672638648892,0.0256224835181297,0.013087142067451,0.0310343946803142,0.02106724196916,0.0321324137233405,0.0350472822226986,0.0113238688638642,0.0247823221325898,0.0167423896003766,0.0412639414523232,0.015408340951634,0.0286035403279635,0.0269191034129447,0.0215680887606831,0.0103666280568729,0.0343632680332393,0.0274952373075216,0.0875919546504669,0.010641039581572,0.0579684567580639,0.049261354273284,0.0228421149415265,0.0225240962471484,0.0860989411024831,0.0252534867493564,0.0128641633598193,0.0585246442241182,0.0210971962832191,0.0213329401647534,0.0359885077884367,0.0442214483415552,0.00975232851243046,0.0346015012800468,0.0198091560203077,0.0255730137341181,0.0232564499289806,0.03889712331487,0.0223891673106555,0.0630183783661125,0.0427958920942092,0.021914130712397,0.024076957752643,0.012450850206838,0.0235095762983245,0.0313235768622431,0.0527793642141453,0.0227332637378743,0.0243569846826036,0.0222674459060732,0.0259638919588435,0.0156407547825083,0.0236368629829637,0.0244874435375133,0.0222956490984294,0.0129644204741556,0.0270511454514155,0.0468300738004781,0.0222392136839475,0.0351081089216662,0.0112806160855786,0.00569285682415926
0.00700844907549607,0.0143865365361239,0.0266067710471237,0.0163550599667198,0.0197441937578433,0.0177211200132771,0.0188961884742473,0.00908649554895931,0.0362424690019808,0.0262062582236066,0.0190576090397305,0.0172764246892097,0.0226479926677814,0,0.0169905550297417,0.0271507880701578,0.0202810387541804,0.0226885793614469,0.0121189941079048,0.00946076680083895,0.0383579084592301,0.0152689233122764,0.0294584386681716,0.0229673659114284,0.030245386924867,0.0402201065478762,0.0139948307343394,0.0266262705773556,0.00654683632638721,0.0429731403286132,0.0173324529921768,0.0244715053862702,0.0456055528938711,0.00769874169175662,0.0440991128003659,0.0142586138950026,0.0113585552993329,0.0364197203964955,0.0378905292769717,0.0310619156996488,0.00820313060372714,0.017170189774929,0.0207023581412075,0.0170254698769136,0.00901084761739308,0.0126733621919457,0.0206734311846748,0.0147892529920839,0.0188846113157238,0.0044493354724477,0.00992713224620503,0.0135483772863269,0.0156924397615446,0.00871628092509657,0.0176111713098188,0.0176057211913446,0.00386960240018423,0.00524205247740823,0.00746592791633967,0.0133558338248034,0.0176920505140993,0.0104442301151675,0.011878753771319,0.0077326015517461,0.00435664337463528,0.0055419282818917,0.00849336075878749,0.0205474001588027,0.0135316934041334,0.00617207552131349,0.01326672661401,0.00829951875781883,0.0298267257523307,0.0151335765648742,0.0132361755893552,0.0137409568090591,0.00854652185430485,0.00992756278835458,0.0185640612215557,0.034125760271088,0.01282202765486,0.0154792333743693,0.0143366163747777,0.00804324792021944,0.0193506257887488,0.050290859439294,0.0115564183716234,0.0340369381213391,0.0125368743577602,0.0260073418019172,0.0389785604234973,0.0133625416833677,0.0235757736571907,0.0238496816551701,0.0177272898131736,0.0162070431908971,0.0218872801323286,0.0123613047574995,0.0264021113197288,0.0228356141740044,0.024270600152854,0.0171493364565126,0.0122916115974629,0.0122493207917907,0.0613270151185986,0.0126435909682798,0.0197021313804728,0.0107605149365772,0.0308744587311194,0.0317270900054912,0.00819725164364208
0.011213489829863,0.0118357124975259,0.035221891912959,0.0196760494491165,0.018229625684248,0.0299228679875972,0.0188559462579085,0.0177063944427147,0.0210205874055888,0.010421144989773,0.0178107790068699,0.0273355812034935,0.0285853430707171,0.0169905550297417,0,0.012418813369639,0.0255606831889752,0.0204934415753198,0.0230438053948905,0.0142876916933423,0.0155282844681078,0.0416489100419053,0.0216547842085826,0.0155704670970547,0.0258907521874617,0.0146978660982561,0.0179895074973699,0.0383160665341832,0.0442908331365933,0.0133278539937149,0.0161449539540959,0.0183304764824249,0.0486476164064573,0.0195336211812083,0.0429786694551383,0.0244326395143535,0.0335732261130332,0.0267575266667794,0.0218852808318295,0.0431210943282682,0.0166553256173934,0.0368410049983539,0.0315379363586768,0.0209671252587755,0.0107058421117952,0.0373337190650532,0.00956223112602087,0.0332370629208548,0.0249538132458137,0.0233841604082145,0.0150123728525263,0.00802550993992464,0.0207993740717243,0.0340798223157417,0.0366558043168414,0.0224610362005798,0.0217585092346656,0.0336582755143274,0.0270584686760064,0.032003347793874,0.0332789623932909,0.0204725428685931,0.0449595814636619,0.0352671535996251,0.0237475769709554,0.027122219699974,0.042729695122663,0.0284323949156203,0.0308583558897785,0.0258083595972445,0.0306747638100227,0.0270395430831117,0.0387513064998594,0.0212468016060476,0.0261728414932618,0.0326147542232122,0.0248429642098415,0.0258142987445948,0.0272725213654415,0.0167866906638782,0.0201266691584308,0.0290908378216821,0.0244882857827684,0.0265225832977871,0.0173268803561131,0.0684675176911719,0.0216336819841315,0.0243867904827004,0.0246494150862229,0.0351112643266838,0.0309028437691524,0.0182737713954368,0.0165076485648922,0.0198013612684963,0.0223717673416949,0.0320461280639159,0.0198802437781607,0.0134176619906987,0.0214618573316066,0.0132874590580683,0.0145625136853591,0.0267117306531272,0.014242383677751,0.0283789627907511,0.0298210588303614,0.0103729594371222,0.0110983305797651,0.0175423035098462,0.0240778233016175,0.0223690116808382,0.0210261597066647
0.0211877057993826,0.0270678413847346,0.0238618165238776,0.0110586146979238,0.0511547751544341,0.0124371840378843,0.0103266447778284,0.0260817522806136,0.0161161332929224,0.0338193315538948,0.0188715258161964,0.0132856447493215,0.0156733373017039,0.0271507880701578,0.012418813369639,0,0.0126591164130547,0.0268058426581826,0.0211444491762478,0.0234691319729698,0.0131142797333591,0.0100464745534061,0.00632062722375673,0.0264016817418613,0.0154719914873087,0.0190216068336329,0.0220754362673569,0.0198620918043791,0.0153745717183669,0.0233221595678041,0.0124641455752301,0.0181098080070917,0.0296602104428071,0.0216764297786237,0.0480661747420998,0.0263646440136008,0.0249523405835532,0.0108922004860426,0.025183862726943,0.0335986495690183,0.0184611777826056,0.0277703499284663,0.0163461340805279,0.0258285090094236,0.0155764569512877,0.0137584314868937,0.00900366605446522,0.0182241825666888,0.0404886925551615,0.029249070209127,0.0172949404686255,0.0179667910544238,0.021273255223183,0.0114615637637207,0.0274512856848651,0.0393821263503581,0.0184496510900373,0.0110460596559106,0.0327619657051755,0.0395599914078397,0.0294806582578503,0.0171987355666829,0.0277774190947173,0.0282895339914652,0.0244405003074472,0.0214999367078574,0.0268061883893853,0.0354901562047503,0.0166501643129978,0.00982101421684569,0.0244881282582095,0.0252959166320117,0.0109562764935402,0.0153112349221429,0.0247832479298687,0.0211768916769635,0.0203551134224719,0.0242236476625321,0.010600164294781,0.0129498032873377,0.0200289717457627,0.0273921084908512,0.00946985159811704,0.0134104757829924,0.0109994578313178,0.0307825590763208,0.0145064265318138,0.0241068660919697,0.0114059858296055,0.0406389983013832,0.0313403931752542,0.0150054187573871,0.0332327854477742,0.014214861468307,0.0209062282280909,0.0224853832256337,0.0253393826726838,0.0251231301279256,0.0170256298480677,0.0191300903384383,0.0236455015077112,0.0133935047823564,0.0186985890250273,0.0176833004683941,0.0274595286487603,0.0161341751284233,0.00977372924597655,0.0319893724513372,0.0412170158228385,0.0120703729493353,0.00826243013042622
0.012385736590733,0.02252236901488,0.0162478918755791,0.0111845409599034,0.0227868423443586,0.0223060203815894,0.0179311702865152,0.01681234315472,0.035268180254237,0.0285435999758439,0.025958197590605,0.0234990705382883,0.0327671375415647,0.0202810387541804,0.0255606831889752,0.0126591164130547,0,0.0425958799326146,0.0183098184791259,0.0137901922603267,0.0208933395110344,0.0470402522910943,0.017445360804825,0.0202617539296111,0.0304362659306728,0.0391687376269915,0.0116733285959539,0.0316149902787525,0.0130051893389493,0.0309732254632138,0.0312913336771796,0.0148742798305715,0.0348686177997566,0.0255011044735452,0.0564227715462999,0.0292861435010467,0.0253442561272999,0.0359525220814553,0.0324269126738116,0.0530351849263435,0.00701625349959399,0.0557824870716455,0.0140580194413907,0.0264292585918894,0.0067190288315441,0.0151849289815384,0.0152504880725743,0.032810092718183,0.0234160696810239,0.0199132893530022,0.0296382966317942,0.0170233120376674,0.0302597278239193,0.0222128941064886,0.040924845112156,0.0343201607582008,0.0207188440833163,0.0141941543337888,0.0133728837065371,0.0408023771376085,0.0334649845415491,0.0275068891164871,0.0383552228625331,0.0303198106376513,0.024590409676478,0.0201088386645759,0.0389478945970947,0.0294697310621002,0.0275702977871236,0.00776928418445596,0.05061728406786,0.0365458978198144,0.0252404642672327,0.0251512804660919,0.0219112185369111,0.0192906172809277,0.0260439382663335,0.0364373316810253,0.0281777394451562,0.0117720372796842,0.0178836160353294,0.0232703801258737,0.0388059607931777,0.0173520892664932,0.0230746182081636,0.0495494662628963,0.00687057015746665,0.0401783643818614,0.0284261918291264,0.0101070839488918,0.0496175763862926,0.00919872170022747,0.0273759129484141,0.0323858979744772,0.0294591463161087,0.0485504823558977,0.0318722098799741,0.0137434416370118,0.0371989550664722,0.0107819415952982,0.0255973858750982,0.0188001819409803,0.0171939627857,0.0157059122033643,0.0557226483250588,0.0129550169959474,0.0179909236059813,0.0182400476301959,0.0526236263873592,0.0347506455258539,0.021211747326911
0.0262402567246353,0.0232462081813444,0.0391059192741623,0.0379529713106919,0.0111974114160455,0.0228088780324191,0.0497901445429642,0.0226054626830214,0.0516660737707941,0.0353765914991373,0.0211565013578762,0.070842864875337,0.0710879357899011,0.0226885793614469,0.0204934415753198,0.0268058426581826,0.0425958799326146,0,0.00868571465146153,0.0283905370063868,0.0255308701481293,0.0328694848394685,0.047107791349551,0.038026971862917,0.0257403720170124,0.0187395849131969,0.0276564897714215,0.0121432673939135,0.0130495708574843,0.066552756618849,0.0464239341868319,0.0588375193479307,0.0312654490013529,0.0234187384282463,0.0496643963817233,0.0238475319226542,0.0155093900563233,0.0341343309893034,0.0350405509956408,0.0260986138451806,0.0309805282917704,0.019481170724083,0.0152780130851923,0.0164694370539208,0.0237745975346802,0.0452201899137764,0.0376183864377917,0.0324477080093771,0.0514534274579919,0.0300500724988068,0.0277488902097879,0.0212727152234138,0.0543484435150954,0.0201653598836353,0.0425239588493107,0.0492001844097819,0.0216681799851213,0.0273182303291707,0.025403675090695,0.040737271879368,0.0483027515283992,0.0301126143287169,0.0401744800499472,0.0399619756975293,0.0240898045934814,0.0190381377295248,0.0315470174337164,0.0109896152680198,0.0140023753122958,0.0316039015683306,0.0302748162158784,0.0284560777397112,0.0633950700767396,0.016414663829753,0.0160309072805001,0.013498057361434,0.0358578400391975,0.0275811087916268,0.0428568027106131,0.0550040374908254,0.0138257676368345,0.0173262146457411,0.0278612582947937,0.0155102872840831,0.0296049303942478,0.0453267754899181,0.0385563213668782,0.0323736322566682,0.0368395815259386,0.0385328538428163,0.0290717596282128,0.0244258743006569,0.0238678954141659,0.0490719262065219,0.0261748659099318,0.031661434087113,0.0238011236753655,0.0160051150691361,0.0417464012917633,0.0388792090442871,0.0414923853622099,0.0193074504692614,0.0457478931871406,0.0331031389913921,0.0653423607157195,0.0071347250820967,0.0325765674651455,0.0199175479735361,0.0592777228449276,0.0419957362707893,0.0295769233376361
0.0219448510056132,0.0161587420067019,0.0184053708332612,0.00870927323533682,0.00796803071516245,0.0162231250696138,0.0139635462450422,0.0153591093492764,0.0216874378939651,0.0584657842775784,0.0193539903679169,0.0433899342336043,0.0176741367775515,0.0121189941079048,0.0230438053948905,0.0211444491762478,0.0183098184791259,0.00868571465146153,0,0.0144948807606743,0.016884958677345,0.0243266420856092,0.0159166590646116,0.0180517371376688,0.0144026138798292,0.00989782531153383,0.013729120978798,0.0216607426498992,0.0204352109407583,0.0209114301443998,0.013233895874064,0.0154129559373409,0.0137019379678412,0.0189626555914791,0.0413832700986624,0.0223997342408241,0.0113302996710941,0.0240927848369184,0.012744940919852,0.0172384859142408,0.0113707042894319,0.0273095297250198,0.0246988581831721,0.0206428054103257,0.0177719709268667,0.0524803208495656,0.0381512595823405,0.0304422869890213,0.041280254922033,0.0240499248001623,0.0148510362538239,0.0197612712074103,0.0173928094473425,0.0301085637951785,0.0316827765517938,0.047536055802294,0.02285909129506,0.0317460832856991,0.0225324660354194,0.0324464313853691,0.0309243903737139,0.0129259116703967,0.0314935293958033,0.0321542550245165,0.0219139827018928,0.0446105138429281,0.0234127445518707,0.0369252816879947,0.0165655659493294,0.0294145356210059,0.0218030264598845,0.0151489865881947,0.0217010514345268,0.026373066381861,0.0111498232667934,0.00917658031636143,0.0284096076769929,0.0210010735637676,0.0146029147823451,0.0144576632599693,0.0222907596729619,0.0065044303893784,0.0121617031328474,0.0229381001067807,0.0126928168705334,0.0278134335180629,0.0160896105640313,0.0232490319019029,0.0226263245980665,0.0204891253017241,0.0205763277094213,0.0228448411572922,0.0219321613855124,0.00998417096025581,0.0126411017010564,0.025035736970743,0.0243386983525639,0.00821380581953187,0.00986911411554827,0.0130120397613399,0.0093180632070882,0.023201995303533,0.0135511771650208,0.0129747502472344,0.0170188306107729,0.0147941674949246,0.0126123175909453,0.0109255498079614,0.0267310767509737,0.0178751896163866,0.0239519916466584
