0,0.0317223960828583,0.0160028084246228,0.0393224630919996,0.101549435675314,0,0.0973750049545356,0.0814519949638884,0.104078320692672,0.0314060389955314,0.121292306208117,0.0634351387479579,0.147944938058754,0.124116339804811,0.126986008930746,0.0747833607369507,0.0261607175751598,0.0555023306392576,0.0840078364036856,0.0140632759955288,0.0927241477364731,0.00766374026523561,0.078184860708261,0.00141704014957331,0.0542917629126385,0.081268561980549,0.0189359600062661,0.0213389375434612,0.00439531272471619,0.049611993462483,0.00789960272055662,0.0813796141752472,0.11365360351115,0.0543354034160364,0.0354643309005431,0.154858563857292,0.0169079386919692,0.00191257277950311,0.139815580317035,0.0354647141144175,0.0289664011775043,0.099131005434479,0.119824837737421,0.0617567928364606,0.00173343866510056,0.112100220190013,0.017175490519593,0,0.0261975651384622,0.00716168014409734,0.138265885792147,0,0,0,0.025361120939592,0.0383734362449496,0.0398196046660993,0.0811942758323356,0.00118147758661078,0.0321279903930145,0.0528301284057489,0.0694297419057278,0.0213227142956974,0.0439179958073455,0.0724266807204986,0.103989736915712,0.109754519733214,0.000885795963031868,0.103214274561958,0.0571458545597385,0.0879495886147357,0.0316521829515869,0.0596541725413957,0.0365198556594027,0.0369399068011688,0.0357889672355135,0.0569639282465738,0.0573599842837831,0.12027359170664,0.0842017725823571,0.0669268208776353,0.0947481698240128,0.0274120136371597,0.0690641595566222,0.0512066254200365,0.0351456741576366,0.0471630187391947,0.0504259691977813,0.0137763618726946,0.0342592256620479,0.0801741835702537,0.168264517216082,0.193122561984364,0.0676835304827449,0.0155170003011587,0.123218160618209,0.0258668733753566,0.146202707474796,0.0128558317442344,0.109680017705801,0.0437518201961055,0.0437466418451211,0.0382977020273106,0.0523255048405793,0.0508194544450477,0.00292946471219251,0.00370979999121132,0.104768345198421,0.0861483169524352,0.0174513535109625,0.15253993820071
0.0317223960828583,0,0.100019943752526,0.144200096859401,0.0749512724903072,0.051652808632004,0.190192871497665,0.0380848337766353,0.124453461584792,0.220905895850893,0.230552747017645,0.131380715984745,0.20609114761936,0.162962196492446,0.21091490529383,0.246832310012192,0.0495826229491723,0.108866098092641,0.108664944394346,0.0345817199765191,0.194980829052303,0.055565731159982,0.213210331585384,0.042619374442687,0.107725666727547,0.192304026302868,0.208689249008718,0.07726491216562,0.0531424659379126,0.153564443875218,0.136752358234664,0.265452799354946,0.148287725207563,0.217256751286243,0.142489013703066,0.180714501071688,0.0498157450771528,0.0477259218044732,0.228968631501184,0.201678598948477,0.150464276299437,0.228430195151205,0.230031429207403,0.246740221073108,0.0230310983664354,0.208584209233506,0.262097356974472,0.0400026478730294,0.0713848288093962,0.00678950241971245,0.0832070578592091,0.0169908979896145,0.2005842128498,0.0500194942510487,0,0.0130929094723394,0.118745922001396,0.159481617919791,0.253801860747918,0,0.00306326704276239,0.195494828575767,0,0,0.121015577923162,0.1891510223473,0.190044365828861,0.133581467738269,0.216808193823515,0.177355406790143,0.172440412784103,0.0158504770275684,0.138247000433377,0.0855572152469858,0.164415808611849,0.135731913763517,0.095597634675995,0.0577946486384175,0.175856263380536,0.199942425011508,0.177110951140037,0.198606497433417,0.103787817836788,0.067748526904931,0.128754838371515,0.0200028450761131,0.0378071934099546,0.117842305861164,0.0145277070818898,0.191208687768643,0.113317838941506,0.211329436766963,0.254954019851428,0.0757111282463706,0.0942281585240378,0.190875438665035,0.128312846342495,0.202959592578895,0.0508038332138532,0.208388327738439,0.107933339152792,0.0381403210498607,0.0591357974875823,0.0701400271084215,0.118830200123128,0.0717768675750639,0.120417383209525,0.169420665887252,0.204036087550395,0.0690453144610085,0.144972856180759
0.0160028084246228,0.100019943752526,0,0.0379489587769761,0.0763263834907355,0.00518546095770358,0.0461742164089087,0.103952042902703,0.0926913007931431,0.0564314977624756,0.100852731699548,0.048912287696243,0.0704132138702841,0.14085927570087,0.11715614604106,0.0968471742547391,0.0414152929265882,0.0536097625329197,0.0514148096455318,0.10161360874957,0.0907882047123664,0.0190788073391138,0.0973075535476457,0.0615403014202233,0.122192537289334,0.0916763156336405,0.0244610856390568,0.0359377479291084,0,0.0737724436102554,0.0399105728566997,0.0776157406831941,0.0634433193736323,0.0316035698269496,0.0229595223865612,0.0779914636767413,0.0583746179132929,0,0.108525843868832,0.0208795227006413,0.0420947141941962,0.0876146249133543,0.109052918790421,0.0528841736692194,0.00371685037319106,0.0700671554676296,0.0267826842608432,0.0422268654632139,0,0.0652616868965832,0.0704410554542518,0,0,0.00124083662581144,0.00939278480058736,0,0,0.07010955985009,0.0360347873804636,0.023989197007883,0.0360745529149161,0.0630969449026293,0.0342267101263574,0.0304931258181519,0.0648028147638246,0.0941345789772941,0.106676698079653,0.00586484972566697,0.116751648908165,0.101036003817578,0.111476198952347,0.0120156317916029,0.0467475854980688,0.0605166882452631,0.0983471328815241,0.100146350892709,0.0159079879887868,0.0162294318435605,0.0929462277176629,0.099541100555886,0.106955101445503,0.0793320028182184,0.0104218136664626,0,0.0904338150038096,0.00439976569534376,0.0446539542813446,0,0,0.0785919051677855,0.0539442356698965,0.05097864808619,0.0719310401764555,0,0.0308226035888168,0.12820324943371,0.0106003332679613,0.112955451723693,0.0498675473272977,0.0792795780295314,0.0859843106781818,0,0.000250012197073114,0.0799937755286079,0.10290717905514,0.0250253920488556,0,0.143953399692197,0.108994286213052,0.0360123592030655,0.0950001771018337
0.0393224630919996,0.144200096859401,0.0379489587769761,0,0.0803364927168891,0.0782992991405465,0.030440607742313,0.140539568084483,0.0598760504816364,0.0269824354155792,0.0871137382631235,0.035490979125293,0.0867643288527795,0.136048320830479,0.0747115110955792,0.000999874678343476,0.0141146552569194,0.0257914110304539,0.0794979167999219,0.0936901476133387,0.0254827559414612,0.00647826515157795,0.0297909055930347,0.0374729051956516,0.125725389471997,0.0224633948620929,0.0781076132243937,0.0191333602400687,0.00177196069021647,0.0536654631579669,0,0.0175261999029509,0.0604280876047491,0.0318562788574471,0.0165573602719528,0.0563246874203525,0.0754772820552667,0.00667264733992773,0.0604585315899929,0.039000660686625,0.00475937635753459,0.0402048646664901,0.053938460993915,0.0213213466786435,0.00685840375086348,0.0405424585200576,0.0560871015702646,0.0126015439281488,0.013667713990666,0.159525255876046,0.0963862072269842,0,0.114651942040162,0.152456344346311,0.139260163397717,0.0866456617548254,0.0325283342494906,0.0067461583910135,0.0380725497727133,0.152799798805574,0.145069744368354,0,0.167485234885386,0.145504450307888,0.0166252718404835,0.0629637091865351,0.114995690960233,0.124804614170844,0.0900269227848072,0.0974219225390709,0.145381677974893,0.00166346120078134,0.116812804967302,0.0633885010481585,0.113397494300549,0.115748611279047,0.00466019315277937,0.0376944602710425,0.0897363700272235,0.0939461047087611,0.11051016727432,0.0798447679424965,0.0814303017810881,0.0135317080793702,0.120270455291393,0.0461588313387183,0.0884734879744865,0.0193230547218631,0.010554131468428,0.0154129747401773,0.059440977604902,0.0664426707535371,0.0745101528251331,0.000273630999025535,0.117420002816049,0.159237909123182,0.00437219704411662,0.107377696200006,0.0228360579073842,0.0435779896908817,0.0785107161175017,0.0178516181009646,0.0389407635023372,0.0869356055906447,0.044894218620456,0.0851303211380674,0.0293949114407591,0.120820260387505,0.0552729569877189,0.0446104131385695,0.139049140228478
0.101549435675314,0.0749512724903072,0.0763263834907355,0.0803364927168891,0,0.0878203567512111,0.0513290357304277,0.101076477038138,0.0115413175538972,0.105417537745287,0.077107093375666,0.0256418893779775,0.015485002375169,0.0389991233278931,0.0673449126474919,0.0923008355786742,0,0.0427245964980665,0,0.0650836177582787,0.0819576751063308,0.0258162920897761,0.0697381037619004,0.0232147331349328,0.0614870884990728,0.104797616098132,0.124777935178298,0.0264477045308683,0.0616616395894207,0.0070912475343168,0.0373943076631527,0.0852875968278805,0.0136713268021715,0.116109072880618,0.0800684756929633,0.0455035217252638,0.00262447383201179,0.0398645202028877,0.0649788462685295,0.104155580796527,0.0248585381110658,0.0773253054360703,0.0609600711761453,0.117320236144625,0,0.0738937113160368,0.138791340983206,0.0190796172048343,0.0540458923498185,0.0519021264753332,0,0.012161705972283,0.112887841293434,0.0740060378028225,0.0370140823770774,0.0239207481324945,0.0984341865565416,0.0698534289565813,0.0963748341268114,0.0350508359789755,0.0188249452740891,0.0668277562404754,0.0486849544018594,0.0209364323339209,0.0110845542774244,0.0162183716370953,0,0.105050457036133,0.00685966302623365,0.00513800667355266,0.0169598445649927,0.0114351427609588,0.0777644767264761,0.00786056731230418,0.0178842814920037,0.0273354917842236,0.0555415769257251,0.0313158065909135,0,0.0242084847240133,0,0,0.0919903333216398,0.0620737334639098,0.0238780633779176,0.0435513507784233,0.0558219431196847,0.0938721578392571,0.0407229436735501,0.0199038964314044,0.0586788670172474,0.0406611048039102,0.0763071318067208,0.0752906425756033,0.096335104475702,0,0.092725805710932,0,0.0596540706306135,0.0760643199658401,0.0415774388532461,0.0489246454664256,0.0849901440980309,0.0727566350867093,0.0447271471565491,0.0758312462943672,0.0677899847434554,0.0596655600996994,0.0933777134195362,0.0284832850715368,0
0,0.051652808632004,0.00518546095770358,0.0782992991405465,0.0878203567512111,0,0.0817697414132556,0.0569442808287787,0.0498054334851915,0.067681222579126,0.111438424941844,0.0730174272119496,0.0904563393716225,0.11093301525362,0.118962644424871,0.103823066694966,0.0310136509954447,0.0548990436164982,0.0394876895106227,0.100912941340779,0.0752716018648228,0.0191957960513978,0.0955137857101626,0.0602353117954193,0.106208835500028,0.0713356943814224,0.0774517361541767,0.0203252400734769,0.00543301775452074,0.135134863602539,0.0368266836756601,0.0891672186522918,0.0770648501697796,0.0781680178406808,0.080539510164508,0.114700964198481,0.0546732940350382,0.0206746526276273,0.119518357314583,0.0843107026055164,0.112630332046502,0.0993151420095195,0.105080791943998,0.0886044474948485,0.030528511936249,0.117859439122637,0.0900161512806,0.056324535712502,0,0.064483284954777,0.0696662097222071,0,0.00700768396865789,0,0,0,0.0262986273969441,0.087246546038597,0.0801760149559217,0.0217793543202289,0.0440351009678251,0.153006562999355,0.0342463322521241,0.0355225116269847,0.103329516102628,0.163205542096313,0.172570798535264,0.00155878004878789,0.192513875578047,0.169583949517359,0.1652284980616,0.00364362224770333,0.0735904316110399,0.104771125905272,0.144927962441566,0.145096406724204,0.0389487358154829,0.0207084401191304,0.153981230837112,0.140444856331426,0.156499580758196,0.110525152404837,0,0,0.131252421798028,0,0.0510653422724477,0,0,0.0813069162391834,0.0815022297174372,0.0773831604768941,0.101097017244225,0.0215526463021046,0,0.165251983154228,0.0556122894168665,0.16282389557522,0.0619273954761906,0.08931513152125,0.140543683189975,0.00115864400251443,0.00196233898673671,0.107605565536862,0.101832099857447,0.0153578078441041,0.0268902693527609,0.110083981398088,0.115893210028582,0.0344495691257642,0.117657505669641
0.0973750049545356,0.190192871497665,0.0461742164089087,0.030440607742313,0.0513290357304277,0.0817697414132556,0,0.209460241678678,0.061171773092216,0.0549205399347558,0.0121484958356916,0,0.164782751103705,0.179816920275423,0.0652194188411562,0.0195721265000018,0.0282897892606421,0,0.148289279914792,0.110323271242568,0.018505565211068,0.0560459005540417,0,0.0531715125749371,0.174755962164648,0,0.0971587487110928,0.0116661118637843,0.0919094061868279,0.00846280993515633,0.00834386473793501,0.0240945163647864,0.0663977221390541,0.0726802388566875,0.0263128567438482,0.0361409941218973,0.120201553442733,0.0247514926002483,0.0110663265718384,0.0819726417759412,0,0.00694978283700051,0.0153722754835072,0.0759573430295179,0,0.00700508958295615,0.137303707313711,0.00624779005236075,0.000477969582208297,0.17009261025668,0.168342162217693,0.00786433742121056,0.169114283213607,0.232299445102843,0.222761252351937,0.204880657538225,0.137249144851502,0.00392072791252149,0.151749639588207,0.210333659665077,0.200842456852065,0.0229670645217762,0.207105285210079,0.207117564218758,0,0.00279618485834741,0.0869420067135453,0.152196451948988,0.0252589262375625,0.0444052708696901,0.110096829628083,0.0620942633762016,0.109605623557981,0.00892798327151243,0.0663255201699619,0.0824366206165993,0.0201586153186744,0.00713316992690744,0.0785005721728656,0.0637518614097811,0.0671646368138684,0.0397662314756331,0.0706796812636461,0.00498213275001155,0.0759790381906933,0.0370986277968393,0.0434375795084002,0.0474289473512758,0.00956334612522339,0,0.00573637040151827,0.0777784420012725,0.0469284279978695,0,0.152270642676323,0.178629801827732,0.0364246533033457,0.1280770765448,0.0173297449936369,0.00509372948419575,0.00916358131493894,0,0.0209042038320451,0.0496826845624204,0,0.199843385643931,0.0577435917498426,0.0787093546179089,0.00554850550816135,0.0189880435840469,0.260933102507587
0.0814519949638884,0.0380848337766353,0.103952042902703,0.140539568084483,0.101076477038138,0.0569442808287787,0.209460241678678,0,0.143499596934457,0.189116713693872,0.253471589759406,0.146962761746457,0.221863477571904,0.239909501503173,0.219176968749847,0.238237650533167,0.0120938465005404,0.111785870750779,0.103846332299959,0.0275538655821563,0.19952488444079,0.0590073636248746,0.201248890750381,0.0074374634133348,0.0677612724059519,0.218946936061216,0.189169836771192,0.0507700841996011,0.0762154751149822,0.129526310605591,0.108307957128352,0.253125324558001,0.179621878728455,0.236097308029884,0.172717548977223,0.228894896358518,0.0164066473074395,0.0619897176580536,0.262865117573031,0.215840465165035,0.144039844652459,0.243479807342992,0.251300482331505,0.254992238434573,0.0186579946652895,0.248166314330121,0.264171956120908,0.0440405769263137,0.0759533854995164,0.0226883676913394,0.123842231843922,0.000165132422314017,0.157075897934865,0.0347058973855468,0,0.00274779645375431,0.156692914372443,0.18952263815297,0.201893588944511,0,0.0115347864938443,0.202923134825425,0.00961119325011599,0.00134239855358934,0.145775560960006,0.189995243489957,0.186580689460416,0.111762357350065,0.200088241339565,0.134174025508785,0.175922557195552,0.0115332353977019,0.138235739865179,0.0905544642680128,0.103001230350222,0.0882214787009379,0.127767521514798,0.0535474135545333,0.175040418437045,0.185508642048663,0.123909908762892,0.189658850043644,0.108294089417546,0.0774310161707832,0.081111293914053,0.0330293078879187,0.0338759558585114,0.136944804600844,0.0246883851867262,0.157189866281469,0.127371507529648,0.226379988414622,0.283853039183392,0.101270838613864,0.105711586810234,0.17694710547639,0.119309587547028,0.207342591262,0.0279845413686174,0.232159943254421,0.0902895421232833,0.0494536345902433,0.0636792228363593,0.0523676569511375,0.125347720443223,0.0510762346501819,0.0955036038289632,0.181395607796848,0.219375172140583,0.046262836297446,0.168141858508978
0.104078320692672,0.124453461584792,0.0926913007931431,0.0598760504816364,0.0115413175538972,0.0498054334851915,0.061171773092216,0.143499596934457,0,0.111495824773053,0.0767775265230698,0.0663811075922711,0.0273236303351993,0.0696551105542583,0.0529382742060103,0.121385849344035,0.00330278598239763,0.0447913956532266,0,0.0621648398192963,0.0853084275831664,0.080169997776173,0.0698917376299445,0.0166369058614374,0.0535632118320489,0.0899382978518551,0.120880311112668,0,0.0816921084530851,0,0.0148426259665897,0.106025250843161,0.0279239353528241,0.109626566926257,0.0533537767838346,0.0737917965360887,0.0471871989621522,0.0176970773710642,0.0915044602406265,0.103585955477367,0.0103831799189834,0.106235494233708,0.0903599523385023,0.112834907821827,0,0.0660793670886386,0.130274051129364,0.00543493396616852,0.0175559695777524,0.0861942485700469,0,0,0.115442557506439,0.0746378984538346,0.0302819965953613,0.00427573539353386,0.138002627490836,0.0897609363963713,0.0962263261238309,0.043992509220866,0.02884033249869,0.057053654154835,0.06522029165799,0.0303461580471576,0.0266863975890225,0.0273900955473897,0.0217492580026522,0.117006463050295,0.0184812560894752,0.0301027671184749,0.0436099914691956,0.0663591268727582,0.0499340991797792,0.0287588930309878,0.0449316794374037,0.0595417143718305,0.102968898084007,0.00230255610854841,0,0.0086096357682447,0.00620694988968392,0,0.109699527918533,0.0213514676125695,0.0357543796111257,0.0331831477957084,0.0341601696549093,0.0834774964029062,0.0254528326482623,0.0185995488418476,0.0107798090124949,0.0156002724833873,0.0309890017081554,0.0498669849086782,0.128949041523509,0.00414931555172911,0.0584751597182007,0,0.0219332517047395,0.0746516974088805,0,0.00671111487431605,0.0294135138209079,0.0226636186979407,0.0279580832273195,0.0960073941223565,0.0706071048459164,0,0.0732935455977435,0.0105673478114364,0
0.0314060389955314,0.220905895850893,0.0564314977624756,0.0269824354155792,0.105417537745287,0.067681222579126,0.0549205399347558,0.189116713693872,0.111495824773053,0,0.113372244115659,0.0372293996727059,0.13094311145679,0.220850112159898,0.181336494261083,0.0664689131848383,0.0368863530427177,0.025033541830652,0.120352920077219,0.143525367166606,0.0530672933290678,0.046968134425538,0.0576108177693979,0.112451152323699,0.200747496323102,0.0233349022563135,0.030836126477884,0.0400638597229276,0.0208885402384569,0.114586525509628,0.0489860536773996,0.0530665088680183,0.0655294736948951,0.0328705812624502,0.0477019850772449,0.0859245813745666,0.10932948779958,0.0258472645902663,0.106918655467286,0.018247330118963,0.0552012296598604,0.0754509506357192,0.0915997824711433,0.0388107290649231,0.0232440052355353,0.108154025809532,0.0011546721470596,0.0441026189000539,0,0.110803769278751,0.0872158432893688,0,0.0235759717824465,0.0609728712977688,0.0616745616283216,0.017929018952264,0.0398180229541686,0.0229894044011857,0,0.0900572098868954,0.0939332322694481,0.0357388516961032,0.118649119499166,0.0865971002584338,0.0510012070522379,0.0978660400082336,0.138970607407012,0.0756530086513142,0.127082852889296,0.141904151142903,0.125819042373923,0.0700257278575829,0.0640181192833289,0.0870723805331516,0.138798084353996,0.148976545230867,0,0.0744762965339566,0.114384621386662,0.103136935654332,0.140907747686571,0.116838480430979,0.0341901202579103,0.0526104478301851,0.173202499745593,0.0967622245041342,0.127713647729984,0,0.0471635995476806,0.0274514194109345,0.0416932539112355,0.157325661511057,0.150918275593362,0.0212732911901785,0.172895953735361,0.144442306081288,0.0348096912676462,0.120556701168335,0.0315106180902911,0.0670298783810139,0.108869056448208,0.0550434811090901,0.0836650764753779,0.0782431095272581,0.0407640290400878,0.0944646161382322,0.046352840294911,0.127899283138682,0.0638009777980243,0.0523813895961187,0.151187162090502
0.121292306208117,0.230552747017645,0.100852731699548,0.0871137382631235,0.077107093375666,0.111438424941844,0.0121484958356916,0.253471589759406,0.0767775265230698,0.113372244115659,0,0,0.0399678982271959,0.226853269642781,0.043379303083652,0.134204824018154,0.0172527853503531,0,0.130548221116056,0.133259566450499,0.0259067167189236,0.0818319167621072,0.0336591786755901,0.0573030343585116,0.175292228909082,0.0354919460697445,0.172935746429352,0.018258268602841,0.0894570387899943,0,0.0191836441852223,0.089148050494175,0.00168747261436854,0.146777666648516,0.0783404685565374,0.00263535601206651,0.1064673971639,0.0545804376298691,0.0202675886940954,0.156861335525753,0.00924762578822339,0.0665066695567183,0.0192609462669166,0.158132671805972,0,0.0456136715357099,0.222627036757792,0.00377444976782964,0.0177513738147918,0.189701108172312,0.0642387552776293,0,0.226308260531202,0.223877413333287,0.17542333797956,0.120215503794823,0.15674331129845,0.0459935783859979,0.188918681848648,0.179222067069252,0.158205243514032,0.0528940291738471,0.200260229584652,0.160733846292792,0.004321147301642,0,0.0547402360040702,0.19032914221566,0.00316448060430185,0.0395549917540229,0.0935729748669101,0.0593521168969284,0.104251459420731,0.0247944970391639,0.066321435241453,0.0955275727170628,0.0473239770188618,0.00110354856029493,0,0.0147876423737027,0.036632924741039,0,0.119099085253453,0.0132575571995208,0.0833215150867031,0.0511190753757675,0.0578588475577649,0.0829811344357987,0.016139305404151,0,0,0.0154303020436724,0.00215161281493337,0.0189518193562373,0.191748337519694,0.114900801282551,0.0639090549645379,0.0147829715245679,0.048337138573546,0.0335053787558247,0.0295830225104464,0.00193821878092399,0.038272732641212,0.0848871346443341,0,0.200774334858942,0.101818563821262,0.0945018500538053,0.083779151899527,0.0541233917428775,0.116707833209686
0.0634351387479579,0.131380715984745,0.048912287696243,0.035490979125293,0.0256418893779775,0.0730174272119496,0,0.146962761746457,0.0663811075922711,0.0372293996727059,0,0,0.0314695302821978,0.127462889120127,0.0220953951533848,0.029720912964236,0.0170550657648613,0,0.107455902492776,0.0888307082199636,0.00988202597869552,0.0527345700740507,0.00744092696046918,0.0609022118714859,0.141199731185048,0.00204742777284894,0.0863140118354144,0.00807364033159906,0.0903317053897581,0.00234218194876571,0.013553902936795,0.0214567232384164,0.0291330918413204,0.0564421484795276,0.0356412533018374,0.00935191388965884,0.0933415120889111,0.0347654882639026,0.0085121653419882,0.0667503317849982,0.00302077103375408,0.0169069862669259,0.0138203816563278,0.0555843001468312,0.00534862791041464,0.0181760529515056,0.106471143051306,0.0336517649686483,0.00340859189099308,0.112658302966232,0.0736807827796399,0,0.112603940001531,0.12874759702233,0.114499778036282,0.0801481545690141,0.0879900612544265,0.0159940466566282,0.0802658762459249,0.111014643941444,0.100127858076928,0.00657870173113234,0.122503261795609,0.0984250871816119,0,0,0.0192008802038098,0.126665091754194,0,0.020716263021075,0.0401941055051139,0.036837061922485,0.0535125941714299,0.00115399089618194,0.0355898222930229,0.0536769863109983,0.0239507073950233,0,0.00494376792477113,0.0159456895171542,0.0158997225393978,0,0.0648789174279392,0.00410115895471273,0.0446102904704552,0.0340833253270334,0.0300477960922505,0.0345951072575017,0.0158547465708188,0,0.00283093895932311,0.0133192469068796,0,0,0.101119765191195,0.054013207867025,0.0435449774697098,0.00794134614422764,0.0110573094073574,0.00284745682753298,0.0125863093052321,0,0.0100421628873548,0.0206684105909333,0,0.0992350567782028,0.0776615638993627,0.0661853765311065,0.0211515863358389,0.0177650523193701,0.082357328976709
0.147944938058754,0.20609114761936,0.0704132138702841,0.0867643288527795,0.015485002375169,0.0904563393716225,0.164782751103705,0.221863477571904,0.0273236303351993,0.13094311145679,0.0399678982271959,0.0314695302821978,0,0.157118748340293,0,0.113862819059127,0.0432164603185618,0.00555382915140986,0.134257629180466,0.0880079221020771,0.0330900832834757,0.0960904235395014,0.0734101476296956,0.0241748273118358,0.149006576185316,0.0228967594154654,0.152813304473362,0.0286488267064064,0.105014369404171,0,0.0496005571049865,0.138736682168772,0,0.164946851355251,0.123977789562903,0.0365989311959867,0.0949830430002878,0.0830340662551715,0.0914262351862771,0.167253603418704,0.0592549475249237,0.134046981973747,0.0762096648088917,0.186417652294938,0,0.10326378724069,0.233774807894512,0,0.00477214706179991,0.156039454177575,0.0560278443346757,0.0124573561747775,0.229867182590913,0.253989202117904,0.208390471564827,0.181083167074295,0.177401316992928,0.0883503218037171,0.231212404973895,0.192439617149199,0.162908967059477,0.168812438840075,0.196881413875206,0.168705374804236,0.0586823820881606,0.0819589908647503,0.0331210658451857,0.183087849622183,0.043788633983515,0.0062510207517339,0.0500617946238331,0.0693414762268774,0.0864659133949722,0.00598239005717188,0.0117560384877635,0.0386085532899701,0.0514084457431969,0,0,0.0321397600525316,0,0.00644210260373989,0.0949138616236382,0.00748514215962557,0.0181415637726026,0.0259576316452279,0.0216200716067072,0.112226960248846,0.00011962938440779,0.0509083709216074,0,0,0.00914431060805804,0.0326589152251476,0.18364626780709,0.0550089919593078,0.0752185761133937,0.0141014712148506,0.0341498598719997,0.0949981958875221,0,0,0.0176459965904102,0.048348322363354,0.0128923042307353,0.198907146552025,0.0844664719280842,0.0327954712871593,0.0776558481280286,0.0411455385802367,0.113649824848307
0.124116339804811,0.162962196492446,0.14085927570087,0.136048320830479,0.0389991233278931,0.11093301525362,0.179816920275423,0.239909501503173,0.0696551105542583,0.220850112159898,0.226853269642781,0.127462889120127,0.157118748340293,0,0.171069250273536,0.241315142635525,0.00516397106579131,0.0885392911818281,0.0142925102969495,0.0736582807873803,0.169159612738338,0.0995873967870223,0.186295359500425,0,0.0525658871446288,0.18668257829926,0.218035823949759,0.0337987932551853,0.105041902329662,0.0768419960536315,0.110106013832632,0.254806232618237,0.117413868465833,0.256715347914876,0.200715483118799,0.182234755523447,0.0332116688907326,0.0860803099414402,0.234463076794326,0.246559755537288,0.137215603311595,0.235302512337652,0.227365833140646,0.259516092290389,0.00533418746909829,0.234677142963035,0.295612795756527,0.0267862874129732,0.0662427829495658,0.0596126495705183,0.0403191322544745,0.000394800556956387,0.223224207703749,0.135662453350047,0.034051709431261,0.0422016352143428,0.19175090096454,0.178146458612411,0.240048100947017,0.0385277738974715,0.0144994368164198,0.20387681205435,0.0623414343443136,0.0156398751407946,0.127826535974861,0.173807816035394,0.167480948720775,0.163897477515772,0.172247896354651,0.108527813466056,0.161559423096022,0.07392842092936,0.0984134673736064,0.0804364101903489,0.0667571062635273,0.0625961301126572,0.141334890439558,0.00319183760423494,0.109901952824284,0.149183322422927,0.068725478492664,0.116179243610331,0.132925987279503,0.0552460136759796,0.0355442008259205,0.0386121990693142,0.0078206779234116,0.130088286275436,0.0216479387034316,0.120573152795343,0.0898166764759336,0.122327458164516,0.209183645835455,0.109079395462105,0.172484858870741,0.141260416337815,0.128365397671133,0.158367327309948,0.0794206512201185,0.188359579147803,0.0443271215401197,0.0225422039054414,0.0516914634624556,0.0969818946415573,0.107967292211484,0.176793774149347,0.129306295078204,0.1226120133041,0.189083347414416,0.056185963512539,0.0648289419970616
0.126986008930746,0.21091490529383,0.11715614604106,0.0747115110955792,0.0673449126474919,0.118962644424871,0.0652194188411562,0.219176968749847,0.0529382742060103,0.181336494261083,0.043379303083652,0.0220953951533848,0,0.171069250273536,0,0.0921010760571062,0.0139358651797538,0.030683884700474,0.00970734730570522,0.136955263439067,0.0474089413975109,0.0957840122500448,0.107716749056386,0.0397554141544473,0.112581837724447,0.0760517113408591,0.167957363199476,0.00973318450887127,0.0794269275395882,0,0.0609964800439964,0.116861656495043,0.00763768804622447,0.175369504491434,0.140959308092829,0.054155732424955,0.0599058501800857,0.0741812216771655,0.0799312306312145,0.181344059612098,0.0785534005284831,0.104339012240329,0.0715489776879536,0.16897261385472,0,0.127018229613998,0.214832251544241,0,0.0451447959447061,0.0870916556015948,0.0281668822628505,0.0114497423468716,0.194522441240521,0.180998153010635,0.114363905522501,0.100976518095347,0.143899434204937,0.0813472378859801,0.188289812203057,0.109286245981042,0.0796713978893438,0.144458325417904,0.125578543795458,0.0832777048445719,0.0388466930167842,0.084033056701157,0.0751616589125966,0.152034603867428,0.0956993464798409,0.0471522826394748,0.0595103658293627,0.0856353316022636,0.0819961435716169,0.0165422879734685,0.0272454516272363,0.0504266052289841,0.0676626706856364,0,0.0520993263007869,0.0712814608150552,0.0402427934467051,0.0570156229914724,0.099390564796103,0.027356573495665,0.0631765029979955,0.0658062043405058,0.0603869680620396,0.0561991844879367,0.0167343460271655,0.0712528061319614,0.0265470975773156,0.0254139884243194,0.043345856683953,0.0662371363544907,0.175133554152972,0.105774247571974,0.086361090642659,0.0756238000941477,0.0907316474869385,0.0630146742785946,0.0175036773935949,0.0256308534183088,0.0615935286858638,0.114869149696579,0.0591189048141159,0.224686910012868,0.104299199503975,0.0703456522217918,0.0798299710553761,0.0578105128266812,0.0343061846361108
0.0747833607369507,0.246832310012192,0.0968471742547391,0.000999874678343476,0.0923008355786742,0.103823066694966,0.0195721265000018,0.238237650533167,0.121385849344035,0.0664689131848383,0.134204824018154,0.029720912964236,0.113862819059127,0.241315142635525,0.0921010760571062,0,0.0264880363347191,0,0.14815131997298,0.147355012306355,0,0.0755854811246294,0.00574820814119281,0.087199005145886,0.21597179431057,0.0104149509883721,0.130494265981579,0.0255652477820468,0.0561797855163827,0.0501769077671591,0.00339300235070333,0.023081582075642,0.0521877955795789,0.0691467028187926,0.03365913490324,0.0380591477071311,0.137912619417808,0.0265570615289141,0.055990059538432,0.0805503557624147,0.00241254658365863,0.0339125466090839,0.0563416913674629,0.066529582711679,0.0100082245710676,0.0381225520122282,0.132143275297339,0.0132775341480956,0,0.200150320103184,0.0908962488942746,0,0.16848813505078,0.194282113851517,0.15902040107255,0.0909688780271054,0.118823716108999,0,0.08411417215367,0.174482471258304,0.161612723523777,0,0.198026232262379,0.158320150762986,0.0162580632258703,0.0340752102484844,0.113642484728126,0.209788976865398,0.0614165054715359,0.106995267955855,0.145072878690079,0.0663356350256731,0.0962246360225089,0.0681514812779364,0.119486178964213,0.146653055510519,0.030816167851817,0.0285183760995614,0.0514139601994625,0.0504702090383325,0.0974421157113792,0.0576998896801462,0.127496094085547,0.0188375950036294,0.142645607898432,0.0750665111047638,0.0947579158241721,0.034477515327179,0.0218729625293828,0,0.0017246538035628,0.0738031879364757,0.0702543509938135,0.000286245585921719,0.213581456967989,0.163664765327152,0.0338787718556126,0.0764184540591599,0.0282437259306977,0.0350164652692322,0.072589553953695,0.011711176979821,0.0460264901213217,0.0771586392950187,0.00430577951342026,0.173242416869321,0.0767763061434132,0.134076569204902,0.0248361696499521,0.0577365790537574,0.162438290024909
0.0261607175751598,0.0495826229491723,0.0414152929265882,0.0141146552569194,0,0.0310136509954447,0.0282897892606421,0.0120938465005404,0.00330278598239763,0.0368863530427177,0.0172527853503531,0.0170550657648613,0.0432164603185618,0.00516397106579131,0.0139358651797538,0.0264880363347191,0,0,0.0342118455693242,0.0256338114295324,0.0218694934133505,0.0194034950990009,0.00595174099485108,0.0136642179243652,0.0211717955450846,0.00838457254365294,0.0284303446096612,0,0.0105254485067103,0.0583183057873591,0.0297771639966633,0.0360286394415112,0.0373459092823183,0.0189996328781987,0.0231091299487707,0.0372692789818773,0.00820827610370297,0.0235638829064075,0.0374266555262104,0.0128446093702041,0.0260472996668322,0.0296740765435037,0.040329639420639,0.0160919955261388,0.0116630947289875,0.0264220530676701,0.0270214505533956,0.0740001565244794,0.0130247648775619,0.0628894636909744,0.0505393192838846,1.32135022460663e-05,0.0522438441928968,0.047990511368788,0.0490232191851299,0.0270198671897016,0.00937975743236219,0.0159819841527584,0.0225951454569098,0.0581272734246352,0.0602698704883608,0.00971339587220563,0.0615252784498702,0.0636649730168123,0,0.0320649168168882,0.0679341344275681,0.030673064086664,0.0475594717292305,0.0698145424914629,0.0521114039461405,0,0.0458883696348151,0.025671354932047,0.0878847270681254,0.087005012997807,0.0364381193192036,0.0477546513543889,0.0935522341099535,0.0345822268592619,0.0919000130770946,0.060661045694056,0.0501716685659773,0,0.097820196348739,0.0332870669410614,0.0740689960821471,0.0310624551872718,0.0279313859490811,0,0,0.0295385723154377,0.0370485461567791,0.03126467407318,0.0583758541331589,0.0548421262485439,0,0.0703073434380655,0,0.0158184595892312,0.0932491385892151,0.0554133527220027,0.053826067918711,0,0,0.0296524909422857,0.0214448779649086,0,0.0108069257658768,0.00182626858137018,0.0671844400602544
0.0555023306392576,0.108866098092641,0.0536097625329197,0.0257914110304539,0.0427245964980665,0.0548990436164982,0,0.111785870750779,0.0447913956532266,0.025033541830652,0,0,0.00555382915140986,0.0885392911818281,0.030683884700474,0,0,0,0.0400172995039295,0.0798953152019228,0,0.0208544641526662,0,0.0314924113021502,0.0896590898227451,0,0.0471349662172425,0.00250332088725945,0.041677789205639,0.000455002271940349,0.00121777168980056,0.00618861527318528,0.00904600652619113,0.0213475165981923,0.00642899847880406,0,0.0366579113436466,0.00212353273763235,0,0.0220894981151618,0,0,0,0.0202720534927364,0,0,0.0500888139290115,0.0232889212077278,0,0.100977105721708,0.0323361662212272,0,0.0674908412706918,0.0746329444148849,0.064856331507921,0.0340303314638131,0.0503961057442759,0,0.0365907774242456,0.0667364884743319,0.0596950747339229,0,0.0809883106278173,0.0586294482348542,0,0,0.0129982774082356,0.0945851747936409,0.00322601891552323,0.0285220016573863,0.0403359223698844,0.00677656986553804,0.0455109138056723,0.00795315920341613,0.047032214081593,0.0628263816096882,0.0208180528381992,0.00440319053969149,0.0140364054166011,0.0164237253899157,0.0309718463831424,0,0.0881228397348904,0,0.0437526869611096,0.0134018236616094,0.0451685734263613,0.03382442633687,0.0199680314827289,0,0.0144710125291568,0,0.000169464004591559,0,0.0908282536267154,0.0536752956444284,0.0281266925740625,0.0111886228484173,0.0132208540440253,0,0.0438478080748873,0,0.0200792616991261,0.036107708970748,0,0.0573863533131055,0.0718657000412128,0.05780058762457,0.0109006068946778,0.0151383425982974,0.046992809804087
0.0840078364036856,0.108664944394346,0.0514148096455318,0.0794979167999219,0,0.0394876895106227,0.148289279914792,0.103846332299959,0,0.120352920077219,0.130548221116056,0.107455902492776,0.134257629180466,0.0142925102969495,0.00970734730570522,0.14815131997298,0.0342118455693242,0.0400172995039295,0,0.0220923783580037,0.0741832440080573,0.0669375253750706,0.093276144003546,0,0.0520595006562807,0.0496144108037903,0.114381368271864,0.0152357017018498,0.0924610158868187,0.0347385026660229,0.0642769376821763,0.155769966100916,0.086096430998635,0.138609540253153,0.122965485755652,0.0935402334955239,0.0372632904580112,0.0900122185217148,0.123504829515059,0.134862198618358,0.0987133833105748,0.142239922984263,0.126414452009239,0.14895167482564,0.0476193430390177,0.109665502210657,0.186536325336827,0.0119084185592896,0,0.0690451009674893,0,0.00579654559742308,0.143462969811922,0.113381381871414,0.056743729735898,0.0506500161021963,0.14631894431364,0.123193330311394,0.175361604632356,0.0615890502882674,0.043591999343047,0.173245472435441,0.0643803574714103,0.0476469950539884,0.113000041013191,0.118933032554352,0.0560587376166241,0.124293910390004,0.0843420054989403,0.0350091607457468,0.0666466859735451,0.0516987103690791,0.0141109280962465,0.0532849133260424,0.0124999029748759,0.0224436814672763,0.0873502238028133,0,0.0313397005389838,0.058436427793523,0,0.0310587137209108,0.0673362837489941,0.00374074268304006,0,0.00402754698800212,0,0.0760080687232169,0,0.0746283253003394,0.00213617070063287,0.0191880812236834,0.0758472393433834,0.037313150704231,0.121572942327776,0.0202530606818855,0.0634126046908259,0.0517265989093685,0.0118512715889217,0.118983269348171,0,0,0,0.0163836509198611,0.0407443611068486,0.103212814591545,0.0611570646071203,0.0117186140614661,0.0881872667011451,0.0185753587844152,0.0207966165844231
0.0140632759955288,0.0345817199765191,0.10161360874957,0.0936901476133387,0.0650836177582787,0.100912941340779,0.110323271242568,0.0275538655821563,0.0621648398192963,0.143525367166606,0.133259566450499,0.0888307082199636,0.0880079221020771,0.0736582807873803,0.136955263439067,0.147355012306355,0.0256338114295324,0.0798953152019228,0.0220923783580037,0,0.118929918755862,0.0314288124117021,0.140975735833149,0.0176266923637518,0.0233787986370905,0.122084708362577,0.154270229694216,0.0362125377589945,0.0655276579069479,0.110935203766551,0.0803151008175491,0.148984754030215,0.0786248379908695,0.150982440507788,0.111194275331445,0.136015710931712,0.0153398380218723,0.0368804386110947,0.152215612658329,0.155493874412839,0.118151358047909,0.144916574692075,0.142870322612769,0.153121632323285,0.0108756090201765,0.147139162093223,0.181703219239345,0.0333404109239174,0.0138549164039118,0.00410795281674946,0.0429784670354559,0,0.108514327742536,0.0398330640191964,0,0.013209541052152,0.107488192218463,0.126728493554604,0.173831910316994,0,0,0.172498185228713,0,0,0.106030547625874,0.15669260126437,0.154214377140197,0.0888492656029477,0.174761739834398,0.125007864415498,0.138723202406092,0.010122088161101,0.0686096690215883,0.0772658316982384,0.0980805456658077,0.0948782618958319,0.0862555954387866,0,0.128807924454638,0.145603713837232,0.106372022929059,0.0997705799014763,0.0666317228283521,0.0154374517297673,0.0664110719911513,0,0,0.0311145950553388,0,0.113414580490544,0.0838285341063186,0.0734659185694917,0.113559548583195,0.0386864715784574,0.0664405828897369,0.135569327922166,0.0853579598208967,0.142973042719866,0.0597792485209082,0.118379856254768,0.0978465202657771,0,0.0033123521949589,0.0842948049793372,0.104725396336008,0.0664213607264811,0.112067217979556,0.107010757936448,0.139562893180599,0.0331073744697934,0.0724790730879347
0.0927241477364731,0.194980829052303,0.0907882047123664,0.0254827559414612,0.0819576751063308,0.0752716018648228,0.018505565211068,0.19952488444079,0.0853084275831664,0.0530672933290678,0.0259067167189236,0.00988202597869552,0.0330900832834757,0.169159612738338,0.0474089413975109,0,0.0218694934133505,0,0.0741832440080573,0.118929918755862,0,0.0799584642368005,0,0.0585244380448433,0.138258855658486,0.00722748042900459,0.0836939579735721,0.0100707015091147,0.0809244488964959,0.00814153759397891,0.00175968199874114,0.0134303845659181,0.00719636866118166,0.0659335419384622,0.019300500902297,0.0304385742009654,0.0766226736406106,0.012960983652774,0.0161885486007863,0.0667448961214558,0,0.0238527865850458,0.00879494489665897,0.0598803859438076,0,0.0174629970712478,0.0869444276984968,0.0060183228366652,0,0.144460031530517,0.0372532194007182,0,0.110605321636128,0.105386757559608,0.0794194772486788,0.038107879496356,0.143995701433655,0.000288630830068788,0.0502607347390285,0.0926315364451791,0.0820538831133999,0,0.12064493821524,0.0811005289677827,0,0,0.0394029385700643,0.148621155898285,0.0221453789879168,0.0635897217417721,0.0709723711456779,0.0724319073238408,0.0552574772764071,0.0402017566509571,0.0702697547417681,0.107475272609317,0.0490002390183525,0.00887494560280664,0.0218142243142558,0.0220254616336228,0.0482431987357996,0.0142952383810262,0.120635285468585,0.00621795837605346,0.0804614591708245,0.0383978070881093,0.0542111947728832,0.0458570785956256,0.0181724842898847,0,0,0.0204283855049262,0.0180800270126115,0.010237555764205,0.172187761339475,0.0882685298670806,0.0291783606133462,0.0256661227742784,0.0454316096229312,0,0.0357398210369653,0,0.0165038982862015,0.0768051661084233,0,0.106552766415271,0.0878820903940902,0.101018954969076,0.0138312677430622,0.0286285479969189,0.0779928025840596
