0,0.0508363252661954,0.0573373728597595,0.0307259554080979,0.0411907061654123,0.0384366994914541,0.0321519579316498,0.0468315543483676,0.0566168149958752,0.0359144320444229,0.0373380347367697,0.0303087728876584,0.0382044072685184,0.0491788266490078,0.0505262946130991,0.0914101733825722,0.051286103338442,0.0432031329401239,0.0753828416028435,0.0694535588567536,0.0682179237910704,0.152182351091196,0.0402019046675268,0.0787452525895563,0.0305457604675302,0.0278319071286307,0.0547085520522394,0.0439120605519674,0.0418911184301399,0.0488964672448575,0.0753465257235618,0.166534437500216,0.0345958409425836,0.041669523653942,0.0423724656852973,0.0524637192409275,0.0485716504643499,0.0869493308130903,0.0367770204628963,0.0459672577875058,0.0348289361510054,0.0344962210357909,0.0469029394688055,0.026177167159805,0.108881482722484,0.0477732506606774,0.0388596441444326,0.0411790942916012,0.0520828914795994,0.0616513919042887,0.0322943684192568,0.0304425304362783,0.0774264590737643,0.0319323558612801,0.06812617367253,0.0239452673501048,0.042434260582826,0.0401434953548928,0.0542776037167041,0.0666880769335914,0.0393643112440547,0.0268885165571035,0.0377735682578099,0.0715911424582974,0.0615072403049695,0.0524132074481623,0.0493086955481293,0.0455536355115323,0.0744735327606279,0.0488706725370418,0.0364304639009929,0.0379643368950016,0.0345414236319886,0.0275973200669374,0.0143165488591543,0.0333923257969772,0.0440260323464561,0.0386042309641462,0.0554070976808485,0.0410505975485718,0.0307000555734197,0.0766956532132266,0.0347101773039355,0.024118470595919,0.0283593372257154,0.0232795187400819,0.0204761959113862,0.0339981816044078,0.0944282027310218,0.0246877017767394,0.030249492684085,0.0688661604124526,0.0426851623810178,0.035535798543322,0.0395079033226687,0.0296767467082819,0.0244414970665748,0.0296528872286991,0.0344767105086563,0.0375739309087275,0.0791287835232498,0.0382707635867028,0.0259038560865228,0.0672242989743647,0.0426294878020025,0.0383549904014152,0.0455441746682009,0.0603274778334606,0.0834431365598444,0.0446968278865885,0.0234844989952558
0.0508363252661954,0,0.0177964912414862,0.0340437739590634,0.0462900323398136,0.0560923781705066,0.0518178581492103,0.0414206481721058,0.0356039864459061,0.0609355562349859,0.0504259782960728,0.0495768014542958,0.0526993905831043,0.0417040019200727,0.042791458739068,0.0365555485340831,0.0707835949623244,0.049791815050217,0.036967627915867,0.0548467947053168,0.039719000575809,0.0634320066889374,0.0287408143623175,0.0646907798663788,0.0397481793036081,0.0421909781656258,0.0311500862998829,0.0735877174862123,0.0503661155623673,0.0411118620832556,0.0719633380037751,0.0501852955902232,0.043732999156422,0.0469950342888971,0.0442127285770125,0.0354168873552269,0.0534865265965542,0.02886819882397,0.0437752615428147,0.0436453948465706,0.0409370738568439,0.0494069187638474,0.057482393127824,0.033490934459251,0.0532928011791675,0.0399278595335411,0.0527231033287139,0.0408427417468666,0.0342169034238099,0.0341626876606037,0.0520200673095003,0.0552562264471956,0.0455784940477976,0.020147652015279,0.0367809165713818,0.0389240984519491,0.0796108363262673,0.0506896987719679,0.0405507510556413,0.0365356399802695,0.0642992415830327,0.0253202085243702,0.0513356282581437,0.0407469682911981,0.0606371856298029,0.042526381666338,0.0682184666357255,0.0513484611563448,0.051446510529708,0.0389323171449221,0.0335732134317654,0.0580512126406431,0.047904728820171,0.0367108323883647,0.0307262039808684,0.0231040746659669,0.0537262170162413,0.0618401830382327,0.035214610553184,0.0385488014730417,0.0209212204100665,0.0436009159076724,0.023169908279647,0.047612787279713,0.025155045636927,0.0322605822205031,0.0324060109453183,0.0463613133274894,0.019232757866147,0.0258330519831283,0.0493843285482789,0.0344779806639917,0.0604020683573209,0.0369610840958998,0.0455824079917851,0.0210521415040445,0.0354654013756193,0.0470349988640159,0.0490239015695866,0.0215970107582791,0.0415590786168492,0.036293290623099,0.0501753397475011,0.0156798686840362,0.0228233125475978,0.059222979860232,0.0415405412740347,0.0366652279419626,0.0267841263099984,0.0231252668654161,0.0545068028581785
0.0573373728597595,0.0177964912414862,0,0.0568475776220452,0.075200230175729,0.0859021745865013,0.0735186054899433,0.0492276695560391,0.0314140799651832,0.056257504831564,0.0800284380436719,0.0665677574465966,0.0769768867727948,0.0316791953768074,0.039471285251632,0.020274416670074,0.0694251685261052,0.0783869487393239,0.026579761199512,0.0810619229926038,0.0486803285583368,0.0564295468852919,0.0421993138720261,0.0768502086022356,0.0362914774673291,0.0333063080119356,0.0329353458957186,0.0949604924929002,0.0444913127108171,0.0207522064793754,0.0918746438644689,0.0142937003524333,0.0412220967011971,0.0674963680922077,0.0366291040122769,0.0336625031541233,0.0350257650945367,0.0318293786328418,0.0333358432092589,0.0382288121718888,0.0431263414717806,0.0710238076214142,0.0683374015152692,0.0399502315747696,0.0366479524628887,0.0592932578304464,0.0257196528096359,0.0335555509535843,0.0478597012514657,0.0376678956727509,0.0602546275032292,0.0853410748550966,0.0515655703376494,0.0106255993475755,0.041510415021405,0.0565214796634191,0.057962575805714,0.0377845499117216,0.0613988723865684,0.0383034292922747,0.0417009963239514,0.0162094962549216,0.063368142252007,0.0705547808980971,0.0480089680580104,0.0191736271788882,0.0623189596900421,0.0424996669141466,0.0701420604900316,0.0390764842347425,0.0207291963451293,0.0562281965572439,0.0452727217040156,0.0246435098623549,0.0445755904057601,0.0127716887365311,0.0529203234352977,0.0416574462691704,0.0462073376394919,0.0368443068007152,0.0321544320960993,0.0549076584888493,0.0221053835640345,0.0496076097225799,0.015181399220159,0.0233716612057676,0.0222840956005534,0.067051573702011,0.00357706856744532,0.0178306154291095,0.0565504869789427,0.0402031376237769,0.0321049025318504,0.0480922725165199,0.0653468358459939,0.0163826239569811,0.0308365436539434,0.0358114335921299,0.0652266057344796,0.025468585825975,0.0409808251223236,0.0246618109174196,0.0434052250768543,0.0236243883887425,0.0319826725452023,0.0499575904189628,0.0339403354277524,0.0437156174985492,0.0302249671617268,0.0355763742086348,0.0843718289923496
0.0307259554080979,0.0340437739590634,0.0568475776220452,0,0.0318115882379329,0.0271249986002228,0.0381938187297179,0.0152912043265953,0.0544286823261205,0.0300020939472055,0.0269651055035126,0.0973257605983089,0.0264527046795061,0.0575357558180536,0.034730318518905,0.0675069285547225,0.0187754786579651,0.0309001034856474,0.0519733565695669,0.0558730762599024,0.0535812924336047,0.172610111258176,0.0748406963165029,0.0141584027708057,0.026034297777364,0.0201301116194735,0.040468697132266,0.00956698466146394,0.0328816835909106,0.0404678632714016,0.00453177212490262,0.10364966029924,0.0296231545791736,0.0572723346956124,0.0375390330697658,0.0405537450894482,0.0346724148061413,0.0513547401400464,0.027472228349523,0.0426930644479911,0.0509239328752678,0.0416055339783944,0.0532172024327512,0.0170682904356254,0.0792459590811437,0.0533669772910792,0.0224726137739318,0.0385154036962416,0.0391244574370681,0.0481719763004032,0.0873340738712882,0.0249395344757439,0.0918854375273581,0.0202120944134942,0.0510039218639878,0.0506798349208929,0.0332271417660533,0.0452759185284698,0.0612311065394704,0.0443951947493502,0.0306600551386797,0.0153997670804316,0.0463260413963138,0.0916004298309638,0.0626002742246202,0.0586610335729056,0.0413743946682192,0.036012284353557,0.05897160865514,0.0480986286974655,0.0266830276830568,0.0335694650244721,0.0290461377702774,0.0232113990866957,0.0089740546875515,0.0180270908168259,0.0346147717503632,0.0329497432671533,0.134939498397986,0.0310874224192873,0.0810187243812116,0.0503065269591403,0.0294144556792856,0.0173935827696186,0.0117677808380733,0.0105605855500316,0.0146691361247995,0.0527866949637141,0.088663873810831,0.0126788981873379,0.0205134841408394,0.0774506208258496,0.0326450104925894,0.033620555419464,0.0337336052197675,0.0156738524980842,0.0434035639331669,0.00939742750410543,0.0869900537619133,0.0362585257473047,0.0583980163750554,0.0200116117343133,0.0264279151187793,0.0802022641586248,0.0306348594994882,0.0484404220573773,0.0322889276851547,0.050350531465419,0.0890765667763664,0.0348399556444219,0.0810561038437869
0.0411907061654123,0.0462900323398136,0.075200230175729,0.0318115882379329,0,0.0766001493070875,0.0879681025551423,0.031574499376432,0.0226141071250901,0.0426284539887163,0.052426806764268,0.0692404903080518,0.0260058939747523,0.0697658549025948,0.0428595225553784,0.0508955923636872,0.0372952225167235,0.0263694872498877,0.0510171494004166,0.0185585175210367,0.0585092210937275,0.0631757045421559,0.0711278106459813,0.0297132361734191,0.0356692211157956,0.0369088711179086,0.0480594800763363,0.0287276308913746,0.0385802924105583,0.0496708137844796,0.0226882902332004,0.0914102948644543,0.0535633927710313,0.0346639098551826,0.0555592578576342,0.0488350481180797,0.0469513322444727,0.0572298449015462,0.0458548151180925,0.0703339575086206,0.0589773019159221,0.0599471950445219,0.0514195414891111,0.0295189935110489,0.0687868869684486,0.0534241986757557,0.0202422502597394,0.0498862029559602,0.0364356675184018,0.0562255089575402,0.0852744786593191,0.0954849900358943,0.101305107138335,0.0152948298868206,0.0521669925348968,0.0412101970473002,0.0403181855006449,0.0749387376339441,0.0477727711971894,0.0503976702087329,0.0390019829797112,0.0199183314268124,0.0438798521010124,0.0863548183709566,0.0802685203787323,0.0359667288994146,0.0543360995710165,0.0402479953429611,0.0662167603144351,0.0325445447220956,0.0400324594683168,0.0421620215652965,0.0407730019930329,0.0245381693264458,0.018123382898452,0.0169694074815948,0.0445088249621524,0.0443961966981363,0.0545789408153157,0.0407952204857858,0.0697314752420777,0.0438508104971233,0.0255215963738664,0.0328669577753752,0.0119811243871755,0.0128018658502613,0.0232168132700728,0.0829960820219538,0.029936458621656,0.0148216151846216,0.0315955656463337,0.0201396552997886,0.0393654460045865,0.0137587298631799,0.0434872787460905,0.0171659833308216,0.048982566184919,0.0254958017464812,0.0721553144281409,0.0538743468803153,0.063469474358331,0.0207624120030334,0.0322145675262987,0.112122668613509,0.036637809474795,0.0649901302402226,0.0400965573686887,0.058345574375438,0.130464215738785,0.0452991834130486,0.0827463649921304
0.0384366994914541,0.0560923781705066,0.0859021745865013,0.0271249986002228,0.0766001493070875,0,0.10027391574122,0.0323461614220729,0.0255063914861504,0.0452303977129867,0.0446553212227789,0.0743945015685869,0.0351840198133755,0.0753257358429382,0.0479634827177956,0.0675719337353027,0.0431046157389366,0.0530062663731086,0.0592301931094249,0.0833108613496298,0.0652326531436708,0.110532188251196,0.0771794982999051,0.0319462624558339,0.0387512983212306,0.0387320766815536,0.0584575337386588,0.0175274460227165,0.0399378399871732,0.0549094008519468,0.0150266172994493,0.114589751406406,0.065796822076129,0.0304210265716514,0.064469242599393,0.0498537493928305,0.0551249762743561,0.0610646800309068,0.0517091302104764,0.085477876615556,0.0607285585850386,0.0369861703204478,0.0559706222341175,0.0301372754694455,0.0956783334530613,0.0593568544958251,0.0242123854368198,0.058807086556803,0.0370115260159616,0.0634010747842994,0.0964804611487675,0.0686860427637591,0.103534893938525,0.0198649156773789,0.0603319160441778,0.0423258906856881,0.042668731339837,0.0844735616965439,0.111080835223225,0.0557390953137585,0.0421665683863101,0.0248547929817074,0.0448480446830645,0.093733781922971,0.0814153312718705,0.0474770849222264,0.0572634841151713,0.0421987100902705,0.0684988917241619,0.0365539816224365,0.0461712613795377,0.0442517084972733,0.0473310088615665,0.027515629203918,0.0125365642892887,0.0266650643497901,0.0483385920829521,0.048284822377385,0.0601981853831656,0.05279309581062,0.0764857369856041,0.0455565365471703,0.0284685283751517,0.0262560693908782,0.0188905805438105,0.0210454978990054,0.029719953685775,0.0948813110556496,0.0418942984806807,0.0239029392731906,0.0347318474442959,0.0221339818137741,0.0460932895596516,0.0276280296694196,0.0501048272340837,0.026467501650573,0.0492068518845498,0.0269120679565539,0.0751907571376718,0.0624762494409413,0.0733936414487881,0.0285105605826495,0.0320233368988192,0.124389137906984,0.0419456779868562,0.0744733842445735,0.0474084253712527,0.0689908709267306,0.14438013460601,0.053512921376664,0.0863063347933156
0.0321519579316498,0.0518178581492103,0.0735186054899433,0.0381938187297179,0.0879681025551423,0.10027391574122,0,0.0390846559860887,0.0266902853597971,0.0392163558117494,0.0563064106518276,0.0493925410145519,0.0440550732027475,0.0563490029267758,0.0409900485626302,0.064584763954369,0.0439915855011973,0.0904508820050319,0.0511996123802889,0.129684971969239,0.0553641761804302,0.113065973872342,0.069928718697597,0.0381881131676926,0.0346449194479404,0.0283746872772844,0.0545562568897732,0.00940024530070725,0.0313520911570121,0.0479097890649988,0.0141219540430199,0.108588239655591,0.0611288572340537,0.0388853029585391,0.056364185679406,0.040919645797877,0.0456107548260071,0.0563913914589879,0.0418312166870733,0.0778671141175038,0.053121095721299,0.0400808450557091,0.0470685794360855,0.0287764857908826,0.10180753659746,0.0511729830246435,0.0248252107067169,0.0517531972618391,0.027369977449236,0.0535727377742702,0.0910039278722748,0.0657922964634696,0.0821769727940544,0.0186614685554232,0.0527063247682384,0.0290984466259256,0.0331793358693137,0.0625480856105591,0.101759572586476,0.0466450954328883,0.034136307463617,0.0213469392730719,0.0372922454121716,0.0822957303194689,0.0609479518869176,0.0494977097316037,0.0454786772196104,0.0331277914443745,0.0570737571091682,0.0277491752408842,0.0392313780033295,0.0373856394796608,0.0319006308188928,0.0216081322929429,0.00676696276842684,0.0250521673994774,0.0401034968818039,0.0401175620794471,0.0463660183456338,0.0476662415522601,0.0658412352889605,0.0387737185513881,0.0241115684096909,0.0150894245700246,0.0207029044714848,0.0186506857823882,0.0250765242249522,0.0881488786088429,0.0405149952688265,0.02185925311947,0.029339717903534,0.0178996124091169,0.0392038019538864,0.0336244569326332,0.097711184324058,0.0238941192933993,0.0408578632500416,0.0310980241782014,0.0609024273779276,0.0515550972152211,0.0674171943731073,0.0278023715792104,0.0246538417210225,0.110893441468661,0.0335460870886839,0.0685795465715297,0.0405390449496528,0.0612221621406685,0.12430941845816,0.0446541202497841,0.0665444849745246
0.0468315543483676,0.0414206481721058,0.0492276695560391,0.0152912043265953,0.031574499376432,0.0323461614220729,0.0390846559860887,0,0.156555407026384,0.0365559029488214,0.0294905640368292,0.0708968319909837,0.0312014557002031,0.0603230678999815,0.0442321981671565,0.0746124898905359,0.0274619181219214,0.033391040556721,0.0659825426037577,0.0508476974807672,0.0574086236211176,0.14791103098405,0.0570453408059114,0.0381175145444712,0.0267748134859727,0.027495264478133,0.0423728636175247,0.0160441812938437,0.0386927589988711,0.0450822197763434,0.0227367255244775,0.117174488283643,0.0325002123666187,0.0517044104989641,0.0425980190675098,0.0530140490606214,0.0397166030185709,0.0892486501134674,0.0326253581195762,0.047201018983752,0.0512079304011675,0.0391680920624386,0.054032318247841,0.0168649745681122,0.0837769124129397,0.043292355152205,0.029424688722464,0.0399768378165185,0.0415512059390405,0.0553415699269929,0.0751178125734711,0.0276708134235729,0.0855246770326978,0.0332847346852972,0.0579702429806702,0.038112451761456,0.0369704490859568,0.0559634151604163,0.050435214923463,0.055980137254975,0.0370105886900671,0.0186255718937878,0.0479883059041596,0.0733281947340851,0.0674828250650219,0.0681957993466582,0.0475561420613985,0.0438677650204274,0.0631468813686938,0.0543077687925001,0.032009977293979,0.0446957407180236,0.0359723615573049,0.0254496985666252,0.0121893787521366,0.0268589622703723,0.0401010567576925,0.0386926096505157,0.127675806553009,0.0335294777967296,0.0538079453685995,0.0605574020509668,0.0276695272226914,0.0248482342945634,0.0220540664093057,0.017687620306002,0.0149348436432153,0.0398691932327483,0.129762983915694,0.0181817800019449,0.0251289571398262,0.0809693115630699,0.0384790535480698,0.0337948627511721,0.0315197964899046,0.020378105233112,0.0265579234150807,0.0215390527299622,0.0651725086930866,0.0334395819302702,0.078716787834948,0.0298908608049849,0.0267456336842931,0.0555164310237492,0.0339532869025908,0.0545549596448393,0.0389228382231418,0.0522263167943866,0.0737743749396282,0.0360449668087403,0.0502573945719144
0.0566168149958752,0.0356039864459061,0.0314140799651832,0.0544286823261205,0.0226141071250901,0.0255063914861504,0.0266902853597971,0.156555407026384,0,0.0438267350557481,0.0228037963603218,0.0348501510884305,0.0213474348538031,0.0450196873813427,0.0315145383373548,0.0511034694674094,0.0687952779554906,0.0255472814269304,0.0490686930201146,0.0516725260521618,0.0295987244868448,0.110905679962619,0.0542356598404059,0.120214337250109,0.0196632644683369,0.0221265031992028,0.0254296048386385,0.0369135544324958,0.0267741911446022,0.037887115757994,0.0671245413641946,0.0845803716726126,0.0382929044574602,0.0507866487434681,0.0426129481831818,0.0412703275840316,0.02977027650636,0.063851591929042,0.0309907894618288,0.0550742511807432,0.0624348882927006,0.0272940196155409,0.0319623777440444,0.0169903757175555,0.0811360229313794,0.0166279811963755,0.0172509702714802,0.0384875404883117,0.0150673349155423,0.0383015834604599,0.0277963173096711,0.0233338571027789,0.0535192747260278,0.00910572256965067,0.0392725592908188,0.0211105269688423,0.0303363842739652,0.0428524831906732,0.0353076223935862,0.0371096698066284,0.0291452184679263,0.00985996171139337,0.0336184262510255,0.0411440506027571,0.0527591246470173,0.031861001312872,0.0332768674168751,0.0313625031866707,0.0460717631767533,0.0360153807346585,0.0263603525747195,0.04368606601751,0.0253169539665203,0.0227244047542076,0.00820547204875402,0.0203140657020072,0.0333314760983207,0.0330160239703016,0.0522853234751048,0.0274840550409883,0.0362837192416777,0.0273140030851561,0.0196684298712791,0.0181430720338966,0.0212149551351562,0.0162919743377042,0.0130738922512585,0.0449433359635703,0.0745602766312615,0.016115992468638,0.0194899166131396,0.0464920048186645,0.030612360808755,0.0172862643623603,0.022322976303573,0.014732461700801,0.0205132358016971,0.0201473212291102,0.0261994145130391,0.0245304709583639,0.0662073147926939,0.0232948735600585,0.0195048424359176,0.0368119412362152,0.0183199663719351,0.0640499286055747,0.030780605447895,0.0370422908279328,0.0532028873970335,0.0237619208826504,0.0273839162422585
0.0359144320444229,0.0609355562349859,0.056257504831564,0.0300020939472055,0.0426284539887163,0.0452303977129867,0.0392163558117494,0.0365559029488214,0.0438267350557481,0,0.0407388290798138,0.0353748175098988,0.042635216923595,0.041668475050211,0.064305088756917,0.0650891299525954,0.0621019511358391,0.0429862921491631,0.0994720874172377,0.0564773571095062,0.0679329026605741,0.104960671583161,0.0299495315038497,0.0696317605770056,0.024252485478399,0.0275050584573324,0.0438021259299343,0.0628806710935578,0.0431029711490653,0.064049116667057,0.0690049289476115,0.123047242510449,0.0359369160841594,0.0433976410619557,0.0446627384096824,0.0503332307743944,0.0462834743788719,0.035434664115901,0.0342079601078064,0.0407957292883944,0.036014589176667,0.0392427497309894,0.0330971109388062,0.0268867567523922,0.0741983133599272,0.0270823978720873,0.0370148736965323,0.050186794651595,0.0222633829618965,0.0627536504221677,0.0342790800387408,0.0395733772756744,0.0372080242894783,0.0374220885912669,0.0771150960523821,0.0234169754613481,0.0430518417924081,0.0402032020134766,0.0464942610029289,0.0735346037974317,0.0428025586530901,0.0214393977889604,0.0308308711001117,0.0236873662196561,0.0473202893640642,0.0443240454698626,0.0459703714552463,0.0555724103857883,0.0332732040208011,0.0439972549124317,0.0404225660980937,0.0370141798986675,0.0397275951518784,0.0302698793592959,0.0225867025085604,0.0435573364945461,0.0389915542820919,0.0425169615674492,0.0406282093522339,0.0489145319558746,0.0220110723778415,0.0782276031277161,0.0303085097546606,0.0326035358784255,0.032674384098607,0.0277180730258942,0.0193877465508382,0.0182916939332544,0.0489840963591096,0.0293455558351926,0.0263786736506655,0.0532609370183638,0.0527708910978649,0.0363095097493042,0.0393268928307599,0.0369126558649834,0.0225299975687252,0.0312596040639997,0.0375376240227934,0.0399567475446274,0.0686251572522119,0.0434127271636886,0.0273219571865557,0.0493707546457048,0.0454884816824398,0.0425345786463194,0.0503222530643898,0.0757706479566052,0.072265655478425,0.0497445142789188,0.0205467046166435
0.0373380347367697,0.0504259782960728,0.0800284380436719,0.0269651055035126,0.052426806764268,0.0446553212227789,0.0563064106518276,0.0294905640368292,0.0228037963603218,0.0407388290798138,0,0.0537607734655941,0.0233374157408322,0.0601228765408247,0.042825273385863,0.0534685014587237,0.0373547699053968,0.0450991479754435,0.0515597637573677,0.0310832418404182,0.0628752759160549,0.0702978323475821,0.0727762779715803,0.0289308760836413,0.0331292222165283,0.0270484227181944,0.0627238733782147,0.0252366096738382,0.0314635156594853,0.0471256648512425,0.0192899692753696,0.100426478980495,0.0564046716937685,0.0231815734077912,0.0571055650190626,0.0454390986734128,0.0495993130643089,0.0556175133255694,0.0425145226405625,0.0772337498085151,0.0508675242429194,0.0357238091344563,0.0508816151882844,0.0240004845524335,0.0813900219317166,0.0560414896959703,0.0256091241200125,0.0508724024106613,0.0355840271544025,0.0563209880265762,0.0792552954397652,0.0745883790144476,0.0922033602631031,0.0153128727186249,0.0524003615390276,0.039657236569975,0.0346957740055289,0.0601996905292026,0.0639911784004697,0.0497224927624672,0.0363190973988577,0.0169142481437665,0.0410169730710266,0.0820826463643248,0.0677579164077406,0.0441337365923346,0.0504420721693111,0.0385497936423002,0.0613417577503218,0.0187842132940619,0.0373109680679665,0.0400191260281131,0.0302503375538138,0.0227706472873594,0.00764864032061846,0.0174285433236507,0.0432645407061903,0.0391029324415055,0.0401563275860577,0.0438939757618,0.0678968730054488,0.0401871630244563,0.0208204329928626,0.0198870704837123,0.0138405604841066,0.0148392100902994,0.0261364233362268,0.0884465702403748,0.0314617111328163,0.0147967954795011,0.0318081195732066,0.015605613226692,0.0387010714421402,0.0173586622517819,0.0434031201179543,0.0184114212334539,0.0512210084138255,0.0376030583640854,0.0549044961403807,0.0601921841905527,0.06651332120857,0.0169901891091165,0.031472117217547,0.105566919325299,0.0373816203849932,0.0703343711351514,0.0427030199961977,0.0632487171167779,0.13440329183044,0.0467611323454367,0.080227234057483
0.0303087728876584,0.0495768014542958,0.0665677574465966,0.0973257605983089,0.0692404903080518,0.0743945015685869,0.0493925410145519,0.0708968319909837,0.0348501510884305,0.0353748175098988,0.0537607734655941,0,0.0448006043586082,0.0489157375670447,0.0359524850910944,0.0722858822953006,0.0552873111478378,0.0755259500975221,0.0492237557725155,0.161382326851725,0.0486853233428572,0.162300344767311,0.0698365244545468,0.0753837005586607,0.0322499702305923,0.0253276301418348,0.0508032992007584,0.0114984175689347,0.0324946323828691,0.0446375649090062,0.0386465613463474,0.119717597044893,0.0559966758918548,0.0861258912707084,0.0510257553982087,0.0362159174461323,0.0400539949882197,0.0591254059890739,0.0383829955900706,0.0708206124380501,0.0659481416248886,0.0731812145555133,0.0411149084202631,0.0293244848962371,0.122422860488575,0.0456544526738923,0.0253310112576461,0.0476937899526031,0.0196162863073461,0.0486572210625201,0.0934246931788374,0.0594369488430059,0.0684242922313302,0.0189179669207227,0.0502941478005925,0.022471728816632,0.0289342562443119,0.0421507590841089,0.0897142420917721,0.0413043732004548,0.0294178130162208,0.0200939057777406,0.0317150370443062,0.0780598767057937,0.0537866780927484,0.0451842646665381,0.0382851418528441,0.0263026320352411,0.0511970585373001,0.0312852348815991,0.0349073858997379,0.033228989922177,0.0286963540293834,0.0201326553232761,0.00829162544489204,0.0284466574169757,0.0338515409885635,0.0352895394543141,0.0511722039262537,0.0451145343193775,0.0546873156816597,0.0343608753171193,0.0248412201225311,0.0147695950734058,0.023371545160739,0.0188824575674135,0.0212432608958408,0.0804088902803196,0.0550437885121321,0.0234911824735778,0.0257897912374866,0.0320507749304792,0.0361160512741498,0.033059025418,0.126273287745137,0.0248389878330364,0.0277845280254541,0.0261885347446471,0.0134510862932587,0.0442257867369279,0.0667624218290817,0.0322650424401123,0.0196701486407698,0.104711835965524,0.0288619425895626,0.0646965179656464,0.0361685230893464,0.0569930232046419,0.114776749214446,0.0403805299639397,0.0439303643161537
0.0382044072685184,0.0526993905831043,0.0769768867727948,0.0264527046795061,0.0260058939747523,0.0351840198133755,0.0440550732027475,0.0312014557002031,0.0213474348538031,0.042635216923595,0.0233374157408322,0.0448006043586082,0,0.0737702132214609,0.0440879740710045,0.0455465290390697,0.0400364438076683,0.0175727350200473,0.0513578258633718,0.0224043719070604,0.0579271960923459,0.0505652578001181,0.0651438057809953,0.0295827790175456,0.0365833971656748,0.0445179227381942,0.0531111994601407,0.028912989088869,0.0424644768674933,0.0514395732204892,0.0202922099532879,0.0912833402396755,0.0677352774157078,0.0267025022525231,0.0664412445987305,0.047356914365532,0.0537280575486887,0.0525293731127558,0.0551699340488747,0.0852234019339321,0.055651126045276,0.0293989350976826,0.0473197360332605,0.035965378822071,0.0714693398983837,0.0504264669314048,0.026521138417053,0.055175679288985,0.0328943482526554,0.0582456487333554,0.0665058751827139,0.0520338604803377,0.0841652251989844,0.015649570873347,0.0499678090504635,0.0375406441833244,0.03882558972796,0.0848629159554824,0.0334558229247938,0.0506330827417612,0.0396956925452158,0.0222358308624565,0.0394069930605543,0.0713294470699362,0.08000838157195,0.0366430409409423,0.05304351334253,0.0395346286034665,0.0604415215632679,0.0219329557032694,0.0447398053604492,0.0409894558364165,0.0459905185520123,0.0257157505420646,0.0160901853928895,0.0160632615636547,0.0457055435313138,0.0451896230197755,0.0362474653819465,0.044924368292011,0.057249110662602,0.0391960819432184,0.0223325072641551,0.0298062602751249,0.0127446330090916,0.0147263913594901,0.0285383627421129,0.0831910154479473,0.0213802116035287,0.015000763473703,0.0336462943980975,0.0145775302206299,0.041298134143874,0.0138173789389203,0.0367995060415763,0.019155773153941,0.0501411271874212,0.0386898180723388,0.047165182864585,0.0625316870384242,0.0655947211472454,0.0189168839259542,0.0320528721084837,0.0934166203301788,0.0381670160317451,0.0691729903219601,0.0441740411318071,0.0616077896443172,0.119773118209083,0.0490402496548703,0.0679718508372096
0.0491788266490078,0.0417040019200727,0.0316791953768074,0.0575357558180536,0.0697658549025948,0.0753257358429382,0.0563490029267758,0.0603230678999815,0.0450196873813427,0.041668475050211,0.0601228765408247,0.0489157375670447,0.0737702132214609,0,0.0331560796187769,0.0196983897451029,0.0396175008293614,0.0784311925840848,0.0406324610220867,0.0662203273585893,0.0384425638198588,0.0363001664048891,0.0432753527211426,0.0421863147010904,0.033310345281352,0.0213128178281659,0.0314559403381603,0.0494633138745207,0.0296178114358541,0.0319165678583292,0.0289198991985541,0.0642246573871156,0.0799997067188938,0.0276821959362099,0.0578340648074959,0.0353242263448688,0.0275618694296797,0.0599036950764658,0.0504602098162521,0.09224076695504,0.0656804189957624,0.0618551382719049,0.0427847079572835,0.0539391611924101,0.0816372638010091,0.0270122602700512,0.0541146129971432,0.0425071800037981,0.0237498741814039,0.0347569269449504,0.0803338396362069,0.071424269459463,0.0416974281808735,0.0214789721088963,0.0341826335982175,0.0247595615021209,0.0189452521718005,0.054216756282198,0.0581618285483316,0.0364156236943323,0.0255719711215951,0.0217854256340542,0.0393519664950204,0.044817103080385,0.047793485118969,0.0475885567878687,0.0270127271078557,0.0269505560020988,0.0450972369840733,0.0255170109535782,0.0297448248658626,0.034560862066204,0.0227599118007875,0.0280260253105467,0.0316841836447932,0.0113591878782871,0.0350639671477024,0.0194092981039953,0.0360298095095082,0.0187478876077791,0.0375612717395841,0.0280906987720135,0.0131348285977631,0.0339609687768059,0.0183158146288141,0.0170554868321355,0.016306780474892,0.0715403690004126,0.0169344566279277,0.0167306775572868,0.0247077088800861,0.0217727596334186,0.0165867169298548,0.0457150646649569,0.0862255133099293,0.0132691875359813,0.0510711698671431,0.077209681682364,0.0564825554865798,0.0264187747635065,0.0681579094930049,0.0233470389814997,0.0164180645527597,0.0276810988507386,0.0157707133367375,0.0690787321592107,0.0285934628030701,0.0374176363846966,0.0338000198814992,0.0214307710260353,0.0460891360603819
0.0505262946130991,0.042791458739068,0.039471285251632,0.034730318518905,0.0428595225553784,0.0479634827177956,0.0409900485626302,0.0442321981671565,0.0315145383373548,0.064305088756917,0.042825273385863,0.0359524850910944,0.0440879740710045,0.0331560796187769,0,0.0549292706690593,0.0750349745801909,0.0438217603499065,0.0451176768394649,0.0564807912527835,0.0338497236768235,0.0827028928003376,0.025927886336816,0.0702638234603945,0.0214877235749607,0.0263864848868868,0.0368160027428476,0.0729830261117592,0.0417165691325077,0.0505217821814009,0.0753063255046863,0.0913263344816648,0.0346099450811899,0.0418568358353926,0.0367256646679869,0.0239067558162519,0.0332354676045769,0.0189890640437256,0.0325942510740081,0.0343196488010231,0.031519776217393,0.0401253459388039,0.0364525615362358,0.0309126433588768,0.064685097502086,0.0229100215165443,0.0450805738666092,0.0365262397284398,0.0278298717384211,0.0325016523919774,0.0328702738088054,0.0443448721973151,0.0307388243081148,0.0224688846645926,0.0103212854158894,0.0259440593603322,0.0590858858963698,0.0345063990559977,0.0420864966948372,0.0209230620799086,0.0353116056343632,0.020154288150988,0.0384041515366262,0.0190871511219644,0.0399568213819554,0.0416390494289406,0.0464030659685806,0.0403230890128215,0.0266094446572648,0.0396300129983077,0.0306547559735113,0.0544192279760598,0.0386154922051401,0.0262903431391729,0.0240888715842322,0.0367817242092689,0.0389775069727292,0.0439149515775842,0.0285406785952416,0.0435357554906555,0.0162689828098846,0.0398484164375168,0.0278307106743283,0.0349810732011375,0.0301108604353421,0.0304157226665076,0.02094159080769,0.0165952866256445,0.0273037314553701,0.0290854020556004,0.028926125628948,0.0436538878944765,0.0513828342578458,0.0360966276166839,0.0411747967190722,0.031765026011428,0.0266817769280959,0.0358739921049236,0.0367909274027022,0.0314100091687177,0.0214737593169532,0.042618862313104,0.0226681306390029,0.0342602896233507,0.0340677282603471,0.0230879529712456,0.0263878529386472,0.0346902270566129,0.0505719610599731,0.0380339909755373,0.0325244293668054
0.0914101733825722,0.0365555485340831,0.020274416670074,0.0675069285547225,0.0508955923636872,0.0675719337353027,0.064584763954369,0.0746124898905359,0.0511034694674094,0.0650891299525954,0.0534685014587237,0.0722858822953006,0.0455465290390697,0.0196983897451029,0.0549292706690593,0,0.0496747763532419,0.0597818719767756,0.0613753470200016,0.0756977521773438,0.0664048240884365,0.0263842287354321,0.0700123080488645,0.0632020484351294,0.0401807007198103,0.0183855812440243,0.0153848547280806,0.0897970534766417,0.0218627209918067,0.0334472014598177,0.0670344435826478,0.0709950602215208,0.0501685301017092,0.063193024825283,0.0344515801298684,0.0635371200468499,0.0373012997722147,0.0914344512049584,0.0354091762625359,0.0559582718590799,0.0699564310764678,0.0625906800528353,0.0735951250825336,0.0420974985757069,0.0687323634947277,0.0591891474263446,0.043958493501983,0.032105072050807,0.0653750774130901,0.0594373324478416,0.067951166153807,0.0696769359890338,0.0933696324876238,0.0242884018847842,0.0625242654165353,0.0657676946228349,0.0351305304418242,0.0385324692166179,0.0414537223393279,0.0648419920420983,0.0414782995118368,0.0194803188033194,0.0669758436382481,0.081277255178149,0.0298750669072207,0.0336931897749401,0.0491112542480361,0.0552242682199523,0.0738919554042483,0.0313025174628911,0.0237928832374052,0.0642814421285106,0.0216947499162752,0.0267571331576785,0.0306111638221022,0.0089737525111679,0.0611079498792817,0.0205894797890993,0.0503437746122361,0.0119337426956939,0.0502668103215108,0.0539557122739175,0.027284705224446,0.0286816701253576,0.0125221972814046,0.0122996053286474,0.0195558254678908,0.0731424167122919,0.0308568863335346,0.0106516263598514,0.041595912727665,0.0472470588945993,0.0209509202858684,0.0427918911899991,0.0755529757264711,0.0125556927955135,0.0742137575475385,0.0458474128369037,0.066482500427278,0.0166495045368573,0.0853056791015022,0.0158434198661041,0.0394410464238165,0.0177156134178234,0.025812637088244,0.0804892350381931,0.0475793221339049,0.0537142961856706,0.0221245555905244,0.0152228151498733,0.0961125017231104
0.051286103338442,0.0707835949623244,0.0694251685261052,0.0187754786579651,0.0372952225167235,0.0431046157389366,0.0439915855011973,0.0274619181219214,0.0687952779554906,0.0621019511358391,0.0373547699053968,0.0552873111478378,0.0400364438076683,0.0396175008293614,0.0750349745801909,0.0496747763532419,0,0.0364479657223793,0.106465861563745,0.0398406512681186,0.10190214763893,0.117080986667338,0.0362844803154063,0.0358574203495817,0.0604310352033929,0.0297653131057485,0.0442825044922884,0.029622864232307,0.0411207594139179,0.065073788691061,0.0321425453712321,0.125925173897123,0.0381404919080415,0.0388469798544465,0.0487699127087704,0.0583905765401058,0.0569788682570829,0.0856491502352811,0.034686325474014,0.0389526246940369,0.0300621849773659,0.0391031012785384,0.0922390961310024,0.0300671971504232,0.0671715156893707,0.054577310542097,0.0449524140498032,0.0689837101859585,0.0383866351877249,0.0643946173301149,0.0510696721497009,0.0385460992000217,0.0427773432295276,0.0753955229895544,0.0776867784709261,0.0583509273529687,0.0422880040760597,0.0481742369951506,0.0380809003246951,0.0722273110917938,0.0554402825883685,0.0389322117774615,0.091456941009294,0.0572714197053345,0.0427979544842749,0.0546645037610128,0.052913374827513,0.0728348433033008,0.0603669170671318,0.058883496971808,0.0501877816279255,0.0654948023184732,0.0490803047703338,0.0378503285695388,0.027874307248888,0.053214052048719,0.0616893295223164,0.0489841704505289,0.0741334247330799,0.0539574323731435,0.0333961294225533,0.100234412014497,0.036682320810542,0.0450227222058059,0.0383454355445641,0.0429781625896813,0.0390832157982402,0.0519589054443683,0.0527818466209584,0.0409506253842014,0.0590783847997817,0.0749229779315154,0.0597204690961543,0.0382989811007757,0.0328794277635942,0.0544004091839746,0.0333560934914043,0.0424123212306341,0.059773118213905,0.0492330904244956,0.101262232134484,0.0463207128662601,0.0453443252454102,0.0555225924613527,0.0527502768395412,0.0972307653043801,0.0673926307823579,0.0868930059425149,0.0791850068561836,0.0569316099647176,0.0472316677554501
0.0432031329401239,0.049791815050217,0.0783869487393239,0.0309001034856474,0.0263694872498877,0.0530062663731086,0.0904508820050319,0.033391040556721,0.0255472814269304,0.0429862921491631,0.0450991479754435,0.0755259500975221,0.0175727350200473,0.0784311925840848,0.0438217603499065,0.0597818719767756,0.0364479657223793,0,0.0555242228032725,0.0338163023141276,0.0634623415235316,0.0970061955947077,0.0768732657567496,0.0262253011891199,0.0312706870001177,0.0326328378124889,0.0588085646837684,0.0289163732192975,0.0395061208678223,0.050533427564787,0.0177034827783026,0.107575354370877,0.0663183682692493,0.0510923805287083,0.0631099123350664,0.049360264541852,0.0499861327020404,0.0629987668428121,0.0467170917678959,0.089000171115484,0.0862301653500485,0.0718793692564024,0.0528773400694092,0.0321429110847555,0.0987627041308263,0.0619505031894059,0.0238163105979099,0.0503566683535798,0.0386005756120138,0.0583875885359504,0.0961948543865329,0.0951423257419421,0.102790662980414,0.0161579251939752,0.0540242163482079,0.0494691212214204,0.0354585441011261,0.0750474970773847,0.116466838655452,0.0511013947105252,0.0380673568262165,0.0202105566216263,0.042650672981155,0.0851723944900432,0.0825660491409669,0.0379514416263578,0.0514140577729869,0.0409545313820237,0.0661865023550558,0.0280987514867682,0.0397622856954142,0.0412495010075595,0.0354503193985707,0.0291307899731184,0.0107045897395052,0.020053569898939,0.0445670591364196,0.0410376256179543,0.0498977509217951,0.0451729703985133,0.071293981496713,0.0434442799793702,0.0248438831114148,0.0268741628900237,0.0120642747186227,0.014988713893145,0.0288202276902171,0.0859726013586242,0.0378646384326111,0.0170785277105088,0.034323558955643,0.0239083554692218,0.0407084916053581,0.0156089177046575,0.0417982287418484,0.0204221882644532,0.0613015227960449,0.0260533952753184,0.0663772063452537,0.0571655135229881,0.0714537596161909,0.022515841273458,0.0351081446947736,0.112838089658044,0.0374267778382299,0.0724808838284501,0.0459131275090021,0.0625485990639017,0.136856044241893,0.0482288939473997,0.0887601238256743
0.0753828416028435,0.036967627915867,0.026579761199512,0.0519733565695669,0.0510171494004166,0.0592301931094249,0.0511996123802889,0.0659825426037577,0.0490686930201146,0.0994720874172377,0.0515597637573677,0.0492237557725155,0.0513578258633718,0.0406324610220867,0.0451176768394649,0.0613753470200016,0.106465861563745,0.0555242228032725,0,0.0737346826970245,0.0223877753280475,0.0909332633535428,0.0272160064535691,0.0969624141970263,0.0316118176327816,0.032193896035524,0.038685065793499,0.0859740344467927,0.0459112369683801,0.0286599402895793,0.0980910836797982,0.0881147090081122,0.0396109927863949,0.0565349160048443,0.0387570197924428,0.0522764739784041,0.0279463105905636,0.0281443227976285,0.0378277034355166,0.0432121454680972,0.0441833768089724,0.0520246628118196,0.0624599054034051,0.033748651584947,0.0783088596360098,0.0374678130616286,0.0540104485966832,0.0306593859929671,0.039218341356173,0.0347503329345147,0.0475723696800179,0.0558167421059177,0.0463707431644281,0.0241791307676497,0.0384061914169778,0.0397858013067493,0.0637598374826133,0.0412319576665641,0.0521302910417375,0.0298564083898523,0.0461772544570165,0.0218127836108173,0.0645792524388418,0.0328532293713396,0.0477534289583315,0.0498597753688455,0.064567166811699,0.0519928472297644,0.065565237879745,0.0380279727368076,0.0263683090924798,0.102870439132194,0.0396509289783189,0.0261085951885522,0.0219185482431958,0.0296383403667367,0.0873842825913157,0.041839912619045,0.0327165764315858,0.03451345301819,0.0159113776832144,0.0514721733628648,0.0281831347371004,0.0336268036869918,0.0261219746539441,0.0281773332201049,0.0216737065934184,0.0240919200915683,0.0338465090973173,0.0243641040773797,0.0466955667620504,0.0414059256245244,0.0402037891218051,0.0366928439566839,0.0531674389752471,0.0269360339287373,0.029441184146227,0.035880870942312,0.044054923696199,0.0248788906597243,0.0356374471179944,0.0356984490735802,0.042496845746483,0.03172091434219,0.022424168603607,0.0496884108396672,0.0286317093177968,0.0225198918451046,0.0427506487754214,0.0249830978004146,0.0489312916242379
