0,0.04485028187624,0,0.0381496254393182,0.0813630747750289,0.121446339468108,0.0455593174746667,0.00373084430480072,0.0651139859047065,0.0298509175310161,0.0740610898759398,0,0.051811527079664,0,0,0.0516500978261038,0,0.0426463179543313,0,0,0.00232191166597578,0,0.0341733345423628,0.00395356671186464,0.0310608878845359,0.143352387086416,0.0827065587522689,0.107320232691691,0.050731989378701,0.083261207236647,0.145698826188963,0.0962304870334393,0.0887158986392408,0.0979818276903172,0.135600475411197,0.122069370126562,0,0.110855027038588,0,0.101393361634728,0.0537434009915695,0.0439849015260912,0.0152312155401271,0,0,0.113833899587231,0.017650413971473,0.106422737929551,0.0106552137671454,0.0885277290110233,0.11311505607754,0.00151935733495908,0.0132144700338425,0.0327779091861932,0.0650641509514903,0,0.00529123581922655,0.0587958706270885,0,0.0590383171494773,0.0775637997961551,0.0708508293592633,0.0568797496937019,0.0711772206911313,0.0497366466596736,0,0.08979307709467,0.0777639880418103,0.0208483373631739,0.000593461423297707,0.0507431385067889,0.0430079535127992,0.0641196343612622,0,0.112893694139132,0.034206631377465,0.00460448295505154,0.0681950243675531,0.064090877152846,0.0697743963059779,0.040014493397029,0.0933383587579577,0.0737868751426199,0,0.0316513898547365,0,0.045683329916688,0.0742689891288322,0,0,0.00186980965572213,0,0,0.0133345862279831,0.0357222071087364,0,0,0.00618529330097164,0.0260775584176677,0.037666118017974,0,0.0407397272872137,0.000550289808592873,0,0.00441574728650947,0,0.0941610341529446,0.00786267777423248,0,0,0.0929655939665956
0.04485028187624,0,0.054514769049329,0.0343941161979149,0.0443462872449626,0.0672727669724271,0.0846926535943176,0.126227914363722,0.0151621860334799,0.0423276269816301,0.0380245009881534,0.088474464133191,0,0.0921495769526736,0.0536487175587792,0.0371981545448128,0.0610045607123448,0.0415618292211129,0.0301751018599511,0.082427859127639,0.0176806331327287,0.0964066416706613,0.050216415251144,0.0544441882848026,0.0839127804539219,0.0629514426291434,0.0581640352005732,0.0914108396223669,0.0458772898487576,0.037389034377782,0.0410480776611673,0.0908094184126598,0.044550204701915,0.0742935975997171,0.102676075414267,0.0597167751588981,0.0519648440370768,0.0742283022434538,0.00120142419671885,0.0482516026262368,0.00690268748275819,0.0355840591547417,0.0387243688122428,0.0530810228077446,0.0491876875360002,0.0673506149562237,0.0401351625223711,0.0507785663266865,0.0468028921534433,0.073970546991504,0.0282820901072071,0.0816250613905116,0.0429623363545584,0.0516319959210717,0.0702161832790142,0.04160566602333,0.0385029175722586,0.0597550226803162,0.0771212838278386,0.0324486046501601,0.0334028544979493,0.0292505761941826,0.0348500755225845,0.0348948424183589,0.0379446935247176,0.043501689511757,0.0394080670961265,0.0423482206238766,0,0.0453764855514509,0.060891658698773,0.0227280993271367,0.0673389467549314,0.042235492656767,0.0554113737635833,0.0370350524148675,0,0.0585332664580238,0.0853377295538001,0.0576289412061243,0.0815031258400703,0.0433412392697703,0.0256649535093792,0.0688383620391678,0.0241499269145268,0.0799864943271905,0.0189211431747042,0.0358743475163053,0.0167457116551981,0.0646583365730806,0.0597640742040024,0.026608225983012,0.0931192723114923,0.0316572033669197,0.0272254260339011,0.0831025973903761,0,0.035672330217889,0.0147561146041763,0.0430202908568178,0.0850821507890329,0.0785494628257485,0,0.0208844792903384,0.102294584683438,0.0600918773725358,0.0265498442297628,0,0.0233679568627855,0.0231259191785303,0.100286876699033
0,0.054514769049329,0,0.0324343305750812,0.0472395643724784,0.035776172617124,0.0279625005088556,0.0221865426359973,0.0225626528826191,0.0475367218473848,0.0383225254642056,0,0.0716042776943629,0,0.0111137024443437,0.00748833605124961,0.0207060838510466,0.0299581931006412,0.0110095877112017,0.00230178209980975,0.00230251944120935,0,0.0607151322155263,0.0293985952739159,0.0237758701779483,0.111737763854192,0.0732797557356119,0.0610873561345696,0.0837269110080083,0.0178663194574739,0.128351266055323,0.112718827941329,0.0686720868733582,0.0803795621301601,0.106136757026047,0.0656754240905031,0.0176764600381676,0.115898393575852,0.010351276233803,0.0761914061703262,0.0900724089966504,0.0514521308666937,0.0346481471038386,0.0390772656043954,0.00511654618061714,0.130237538839718,0.0295352884919386,0.0738413582945189,0.0275061522679812,0.067106120266242,0.0767652169122198,0.0190313191592392,0.0253373929603953,0.043510561084234,0.0418186163589653,0.0058109036838266,0.0380299118287172,0.0407210186820172,0.00106991443351454,0.0433751727821678,0.0495862601531434,0.0477785102166054,0.0261193765125937,0.0379504128202932,0.0510311597482201,0.0245101977485833,0.0340666933321187,0.040750749338387,0.047871867258306,0,0.0332766838513605,0.0226318995002134,0.0393011537993273,0.00180965899642746,0.0384141207024212,0.00720128867955188,0.0112729111463033,0.0337989856840338,0.0486775532531783,0.0405858466902414,0.0373061572310902,0.0238626918422608,0.0193749246200307,0.00609902573758178,0.0319979738702313,0,0.00382466591506591,0.0111858303388559,0.0042399819086015,0,0,0.00157382751169973,0.0096990825583985,0.0214707365045683,0.0355238933636364,0.0155465497590297,0,0.00975368299564603,0.0201536336824843,0.0206090576856741,0,0.0107890974377908,0.0127020372218655,0,0,0.00453205242101103,0.0891308230648881,0.0272766156343919,0,0,0.0493550592293556
0.0381496254393182,0.0343941161979149,0.0324343305750812,0,0.0347596977184809,0,5.97392967967373e-05,0.0534808259729534,0,0,0.0163282612525961,0.0218839268127039,0.0395666902833743,0.0398425065078903,0.0231050888463166,0,0.00317714241808428,0.0485760183445914,0.0566197742179395,0.0460718520847822,0.0268794637323718,0.052183334731855,0.0464800294510061,0.0832133698601439,0,0.103929612782131,0.018484091499045,0.00964186821718438,0.053531323148996,0,0.105071695929694,0.0462677119763874,0.0406129622171099,0.034625723841297,0.0600671317914075,0.00831828100835515,0.0258362148246884,0.0757677666666961,0,0.112885170358401,0.128600696583152,0.0999338525200577,0.0486735877663875,0.0941306598462384,0.0509536598611421,0.108985125016512,0.0417977239190843,0.0166898463253661,0.0363891451605493,0.00323085048516212,0.019521799360238,0.00744149457190498,0.046628259511497,0.0592422006273995,0.0117327161713835,0.0199066756913303,0,0.00608225098902297,0.0444472660683314,0.0107521880594111,0,0.025238558637947,0.0141690619073678,0.0163036886632439,0.00149323426483342,0.0016573219579076,0.00776598666874843,0,0.0308499901406563,0.0141984745622881,0.00993939386831047,0.0141466808187446,0.0328533972211151,0.030848710183816,0,0,0,0.0119532368249566,0.0415274035594135,0.0204437490316771,0.0377948906303036,0,0.00482535902782618,0,0.0389311559612513,0.0281967415995556,0.00814644412308066,0,0.00694574285863789,0.00837525323830686,4.67769246167664e-06,0.0107253542057278,0.0441527157315709,0.0247545839265156,0.0457015891155972,0.047367401316796,0.00431707821404023,0.0254423079897264,0.0153383992947717,0.0159183754320193,0.029625110117304,0.000940525809227773,0.00867042181760695,0.0231525063842337,0.0347625708953775,0.00274643933164054,0.0534734702681745,0.0183651018394508,0.02216744396602,0.0128650546696359,0
0.0813630747750289,0.0443462872449626,0.0472395643724784,0.0347596977184809,0,0,0.0115836505174867,0.0694887463340539,0.0361032835006954,0.000716244311996885,0.0651002881547759,0.0275144128077316,0.000144429314042465,0.045338022593723,0.0346091679817344,0,0.0205768642495672,0.0491939159279974,0.0423702369785737,0.0437741003474205,0.0265932604131607,0.0498107239041909,0.0152771522121492,0.0706256201522559,0.00299388716336657,0.0727868686528775,0,0,0.0255191501659524,0.0149687427713181,0.0436528906025518,0.0138979976146559,0.0115985558794228,0.002345423950983,0.0175331526865183,0,0.0363785361075443,0.0413803146927726,0.00397045914825042,0.0940933718042503,0.08381623882987,0.0564666813040641,0.0354957942285325,0.0569205985726512,0.0472937727575516,0.0666085408792983,0.0290564228642924,0,0.0201708568701514,0,0.0188696653041619,0.0134585670024399,0.0402781534487427,0.0442547114094982,6.15960870861609e-05,0.0225390960633279,0,0,0.0423790027696285,0,0.00291487306802205,0.0239463068912374,0.00974014054746671,0,0,0.00821288232813452,0,0,0.00217360744268924,0.0272045319456785,0.00816139506700812,0.0523781906881062,0.0218861871190402,0.0645029801962465,0,0.0118293955149102,0.00133489190946815,0.00531928267980478,0.0389626325614785,0.00708725979168284,0.0358168300205656,0.0194959490888617,0.0508973458878216,0.00687121745454556,0.0259860181023904,0.0332023799946235,0.0465027379188752,0.0316533172121443,0.0266233682967497,0.0156861961742791,0.0128959004427593,0.0177201357648945,0.0560955850272748,0.0228059967309166,0.0391788330642574,0.0593456323091807,0.0179247530743898,0.0336996403968093,0.0353165015778769,0.0566850892019996,0.0425787050972614,0,0.00725135522524006,0.0441798239158891,0.0386850605330771,0.0120045958189645,0.0425436571542685,0.017709059703797,0.0269522391096845,0.0188219345452083,0
0.121446339468108,0.0672727669724271,0.035776172617124,0,0,0,0,0.0898972226563098,0.0838147988403796,0,0,0.0401896886176667,0,0.0507647437264087,0.0104543466484288,0.0392681373808249,0,0,0.00654535502665343,0.0461910770901068,0.00428389095618437,0.0461877471972272,0,0.0210806941458481,0,0.0421020214943377,0,0.0391665031199914,0.00167675368146688,0.0145083697559109,0.00290946345382767,0.0159178177985166,0.00488760746000816,0.0252746649150031,0.0287003358118596,0.00479569013363523,0.0113102800908068,0.0314524153870098,0,0,0,0,0,0.0093159402827939,0.00378589642932642,0.0266943244124088,0,0,0,0.00501911165263906,0.0136635736365334,0,0,0.0066492570486396,0.0114522560064839,0,0,0,0.0141144787025331,0,0.00163744268677712,0.0171638466800712,0,0,0.00639110131666924,0,0,0,0,0.0357624323054655,0.00401851287524392,0.0623442588837356,0.0398290919879636,0.100271300560885,0,0.00596553211431825,0.0121587736305353,0.0109648834885116,0.0673179244620422,0.0336860614488612,0.0520565042139751,0.00831370709594149,0.0414752591892012,0,0,0.0203348293417474,0.0325287484506187,0.0374957898558594,0.0129943666652181,0,0,0,0.0555205368292468,0,0.0177963410198359,0.0581110778133287,0.00992536689372302,0,0.00869937254046187,0.0162460124845868,0.0597780676104831,0,0,0.0436978261064738,0.0533287630541619,0,0.00939907419322083,0,0.00962924836097983,0,0.0147397455699436
0.0455593174746667,0.0846926535943176,0.0279625005088556,5.97392967967373e-05,0.0115836505174867,0,0,0.0879014864654292,0.0253123189981856,0.0100499313663121,0.00131085347658975,0.0301029275352321,0.046392516579449,0.0710199188735133,0.0210238029861383,0.0284722924610136,0.00361756002481544,0,0.011303554307115,0.0885413861193901,0,0.060685446254716,0,0.0963229141315332,0.000651849355999764,0,0.00425846321369386,0,0.00235583292917751,0.0010229075999624,0.0292676272031823,0,0.0198453347435424,0.00274267867757698,0,0,0,0,0.000208325730998369,0,0.0401593967359807,0.00782420754151932,0.00237928495360797,0.030718142586096,0.013481407096643,0,0.00475322909707745,0,0,0,0.0129016490340708,0,0.00126931894191348,0,0.0122615437522168,0,0.0260034311259774,0.0107099052180636,0.00823260660333711,0.00664872844927045,0.0126814561022937,0.0369928684575264,0.00406211429207874,0.0158474252691174,0.0180141578343519,0.00518225163713733,0.00452868545137228,0.0101551715820094,0.038919235227216,0.0107441267510271,0.00604358614486993,0.0371110101074222,0.0300708618052755,0.0711320178563572,0,0,0.0147768417875579,0.00673392878910146,0.027201742299664,0,0.0263811522245938,0,0.005312458428405,0.00681713892503098,0.0104757521197894,0.0236801176502269,0,0,0.0118942981427883,0.0151261679935054,0.000884790679496057,0,0.0351417519708896,0,0.00555921206241942,0.0812397005299244,0.0199654714724466,0,0.00974448870480894,0,0.0417760355195,0,0.0168870016671856,0.000117203988756184,0.0633918521119312,0.001588613017779,0.0275975687565746,0.0332224614412569,0.0441929995209084,0,0
0.00373084430480072,0.126227914363722,0.0221865426359973,0.0534808259729534,0.0694887463340539,0.0898972226563098,0.0879014864654292,0,0.0798306582072691,0.0573772903147469,0.0622689680329898,0.0480174304072047,0.0545898431501166,0.0290339602962237,0.03932647882983,0.0343400276015924,0.0469623571134061,0.0548495707814834,0.00597433795587322,0.00996632244960386,0.0220093851453311,0.0166775075054673,0.0581760989239022,0.011355645146798,0.0801501591012109,0.113204678668695,0.105508288589129,0.108535317873351,0.0756067816895396,0.0555694060630641,0.122748455858935,0.147771820901097,0.0843959915670735,0.106513179176544,0.149758676471685,0.0989791368832786,0.0478345463997157,0.128106677502632,0.0154855780189005,0.0808515844408958,0.054545022187171,0.0642854439981231,0.0460897084638665,0.0305022554804648,0.0271303867891795,0.114160633515123,0.0437601104098144,0.0999263576838552,0.044494311537759,0.117355685285283,0.0937853984150836,0.0584512888295584,0.0450504736713963,0.0537780343986895,0.0814671777768103,0.00973478788110362,0.05350257444339,0.0730912313750346,0.0316152587559541,0.0579600568637599,0.0705042990391848,0.0650122531071856,0.0561629787522796,0.0672387747549685,0.0668321569475442,0.0405815151097172,0.0641691586475379,0.0707804398384056,0.0343246768124388,0.0265777052695283,0.0710732521720037,0.0679559055720296,0.0678184179941341,0.0373695470896931,0.0832569320649747,0.05619211996824,0.0106363006964457,0.0675814472212949,0.0797860736996992,0.0644805282688633,0.0624414441117724,0.0754799592078768,0.0832284797147189,0.0356427591153065,0.0427204152960332,0.035556469283379,0.0651338477798595,0.0721878501746745,0.0300747842949884,0.0255050503328915,0.0331029558901059,0.00840348900869189,0.0404094584870205,0.0218003081056712,0.0354508030028127,0.0111373406399502,0.0336931102864495,0.0319879493246909,0.0568062636381561,0.0591505999255346,0.0392719273039926,0.0450521206876466,0.00503807261176067,0,0.0304654564411372,0.0347834872926958,0.105921801815975,0.0412597542192901,0.00427643430872731,0.00201485595523904,0.121002710101384
0.0651139859047065,0.0151621860334799,0.0225626528826191,0,0.0361032835006954,0.0838147988403796,0.0253123189981856,0.0798306582072691,0,0,0.00256429723075309,0.0346388033773809,0,0.0368574076705396,0,0.0371744737133968,0,0,0,0.0333240877084483,0.000260783172240289,0.0388211876498978,0,0.0285143957553293,0.00574627369441255,0.0938316037191724,0.0277651808868185,0.104357431192533,0.00866967828067115,0.00519389997530955,0.044240381464635,0.041662333670793,0.0387443921643279,0.0875564979569328,0.0764542768893358,0.0741630777456611,0,0.0675794979425708,0,0.0610887359321444,0.00894705497242425,0,0,0.0102633461136462,0,0.0645715163480937,0.00172575396407425,0.0553238848381717,0,0.0499984760391946,0.0126388499014953,0.00649451608372959,0,0.00533154855122045,0.0687666608006808,0,0,0.0616247100994044,0.0137345155187424,0.0601227057477189,0.0216767715643693,0.00576554511300795,0.0219221984586592,0.0492190406497991,0.0217892723041147,0,0.0866668852724451,0.0669164341360335,0,0.024794356814964,0.0468875201568963,0.00841615378206644,0.0862289673249327,0.0654473607086093,0.0811141501114642,0.00308074177590433,0.021724153369103,0.0852561032053112,0.105849603939006,0.0778221311620464,0.0709353763858098,0.0539130935757205,0,0.0122150375357946,0.0258572769818855,0.0192622597408733,0,0.0103326494284817,0.00545120476385261,0.00597501783993268,0.00135966272448494,0.00185366263333242,0.0471983644737094,0.0149759806322888,0.0532564120030372,0.0365700015357692,0.00250446914973448,0,0,0,0.0512036899702456,0.0187459952812215,0,0.0120353900505131,0.0392674769231281,0.00318474654780694,0,0,0.0137814355221338,0,0.0547000442164325
0.0298509175310161,0.0423276269816301,0.0475367218473848,0,0.000716244311996885,0,0.0100499313663121,0.0573772903147469,0,0,0,0.0289508356165294,0.0439977968189979,0.0617963603769445,0.0505520302396451,0.00262236218809324,0.0363004834291741,0.00118512164457084,0.0918709954858252,0.0786562943951992,0.0204551132935773,0.0787317873672183,0.0529348725115924,0.102400049592532,0.00157854209789136,0.0826832808513136,0.019722272275924,0.0122090134931706,0.0371031737290065,0.000582530526713748,0.0997644804286049,0.0422812901873549,0.0594151664012255,0.0421599948286589,0.0423258857863139,0.00726802507885646,0.0282004699966919,0.0653207251469167,0,0.0791200228392095,0.120397538376517,0.103855871878172,0.101641303101289,0.142415409848658,0.0883706530874595,0.0867282278866702,0.0819816759548933,0.0111936662742268,0.0291028114452286,0.00390631619080689,0.0345590850699284,0.0390583943663723,0.0743153423461141,0.0454990697256134,0.0176459627734577,0.0385100522839968,0.00118388450974698,0.013047988924532,0.071651397086967,0.0222596577948797,0.020837242266391,0.0633686744229601,0.0107720483370239,0.0194368953086366,0.0166493465149915,0.00847286747806035,0.00711252988324682,0.00837806817232188,0.0368153436770947,0.0170132952178211,0.0137657981794289,0.0277725037927951,0.033268131407261,0.0260523768315652,0,0,0.00317451436286187,0.00877645674319132,0.0356946964200609,0.0105395220268353,0.0356217488227102,0,0.000626894905404938,0.0458422371676019,0.0337820955318839,0.0559971583241698,0,0,0,0.0496616144907447,0.0254601085244105,0.016307931850861,0.0523399693545071,0.0336139127868389,0.0310200494122778,0.0676204683174419,0,0.00348414352711146,0.0172088226278255,0.0147700584900268,0.0310701371680208,0,0.0186009838297573,0,0.0572831675067632,0.0372734088552422,0.0823912399551775,0.0245518119054366,0.0267303106517244,0.0216330678694725,0
0.0740610898759398,0.0380245009881534,0.0383225254642056,0.0163282612525961,0.0651002881547759,0,0.00131085347658975,0.0622689680329898,0.00256429723075309,0,0,0.0182087014838413,0.0193471515453873,0.0366722732532514,0.024673130312328,0,0.0117933293631216,0.0160744669735373,0.0390228392164978,0.0382830387106602,0.00784133471600243,0.043975374908429,0.00396359313338456,0.0626680578920865,0,0.0876087966486936,0,0.00240520221551763,0.0238927948083482,0.00249416605358226,0.0648699166956328,0.0160223831741168,0.0431326947981283,0.0222609681711775,0.0328412636388895,0.002415504385175,0.0226975768696764,0.0503398544552758,0,0.123337058666779,0.0949438982227403,0.0766772957516301,0.0424451101782544,0.0606402091193378,0.0484623274567676,0.076472172497192,0.0378679835790401,0.00532991939489626,0,0,0.0354830461710393,0.00353407773210588,0.0420996036122601,0.0307760632817824,0.000503711700870551,0.0142631904014396,0,0,0.0379341112201203,0.00926018577797571,0.00917764410038838,0.02767360737441,0.00458833061614234,0.00253029296356625,0.000311954294683027,0,0.00624764525758867,0,0.0244731621826959,0.0186476584759957,0.00296550844564485,0.0347213479933589,0.023745542984275,0.052422242854943,0,0,0.00367261946156277,0.00479034544089547,0.0412811943069801,0.020544130008537,0.0330393507640512,0,0.0268596173380255,0.00608207139103108,0.032530034101805,0.0247749037876421,0.020596973810897,0,0.0141263764997317,0.00970954618837168,0.00364524195620888,0.013148901591101,0.0487638691124965,0.0290304838883498,0.0436254813843121,0.0510547475765794,0.00578753041969585,0.0112662434793606,0.0247350194468713,0.0329356625804608,0.035172324572619,0,0.0147543493963295,0.0195197957506452,0.0280135227591524,0.0064609790496987,0.0564430425121244,0.016572251291973,0.021016210783019,0.0182170599347573,0
0,0.088474464133191,0,0.0218839268127039,0.0275144128077316,0.0401896886176667,0.0301029275352321,0.0480174304072047,0.0346388033773809,0.0289508356165294,0.0182087014838413,0,0.0785170647129491,0.0460283165587755,0.0270891761586934,0.00684095080526002,0.00885519287299651,0.014840055534327,0.0221581487559982,0.041595990064674,0,0.015883288054151,0.0495258418056843,0.0408696677425066,0.0313741475072869,0.122100351208653,0.104379524820801,0.0806748316420952,0.0870109150687275,0.0265213903302887,0.167650783545447,0.204875980317788,0.0912141708043673,0.104166209264349,0.144609035246626,0.0772204285733895,0.0145716781417356,0.151559617967162,0,0.0778006936229661,0.0973020936252768,0.059408613110307,0.0403639316949235,0.0573159014800288,0.0310111541516442,0.159085527254422,0.0325588612009613,0.0803936865528571,0.00580296605837028,0.0911618479426794,0.0836321849299208,0.0137673527443343,0.0297330094126418,0.0453046028774564,0.056335494264796,0.00204949834002296,0.0529390593450005,0.0541255895461387,0,0.0577394906867139,0.0601392395496013,0.0620392910874349,0.0312753859773788,0.0446327852295145,0.0730394177600557,0.0179445752211704,0.0275876020684486,0.0504890554939434,0.0442791719745034,0,0.0433456315624398,0.0434203187319857,0.0441564432261512,0.0343848741096667,0.0416809868900721,0.0201276647656363,0.0317100940868858,0.0450536744401389,0.0494594599270327,0.03635470273675,0.036459553073204,0.0283654186038064,0.030461032921886,0,0.0270208509668572,0.011852482282201,0.0108760135723448,0.0197143153686257,0.000118998492964713,0,0,0,0.0225411245024893,0.0121238223200627,0.0242057112212819,0.0806178293939384,0.0061201221908506,0.00325802562030476,0.0312829902205698,0.027517188101635,0.00124945293452123,0.0088430852856692,0.0270174906987043,0,0,0,0.109612850133769,0.052332346781008,0,0,0.0731004276814626
0.051811527079664,0,0.0716042776943629,0.0395666902833743,0.000144429314042465,0,0.046392516579449,0.0545898431501166,0,0.0439977968189979,0.0193471515453873,0.0785170647129491,0,0.0793488080247703,0.0723195266917886,0.00799817945093997,0.0659674309183799,0.0458755289719907,0.0494363220797772,0.0791127944730199,0.0305999101991147,0.0932762905338913,0.0613499789306099,0.0633352858745669,0.0640797490211568,0,0.0171607133596366,0.00753560006790028,0.0491353914789031,0.00313322877902851,0.00747455573014076,0.0585838839834251,0,0,0.0333130670243821,0,0.0578689273871274,0.0189869438288324,0,0,0.0167496824134773,0.0355861459061363,0.0481515749938645,0.0748089249283112,0.0699002644140695,0.00426171098386309,0.0528904383754237,0,0.0603558042698811,0.0251524196013907,0.00775393874445948,0.0889469274653383,0.0558504584660211,0.0395236981664305,0.0113161213101846,0.0849027580478368,0.045955942824759,0.00975247863410519,0.074730233954841,0,0.00997349008118619,0.0120744286098186,0,0,0.00622238483041097,0.0457853260325554,0,0,0,0.064045172106353,0.0193120016929279,0.039857486610544,0.00508472759984193,0.0453958524154049,0,0.00312754790643328,0.0254987297485368,0,0.00285613676271382,0,0.0586725181813348,0.00274339667650469,0.0371242267196861,0.0604711305477919,0,0.0827067893434429,0.00570882324325635,0,0,0.075953188497874,0.0614861275632918,0.02978824154537,0.0725493166068142,0.0189761654485846,0,0.0456859180716961,0,0.0598229507536486,0.0125448599077076,0.0511844986320801,0.059326976886167,0.0377736818396075,0.0232173938036962,0.0274782800794186,0.0841447583560478,0.0679052745244798,0.021986839258416,0.00440358212026115,0.0334649202033049,0.0176236061615658,0.040643924295132
0,0.0921495769526736,0,0.0398425065078903,0.045338022593723,0.0507647437264087,0.0710199188735133,0.0290339602962237,0.0368574076705396,0.0617963603769445,0.0366722732532514,0.0460283165587755,0.0793488080247703,0,0.0395311019232034,0.0132660218901238,0.0496421031807576,0.0398628794119135,0.0100950968905731,0.00290081074454015,0.017698338450628,0.00208547898096196,0.0899156950135854,0.0376184723625113,0.0862467510297618,0.11745439653702,0.109735271716315,0.0945502581011299,0.0881393961984145,0.0194588437894968,0.162791708341994,0.185378994918381,0.0789307091902946,0.109971652099483,0.154506173914393,0.0816015123773936,0.0416795681847136,0.134145553107061,0.0109898821346773,0.0653438429176888,0.0826583713630451,0.0561126592314828,0.03337304342194,0.0261258405754013,0.00469419710154673,0.136049778926799,0.032712587337749,0.0823450048669019,0.0549246343872503,0.101802993329672,0.0758759029570215,0.0878572308847387,0.0283507174628626,0.0588449402220535,0.071014315292665,0,0.0764670262969297,0.0655302829269074,0.0250721786909153,0.043928081679817,0.0497902292584245,0.0595470143155279,0.0376559015175023,0.0507761305590594,0.0592225872782832,0.0508635751429443,0.0368758112803578,0.0520005613944918,0.0450904306960513,0,0.0594343345853655,0.0233455462103619,0.0534771471700905,0.0145288870318088,0.0447832353304656,0.0100865385780357,0.00660949510957655,0.0504983838893424,0.0518436031228521,0.0408274850922222,0.044369272162068,0.0302302248392174,0.0262768689484157,0.0243883600648408,0.0362016058917009,0.0199172414109631,0.0103941861248673,0.0215524971914219,0.0111725497835767,0.0147345175927137,0.022738983418292,0.000358125109415593,0,0.0125826391366499,0.0263188580422313,0.0632524830337967,0.0139745663656416,0.0174727806580444,0.00778253709961916,0.0179647532441365,0,0.0310875049609459,0.0107008599902584,0,0.0166104008004571,0.0359897826196701,0.0987550757321449,0.0442026586414636,0.0030628220049794,0,0.108523547642637
0,0.0536487175587792,0.0111137024443437,0.0231050888463166,0.0346091679817344,0.0104543466484288,0.0210238029861383,0.03932647882983,0,0.0505520302396451,0.024673130312328,0.0270891761586934,0.0723195266917886,0.0395311019232034,0,0.00354956152179802,0.037574810867589,0.0376958209761395,0.0195418863529576,0.042607155097361,0.0111167780097364,0.0354461065330452,0.130804583568348,0.0600117789383122,0.0352294877029147,0.0982717908052564,0.0688768578087916,0.047653613354523,0.091524263689776,0,0.142058124962096,0.124222113203248,0.0566943648680165,0.0702986025713636,0.104445425597017,0.0419655964162337,0.0306904689567973,0.105349509235218,0,0.0621840837044453,0.0939888823553204,0.0407185692335346,0.0127061896025153,0.043267703960558,0,0.122996533864724,0.0139436935543906,0.045132726527411,0.0633917841475101,0.0448954945583532,0.0415059782956101,0.0562528247934307,0.00168130111686991,0.0713920267165925,0.0318567511665619,0,0.0479026475939748,0.0294001482128994,0.039701690446467,0.0258333411715928,0.020336296081451,0.0384799653797623,0.0189593350358407,0.0319673467286798,0.0313711431319547,0.0404959338317719,0.0205446133038611,0.0208103433975158,0.0525510500500269,0,0.025667458124269,0.000195397549096892,0.0380941255466761,0.00753155547760727,0.0104425551437216,0,0,0.0245837925376697,0.043160151422984,0.0258237343114706,0.0441673029593441,0,0,0,0.0348587571551025,0.0338829665832899,0,0,0,0,0,0,0.0285669222854806,0.00882288339874837,0.0318871155567901,0.0393595998904697,0.00158720441835883,0.00375739680062506,0.0041456507412924,0,0.0111019632461482,0.0203151544119761,0.0228812977008158,0,0.012049094102759,0.0247486707869735,0.0846038321524374,0.0377371455724138,0.0152269735658131,0,0.0450600455750541
0.0516500978261038,0.0371981545448128,0.00748833605124961,0,0,0.0392681373808249,0.0284722924610136,0.0343400276015924,0.0371744737133968,0.00262236218809324,0,0.00684095080526002,0.00799817945093997,0.0132660218901238,0.00354956152179802,0,0.00538884429307664,0.00390058157262042,0,0.0104380565218666,0.0100608580386025,0.00228622823202196,0.00434266216144826,0.00158907691831758,0.00544753993795705,0.00649377896019914,0.0198449109045713,0.031625623543445,0.00999356115351149,0.0203640402347144,0.0274519246770581,0.0137235376765198,0.0263809552301277,0.0203039039200657,0.0304471237439801,0.0304828175257485,0.0130291813560049,0.00531088371828933,0.00285922360507301,0.00328567153007716,0.0181504261402283,0.00539014793382218,0.00123901147292781,0.00235871897764211,0.00151572360410186,0.0081338377853471,0,0.0115620638850858,0,0.027819497886237,0.0349251158720606,0,0,0.00209199401201583,0.0177603062678426,0,0.0163195676260574,0.0203570488392181,0,0.00556984640552972,0.0183311123462761,0.0181170089841158,0.017948317470751,0.00798316589115212,0.0233240903704738,0.00332362072099406,0,0.023386165221406,0,0.0207141985261308,0.0155746028037251,0.034273440460722,0.000415322504631697,0.0500866626478163,0.0211427071252297,0.0193177096131735,0.0147369303471567,0.0244137723261982,0,0,0,0.0267394176631114,0.0381235517251808,0,0,0.00407316230297772,0.0391253827450804,0.0354213792942371,0.010366213510766,0,0,0,0.013543081114162,0,0,0.0168730961796175,0.00506189085246774,0,0.00692675231530208,0.0161809963206585,0.0222410916957475,0,0,0.0133877766608183,0.0167874068357131,0.000333727050315023,0.0203060743760028,0,0.00348876955532353,0.0166091945375692,0.0249642078905131
0,0.0610045607123448,0.0207060838510466,0.00317714241808428,0.0205768642495672,0,0.00361756002481544,0.0469623571134061,0,0.0363004834291741,0.0117933293631216,0.00885519287299651,0.0659674309183799,0.0496421031807576,0.037574810867589,0.00538884429307664,0,0.0168106020056018,0.0584345202421956,0.0828279287452751,0.00289232118562222,0.0508475678126367,0.0510878683881466,0.108271495796383,0,0.0661161354098904,0.0306627629392972,0.0102618282158915,0.0490088569230138,0,0.105402453141859,0.0514085730188751,0.0435544695105578,0.033065790433263,0.0535692688100173,0.0108138890797689,0,0.0613854333979299,0,0.0408564351047506,0.130104924870099,0.0422284633267758,0.0220918833632302,0.121706373582651,0.0706967042820379,0.0898581120660741,0.0207980292982738,0.0203113322833887,0.0123837365312255,0.0113150632897205,0.0207468646243304,0,0.0140028071016112,0.0353965098380535,0.026066345737379,0.00715199579495455,0.0152907804375631,0.0199894681570371,0.031959499504655,0.0187980320963209,0.0130788906168562,0.0450466719364183,0.0266462597824588,0.0302250659577804,0.0214772591874213,0,0.0114640338610366,0.0131247746603383,0.0530829751986026,0,0.0180939689430867,0.0125660938792711,0.0395574758139933,0.0229295793691041,0,0,0.0011886516745025,0.0228761812086155,0.0254137975567285,0.00639609556888812,0.0164298760111028,0,0,0.006847131808555,0.0258939914901802,0.0195772763637104,0,0,0,0.00494993232137294,0,0.000922756870880064,0.0251406139104957,0.0156181892315761,0.020369322506704,0.0751630036391373,0.00405917480186587,0,0.0120099192478547,0,0.00945568092416122,0.000650297081602388,0.0299542844356026,0,0.0295928517267552,0,0.0608845985421606,0.0408837304540487,0.0272757680333632,0.0132779521272691,0.00229784093509296
0.0426463179543313,0.0415618292211129,0.0299581931006412,0.0485760183445914,0.0491939159279974,0,0,0.0548495707814834,0,0.00118512164457084,0.0160744669735373,0.014840055534327,0.0458755289719907,0.0398628794119135,0.0376958209761395,0.00390058157262042,0.0168106020056018,0,0.0494453575134519,0.0466765867021731,0,0.0485436489998022,0.00442571498172025,0.068439684790851,0,0.102027486650214,0.013435342158725,0.0132493433866705,0.0423540070809519,0.0142743730893158,0.0906994727346854,0.0237979873065623,0.0780830957523529,0.0348732983625062,0.0455687352958314,0.0219275793723955,0.0151808391954918,0.0711829926482793,0,0.132756201931113,0.119459938648542,0.120685647039978,0.105678105183243,0.0992278138451409,0.0829058463569826,0.101386919215186,0.0982478034299728,0.0262438561461711,0,0,0.0617874964429027,0.00253800387195156,0.0848775642907305,0.0270584521434701,0.00814749696003337,0.0292538834470023,0,0.00286339462682103,0.0438521185252972,0.0399706040756293,0.0510697250354627,0.0600131568436851,0.0135698477464429,0.0188632180448691,0.0255156614378624,0,0.0104230134455607,0.00732194536388361,0.0346493413626385,0.0160375072865574,0.00265783614763741,0.0222303033758806,0.0275248100980482,0.0362754469843871,0.00361598781219586,0,0.0155191298467198,0.0120219315328341,0.0370588123238992,0.0222189177508572,0.027374680541879,0,0.00575126978573227,0.0170241240369706,0.0427266378268832,0.0290793298031687,0.00183588332372288,0,0.00947797641658486,0.0172926888601597,0.00385740637864399,0.0234478927201677,0.048711864585676,0.047563548666239,0.0441443928073239,0.056448360337001,0.000710598585548,0.0206038228189442,0.0225998204175507,0.0367704390371398,0.0301240327711256,0,0.0230902137556868,0,0.0214839753901047,0.0216875070720452,0.102098077053826,0.0226069945571474,0.0147617572667541,0.0265092801013473,0
0,0.0301751018599511,0.0110095877112017,0.0566197742179395,0.0423702369785737,0.00654535502665343,0.011303554307115,0.00597433795587322,0,0.0918709954858252,0.0390228392164978,0.0221581487559982,0.0494363220797772,0.0100950968905731,0.0195418863529576,0,0.0584345202421956,0.0494453575134519,0,0.00880849811233124,0.0347414827680797,0.0204814502372744,0.0992170422610307,0.00377733185110663,0.0419565305990331,0.0815738263973313,0.0530570167453667,0.0304367798333559,0.0637976704810207,0,0.10798904650395,0.0907522858456684,0.03394213394412,0.0525251306635902,0.0878807839061415,0.024677002612813,0.0313136496846444,0.0781646440083416,0.00264390495431599,0.0342612847708811,0.0470010182811512,0.032490671462889,0.0328647051738805,0.000544783869605478,0.00868683857474534,0.0839430762309295,0.0318834343576443,0.0263383727787122,0.0727016646395261,0.0366292072065563,0.0276819605085721,0.0608534846383342,0.0344926280136421,0.0684416227045795,0.0175630594278637,0.0187106492345246,0.0358640876802176,0.0193100347311405,0.0461642620508294,0.0176508749709862,0.0152003833783347,0.0345851472763799,0.0104203864484916,0.0245069204635648,0.00314258647199521,0.0366501618407316,0.0232245429183287,0.01492606373431,0.0326710168644418,0.000987346561976954,0.0135757790891375,0,0.0202636089098253,0,0.00462433499157336,0,0,0.00806392031990019,0.0217758246373107,0.0243209822465627,0.0393521247174767,0,0,0.0370746378940941,0.0376697065949442,0.0319684261296204,0,0,0,0.0460494467618454,0.0138705168155776,0.00681873499226575,0.0104485538080782,0.0214479196589575,0.0266846338206105,0.0109864301325153,0,0.0514473402580247,0,0.0196889305161199,0.00249523920512246,0.0289097987994791,0,0.0186608715773507,0.0373062424822688,0.030245781334652,0.0420982871901087,0.00519290081121534,0,0,0.0391205701837746
0,0.082427859127639,0.00230178209980975,0.0460718520847822,0.0437741003474205,0.0461910770901068,0.0885413861193901,0.00996632244960386,0.0333240877084483,0.0786562943951992,0.0382830387106602,0.041595990064674,0.0791127944730199,0.00290081074454015,0.042607155097361,0.0104380565218666,0.0828279287452751,0.0466765867021731,0.00880849811233124,0,0.0313435937599727,0.0138244408874492,0.0999978579438331,0.0476328783890518,0.11718370549709,0.110248999830056,0.102634588861141,0.0886746733639387,0.0859695118917772,0.0101590011381625,0.163787806068827,0.173667375896229,0.0679676667895466,0.107387223075561,0.15724336602549,0.0711884299637023,0.0479091903553704,0.115135921309293,0.0198388168402965,0.0527519679246858,0.0785132587928938,0.0440889999471127,0.031248838660732,0.0159410868482785,0.00847683417845059,0.124785661178913,0.0356138426305975,0.0721766451381527,0.0806442357518811,0.0980980251403803,0.0641063244964059,0.134754477604901,0.0297523415424846,0.0602082422162131,0.0705453599797095,0.015000389689064,0.0912900704384941,0.0666904683462438,0.0510572167670653,0.0339849471706258,0.0392176960098481,0.0546748219276449,0.0386484245922641,0.0487060702258375,0.0487189773999436,0.0602252149206099,0.0327193011835579,0.0470566193230162,0.0413469846234071,0,0.0621371174738642,0.0107475663910924,0.0499760740468775,0.00772806164737497,0.0352297329581161,0.00252701654434861,0.000712742427424459,0.0496439100567348,0.0391547953834791,0.0340354070662824,0.0320616090033684,0.0251394793839877,0.0223520199767154,0.0482135953374669,0.0321367134096601,0.032101932736556,0.00595401220827104,0.0179268054760236,0.0151147666068874,0.0493857819573175,0.0528119591636931,0.00733095229654275,0,0.0141898594773415,0.0202840455598759,0.035711153115164,0.0163751595217068,0.0331758205744438,0,0.0173736932157938,0,0.0377270989475288,0,0.00155137761678314,0.0614469605867853,0.0566703577749318,0.081324086218063,0.0311464161287155,0.00489859080528692,0,0.117343190615621
0.00232191166597578,0.0176806331327287,0.00230251944120935,0.0268794637323718,0.0265932604131607,0.00428389095618437,0,0.0220093851453311,0.000260783172240289,0.0204551132935773,0.00784133471600243,0,0.0305999101991147,0.017698338450628,0.0111167780097364,0.0100608580386025,0.00289232118562222,0,0.0347414827680797,0.0313435937599727,0,0.0194288069025144,0,0.0376068314966619,0,0.112569583622108,0.0217808875405769,0.0280853984729463,0.0251324229224029,0.0150608546100686,0.0960017642504099,0.0429530354683868,0.0823461827973286,0.0658644824509022,0.0600758221987139,0.0408529648839039,0,0.0866960504054827,0,0.0916159612212517,0.0865550064932831,0.0614836887934867,0.0625536881544618,0.0679900843045316,0.0372695603819664,0.127479239517593,0.0550774658552752,0.0544298770817647,0,0.0248067026455664,0.0644197211738457,0,0.041108966935325,0.0100159582234385,0.028054529583542,0.0129591995482761,0,0.024634929593806,0,0.0647449351094663,0.0545029525301373,0.0489691819164749,0.024527900036879,0.0395329280869442,0.0600948552250229,0,0.0190323156896497,0.0354775252513573,0.0174575670028845,0.0106373140319243,0.0105074963201415,0.00701401522542871,0.0325942626059405,0.00751093704995984,0.0231076758042881,0,0.0336605554845119,0.0287860330440424,0.0487518137737684,0.0261827850155824,0.0309718462455515,0.00671041597664074,0.00785855328133813,0.0165976813681827,0.0462877767784598,0.0110844077264354,0,0,0,0.00684742136129953,0,0.0231800361365023,0.0217728453691845,0.0542595850075834,0.0486672868561904,0.0257735114935755,0,0.018672992286734,0.0101760907176323,0.015525183817444,0.00359432811399135,0,0.00763290654551848,0,0.00718008936819921,0.0029615657064433,0.0754392697022228,0.0050632290393983,0,0.00231675512094611,0.00469011002556168
0,0.0964066416706613,0,0.052183334731855,0.0498107239041909,0.0461877471972272,0.060685446254716,0.0166775075054673,0.0388211876498978,0.0787317873672183,0.043975374908429,0.015883288054151,0.0932762905338913,0.00208547898096196,0.0354461065330452,0.00228622823202196,0.0508475678126367,0.0485436489998022,0.0204814502372744,0.0138244408874492,0.0194288069025144,0,0.0905840564905774,0.043551040473154,0.0796261425101591,0.113054858444855,0.0963557117493648,0.073845264246077,0.0787236572584103,0.0177827249162284,0.162720124701635,0.140018520034845,0.0752709484234084,0.0949371909353033,0.138269857412612,0.0725169058525588,0.0365924591922502,0.104845235180978,0.0115304505581124,0.0645471756678517,0.0992161782159886,0.0637510097782486,0.0439865518396686,0.0555738321710997,0.013501122784088,0.110450576876915,0.0495570005297773,0.0696978695120775,0.0683747464038481,0.084596503772548,0.0802187669385993,0.0975171967602923,0.0400748020447785,0.0537592498797871,0.0542770112499011,0.00782108657192519,0.078041969784653,0.0588678371083403,0.0245968871817373,0.0401854403174738,0.0567615905901148,0.0831706439472693,0.0314993167805499,0.048002210789887,0.0547100514626324,0.0430025202033062,0.0346370438717337,0.0508597178768078,0.040524874749855,0,0.0522367134093868,0.0275342311147686,0.0393782965952793,0.00244146844334844,0.0411583851077527,0.00561549698012011,0.00584342394091989,0.041179913895283,0.0300830943173266,0.0348214309400516,0.0262742322617778,0.0237063424004213,0.0296636099551297,0.0287138692931735,0.0315504132202733,0.0238396122810955,0.00151063469102361,0.0147878570863813,0.00564435663809552,0.0331843068764641,0.0248761445530945,0.00134115446443299,0,0.0188737871151399,0.0197240106992817,0.0605339988609449,0.00914878573368789,0.031839184102864,0.00207326625281106,0.0285351564605202,0,0.0262252303133125,0.00819843885213996,0,0.0225139497057903,0.0277967825994936,0.102629559269914,0.0329073555280353,0,0,0.0945841739490308
