0,0.152929748488091,0.107332149708241,0.0964374311455796,0.0715062864551475,0.0602016239188001,0.128153617078829,0.0572960404760915,0.0555575793406136,0.0549206306339775,0.103809743034446,0.0445340312600807,0.130436978348611,0.0973062874036406,0.0726531794875539,0.105731413535424,0.0492254803850446,0.128726483985497,0.169582512924002,0.0548981567119692,0.0502463667843421,0.110524457178622,0.0068413379107969,0.159524322098081,0.0354507422826763,0.212359635776353,0.0761196607000013,0.0739430377756268,0.0645638975056519,0.0695038546366765,0.0808379139846435,0.0235951385567644,0.0652430632730801,0.0508640529958573,0.276934927105358,0.0648997072016056,0.196033882749428,0.158447261035271,0.0494877084410524,0.0298429867555066,0.0691650187262765,0.0225569643547872,0.211694742347003,0.106258698195212,0.0645409322938337,0.0465213960841548,0.0726097540829452,0.180302791835905,0.0393405049535068,0.281746860458079,0.0587965705140887,0.0644831062869373,0.221353988565478,0.0442125133600804,0.198579394595211,0.0546924936812888,0.0621255568805122,0.0552453868915167,0.066284310377017,0.0869583368039939,0.0566619706369604,0.146455651444309,0.0630289249889316,0.0914833899813053,0.0807172530202913,0.0469012156895835,0.112217967624409,0.0766856527861699,0.150991564859755,0.0514285193464093,0.0619495609464911,0.0630600854156701,0.0706465650629116,0.0612912419616541,0.0954795463711908,0.153576938320948,0.0558397562762235,0.060146606111348,0.071410093451123,0.184816579781943,0.0633279538042005,0.073364071666926,0.112773647371079,0.0326930046948056,0.064941037652827,0.0600660345375302,0.061386347814991,0.0713686253190147,0.0504176936641132,0.0479121896114656,0.097855468119121,0.0535184405346462,0.0577402332026517,0.0751051769114213,0.130876233310716,0.108727281653573,0.053143347542883,0.0566957727433042,0.0783770455962334,0.15461546346718,0.0565406168424853,0.0704867520473835,0.140831290011726,0.0568350832336946,0.127546461429055,0.260987441534885,0.194793762531032,0.316765221248364,0.0871597229711814,0.220272061099092,0.119500706994531
0.152929748488091,0,0.212379456807072,0.0639979882070625,0.374522596530192,0.506551240524313,0.165977108709023,0.514477482359989,0.456486848608142,0.245501030590701,0.204045400230431,0.375932417800786,0.599851250100456,0.28794532491928,0.0232366681003843,0.240928909026309,0.194718878414467,0.0535843042932928,0.405698235201182,0.498757397030046,0.103091531032882,0.331050442104012,0.0486913043172308,0.214095948908868,0.0668777214415064,0.47880889227112,0.0731956828890843,0.516684226635205,0.289754851189873,0.606749482381456,0.132505669357369,0.0320710492639282,0.40746886285526,0.235220597670037,0.556350490385505,0.385794021889263,0.353980446721997,0.42630120522302,0.269712060400167,0.0515550469417829,0.196485722757469,0.0194830377831905,0.524031434966837,0.41610533420472,0.271143254003673,0.173985016862148,0.402101503103907,0.0271871450311322,0.379130173158695,0.608397682875021,0.523535951771996,0.43144534438118,0.426385703039217,0.055327407203647,0.135061166251441,0.457673319828003,0.395114076495773,0.40411681673749,0.382969804130135,0.147387977538441,0.43106013198285,0.0605475616320332,0.36399367657528,0.265756884756205,0.56035043511592,0.443745324949407,0.481631010441872,0.321354506453656,0.104538062031242,0.37490143870192,0.345392230532272,0.4966836184942,0.43014119556439,0.370896208596701,0.349291632363562,0.0791988005402105,0.502687899592615,0.375382603053605,0.374754126516776,0.0879145207769285,0.378436986290577,0.292557216186088,0.0160179528035618,0.467688194586388,0.31957983908068,0.346928052674566,0.346394307925534,0.463747144586474,0.373266944984696,0.278534193801643,0.454479224110333,0.462537701244302,0.380486589192405,0.55641137232276,0.569142762310713,0.130414103034125,0.391750918886388,0.46162028286506,0.449483152219652,0.0932484079152087,0.3485650136284,0.321296194801673,0.454891149922802,0.305086743495969,0.201335791682318,0.498347696955636,0.107536596028509,0.324207029969225,0.339642235245275,0.0293975835578231,0.20453099926195
0.107332149708241,0.212379456807072,0,0.047635688574289,0.0631903107473678,0.407497915164131,0.0218379841710061,0.393819807563511,0.403829771103531,0.290452156696887,0.233973848195108,0.334700962727593,0.683031198034063,0.261535418279878,0.0621420810973048,0.257145800620752,0.171213122497205,0.120513276406006,0.543183633434341,0.317580340197963,0.112759024665096,0.323060978119621,0.0414312385260356,0.208576043465819,0.0873674066550103,0.52748638384064,0.0153361638941212,0.422082338168045,0.200488181679528,0.596734119074039,0.181411164519909,0.0371167659076478,0.4320134508312,0.14167191403522,0.593155358177006,0.3771986114857,0.431195680781505,0.467972101235358,0.148493329534923,0.113733537924161,0.0827842084939526,0.0119001938180438,0.596224950647193,0.402703913179345,0.158250077321342,0.140484356971334,0.421883038660562,0.410863501738866,0.347569470203604,0.664535772851792,0.530507726998439,0.427082516219154,0.474393908118584,0.0799270451563927,0.282351093178578,0.392122261847476,0.278814733413809,0.286544798248065,0.259118204720296,0.051102069516199,0.332709064331949,0.301173813553599,0.181038189691361,0.0275543427689384,0.498319161603536,0.36153761659435,0.461675303078838,0.113401546442171,0.131258543856504,0.230066038940125,0.158567040963061,0.508089884193172,0.449467305340039,0.234981404735217,0.262572052942149,0.245322346438368,0.515005707761639,0.231928858616808,0.302110195029037,0.298412314746653,0.26248628120826,0.0542069671997396,0.134821395624831,0.448681009815511,0.207613296436624,0.240638653053217,0.157258425862171,0.491348666522612,0.261917668458756,0.13321585150946,0.461344510418802,0.372831531286048,0.362174098732026,0.613869762336762,0.626855901296227,0.0890889280887453,0.304974699197293,0.488440906755332,0.407560902673415,0.00818362796431919,0.278080584111405,0.203006138163168,0.503605018756528,0.0679259277899872,0.0367615254699144,0.546109081061161,0.351842757307723,0.517952636665457,0.102194122225865,0.319641196849359,0.0186366711291086
0.0964374311455796,0.0639979882070625,0.047635688574289,0,0.141289454557945,0.292883206615948,0.0414890802349557,0.339682402178519,0.337782566011545,0.252512433584486,0.181491511769393,0.301218384261888,0.536461668417861,0.222230953243496,0.0493845651525451,0.242837203075719,0.155299722625148,0.0552418112130438,0.41900069480473,0.284432609132302,0.100110109415412,0.266936943615149,0.0320907354560541,0.165277264625644,0.102417815096804,0.456747913358181,0.0211945560428973,0.395965624760212,0.174219064663872,0.492609649597953,0.119490826527762,0.0173884874511241,0.32113672700653,0.162884701732493,0.52366903556799,0.256026450708822,0.3256728624335,0.370103975677773,0.119556311018857,0.0928105371300841,0.102363716484553,0.0228160013621518,0.469793770898496,0.365578673256011,0.138674262290287,0.134840044698912,0.377640006100897,0.0984546197345682,0.241309576589155,0.604739269689269,0.383847581049347,0.273321074086248,0.415510625987573,0.0748922971227533,0.190204716495204,0.299077204039916,0.227531417856762,0.23006818913889,0.214458801142183,0.0124927434000423,0.270864746812332,0.119161160222941,0.184812098068528,0.0853415208471753,0.462020527733364,0.269549539188026,0.399742473778592,0.13039010504427,0.0191225383015326,0.199791141359718,0.161923249471573,0.373010385910782,0.326705072015359,0.225001220754172,0.274021464261343,0.0163903400907846,0.395397237406023,0.203877752344629,0.255722712590501,0.02273018833851,0.250039839377986,0.0896935424931833,0.0423482637030252,0.272326137370324,0.225070502710395,0.214328549295905,0.155305582595084,0.365975118278994,0.228851660718196,0.142411888555475,0.353868590428232,0.418664399490639,0.25543619263445,0.476872244564016,0.505825319097902,0.0058823040978409,0.243999918234819,0.36542853440171,0.349639289690371,0.0492925713688672,0.197966685437522,0.182756290765593,0.458031236045305,0.101554414650369,0.0986939232479399,0.493068056038184,0.193169514613446,0.351163307194531,0.127746493880441,0.0931683132541534,0.0656185174925685
0.0715062864551475,0.374522596530192,0.0631903107473678,0.141289454557945,0,0.168915275966453,0.0654658437892425,0.145740597109517,0.164842487333035,0.258035216283757,0.263857154253058,0.155447320165463,0.4274343298246,0.143077285501939,0.066346428121306,0.245741958722481,0.113646666133873,0.13678224904345,0.40656902367058,0.0868605683522306,0.112349531367694,0.22818170837139,0.0374567594549427,0.168340904474552,0.0668938591979446,0.414467554946288,0.0312431517450219,0.340406801815249,0.0349113356881215,0.343993247407092,0.222175350389773,0.0871941687611816,0.177172261399859,0.0825264159652572,0.522793565608639,0.0503405115347512,0.266561343898383,0.303075067312694,0.0220571374582138,0.110193909780409,0.00705218607089355,0.0303013052160552,0.371336080781865,0.274553748881983,0.0309126928094874,0.119486861213185,0.299923360606286,0.385771093392995,0.0595194775046809,0.595300886709837,0.177290756699834,0.0629027928002801,0.379411129213468,0.0987677566802539,0.267937028291358,0.0841902872985722,0.0284856055053139,0.0278887346179588,0.0281186591984392,0.123023482102962,0.058004497053027,0.291905561912809,0.0228788617317363,0.0360560358698152,0.360161963960218,0.051258317072437,0.271589371943738,0.0152194684384664,0.164719745617034,0.0215547875998761,0.0136492146334944,0.17836754537304,0.182276249602971,0.0585116611634879,0.153480358231372,0.238061615452338,0.19087068415627,0.0210993628744118,0.0772477714095238,0.223266316289995,0.0938001812008212,0.0352398849680295,0.134557410264762,0.0915384777406323,0.0960196595607742,0.0635089925134117,0.0150399930045874,0.168312578471817,0.0395517508519393,0.0266896926200888,0.20072290825839,0.253083503080159,0.0531240229289617,0.367119357134533,0.38905355949494,0.153803906970968,0.0381536868082306,0.143230748676732,0.216699376329359,0.0465938266274852,0.0286959515741185,0.0214800294002837,0.344933214926605,0.012632021284651,0.0404868291593679,0.40597565441999,0.46235215030832,0.512762257725089,0.0334987430315661,0.320800923684553,0.049289092408858
0.0602016239188001,0.506551240524313,0.407497915164131,0.292883206615948,0.168915275966453,0,0.383488799072281,0.0748909138549576,0.0547545257845979,0.254585347490201,0.29188887435574,0.0380507739527696,0.525833959608075,0.11428552361956,0.0787979861658127,0.255920495434311,0.0745780992347522,0.225242205028623,0.420135380687895,0.118449883402605,0.12869235115997,0.2370436128045,0.04714364931417,0.187375772092737,0.0578309788471239,0.404777131041479,0.154469971526609,0.272381729110109,0.135979143359396,0.255252615027033,0.244915780608319,0.114261244177248,0.0257589703816892,0.0209617672654019,0.467616524682868,0.107478749403633,0.264689550544442,0.280580130742645,0.0876896792298782,0.118470317120486,0.125069080832992,0.0359957520876236,0.351410964227228,0.202633728969714,0.176097678702477,0.0505744229375611,0.189460042611817,0.588736343947165,0.0678878503981988,0.554718575135283,0.0318956234448296,0.127587749632796,0.379829875824873,0.112365808186295,0.317995076617723,0.09247336056832,0.227372210063082,0.225141636659397,0.221390381959393,0.515060100236479,0.123482858185966,0.404382928401349,0.247128527691068,0.519519941243542,0.244161300070435,0.162119822766674,0.186552055575769,0.449041005960369,0.508841993339504,0.228555670653167,0.294143772197506,0.0433192471762501,0.0618204232370885,0.0984963669472835,0.0898256429526852,0.584726564506517,0.0500069691218477,0.263518277716507,0.0601577283293277,0.59506078435547,0.063649024796533,0.432751522186678,0.265054127216838,0.0810517865814456,0.079966067007738,0.0679273371730258,0.289161244139574,0.0499129415417948,0.116330076455132,0.1735770287907,0.116510097531985,0.0438719731953754,0.109687353600499,0.277439797237245,0.372302899507751,0.473485464898748,0.105911328628506,0.0312614857671643,0.136006075068818,0.158823968855817,0.183753280176245,0.230768790231915,0.31683133575287,0.116679466180816,0.234068345612576,0.350766588056218,0.541584703776025,0.547591950520952,0.28580170608364,0.504288602746583,0.406033630352834
0.128153617078829,0.165977108709023,0.0218379841710061,0.0414890802349557,0.0654658437892425,0.383488799072281,0,0.407741556889864,0.535988804047893,0.27568291068563,0.23684601182744,0.448230266183028,0.682153372697526,0.413153866638187,0.0599101562037489,0.302327556568826,0.188151053536663,0.124355711943291,0.532487757589382,0.34910143242257,0.115495031350552,0.350699199640304,0.0567212952485816,0.270615626698701,0.0875974509722008,0.583031383593267,0.00158154180237534,0.442342888950663,0.360470006738828,0.591178199853482,0.169543197421378,0.0399736879823821,0.360717279057092,0.0912190012945749,0.636721223033914,0.433885092746605,0.497606109018888,0.50417954461412,0.226144222845033,0.0874807319174359,0.155472863298603,0.00973790554313887,0.661721224355624,0.411808860623477,0.2672953817965,0.14672627201178,0.403286406330177,0.40148240736433,0.444285354245943,0.668089626104008,0.555623586419487,0.405641571295571,0.539569103865896,0.117142659219205,0.352803271792268,0.471273352499938,0.371174317558968,0.391061559072533,0.347458082255833,0.0378963966384506,0.424174416988097,0.376661385658028,0.243149233982558,0.0936047032084869,0.574278848539833,0.464019092324413,0.595003696376754,0.187211892981774,0.157501237976163,0.356630962790102,0.23773362884219,0.575388533813056,0.595694894640728,0.298482796981247,0.341571137499011,0.24218937425579,0.578978355819374,0.322458522219212,0.443171744235257,0.210495333355343,0.366516886344224,0.0880594478261471,0.12676592762152,0.529015863411326,0.283673671637658,0.353822521568855,0.24550372107351,0.569317889876729,0.349789991328495,0.180476231399874,0.512031149892971,0.412430513962477,0.462447548664598,0.533253472331986,0.65965179164376,0.0591908432949833,0.345687675885584,0.569548563004528,0.459531166114438,0.00521929794267482,0.448758950847462,0.380074222402082,0.523213047469896,0.0900892034316284,0.0562810686382759,0.651033421626836,0.356512112819582,0.615216171590311,0.168678174457681,0.3624285534334,0.054857780531731
0.0572960404760915,0.514477482359989,0.393819807563511,0.339682402178519,0.145740597109517,0.0748909138549576,0.407741556889864,0,0.0433677667009779,0.354319071346279,0.309172419615838,0.0522924059519555,0.472198820159954,0.0703607676624147,0.114960542943704,0.264739297296807,0.076271563755783,0.195936622661861,0.487905818518578,0.430263941340235,0.121077616094889,0.198918406440048,0.0538304043174253,0.144845004778268,0.0988358142369387,0.389824930629106,0.199140833391189,0.393807995774905,0.175761374910882,0.317569968093079,0.256165530012377,0.157908522260065,0.0492450948133137,0.0431777069684795,0.606676779822348,0.148794229870276,0.273843412675006,0.270970591751326,0.116577588787463,0.201343469122168,0.178783178322488,0.0371058548873269,0.365268578848024,0.248060829452475,0.201065268584991,0.0873376579423464,0.19524472018608,0.697742892792722,0.142109124329855,0.752556242722519,0.0640439012871009,0.19378610638874,0.4558876230758,0.193477022750248,0.342843593000194,0.175125802341495,0.379430460678699,0.377924074770109,0.392929813065242,0.655345018951559,0.26955524829117,0.544316121752805,0.533999016869274,0.537734990968339,0.351414059593913,0.23771955714951,0.294062414166136,0.526984532372951,0.508960685643153,0.437577722825278,0.569390789136131,0.0594361778664846,0.0788105645442463,0.233305861308091,0.119222668132207,0.601323493610497,0.0796405649551715,0.440891316850558,0.082467097005251,0.562515024336616,0.0430720796949787,0.581908584768553,0.329884588158858,0.115657069760589,0.0617941876026699,0.083291216541987,0.541295822768777,0.0493937604740453,0.259152733437583,0.273349274414839,0.157575565166727,0.0639199739381068,0.155126508762511,0.421107852258015,0.406278740632127,0.552237474350181,0.189191889640354,0.0436822898773544,0.299435917739939,0.175735860962217,0.278939108324722,0.279569683880304,0.383558848252284,0.108221411560278,0.225082411142837,0.476770230843074,0.575377175603203,0.552264615648323,0.295404187654535,0.520727450908847,0.427372096093182
0.0555575793406136,0.456486848608142,0.403829771103531,0.337782566011545,0.164842487333035,0.0547545257845979,0.535988804047893,0.0433677667009779,0,0.311600329473954,0.289801904503921,0.0607216037001168,0.406806283219969,0.0849569270876078,0.13513706067218,0.268325127701004,0.0494854881570436,0.190895831224742,0.467268335363145,0.221471470233517,0.11462712570295,0.174732263998557,0.0481647869756803,0.15653629757409,0.101619860720593,0.409508145833431,0.277443357133282,0.307634811136215,0.255857609696288,0.166477207645535,0.222190132396711,0.187569734168523,0.0252149020923013,0.0201264663723099,0.605714597672709,0.200635928353323,0.279264078683281,0.245127221384887,0.16370145913083,0.201771593052978,0.248610321450913,0.0314660194500814,0.384705286854584,0.187158763543743,0.288839533714339,0.0690097917986266,0.159774718372382,0.721962443914148,0.222014036707059,0.717870549637933,0.0603003455347646,0.238306395666356,0.494664782381514,0.25084994107339,0.390982205975373,0.279787794127236,0.488700923606001,0.518091714750543,0.494091731935293,0.725739117303282,0.429230769420084,0.627182661822955,0.555001497907824,0.616276716015719,0.33158792343806,0.365662270006481,0.504505795624582,0.611722056579079,0.607158747533234,0.628905584961734,0.662575034540838,0.0342737876332778,0.0459581671166984,0.297224208109702,0.135074480040286,0.680884599020819,0.0223600480474363,0.571385209480089,0.223575663155692,0.584831170186077,0.0796932479722967,0.61073536915956,0.377587666070382,0.16985355869966,0.0610541766890921,0.178841817067149,0.619508402353361,0.0148404729617546,0.377736101505243,0.31353710162819,0.129973998679644,0.0349371834154465,0.256203740192947,0.322469260284978,0.390576250041427,0.596801196663617,0.220777686175984,0.0465550024401039,0.247419279925058,0.249751773899341,0.4523953495785,0.42696800569844,0.350839605722647,0.176514183335831,0.322171606873327,0.524232005774596,0.567222377081677,0.591645519689201,0.388009295269848,0.588734763034388,0.530557575060571
0.0549206306339775,0.245501030590701,0.290452156696887,0.252512433584486,0.258035216283757,0.254585347490201,0.27568291068563,0.354319071346279,0.311600329473954,0,0.104538696421276,0.18937218789654,0.213830534748801,0.133890489614672,0.038947601474389,0.0390664047365397,0.0300522614699564,0.125669267362851,0.010734555028398,0.339260985086636,0.0424502584722971,0.0487922650478353,0.10294106804449,0.0407320655938948,0.0440093847196176,0.090884559931196,0.165117978045119,0.167021043823218,0.282010097198897,0.25384587625256,0.108632235830338,0.103128913946309,0.211508913712453,0.128046128856769,0.0942897343184063,0.302995578694151,0.0656424129868656,0.130131340837027,0.21577099939487,0.0184538583540535,0.282331160966772,0.0917445165097584,0.226777989358038,0.150258862203519,0.298515462959295,0.0739374843293991,0.103815517719632,0.295142507820185,0.307158125087097,0.0843566086885754,0.320955068176175,0.329711489076855,0.0807160708530792,0.00975357485260887,0.038125677067428,0.355287715601646,0.350331835619628,0.34412072899564,0.3472506418081,0.291512078812734,0.344404050928451,0.157209659003909,0.350580819698515,0.307435891182965,0.262841814005031,0.342401864452724,0.283921288434729,0.321358446133036,0.260898932636725,0.352259361042885,0.341895788521906,0.326192222615802,0.29206366690381,0.346167065995773,0.323231596147932,0.269862748307235,0.373756711861746,0.335937760741508,0.321382979220672,0.275288883549647,0.344355918479887,0.325917937331314,0.159363018782886,0.251980520757368,0.334586046966471,0.322036387148294,0.347144332777282,0.34113113041379,0.370272658921085,0.353229895648046,0.318450505946383,0.331117164378194,0.303143855676944,0.194611428869164,0.235282126488329,0.292483741476017,0.365220302132946,0.330090366456325,0.311959212811891,0.187433039961451,0.333612556737548,0.330215644193805,0.150756206039138,0.239890149628399,0.243399475849691,0.191629713106595,0.253643752537799,0.080481681224761,0.26169592356049,0.240509225931777,0.293928197147533
0.103809743034446,0.204045400230431,0.233973848195108,0.181491511769393,0.263857154253058,0.29188887435574,0.23684601182744,0.309172419615838,0.289801904503921,0.104538696421276,0,0.202032522481825,0.286665604958065,0.157369405903127,0.022232094129321,0.0520303276700914,0.116418456255453,0.111582478590627,0.0544070410450713,0.299219486487556,0.030334699149768,0.126339346631263,0.0635795656610563,0.0618290358971375,0.0245486321961855,0.182251043523877,0.12508839764269,0.221595858230375,0.253717554551723,0.292674186355748,0.0225820393436341,0.0662652807962867,0.250566628885539,0.155733454079439,0.161972417711351,0.279487636482567,0.133744548053817,0.235044887906327,0.217172231340743,0.00901774656160798,0.210596091928423,0.0326751838584469,0.289006767374546,0.229899556353686,0.252623317119044,0.095007759759967,0.170215123462278,0.209794640921531,0.258136826098805,0.149703578706811,0.301799925549831,0.288840909073242,0.131829508065067,0.0201443790002866,0.0321440045231076,0.298372475993217,0.288364932852131,0.288628410720299,0.287459498341579,0.217518329446821,0.291604500853961,0.0741287536406192,0.281227936181796,0.253367530859677,0.293661945401509,0.29885107754346,0.275138702942878,0.267105960949501,0.210680995331899,0.284331232047356,0.275565531557125,0.303224492207139,0.296683411241105,0.276152145850775,0.246198061622308,0.207544708808455,0.309672918343536,0.279512553751986,0.292284150561938,0.222041534980307,0.274106231509782,0.258634320569693,0.0996187954271333,0.251486979359703,0.252521813846493,0.259636063665018,0.273243083267779,0.29613652314463,0.290398900229823,0.252340805338793,0.277720724043774,0.320960484208616,0.273490245874221,0.209907771227515,0.294079735103806,0.226368395063906,0.277143554069746,0.297104798453344,0.234135913982927,0.209203799810041,0.275425500603194,0.274104428319406,0.224771193819018,0.255802310188874,0.227927998035282,0.157431595955996,0.18659938065705,0.0475676296161096,0.260212138889037,0.180457974335594,0.243859003376202
0.0445340312600807,0.375932417800786,0.334700962727593,0.301218384261888,0.155447320165463,0.0380507739527696,0.448230266183028,0.0522924059519555,0.0607216037001168,0.18937218789654,0.202032522481825,0,0.283801021062374,0.0699936163547248,0.123970302318911,0.198243417665728,0.0249517772902295,0.164048019500932,0.357444686359206,0.0938207511410604,0.0934632469968847,0.142589747836406,0.0421962338324357,0.137918665721898,0.0920231604158164,0.358619012561916,0.271508511641455,0.189631439988827,0.279151464086685,0.0590733034601405,0.160016572513035,0.127827964248473,0.00964299686998911,0.00670095814028404,0.490012929314848,0.182584469972125,0.229757965101268,0.184518061613414,0.149504616557328,0.180302517211805,0.286631378168106,0.0264596289421652,0.296516389488576,0.116245437212986,0.327068083665751,0.0370897052721299,0.101443977807057,0.534198022750225,0.143674712236671,0.554298776152177,0.0519969963419809,0.144859864953746,0.391818771233181,0.199550339994933,0.33491034576773,0.117026381706517,0.229602814077179,0.239304712231776,0.209722545577788,0.515085098838576,0.158371740160747,0.455246577579325,0.210613492705941,0.461196356401499,0.174844307851897,0.200406993558144,0.171182627534907,0.383831446737192,0.548533997034191,0.240542745710356,0.266877704309557,0.0458332463011137,0.0255252438713511,0.0986873798119008,0.105257317021453,0.572529536259477,0.0301563621446431,0.250356266055236,0.129552705267855,0.541103666778209,0.0713106804398104,0.330665455829802,0.322140440597876,0.132857224698969,0.0736291990108761,0.0861368548970627,0.258366182464727,0.0388784471267503,0.130636624036358,0.183181360505446,0.0844589722570886,0.0387006697264944,0.225595276723828,0.205394689781936,0.238623884748611,0.464707945223046,0.128125515206629,0.0576068974848459,0.137504651614769,0.258297207299549,0.257311385264501,0.318637483263065,0.251496002944636,0.109217389465127,0.378377011570042,0.436134258821484,0.449984106396002,0.511649288903244,0.320766424935309,0.532809660562083,0.455831915028642
0.130436978348611,0.599851250100456,0.683031198034063,0.536461668417861,0.4274343298246,0.525833959608075,0.682153372697526,0.472198820159954,0.406806283219969,0.213830534748801,0.286665604958065,0.283801021062374,0,0.0525965326096144,0.118405261020705,0.192540577692006,0.0286047551603401,0.254951492622732,0.340655860299221,0.547196721681586,0.107300847310907,0.0895601928475664,0.115428214245784,0.109727128539348,0.0692555127884353,0.202571971168578,0.477527050746293,0.0410382987121134,0.647631490647927,0.379051013193324,0.272236598433114,0.228801285784063,0.394877213680152,0.147866967105807,0.378125349607253,0.672180999390921,0.0962262110540835,0.0452808612307976,0.513642339249357,0.195371179892038,0.648880384543927,0.051375325867032,0.0377125381163708,0.0452509620016776,0.641752285412712,0.0198245027503162,0.0225414909852421,0.698976083988032,0.567138144262516,0.481074807165366,0.58234224596686,0.656201696148959,0.262396680901471,0.1430033567877,0.345453679846674,0.605373189503128,0.66573007308172,0.680515233974809,0.649717751875109,0.726277497389475,0.623771454374022,0.540300749426083,0.632732395601456,0.755958267224738,0.0780622985573132,0.67987941864578,0.140848042944361,0.736153838224471,0.683931447383139,0.656846550665381,0.663758575472649,0.550451996743839,0.400636461601468,0.485012377737826,0.170917285670808,0.713081113258528,0.479993514087593,0.672390842023869,0.580791401236512,0.744737034273814,0.392412978898918,0.672447267276659,0.458244918696678,0.51524609870358,0.279931440153269,0.451313444154953,0.655149795349967,0.529528864607059,0.571980318009664,0.561935727329919,0.326791718292044,0.298936144694324,0.676290404993239,0.0160657990146904,0.117363868830442,0.664716337796131,0.614561526630763,0.598013329170265,0.103947111598282,0.517896117835435,0.690485583653765,0.71477691878914,0.0967260435050716,0.394714749393341,0.593042625587805,0.163545625878082,0.599098080017695,0.56595940619838,0.616158713567641,0.6377457667179,0.735405501962648
0.0973062874036406,0.28794532491928,0.261535418279878,0.222230953243496,0.143077285501939,0.11428552361956,0.413153866638187,0.0703607676624147,0.0849569270876078,0.133890489614672,0.157369405903127,0.0699936163547248,0.0525965326096144,0,0.136539279441455,0.153712062915645,0.00911487959576052,0.134896957443579,0.235888971736053,0.120455433448857,0.0625295160462969,0.0342650072204509,0.0296846441227096,0.132158068589052,0.067225059782758,0.208623359451815,0.279060734962663,0.0426800930137137,0.241694210399146,0.0317082463161509,0.103576894457796,0.134472091782156,0.0718470649078719,0.0527154493834738,0.352480166387881,0.189922056644058,0.116025991940903,0.0409112806026196,0.177506921878623,0.108746259926405,0.203722764142978,0.0204103327827058,0.0859023929739927,0.0222626955289598,0.249238994879639,0.0220740123828815,0.0401444381611057,0.457875556904259,0.16278028757538,0.367025571388959,0.0979184794077065,0.155966878699945,0.334118618186174,0.25418940266983,0.338848430709373,0.141392646872506,0.215732056053617,0.216994242161528,0.226975765652944,0.375594396164796,0.168439764209594,0.467254402596756,0.213228036154311,0.338850073969865,0.0240776055301283,0.191131965294241,0.026439605230287,0.298251805770736,0.429826875918033,0.22586074633152,0.241031074599533,0.0901969177656878,0.0709509195100924,0.12137299850291,0.0266418560836659,0.439893776217003,0.0488544900128387,0.232950578025823,0.179501537401404,0.396858022328613,0.0734093483072032,0.284951208266203,0.29785096154094,0.162668776534477,0.0366649370578146,0.127463868652244,0.234863810343708,0.0697144233108521,0.165528689647992,0.15092228788105,0.0321915906586894,0.0276342489475715,0.2071854984316,0.0537549556704728,0.0268739546898687,0.372382458957595,0.127945523278577,0.108948658930891,0.0283502153696641,0.244760016763732,0.248789874383405,0.272315281486129,0.109712457973994,0.178437850314003,0.307958979230545,0.301943521514987,0.388261828937495,0.469487846135194,0.284974015622759,0.446448793670737,0.352136861964098
0.0726531794875539,0.0232366681003843,0.0621420810973048,0.0493845651525451,0.066346428121306,0.0787979861658127,0.0599101562037489,0.114960542943704,0.13513706067218,0.038947601474389,0.022232094129321,0.123970302318911,0.118405261020705,0.136539279441455,0,0.0618265911335283,0.0803952200878268,0.0205457541264487,0.0718907754667642,0.102615568686955,0.0347118293442,0.0810403910011613,0.0573616501442825,0.0856776333219664,0.0082363958458207,0.132737575466495,0.0627193557683186,0.0889659952632786,0.102252979108124,0.118032722452296,0.0233282406516425,0.0504328857014987,0.083307569270659,0.0358522741609261,0.218219137308826,0.094715653762428,0.168005803334581,0.122163392128535,0.0836879878672453,0.0320386174075054,0.118449972670934,0.0249083950497828,0.189959686046375,0.121224908697137,0.102761680816885,0.0414660742159936,0.105070045429834,0.0330505272931981,0.106411283594327,0.183729461977418,0.112043833153867,0.0957436357985707,0.137890134751724,0.0146489372354764,0.0637760638946208,0.111295427367794,0.0966927512267648,0.105110893721263,0.0907373423852142,0.0757975511129807,0.110348884808113,0.0389155181528899,0.0925434566800165,0.0800883249053782,0.193976990369685,0.114016814728645,0.180153276819563,0.0870851956020393,0.0656926884357335,0.107759089179547,0.0963155453191725,0.121104645372947,0.126179931336698,0.110707625561669,0.157622069176004,0.059334389580027,0.135315095250473,0.0977457836310533,0.100917838737435,0.0541572396518186,0.136138120802552,0.0804218228528996,0.0295807251528692,0.0907209741188153,0.143575323383573,0.117423497217035,0.0963564213757215,0.142423442759821,0.108340358759746,0.11439043831905,0.151274893669365,0.131537631395405,0.102336684687928,0.140033998124766,0.163087992399278,0.0566366988652791,0.118479949202249,0.132556556785142,0.176933209727063,0.0310350719053553,0.104705302299077,0.097442276701931,0.156234302333397,0.0522891654840539,0.0723515080020233,0.328529647558291,0.0291407434140911,0.0732738471661184,0.0687581127998033,0.0584857762280912,0.0756792590715935
0.105731413535424,0.240928909026309,0.257145800620752,0.242837203075719,0.245741958722481,0.255920495434311,0.302327556568826,0.264739297296807,0.268325127701004,0.0390664047365397,0.0520303276700914,0.198243417665728,0.192540577692006,0.153712062915645,0.0618265911335283,0,0.0737678268272882,0.107638606538665,0.0248789997928305,0.276970529892703,0.0382970737036133,0.103826152296807,0.0494710881742088,0.0361080686114506,0.0167539085661772,0.0486457036343918,0.21305284847677,0.137787454108522,0.288476885468383,0.255568068048941,0.0463090074911644,0.0991048732924051,0.225980217588991,0.169968849926924,0.0356825899619033,0.294360678930107,0.052848934198677,0.142677676740823,0.232767739297742,0.012534538297589,0.27655825022179,0.0357463658900087,0.181733525630316,0.1691436897869,0.29861665606433,0.0846310080279004,0.0979897982740296,0.275821483373418,0.275982176569781,0.0293333593190851,0.281923382273845,0.281728547585298,0.0442316442951257,0.1164097214854,0.111492608201766,0.294869461882921,0.309293069395463,0.309461494940625,0.307375011630477,0.303823106307841,0.298971379339564,0.180319338174822,0.300013909728406,0.313246606175115,0.25494310208946,0.31152839377856,0.217627897219345,0.306375341933581,0.286463018877806,0.306389555364474,0.299732577727593,0.283899661041694,0.258191103627575,0.271033417235136,0.197194763099096,0.28413636580997,0.295271828687245,0.301722842182263,0.289863636081191,0.293809095604345,0.268467061214396,0.291369865056845,0.177270367276358,0.263696570805202,0.220148420337237,0.278189349036715,0.307351912330451,0.281400835224055,0.29254379842431,0.281479235359521,0.239745574162658,0.229930514501239,0.303264297844183,0.115799872137836,0.230363461207064,0.279279418301346,0.277062495543888,0.297643625439695,0.16171295585417,0.237255141296469,0.310514118332425,0.320825639769686,0.109858200008214,0.21067901268675,0.291021532562279,0.0550201836010334,0.233056137155659,0.141350835781442,0.283303498285336,0.259578720427286,0.302587928668872
0.0492254803850446,0.194718878414467,0.171213122497205,0.155299722625148,0.113646666133873,0.0745780992347522,0.188151053536663,0.076271563755783,0.0494854881570436,0.0300522614699564,0.116418456255453,0.0249517772902295,0.0286047551603401,0.00911487959576052,0.0803952200878268,0.0737678268272882,0,0.142544034169011,0.184585044241576,0.0867261333274081,0.0615127507210942,0.048678262760523,0.0497403037534392,0.0679212995056917,0.0644841556009718,0.0833180497580509,0.136839904533459,0.0530923107423731,0.147390397247375,0.0480719685428587,0.123384156752862,0.0493803503815452,0.0860048265783148,0.0746430080658991,0.200155373962915,0.126485993947922,0.105193500083215,0.0505659053245352,0.0827745059129637,0.0564348037066283,0.143985083603589,0.0250458554579959,0.040570819474652,0.0688949316532412,0.161944753208913,0.0449806787223365,0.00727418729102289,0.255406934836217,0.0792394822715488,0.232136942795554,0.0773487273604522,0.111715614577901,0.103316816503158,0.02792411094435,0.140056302592935,0.0953314696384709,0.120812692000231,0.11324058720754,0.114674195068586,0.152831629254006,0.0984060917935337,0.145839479710965,0.115685384584616,0.159744299625517,0.0291450880343924,0.10561221822161,0.0355121470096281,0.140270206655307,0.199325553147372,0.110673812697744,0.118334452851185,0.0726695041548227,0.059631930491575,0.0834393685968796,0.0730862954928193,0.201755135082548,0.0747229214680262,0.114597076197547,0.0974280172151243,0.242978968835935,0.071221430676315,0.135990460409804,0.158484190261318,0.0676451103746604,0.0676049992791922,0.0715635940024536,0.117110250789359,0.0687310347652897,0.0944739914935549,0.11835110757206,0.0545353855023631,0.0654580961063991,0.119856917396244,0.0351516202628417,0.0379901004403175,0.176930475526033,0.10264085295776,0.0759421255498287,0.0379936202785008,0.234509324759326,0.118215346208843,0.143497194858001,0.0844363569115067,0.0788454457479592,0.182081352664964,0.111434037310149,0.241799317054872,0.245295870403301,0.137441512696494,0.246803193152168,0.192316483191128
0.128726483985497,0.0535843042932928,0.120513276406006,0.0552418112130438,0.13678224904345,0.225242205028623,0.124355711943291,0.195936622661861,0.190895831224742,0.125669267362851,0.111582478590627,0.164048019500932,0.254951492622732,0.134896957443579,0.0205457541264487,0.107638606538665,0.142544034169011,0,0.102128360682286,0.183563050734626,0.0491190790774409,0.134654346421675,0.035085883882855,0.0844895425801354,0.014838016210239,0.191860134566658,0.0818456345946572,0.185654026729187,0.170789150756874,0.244293309820508,0.0615094502811018,0.0173276266974901,0.194893288203763,0.101157062256226,0.198930790690184,0.192270295570719,0.137306501865021,0.217881817983327,0.156136226163642,0.00955339147861519,0.12776824077004,0.0206274344659403,0.259054092801585,0.187276455999365,0.172085105011078,0.087598746742117,0.173613790942876,0.0531325078236532,0.16275584527279,0.204705013122091,0.211266109275561,0.183800125162876,0.153682019196262,0.0180090152010139,0.0183313846912888,0.189288394392909,0.173026367397622,0.1744192863772,0.169396029050048,0.091049583608505,0.1786226677068,0.0121447347064248,0.155413524022882,0.136580008057616,0.248802758519674,0.192758698261345,0.206656098054969,0.148732888061706,0.102131774627309,0.164967149349839,0.149747164084714,0.212536830656263,0.208075801289003,0.160821903182522,0.14375235696487,0.0851019141902132,0.223515397709694,0.158717785462873,0.180994359550181,0.0942435879812306,0.163580801312258,0.131109140089675,0.0349838846503805,0.188997712178229,0.135052271830177,0.154495134861325,0.151759679812923,0.207667503954822,0.155960215638985,0.150580739947675,0.193078661646065,0.216069413394991,0.180755190377671,0.21241726697625,0.263516302446581,0.0963006567806986,0.1592416190141,0.207603182506158,0.159324568913488,0.117384383088143,0.166572214892498,0.164640285917211,0.206362010706579,0.155831734953148,0.145387103311477,0.131080170281585,0.0210459800826768,0.00976710010835672,0.164132954007881,0.0660541068848937,0.13200205119334
0.169582512924002,0.405698235201182,0.543183633434341,0.41900069480473,0.40656902367058,0.420135380687895,0.532487757589382,0.487905818518578,0.467268335363145,0.010734555028398,0.0544070410450713,0.357444686359206,0.340655860299221,0.235888971736053,0.0718907754667642,0.0248789997928305,0.184585044241576,0.102128360682286,0,0.496983828736937,0.0234528395946994,0.100222941844177,0.214046353384758,0.0462715257162157,0.0323819639926717,0.183490254091468,0.387867376579419,0.146361922656341,0.580218781988429,0.402768203389644,0.0997541929932613,0.236605189186491,0.429072756945109,0.189120358613323,0.0652769613848684,0.541480202876531,0.200458456899416,0.271865985106074,0.439023960747689,0.105368711998372,0.534889586469177,0.0422065413260042,0.399818693954244,0.236275730639844,0.557315150671533,0.0896510596045909,0.231969181316565,0.544555519960566,0.518468204250895,0.0452736593728357,0.497649518036039,0.533752567466736,0.0819406617084138,0.0103220017822436,0.10766936636972,0.535799786188019,0.545977272272961,0.550345182550855,0.53371996494414,0.53104281757546,0.53142408597104,0.322225553108513,0.538119652575151,0.550378250874702,0.367994460652175,0.553879348496796,0.401076903642913,0.552519057356669,0.529507676193713,0.55186972297817,0.54082011824931,0.502965411572547,0.479345966756962,0.483243546611349,0.364876262480417,0.534594598746789,0.517115445153649,0.541169465184341,0.516769329476002,0.54025844823491,0.468870275257357,0.535031842974444,0.355206344855588,0.457634130331957,0.419946067107413,0.470664332344775,0.535621539058529,0.525352925169335,0.532082372281414,0.541092053720091,0.446344848630012,0.455826130190754,0.556284106964088,0.247469082948495,0.398599133494628,0.505175648676294,0.54981214557744,0.534638142602231,0.373459020810191,0.441466452986312,0.559279536922956,0.574062900436647,0.255041328146024,0.382912843786022,0.478733097993133,0.211241529035133,0.400559902449522,0.222024763864978,0.51434166428968,0.442958182499191,0.570931474849014
0.0548981567119692,0.498757397030046,0.317580340197963,0.284432609132302,0.0868605683522306,0.118449883402605,0.34910143242257,0.430263941340235,0.221471470233517,0.339260985086636,0.299219486487556,0.0938207511410604,0.547196721681586,0.120455433448857,0.102615568686955,0.276970529892703,0.0867261333274081,0.183563050734626,0.496983828736937,0,0.120953577364643,0.230965964950635,0.0456400230798826,0.166997921384652,0.0979028485135468,0.432582945899298,0.150442155979127,0.436875669102008,0.0997951649331853,0.479130783527552,0.24015607055577,0.128019470155352,0.0759146474797125,0.0468824496896953,0.618260515053035,0.0739718140019183,0.315241094638542,0.324401090441018,0.0635463449313542,0.181547059812482,0.0987684729271291,0.0320228642702797,0.446118747250005,0.297465306210912,0.123451952164127,0.0980058978357597,0.240302253607002,0.686885475349905,0.0540777908526469,0.74674993101196,0.214067615339079,0.072727216078018,0.482168253025266,0.183061437212464,0.343050757420499,0.0408306515724992,0.202057070266413,0.195562743605582,0.219700387282584,0.648440427602421,0.0583440116076901,0.539206198951689,0.395052267128982,0.487271889600446,0.434738886184551,0.0674146199377227,0.422623485430409,0.459069522668125,0.485135383110551,0.257719580605018,0.49169666630135,0.234478082451378,0.177345630222153,0.045313897652699,0.187595405090086,0.59989631613391,0.219440713985882,0.298893199316209,0.0229583576727666,0.542089506678172,0.0645517747598006,0.56190807586028,0.293693096877194,0.0730033975818871,0.102543248690665,0.0214697084580042,0.391455257662731,0.162527664861498,0.0646504202923353,0.11900327951652,0.295975190718029,0.153589213761652,0.0706687908647187,0.462738137779764,0.516584183009308,0.524947010324804,0.0413046239657755,0.086999376356796,0.369025156075956,0.135234541507549,0.136737496159787,0.161370674142059,0.416541876409752,0.0479537318572281,0.170512226628064,0.521321396533023,0.552069356105698,0.567772153781086,0.230735113513228,0.505871411499004,0.352148067570918
