0,0,0.030295399625503,0.0253071020680926,0,0.0434999515163856,0.0799797703993853,0.0338095218876677,0.0151935519482642,0.00294898247897587,0.0399375532405273,0.0551451948199575,0.024571762348247,0,0.0198854462767606,0,0.0509685381571445,0.00791707197012613,0,0,0.0072521367414518,0,0.0041809906673332,0.00457443296643288,0,0,0.0303679350397621,0.0706033087186752,0.0812415994668942,0.0454187704052163,0.0505777544911925,0,0,0.0829776527747793,0.0751295447473894,0.00321278343518971,0,0,0.0739487917600894,0.0156773517291942,0.025222704446964,0.0461678313371857,0.0830881173455877,0.0223457992495792,0.0596629856934293,0.0421136874997153,0.0701744722860692,0.0542894968986746,0.0449883391072913,0.0680974612222214,0.0316291926600719,0.06720403702913,0.0683226913233362,0.0490714286872808,0.0563723661900271,0.0425306736156548,0.0403406794106047,0.0475248033717042,0.0112051984755673,0.0663555863835179,0.0611240830155992,0.00547355887700843,0.0170353036132214,0.0689909656802116,0.0150037732860684,6.27822610268783e-05,0,0.0539114399534335,0.0455134929943662,0.0328870130196175,0.012718302038164,0.0761753660063227,0.0353409337521209,0.0447871232283792,0.0446897792176972,0.0201614879019176,0.0534869383038348,0.0355275767396965,0.0236710098815429,0.0188738592098894,0.0584565280281313,0.0253572849236233,0.0188183593295083,0,0.0111534595589634,0.0189996080255385,0.046585763141253,0.00493239394916853,0.00381950963254043,0.0421055920202243,0,0,0,0.00494474404721059,0.00102522075731842,0.0178654992390694,0,0,0,0,0.0180437620395369,0.00128317771047988,0.0234983752067775,0,0,0.0420717047757193,0,0,0.00630997090241408,0,0.00423846022983095
0,0,0.0241093162132673,0.0351934374020699,0,0.0511343203473167,0.109683757344211,0.0423950703692966,0.00496639752086963,0,0.0449117817974392,0.0854120284667551,0.0295279800087815,0,0.0245004276693875,0.0289971852881399,0.0429131362518319,0.0336227505063921,0,0,0.00184278513896216,0.00192065590549964,0,0.0067346969072306,0,0.00216629737023943,0.0602779186986515,0.0941743673303472,0.0585794652848901,0.0575550092901548,0.0582832380897055,0,0,0.103763299464804,0.0998577296202978,0.00603922807033478,0,0,0.101912236461881,0.0295165053794616,0.00509768758628862,0.0883843197255822,0.11337587561226,0.0376528383017253,0.0939893247927548,0.0552202041219022,0.116124986285137,0.0853619590794256,0.0906546355720169,0.067715111526281,0.00823153143642716,0.0766252479665796,0.0870615340470937,0.0603590918668288,0.0723590229746652,0.0337228728053992,0.0480054839852308,0.0799601826800634,0.0349641113176328,0.0978383525499948,0.0813280658600775,0,0.0119858416182054,0.0801601531951038,0.0100219858533577,0,0,0.0591124411242626,0.0589740068803734,0.0654744438891531,0.00425821929910645,0.086792562196681,0.0403993909486866,0.0657143940733867,0.0493623533383278,0.0145949577521556,0.0633818233245778,0.0199549936871634,0.039573819095818,0.00963707658475245,0.0789187734429154,0.00448668071405141,0.0587247064270352,0,0.0194200317543302,0.0228562232584851,0.013925677007273,0.00945289272120294,0.00101971345935294,0.0478628604359967,0.0189632124873353,0,0,0.000115639020926179,0.00219659233819925,0.0126896667280981,0.00272551951470106,0,0,0,0.0116611953728243,0.00432362727024653,0.0482029275907558,0,0,0.0272955591209811,0.0028584797911918,0.00770929561753434,0.0159421950793852,0.00247991421548349,0.00223852393528652
0.030295399625503,0.0241093162132673,0,0.0160452475156605,0.00198145735383656,0.0166406652763123,0.0740024773949654,0.0263541198229367,0.00279195190062865,0,0.0553300671333261,0.0736499093906119,0.0150932920785981,0.0107218970938738,0.014508768478307,0.0549523309396058,0.0371593925369672,0.0511879181759322,0.0133424563496063,0.00940105382206144,0,0,0.0312341951098964,0,0.0175679522419332,0,0.0387774325475257,0.0509435493820815,0.0259121548659609,0.0751281215373403,0.0841210247884271,0.00683568167952415,0.00525454538238741,0.0824882123754715,0.0636561276069877,0.0474107462222421,0,0.00174926994074097,0.0694538244695632,0.0217990436577355,0.00240340589650122,0.054013340567629,0.0774707886180431,0.0427003187522544,0.0653027760373346,0.0463901596723552,0.070340696615212,0.047671197004271,0.0771629809268887,0.0222438829408736,0.0525777810901446,0.0768824416361231,0.0621216737828792,0.0615520855359851,0.049839020834229,0,0.0573621204894761,0.0488256201677204,0.0185896987806834,0.0873792683862068,0.0582720893277033,0.00225998514569444,0,0.0575607310217075,0.00716472295875691,0.020968861804768,0.00370459389857422,0.0435731690648209,0.0468953385452696,0.0253638100714401,0.00695782688272001,0.0464253326950009,0.0298959781411227,0.0591420481701755,0.0471091789169459,0.0140147973123706,0.0577759898072393,0.0077136068383964,0.0334162770852083,0.0186144842524624,0.0379878207344396,0.00506628368216066,0.0204648718645384,0.000936717765015974,0,0.0200428608056824,0.00669134121538334,0.00371365913794947,0.00461614735468314,0.00733474191118238,0.00270182054243386,0,0.00579500717854026,0.0417449499672857,0.0369658893332219,0.0141664034947097,0,0,0.0345238398743839,0.0273302251637174,0.0199421383527495,0.00941962305224537,0.00551998486935523,0.00315696579170994,0.0179037304033874,0.0152448576218224,0.0397001638621352,0.00896664847242069,0.0460335108649374,0,0.0121271177861631
0.0253071020680926,0.0351934374020699,0.0160452475156605,0,0.0263942231498256,0.00178765384687549,0.00356651538912216,0.0270057805829615,0.0141987294564261,7.89327652061836e-05,0.0382293978741648,0.0149036948151308,0.00513463818108578,0,0.019164123957117,0.0451661391962609,0,0.0226284794678971,0.0361735888748488,0.00573119107336331,0,0.0232714581372162,0.0202778715374836,0.0086511216695183,0.000375206319765693,0,0.0177755598098178,0,0,0.0346927391315864,0.0275641507132033,0.0469628401957823,0,0.00488126866422506,0.00891160471488905,0.0226031228223159,0,0.0172583325746479,0.0116056187796122,0.00375269944018977,0.0241002018930254,0.0224213552775603,0.00302753744416772,0.0148872558336106,0.0225711613500001,0.00294895235250735,0.0212550344426283,0,0.0374094247091338,0,0.0231558348903583,0.0372323053225976,0.0085955966397849,0.0245158329709247,0.0150111987846128,0,0.0326598539289393,0.0134453392419961,0.0175199342904214,0.0255540421326769,0.0250453025426647,0.0148262832136994,0.0201037852187316,0.0184545551581257,0,0.0203117373127703,0,0.0100459342649293,0.0236435302257364,0.0154507800131761,0.00746097323137593,0,0.0109894197000282,0.0319029694922185,0.0253105365808469,0.0024027555731729,0.0280979282174034,0.00140438981854836,0.0137972730638177,0.00521681246262874,0,0,0,0,0,0.00955509514415882,0,0,0.00569861199215058,0,0,0,0.0157703564704167,0.0293647844651094,0.0263047152834678,0,0.00796495158142785,0,0.0344498342916571,0.012855739449435,0.00400030029996798,0.00999453086671529,0.0173229644634194,0.0335655412595642,0.0448025466610381,0.00931707549373652,0.0205053473724328,0.016179632699672,0.0227704810534466,0.0322597890279513,0.00650656825334907
0,0,0.00198145735383656,0.0263942231498256,0,0.0285866881120697,0.0845227715949144,0.0416033924262229,0.070148711536518,0,0.0364341151533143,0.123360100414421,0,0.00915782731211153,0.0238906958498406,0,0.0274675079089405,0.0297584184558774,0,0,0,0,0.0068974448130491,0,0.00458251602928637,0.0138415282587729,0.0721545734222857,0.0803313314758772,0.0398569481977962,0.106623918023576,0.0256760404372303,0.000961794706453802,0.0263875964062091,0.0467017974724272,0.0870786540411274,0.0128471049286184,0,0.00894692652898921,0.1086329766837,0.0198090500745524,0,0.0754278677265548,0.0703603131224294,0.0606001844274864,0.0877957425227416,0.0769542002562674,0.0884254321618054,0.0776390010048328,0.0565581164119194,0.0141036574102266,0,0.0428656925505718,0.10495242186606,0.0927284217643014,0.101020169651427,0.0205750366954027,0.0092238261608476,0.0309862521041642,0.0255279765035412,0.0840756483445364,0.0737919180158682,0,0,0.0580260178183906,0.00200763255550718,0,0,0.029460499679459,0.0470481005979631,0.0178008321104231,0,0.0488742638198225,0.0742802919132817,0.079389170341154,0.0594180802242028,0.0100024080089589,0.0665022129482157,0,0.0613656321661313,0,0.031169031206342,0.0236652697629539,0,0.00643001653378881,0.0184275795407624,0.0540532660183215,0.0206763352491461,0.0043413304665479,0.0311294438621925,0.0238705131278812,0,0.00713796372090265,0.00296844493520605,0.0046250775996757,0.00910361865071301,0.0118407106796893,0,0.0162813417135774,0,0,0.00548234588491946,0.0118512495022001,0,0.00696389189572133,0,0.0102648555935811,0,0,0.00442072121157376,0.00856416745988588,0
0.0434999515163856,0.0511343203473167,0.0166406652763123,0.00178765384687549,0.0285866881120697,0,0,0.00793565490127278,0.0196537115125235,0,0.0312423443177841,0.0124141001603771,0.00436850460353817,0.00315970964746882,0.0333972067917087,0.0589813287721623,0.000214678681019605,0.0216532567161567,0.0322506623470492,0.0237717349221392,0.000920521972803528,0.0285284359888144,0.010082376765966,0.0215376111378004,0.00996197071180073,0.00758060819060169,0.00208177653286112,0.00916370204999142,0.0226470939312399,0.0301675778815339,0.0315029127460818,0.0427133556896566,0,0.000966150824810992,0.000736988052931794,0.0197175160436682,0,0.0143423851651692,0,0.0272010467876314,0.0322954647381879,0.00161797603776428,0,0,0.00556988906219979,0,0.00898294597202721,0,0.0285253184839109,0.00348050784650168,0.0287971638699173,0.0433228552085206,0,0.00739831111081612,0.00570921130743069,0.0313050297426503,0.0345178826350809,0.0114592709457782,0.0208071202020513,0.0272390816848555,0.00615264630563709,0.030274571551052,0.00821390111979146,0.00653070996985614,0.00565022849628113,0.0171461266847496,0.00405832160959452,0.00331392732322933,0.0256381791594645,0.0127654526843095,0.0232970648245506,0.0152898223604265,0,0.0278785544472987,0.0263180086627555,0.00596423304455744,0.0347948197712022,0.0063423107446528,0.00217308476318254,0.00953378832094798,0.002468068385539,0,0,0.0143258845718314,0.00199868581351363,0,0.00643529233354164,0,0.0117950737029001,0.0248617242599706,0.00714960393224217,0,0.01170175233133,0.0204991975847475,0.0252270004230674,0,0.0113880057126229,0,0.0321018899165302,0.0233783320580119,0.0123307682676059,0.0188730989750336,0.0312141923548603,0.0344423080986756,0.042689154527807,0.0167183657451026,0.0340661879087553,0.0142300850361614,0.0261710035168387,0.0124214102182775,0.00300070624458203
0.0799797703993853,0.109683757344211,0.0740024773949654,0.00356651538912216,0.0845227715949144,0,0,0.0402193575901502,0.0441690809897286,0.0112238635119044,0.0978579460180771,0.0872522149993866,0.0860360995645079,0,0.082962425627731,0.117010475943584,0.00789243203560664,0.0879520598422103,0.10517676293423,0.0316865705916277,0.00305094433022486,0.0673329278155013,0.0888019701597188,0.0452301267913031,0.0548673692025591,0,0.00781909924448316,0.111728668866362,0.0372206264791628,0.0921427156584613,0.0964037225372137,0.111015681990308,0.0124433772419816,0.0269882876542317,0,0.0856222177841508,0.0550339872019868,0.0466541450416223,0.0390227047057021,0.0221158981896673,0.0937254943515696,0.0463388451344024,0,0.0402064010720698,0.0624296038772357,0.0217006225613035,0,0.0112079052337052,0.0843274876112299,0.0459313557735919,0.0896607612806036,0.0122717330286944,0,0.0611771965385988,0.0238755096117012,0.0186141431846539,0.00292753899287022,0.0504391084983776,0.0607775025151277,0.0148359305932335,0.0646007957869556,0.0786070103793721,0.0707136087977792,0,0.0349253965606096,0.100499514448924,0,0,0,0.0801202050271701,0.0833475254380601,0.045772701902032,0.0260118852537148,0.0179476749735784,0.0111938818441629,0.00133901452362866,0.0163753935271486,0.0862965070264864,0.0497718149406784,0.0138308963158279,0.0572532939323535,0,0.044695514669588,0.00268476745081784,0.0551017940505058,0.0167348954595154,0,0.0438401353983172,0.0778769116746343,0.0110771420873822,0.0581877799611379,0,0.0868422140290552,0.0990669578076479,0.104363390446934,0,0,0.0136572059773441,0.112356399400192,0.0888993885339031,0.0192069651980023,0.0819323649474554,0.0827826265203045,0.0988179727305076,0.127039683497348,0.0676321150326075,0.0751056662447997,0.0329730374077493,0.0743361738894971,0.0561785588691453,0.00174303795932814
0.0338095218876677,0.0423950703692966,0.0263541198229367,0.0270057805829615,0.0416033924262229,0.00793565490127278,0.0402193575901502,0,0.0303547733833024,0.00938665229060236,0.038046280121475,0,0.0337566740955379,0,0.0408733311936669,0.0465646290704796,0.0159787381836138,0.0197586535787556,0.0476299317079239,0,0,0.0328015346635644,0.0258530213788758,0.0181585300902907,0.00195866246069241,0.0180519876930443,0,0.0635354481446609,0.0416168568418739,0.0152167704801821,0.0168694410744912,0.0547857575594453,0,0.038235845325492,0.0338883641573706,0.0263588474051188,0.012058531059352,0.0296210901569672,0.0215791095720569,0,0.0354818653087222,0.000283789820150022,0.00815543019514123,0,0,0,0.0374689271621143,0.0651099237091439,0,0.0271768619060364,0.0320540704818063,0,0.0128924936511593,0,0,0.0287999285258314,0.00867547002196858,0.0391908534916905,0.00500889529608386,0,0.00154981749253655,0.0292274249461531,0.0291877743224552,0.0334166448184098,0.0226692273336083,0.0389946315751951,0,0.0123191904766327,0.0116308491954929,0.0340025251295906,0.0269747331796784,0.0452796536234552,0,0,0,0,0,0.0375244168840457,0,0.00840210459413413,0.0363255848140738,0,0.00842240259549836,0.00971082428360491,0.00822121525558042,0,0.00195809064045515,0.00221608504153891,0.0108737069035641,0.0225493783833879,0.0176999781790396,0.00134735800065081,0.0205412243314489,0.0234149932775333,0.0270759003342233,0,0,0,0.0350139816749939,0.0245103239234513,0.0116907663573926,0.0128140491435745,0.0329619518915585,0.0384953091463713,0.047624572024849,0.044122984044976,0.0229892962220232,0.00528423131440517,0.0271276984272988,0.021923839958073,0.011003414583831
0.0151935519482642,0.00496639752086963,0.00279195190062865,0.0141987294564261,0.070148711536518,0.0196537115125235,0.0441690809897286,0.0303547733833024,0,0,0.0980180477689474,0.0861022991285255,0.014397163854158,0,0,0.0369577514939049,0.0192670756800127,0.0713427869184165,0.047953153591102,0.000149513219151458,0,0.00245958276076411,0.050771938801047,0,0.0135109125394793,0,0.0574941103211246,0.031129263636901,0.0150139970624441,0.13342948430994,0.0765443418864374,0.0095971929878323,0.0214782422531881,0.0239572423296638,0.0495575291908744,0.0645964929190361,0,0,0.0634817996816219,0.0370469058929209,0,0.0566038740789487,0.0396831219884199,0.073900142753958,0.0635414431652634,0.0625827678194591,0.0459146782053752,0.0404643434589084,0.0803057943034547,0.000234998132999317,0.0596927440689123,0.0621702841783816,0.0685111556704825,0.102320975519369,0.0815016912114473,0,0.0419004284959594,0.0128845525672308,0.00942427458998298,0.0504991297419791,0.0488106244638042,0,0,0.038422450671188,0.00158129243603063,0.0209985705704445,0.00093319040716835,0.0258301932635988,0.0474133456833387,0.000424113699418455,0,0.0279503991154921,0.0482578811835262,0.0780408404511205,0.0835717194098069,0.00391237755795596,0.0847165926058292,0,0.0380646564671696,0,0.0043719206704291,0.00991551153294889,0,0.00162379506703037,0,0.0247177463507733,0.00607403276608605,0,0.010539503068792,0.0146137068699016,0.00222724768084737,0,0.000455951058123709,0.0376045911124591,0.0610762297274426,0.016027745359827,0,0.000624050681529081,0.0281752160057535,0.0264696133424535,0.00868792833530374,0.00537032947148994,0,0,0.0227598485701422,0.00991201602044983,0.0307041446625142,0.00114826405472116,0.0228648570477741,0,0.00509256949858644
0.00294898247897587,0,0,7.89327652061836e-05,0,0,0.0112238635119044,0.00938665229060236,0,0,0,0.0255095694408721,0.000242730535779268,0,0,0,0.00714084834034974,0,0,0.00305886273021609,0.00374241196628539,0,0,0,0,0.0111477081912954,0.0105327803002578,0.00854444785205052,0.00743859038573638,0,0.00108406143857777,0,0.00146401781199329,0.00749013202881521,0.015977301651321,0,0,0,0.019890656203419,0,0.00246608321964478,0.00340156982158287,0.000200867481407376,0.0162223545873064,0.00534768822198489,0.00922832486798429,0.00240927926804918,0.00976039263027389,0.00706067165817563,0.00648740801198461,0,0.00676335947024298,0.00612715716311818,0.00394118021309504,0.0114575496075106,0.0102688469852704,0.0348599751381185,0.0145055893293965,0.00335858475730118,0.00301556952193337,3.42347438101311e-05,0,0,0.0084026402766743,0.0119614564236063,0.00627969318550603,0.000419250109495982,0.00332946610691833,0.0133714400660679,0,0,0.000191657064466592,0,0,0.00384115780708827,0,0,0.00515180886359752,0.00498497235980495,0.0119136114404861,0,0.000933951324678428,0,0.00042274074572557,0,0.0142658764186411,0.0101808113637584,0,0,0.00607548136202866,0,0,0,0,0,0,0,0,0,0,0,0,0,0,0,0.00385034467437949,0,0.00437668047845339,0.00154246982423357,0,0.00970713076015344
0.0399375532405273,0.0449117817974392,0.0553300671333261,0.0382293978741648,0.0364341151533143,0.0312423443177841,0.0978579460180771,0.038046280121475,0.0980180477689474,0,0,0.101235441632071,0.0661622084857549,0,0.0839970046534674,0.0372525639520245,0.0396352703131764,0.0278318284573945,0.0818464875141174,0,0,0.0309201852408187,0.0366553360390886,0.022169124782832,0.00505145814078032,0.0283361140336076,0.0615497001832862,0.0990857867344142,0.0752727692450429,0.037662523258958,0.0128725935285278,0.0765014930786464,0.00717382028899002,0.0847612638254677,0.0910191172054795,0,0.00382159011007754,0,0.10000461905511,0.0122772744409924,0.0407205797087719,0.0667036037152461,0.0755652126613286,0.0389312149908967,0.0633688956577391,0.0540779257268964,0.0895371424266676,0.0943978819573162,0.0330160699147209,0.0523387282049083,0.0317225453898579,0.0510046759618204,0.0853366633627048,0.0494408726371629,0.0835932712998785,0.0427704156545468,0.0274253708700819,0.0753426013539044,0.00674701707505878,0.0795479710115575,0.0677426196542434,0.0489372020402246,0.0389223104093603,0.0700461070437466,0.0323049067803372,0.0159677545717579,0.00263299704183083,0.0541929648627831,0.0600733257665142,0.0540581002546008,0.027668912198533,0.0780001548113098,0.0423923604330327,0.0446035499251119,0.0344011194355038,0.00443763843200317,0.0378983135212607,0.0563456277312901,0.0314930192906395,0.00539894091454166,0.0596959378104002,0.0404807627030174,0.029239465808341,0.00111419235918378,0.0262137424221903,0.0328406569086879,0.0353355822352183,0.00140176469804348,0.025378788137676,0.0512760096468392,0.0366888652601141,0.00496788411470468,0.00577458969588376,0.00177171075163941,0.0316858542372341,0.00853995668086335,0,0.00397681796112078,0.0270233713755918,0.0269414623021156,0.01179688174925,0,0.0425685790501384,0.00961019140313889,0.0575271780679563,0.0599747015422038,0.00565198911300308,0,0,0.0248816131672633,0.010025261096722
0.0551451948199575,0.0854120284667551,0.0736499093906119,0.0149036948151308,0.123360100414421,0.0124141001603771,0.0872522149993866,0,0.0861022991285255,0.0255095694408721,0.101235441632071,0,0.0883259801838778,0,0.10436525182275,0.0978710241108243,0.0394385613674193,0.0705831251287568,0.106025068212912,0,0,0.0641992234839578,0.113447483014376,0.0159074379139077,0.0347695252014206,0.00947731295585793,0,0.114710121445616,0.0612919173607403,0.0585261313942428,0.0583155377011678,0.105699027203832,0.0107277321881572,0.060048137666894,0.0845344111017055,0.0905361008532542,0.0256694175242293,0.0273235144603385,0.0762682080063017,0.00131304192840429,0.0768652445218287,0.0387615791472175,0.068420003100787,0.0182535572460867,0.0246533495679994,0.0174885345543015,0.0700635182624852,0.0878392383661256,0.0401258335638476,0.0607555160596528,0.066531602855293,0.00153784561370715,0.0760394611861149,0.0237349890657527,0.023028660760517,0.0373471507157125,0,0.100586598631928,0.0138040989531441,0.0235379527417573,0.0205283909731376,0.124362860300737,0.0650453383723139,0.0475412074523677,0.0767125629183151,0.107721969980471,0,0.0360086561119217,0.0188984852345022,0.0936445272136284,0.0735205976578596,0.0725769772760728,0,0,0,0.00442715221423871,0,0.0851877141457825,0,0.025490607901299,0.069840952434315,0,0.0683673669645399,0,0.0574889918210654,0,0.00127566174169375,0.0394766400228238,0.0849275525534713,0.0424690874039432,0.07106791645324,0.0204653421356326,0.0802597880425513,0.0784114670483954,0.100210510617581,0,0,0.00864816997477069,0.102027644668834,0.0769623160171691,0.0380977433599211,0.0478477909158127,0.0734124499144846,0.0794337214008932,0.127604691004455,0.0920168208031465,0.0558256158909006,0.0161902921169255,0.036026110640349,0.041375249760269,0.00574582172603027
0.024571762348247,0.0295279800087815,0.0150932920785981,0.00513463818108578,0,0.00436850460353817,0.0860360995645079,0.0337566740955379,0.014397163854158,0.000242730535779268,0.0661622084857549,0.0883259801838778,0,0.0310360743362666,0.014707776127824,0.0568483077303932,0.0335725778224408,0.0615477712591893,0.0175178734613481,0.0412733041327359,0.0144146170295964,0.00690127382277918,0.0352550878873339,0,0.0389230612539195,0,0.0180995312239944,0.0464320968673172,0.0137787463983498,0.060736403938868,0.108546549647104,0.0124009743069635,0.0144331277446833,0.0308936490723081,0.0672836414294006,0.0545430085235377,0.039169686047102,0.0174702177744672,0.0746355165893938,0.0150889363712665,0,0.0650063886387068,0.0517381466483684,0.0410128453492719,0.0553436672051361,0.0387882635069626,0.0539931056802714,0.0485879854760046,0.0751154128588712,0.0152977289133971,0.0788286897852534,0.0379511933305101,0.0442506226869687,0.0475024754570599,0.0520115688486329,0.00036412043595006,0.0240945029616273,0.00792641245892632,0.0302210158806691,0.0682918824371178,0.0666781760035449,0,0.00953894746655973,0.0278188876962739,0,0.00993128084585641,0,0.0163340830117765,0.0183581021798965,0.00557461836675972,0.029389157802798,0.0210412477015353,0.0359017183296335,0.0270369876953283,0.0165838344185837,0.01036314139874,0.0192348861178496,0,0.0510504830195648,0.0184932585999422,0.0203997479598248,0.0120205874482459,0,0,0.0141941999359659,0.0515458572371932,0.00570512713446568,0.0176868732144002,0.0289047968979298,0.000100914937070037,0.00503328128863384,0.0162107627152619,0.0413155765026696,0.0900708106398888,0.069497799091371,0.0266188987351153,0.0142792282562268,0.016304427464449,0.0738608265285863,0.0604754454570543,0.0168071578302342,0.0514831927333919,0.00939703856649014,0.0273090726506704,0.0313413959995506,0.000532412019107449,0.0476595582163173,0.0150523839713761,0.0439680732626251,0.00373470558291865,0
0,0,0.0107218970938738,0,0.00915782731211153,0.00315970964746882,0,0,0,0,0,0,0.0310360743362666,0,0.0105984110271425,0,0,0.0196027631118038,0.00586079407536207,0.0214745112827386,0.0266334298386413,0,0.026247971042968,0,0.00807552537316751,0,0,0,0,0,0.00388198744956136,0.000851962787910284,0.0123010860099448,0.00162064496600478,0,0.0107166495227039,0,0.000197092109857245,0,0,0.015997099594559,0,0.00578851829342922,0.0113068688007868,0,0,0,0,0,0.00539916402261061,0.00117767330739568,0,0,0.00270123287175388,0,0,0.024935628122125,0.0148008367072111,0,0,0,0.0121812254010919,0.0144755567700324,0.00116263549391506,0.00302363466795374,0.0246455106516488,0,0.00568580676338606,0.00509424578078759,0.0212670358239803,0.0201171354555532,0.00443788569506495,0.00413873892304811,0,0.00735324062548386,0.026789274302744,0,0.0199544406469283,0.0108486543845807,0.0260605196244736,0.00898235798491867,0.0176553850537183,0.0372027665982912,0,0.00775743483537362,0.000663461144554724,0.0142959193256114,0.0267874493390992,0.0052000945991245,0.00419950460067707,0,0.0130977825036108,0.0255483805053421,0.0140013163666432,0.019751842771539,0,0,0.0117711798280858,0.0170140724693812,0.0140691162823686,0.0022453925855478,0.00985867787518038,0.0104647320267008,0.00894355840938082,0.0139344168366798,0.00428141563504628,0.00709849548079427,0,0,6.73520021500553e-05,0
0.0198854462767606,0.0245004276693875,0.014508768478307,0.019164123957117,0.0238906958498406,0.0333972067917087,0.082962425627731,0.0408733311936669,0,0,0.0839970046534674,0.10436525182275,0.014707776127824,0.0105984110271425,0,0.0886364732870518,0.0178024205424419,0.0968844435634943,0.0506449232119689,0.0156054046041274,0,0.0218822436209971,0.0580493987835456,0,0.0208921402490669,0.00729115304518417,0.070283478664101,0.0659841718616082,0.0235330572267086,0.121543713971798,0.104533061694031,0.0382485263464032,0.014130858788937,0.0493744868480254,0.0876958678907531,0.0802603403393331,0.00494740251183216,0.00228360127397706,0.0940009785898365,0.0279256488945928,0,0.0953736146651685,0.0880725560460296,0.0670859727349553,0.0829213843573689,0.0602732695258783,0.0980137567140984,0.0606215036708771,0.0979264985945243,0.0224771999767326,0.0626240994796962,0.0655353613457182,0.0900342935049493,0.0970456313273709,0.091950666448448,0.0188732948447663,0.0545928522936054,0.0346364424580521,0.0428391429039919,0.0866654262242616,0.0802861518927413,0.00350275355746758,0,0.0566395705324778,0,0.00574918658965551,0,0.0332679285142187,0.06610771852103,0.013909336678414,0.0035566207725942,0.0351096458539928,0.0502415951165646,0.0779849554069665,0.0717187069985046,0.00412370508624395,0.0749859861264513,0,0.0631597669089342,0,0.0369413762964057,0,0.0079280236477462,0.00216308346314442,0.0138633239653885,0.0456854240844038,0,0,0.0182338274739797,0.0115442653674066,0,0,0.00506070576839235,0.0812639825988664,0.083577918358918,0.0118963844004068,0,0,0.074917944935707,0.0330017573978768,0.000199850378705625,0.017348175893296,0,0.0310478508019642,0.075067975139385,0,0.0518778873708791,0.0122957993843811,0.036179506423292,0.0179395257626266,0.00280043751062862
0,0.0289971852881399,0.0549523309396058,0.0451661391962609,0,0.0589813287721623,0.117010475943584,0.0465646290704796,0.0369577514939049,0,0.0372525639520245,0.0978710241108243,0.0568483077303932,0,0.0886364732870518,0,0.0527215664748431,0.055922924996154,0,0,0.000333534186537372,0.00822210216437232,0.0101762794738181,0.00971752092963894,0,0.00934895513126758,0.0663477234498902,0.11151535747964,0.0782036399570103,0.0921970395171897,0.0540117366671066,0.0484458303727558,0.00335572727835649,0.111859039496708,0.106600634335859,0.000979867805824228,0,0,0.114411413364876,0.0199926331431338,0.0330716524873169,0.102615347699144,0.119795389295386,0.0544132011829042,0.0896202469130305,0.072802767341769,0.127573889235127,0.102394734941038,0.0777487538025156,0.0750547148855654,0.0276267457940736,0.0904464596487607,0.107991939939535,0.0894572993139439,0.0999043886783742,0.0471956679795103,0.0611143716442258,0.108938014042365,0.0275159168501957,0.105813607108656,0.0945028753593566,0.0230770590902346,0.0364930902253175,0.0934040524959649,0.0350083262412958,0.0207534926565393,0,0.0770744435065265,0.0765489615177778,0.0852900958137892,0.0308239780501061,0.101302795685579,0.058143526586715,0.0823206447668171,0.0662045620405711,0.0207248185428422,0.0783662871760947,0.052901088910242,0.0448278379293305,0.0173997024938541,0.0923854651929999,0.00704363940489848,0.0592638687774023,0.00968834404403227,0.0569629957968875,0.0346067985134643,0.0259628339941323,0.0256759948230278,0.0270641786117536,0.0585506850127334,0.0270844288046068,0,0.0148863849514034,0.00484018405051218,0.0184766840639072,0.0258791901501316,0,0.0158181291239396,0.0113521723139724,0.00352690733522326,0.0309944864096934,0.0149322808592907,0.0621780989815713,0.0187288788169974,0.0358429399534255,0.0574514925965228,0,0,0.00436180374565054,0.0139213485599741,0.00670408557304746
0.0509685381571445,0.0429131362518319,0.0371593925369672,0,0.0274675079089405,0.000214678681019605,0.00789243203560664,0.0159787381836138,0.0192670756800127,0.00714084834034974,0.0396352703131764,0.0394385613674193,0.0335725778224408,0,0.0178024205424419,0.0527215664748431,0,0.0387253165397268,0.0415996092877067,0.0149226519787103,0,0.0452316725892127,0.0378105282772968,0.0181733363828099,0.0134199131817505,0,0.0148349883354362,0.0111082282514633,0.00405755197750544,0.0367659351394215,0.0479923910837754,0.0455096048994826,0,0.018314742414149,0.00591703541395402,0.0337291634342238,0.0207704524755478,0.0352697064371684,0.0166489141926596,0.028112428883338,0.0434279277351161,0.0122296559298972,0.0075576129181098,0.0167634116871986,0.0268921980206444,0.00683686131927712,0.0138392066112439,0.000693615796855501,0.0318978308706825,0.0202950971942654,0.0415400849397415,0.0144971442932489,0.00123338249223294,0.0143576942462245,0.0104307426274458,0.0165111402635803,0.0195717947130028,0,0.0207040135941386,0.0269191081211978,0.0119752910138263,0.0322594722228905,0.0101109923019946,0,0.0049608571710226,0.013037380186167,0,0,0.000202833466950665,0.00122066714417593,0.0178757812618848,0.0164066047429492,0.00672188790113521,0.0190424473390719,0.00721202700850645,0,0.012099573362314,0.0175715390294817,0.0206184137495943,0.0201830911485806,0.00982904514218748,0.00852954298007756,0.00485311305374432,0,0.00265233315419368,0.00143502083606542,0,0,0.0191093658679963,0.00289048849576544,0.00214554273955938,0,0.0145234141624511,0.0363083912201302,0.0359133406819477,0,0,0,0.0410902178696818,0.0413052138981126,0,0.016758340835054,0.00731428461717103,0.0226166043885468,0.0454079628318521,0.00345545869503208,0.0424496500476574,0.00827710853649945,0.0158225354718783,0.0126137371671126,0
0.00791707197012613,0.0336227505063921,0.0511879181759322,0.0226284794678971,0.0297584184558774,0.0216532567161567,0.0879520598422103,0.0197586535787556,0.0713427869184165,0,0.0278318284573945,0.0705831251287568,0.0615477712591893,0.0196027631118038,0.0968844435634943,0.055922924996154,0.0387253165397268,0,0.0279443766949022,0,0,0.019198544877529,0.0127734758161456,0.00181948783414777,0,0.00453593466923388,0.0544582870625946,0.0955031065226471,0.0389839311440677,0.0227324375348394,0.0180739918550469,0.068865847001906,0,0.057978752576609,0.0872233865299253,0,0.0228308790626998,0.00499913394790049,0.0826196210409876,0.00341408682315737,0.0206600936197321,0.0652160545684069,0.0960090996074657,0.0373999018863509,0.0609322626929064,0.0459563086630363,0.0949181065481457,0.0797388251890662,0.0576972408580712,0.0478086895734125,0,0.051694903746812,0.0814210144807838,0.0539846937666671,0.0698997739184675,0.0275433031218876,0.0356738959834195,0.0812379964827045,0.00805565363270407,0.0668919106756043,0.0594210499978113,0.0392846826055399,0.0354079935886757,0.0559070323986028,0.0502202543299979,0.00736242601362182,0,0.0309887961105384,0.0624274507863447,0.0636801529806875,0.0236588826031704,0.0633110596912153,0.0277552216206495,0.0433264616684583,0.0274363510193004,0.00493309132364345,0.0380917744094713,0.0359776179015774,0.0266280998704346,0.047637951346083,0.0593922853259672,0.00141266450020771,0.0459990713685471,0,0.0412411688378394,0.0129419141305027,0.00790876055563792,0.00336686313580423,0.0303207782184309,0.0260189894457326,0.0145484420316106,0,0.00150082957385208,0,0.00352036321667227,0.0129687037788493,0,0,0.0258670637005595,0.00866695913978497,0.0343033075622439,0.00997451868251385,0.0364494855871089,0.0248049960413676,0.0687556448034846,0.0501712911562412,0.0214067421567,0,0,0.0237071189135755,0
0,0,0.0133424563496063,0.0361735888748488,0,0.0322506623470492,0.10517676293423,0.0476299317079239,0.047953153591102,0,0.0818464875141174,0.106025068212912,0.0175178734613481,0.00586079407536207,0.0506449232119689,0,0.0415996092877067,0.0279443766949022,0,0,0,0,0.0139920469923056,0,0,0.0154387757867157,0.0774092611898718,0.110541844265814,0.0631307067768803,0.107080616075606,0.063593975190582,0,0,0.0817770474116375,0.110676554223682,0.0231577107593292,0,0,0.112507187378456,0.0199250469935569,0,0.096890730569882,0.113555411516403,0.0669288421274911,0.0895596540403527,0.075141145416307,0.103740168570588,0.093587906407831,0.0794065051955611,0.0360492881573114,0.0239198433707579,0.0832932998063633,0.113871200750833,0.112008303693314,0.101605153189185,0.032406491812611,0.0499163103429207,0.0639028275952239,0.0219728571093049,0.0869636195769912,0.0810426028974711,0.0053846817479782,0,0.0745232461982427,0.0235036252676055,0,0,0.049472745118383,0.0726338222405553,0.0360919153419183,0,0.0687583703302121,0.0607531271817898,0.0747888257498977,0.0684115979684551,0.000742230369618545,0.0760128488854207,0,0.0469529036952301,0.00224246919450935,0.0536267630742368,0.0259310905148998,0.00624738491597113,0,0.00957873090393893,0.0563792319373957,0.0316854831197455,0,0.01115534407962,0.0412489735520675,0,0,0,0.00656861971575097,0.0141647481645092,0.017341593192743,0.000603197798884599,0,0,0,0.0236229990048567,0,0.0114042197029707,0,0,0.0327110169646265,0,0,0.00577320674816986,0,0.0102004204481649
0,0,0.00940105382206144,0.00573119107336331,0,0.0237717349221392,0.0316865705916277,0,0.000149513219151458,0.00305886273021609,0,0,0.0412733041327359,0.0214745112827386,0.0156054046041274,0,0.0149226519787103,0,0,0,0.0334596130220244,0,0.00809462633632327,0.00248268081712006,0,0,0,0.0186689664474971,0.0167120616699636,0,0,0,0,0.034431249633722,0.0200625488505648,0,0,0,0,0,0.0158766409551115,0,0.051650575508129,0,0,0,0.0304673233392642,0.0174137086855456,0,0.0299607842807286,0,0.0486615476190763,0.00676544777143657,0,0,0.00617966199080496,0.0489222134566545,0.0481006619513305,0,0.0309021075293587,0.00286007376585403,0.00761864538282626,0.0241015798106683,0.040925927058238,0.0108625996047355,0.0240282779900576,0,0.0419195385978606,0.0401113636202866,0.0496607240930425,0.0271206739537157,0.0440288427751696,0,0.00423816519313724,0.0186976421041124,0.0518193941367959,0.0192949330873373,0.0288003539410477,0,0.0244717542390469,0.0438658230062811,0.0117515269260182,0.0741640878309954,0,0.0128662742733315,0,0.013779652078563,0.0378958914721596,0,0.00665125596908454,0.0038922860026357,0.0121697575223107,0.0295325423986943,0,0.00901379454964306,0.00423661007620026,0.00031979588893672,0.0131863046085723,0.0123385834627302,0.00878267220888626,0.0122228065608994,0.00166153554912039,0.0325947188890837,0.00578330963221309,0.0111358903882578,0.0139564782930753,0.00311954728279779,0,0,0,0.0136403006839278
0.0072521367414518,0.00184278513896216,0,0,0,0.000920521972803528,0.00305094433022486,0,0,0.00374241196628539,0,0,0.0144146170295964,0.0266334298386413,0,0.000333534186537372,0,0,0,0.0334596130220244,0,9.33024531980155e-05,0,0.0120588351090773,0,0,0,0,0,0,0.00207947874999397,0,0,0.000862593915570782,0,0,0,0.0023768282301656,0,0,0,0,0.0194276626782567,0,0,0,0.00605480428279731,0,0.0176869691687411,0.000835702684045098,0,0.0470032522735122,0,0,0,0.000970121621822604,0.0440922553953632,0.00278319613862166,0,0.0154297646669833,0,0,0,0,0,0.000676837898911784,0.0011908660777586,0,0.0316775346242467,0.00586461351397565,0,0,0,0,0.00724419108875781,0.0242444430559943,0.0135045803846289,0,0,0.00787627825919872,0.00346634931587352,0.00755182670369516,0.0357440971317782,0.00380749920498779,0,0,0.022276670665322,0.0133833195824373,0,0,0,0.00485313449968168,0.00439746252133086,0,0,0,0.0178254934963569,0.00548375218191411,0,0,0,0,0,0,0,0,0.00787294773913461,0,0,0,0.013755805352967
0,0.00192065590549964,0,0.0232714581372162,0,0.0285284359888144,0.0673329278155013,0.0328015346635644,0.00245958276076411,0,0.0309201852408187,0.0641992234839578,0.00690127382277918,0,0.0218822436209971,0.00822210216437232,0.0452316725892127,0.019198544877529,0,0,9.33024531980155e-05,0,0,0.00512849394982447,0.000680915300382215,0.00467333966076355,0.0496714846277682,0.0605951333022576,0.0342956223299508,0.0567225526849894,0.0382265450290326,0,0.0019639740428252,0.0566445781679761,0.0637300050682953,0.012397464465262,0,0,0.0746341991386597,0.0274593928747248,3.20329082438694e-05,0.0484902290818605,0.0698236524573487,0.0302315245154411,0.0681565628083483,0.0504123023265149,0.0690976666442551,0.0490108554129946,0.0534848500222622,0.0321229098537489,0.000109357070668433,0.0504324221086924,0.0712340919090979,0.0803395161898684,0.0590592309193328,0.0164743850521932,0.0215568556143596,0.0309485145259832,0.0435682705349271,0.0756814447991162,0.0655113860790147,0,0.000935702364717703,0.0546642348905773,0.0268261869940505,0,0,0.0388824842999628,0.0382108576783748,0.0133283299020926,0,0.0483790351277162,0.0474683264910582,0.0513320262156704,0.0425866555007413,0,0.0540987946614697,0,0.0344793598347613,0.0104741795049012,0.0383413466646542,0.0184329666809456,0.0132834364953291,0,0.0110795477050521,0.0283541448062778,0.0219753817190554,0.00179835072311945,0.0142838152424808,0.0470706271631904,0,0,0,0,0,0.0197789116699646,0,0,0,0,0.00780080853524304,0.00701552158362386,0.0114886203138879,0.00424641396937825,0,0.0135630399896092,0.0109497447309247,0,0.0196033231356073,0,0
0.0041809906673332,0,0.0312341951098964,0.0202778715374836,0.0068974448130491,0.010082376765966,0.0888019701597188,0.0258530213788758,0.050771938801047,0,0.0366553360390886,0.113447483014376,0.0352550878873339,0.026247971042968,0.0580493987835456,0.0101762794738181,0.0378105282772968,0.0127734758161456,0.0139920469923056,0.00809462633632327,0,0,0,0,0,0.0122364570736091,0.0544210209834766,0.0883822259363057,0.0345626392097157,0.0467748887414695,0.0486684762181298,0.0214733151568407,0,0.0485837610352531,0.0958554506969384,0.0139044323982102,0.00461807559559181,0,0.0886514270947523,0.00565183445492918,0,0.0922132088192013,0.0808148769947999,0.0519321567056545,0.0634874243568487,0.0511445296183001,0.085947799839765,0.0769918263520725,0.10277999034227,0.0286689996816791,0.008639748038795,0.0582920776661913,0.0734226713072774,0.0587240492246804,0.0741190782650476,0.0167739435503505,0.0561803140758847,0.0620443972095309,0.00108752772627996,0.0695525275738387,0.0568594149030709,0.00592135820590602,0.00688805865749601,0.0445475839924817,0.0247837619739849,5.73058340239535e-05,0,0.0268789126767551,0.0612780821325594,0.0363047448367396,0,0.0501710885817483,0.0327679176317267,0.0472422015592057,0.0377391317749415,0.00870203707686024,0.0381723398570102,0.0078439651076616,0.0362425569511544,0.0177200901703328,0.0376900751479828,0.00597650933095693,0.0135878060721255,0.00232224766393175,0.00149298035257603,0.0442987456436468,0,0,0.00452509495536798,0.0131123398785695,0,0.000674733018737142,0,0.0226513832418484,0,0.0165415701867179,0,0,0,0,0.0171118297021021,0,0.00916557924313304,0,0.0132122650530489,0.0308318955298649,0,0.000878518759216002,0,0.0180538417969494,0.00285225460250267
0.00457443296643288,0.0067346969072306,0,0.0086511216695183,0,0.0215376111378004,0.0452301267913031,0.0181585300902907,0,0,0.022169124782832,0.0159074379139077,0,0,0,0.00971752092963894,0.0181733363828099,0.00181948783414777,0,0.00248268081712006,0.0120588351090773,0.00512849394982447,0,0,0,0,0.00288046667371707,0.00948523648738455,0.0151122461036949,0.0106410033552866,0.0146059813999635,0,0,0.0200475867151851,0.038693877068748,0,0,0.00900811526452375,0.0360315014151139,0.0053891680814028,0,0.0109628299334274,0.044328169690425,0,0.0289132602148379,0.0101085098475331,0.0465118077380855,0.0194945507568581,0.0340528920796567,0.00491069548452145,0,0.0549930442819337,0.0247459431123251,0.0147950295797642,0.019700650127156,0,0.0494399582963834,0.0163719103182764,0.00952269286205617,0.0525723707720703,0.0389936100005919,0,0,0.0538405075421888,0.00146140141850342,0,0,0.0375555006063496,0.0388636387793087,0.00424277914032547,0,0.027033482540405,0,0.027533704337292,0.0298797301131681,0.021446177185903,0.0356568688731822,0,0,0.0062223849064158,0.0142650984371875,0.00584270099099777,0.0169802359852459,0,0,0,0.0194387360532385,0,0,0.0155680607811269,0,0,0,0,0,0.00428756976389577,0.000853273788765579,0,0,0,0,0,0.00140699564406597,0,0,0,0.00333876403166972,0,0.00455576004071356,0,0.0104248000769357
