0,0.0232119022625299,0.0210317360317139,0.0145814261358742,0.00801606759213162,0.0214769858079069,0,0.0200803232116799,0.0305013286908385,0.0438980760159362,0.00341462540576264,0,0,0.0131132950722408,0.00202877631485244,0,0.0204533605727256,0.00991850538746777,0.00920205693541403,0.00356827980461034,0,0,0.00267296638242333,0.039100311713497,0,0.00991577853344375,0.0275180679523703,0.0323161650607403,0,0.0178110138790293,0.00205572301966015,0,0.00928852258341905,0,0.00228613782452255,0,0.00101001057586302,0.000647510432483821,0,0.0432241701018645,0.0221115719050969,0,0.0105106279877224,0.0244517224517993,0,0,0.0365988794838247,0.00393608427187585,0.0431697456263867,0.0221461244891566,0.00518974748668459,0.0342991938535049,0,0,0.00371338850235689,0,0.0415260032465996,0,0.0194433193908529,0,0,0.0106021822760783,0.0178024055783973,0,0,0.0108003320015563,0,0.0179872010455543,0,0,0.0540559751469567,0,0.00264583124875031,0,0.0110207824068926,0,0.00594507097150287,0,0,0.0302767811103417,0,0.00168586467479163,0.0141606891491318,0.0394975980879753,0.0369713067001174,0,0,0,0.0300856377435028,0,0,0,0.00616970156155884,0.0185400765175856,0.00305118029404175,0,0,0,0,0,0.00305591874429298,0,0,0,0.0042550409717422,0,0,0,0,0.00387778275948778,0
0.0232119022625299,0,0.0166741484371833,0.00108622900697797,0.0167836661076984,0.0364369614578629,0.0156015653985089,0.0156687733513287,0.0118042821461006,0.0289863303426793,0,0.0338543928588039,0.0208308338610539,0.0140828462813319,0.0159615997540966,0.0115367717102251,0.0266598526594323,0.0296250713181889,0.0335860945150963,0.00963535001083343,0.00687608134822069,0,0.0330169456967748,0.00771106560815307,0.00760376364585214,0,0.034496329099468,0.0253312795685744,0.0114145708703785,0.0192026471493467,0.0141977646679002,0.0145598677983199,0.0367724282949096,0.00668276231129889,0.012567744419484,0.021552894956846,0.0243926548515104,0.0291455239740181,0.00771429804601378,0.0125667056228778,0,0.0248835291794075,0.03827013460221,0.0242349041565835,0.0204116064280165,0.0111398309428361,0.0767729880054139,0,0.0110671844918003,0,0.0130124552109951,0.0374599169867709,0.00267754101374474,0.0366974127140459,0.00811268738333743,0.00843435698455613,0.00426369150433191,0.0201569977146735,0,0,0.0233451678072632,0.00151245005519509,0.0186128536171328,0.00231993070504449,0.00163156800398973,0,0.0437406467888121,0.000965778567037705,0.0175580475917116,0.00275114654131687,0.0214834327922516,0.0212322707782404,0.0101250164070977,0.00628939980864282,0.0023714973483973,0.0128916388340969,0.00319477820217752,0.0173525566995867,0.0152562198403145,0.00127218825357897,0.0124271791085742,0.0260742838113135,0,0.0443140392039264,0.00820117892191733,0.033872692449281,0.0222522950360488,0.00321929529502451,0.0281950999304929,0.0291388348785082,0,0.00654154980623263,0.0445947029225787,0,0.00250178195970158,0.0138276213168247,0.0397361249270613,0.0219299176452153,0.0218638962066891,0.012317453274778,0,0.0248503920281042,0,0,0.0229321105241372,0.0100546853301197,0.0387106561474974,0.0299767572559202,0.0252554882438858,0,0.00484591020537815
0.0210317360317139,0.0166741484371833,0,0.00464744669902429,0,0,0.00911093012896892,0.0155739559622935,0.00966403086107264,0.000236911130340894,0.01656959105331,0.00182688213873944,0,0.0152909298313021,0.0176089439378039,0,0,0.028148377473001,0,0.0110199531873786,0.0107461446269452,0.0094196566141869,0,0.000358772429288902,0.00220631787084911,0.0152573862785429,0,0,0,0,0.00312838013119756,0.00677220484678798,0,0,0,0.000227333213664332,0,0.00747079391966319,0,0.00893194513308487,0,0.0130038495518955,0,0.00105396884527404,0.01067814582442,0.0163221598693025,0,0,0.00387004904956249,0,0,0,0,0,0.00221104626728355,0.0039647332094434,0.000229304163496631,0,0.0138287493548591,0,0.0100746891579232,0,0,0.00670818550219581,0,0,0,0.0273271884712942,0.00274710492974029,0.0107599812681783,0,0,0,0,0,0,0,0.00220741264521668,0,0.0187617123858885,0,0.00373243408542966,0.00343115887661296,0.00347407549851363,0.0401737774727857,0,0,0,0,0,0,0,0,0.00656921066325635,0,0,0,0,0,0,0.0126377342565756,0,0,0.0036550074332021,0,0,0.0286713191202663,0.0202864528668689,0,0,0
0.0145814261358742,0.00108622900697797,0.00464744669902429,0,0,0,0.0190749969123703,0.0108184154954167,0,0.0124625949690008,0.00546814963801936,0.00430190041283003,0,0.0166382278822406,0.019897241287843,0,0,0.0112632808722249,0,0.0167642455767428,0.0203432577187086,0.00145419664254143,0,0.00927580697199154,0.0212092004149178,0.0207404544413191,0.00530358876531548,0,0.0100720466253549,0,0.0193122222099525,0.0188855254252756,0.00703717341445455,0.00512935237741657,0,0.00900536127189486,0,0.0207787448122771,0,0,0,0.00842691781347435,0,0,0.013943365212453,0.0137403345998826,0,0,0,0,0,0,0,0,0,0.00637827145384932,0,0,0.00539380532116096,0,0.010057580448151,0,0,0.0110773224613009,0,0,0,0.0166573915044433,0,0.00578972650400131,0,0,0,0,0,0,0,0,0,0.0112971283264452,0,0.00114946310919167,0.0124807506072702,0,0.0403187086546748,0,0,0,0,0,0.00184489499190669,0.00150372310541524,0,0,0.00386538336209439,0,0,0,0,0,0.0191846374634065,0,0,0.011376349792023,0,0,0.0195684845162487,0.0171113636478066,0,0,0.00420953240156369
0.00801606759213162,0.0167836661076984,0,0,0,0,0,0,0.00937042390359273,0.00881426127933127,0.0214188896113923,0.00143305913803675,0.00282838077013767,0.00208347811632723,0.00814205416617938,0.000228453141721208,0,0.0350815936928605,0,0,0,0,0,0.0024252995839261,0,0.00261789162275621,0.00144666666297635,0,0.0101332716816257,0,0,0,0,0,0,0.0109849978842156,0,0,0.0122794784633403,0,0.0120819308686972,0.0413532909185977,0,0.0160859341109119,0.00141377350037648,0,0,0,0.0170878784185192,0.00523880954374572,0.00352926765238198,0.000787361238176164,0,0,0,0.0118930190495755,0,0.00322897721445461,0.0136742280712426,0,0.0117019175143476,0,0.00801256941524783,0,0,0.00601922819797675,0,0.0301740688881681,0.0136524747650895,0.00561744632841413,0,0.000670578465101102,0,0.0032200791514648,0.00256283493691188,0,0,0.000399006418444902,0.00191328537310139,0.00479610436530598,0.00806947242365288,0,0.00725653970892077,0.011315327527697,0.0122119950384986,0,0,0.00290546893778317,0.000626877967663859,0,0.013213389157187,0.00469030859905152,0.00797159318399459,0,0,0,0.0273795300511384,0.0016012736997954,0,0.0178504309852559,0,0,0.00462543005620834,0.00257687041616307,0,0.00351867235373888,0.0155680339854464,0.0148058583299978,0,0,0
0.0214769858079069,0.0364369614578629,0,0,0,0,0,0,0.0338714635624846,0.0126553837859837,0.00912057270898077,0,0.00260647613735476,0,0.0055560951231075,0.000263912871189787,0,0.0299886925825276,0.00301335457540033,0,0,0,0,0.0220028495228123,0,0,0,0,0.00766461382576312,0,0.00143650873729095,0.00995729766890601,0.00695645464864987,0.00484932488526037,0,0.00531240838455845,0.00926062722952218,0,0.00477187655557235,0,0.0170296385525672,0.0502687830625095,0,0.0409013598444055,0.000223938119474323,0,0.0038206643735357,0,0.0378524978999429,0.00182300048965322,0,0,0,0,0,0.00882577555396092,0,0.00387629072756124,0.0341351736839772,0,0.00695975903709029,0,0.0231897669057796,0,0.000570565490812402,0.0174199550981939,0,0.0476144438015944,0.0277367477379591,0.00612541235968023,0.00582309016263446,0,0.00680086083747232,0.0161716295650032,0.0169597168621386,0,0.00904172228065571,0.00395294355871351,0,0.0208354174555585,0.014435397888728,8.86651952516151e-05,0.00952169615615536,0.0135628517866812,0.0276912519824114,0,0,0,0.0238869714370095,0,0.0129620357968701,0,0.0167770545875651,0,0,0,0.0288688527599822,0.00139666980296342,0,0.00217554109629265,0,0,0.0158955411918977,0.00287344599736771,0,0.00924774603340699,0.0295402782309089,0.0235217751901596,0,0.00286783860020619,0.00817357898505193
0,0.0156015653985089,0.00911093012896892,0.0190749969123703,0,0,0,0.00732803292615443,0.00672532419957663,0,0.00416196928893747,0.00503386338605494,0,0.00951994969231573,0.0032072192910824,0,0,0.0365875783304985,0,0.0105566053913852,0,0.0617495375174989,0,0,0,0,0.0216386000363814,0.0135886221744756,0.0405085881974171,0.0353401541243306,0.00340732966238474,0.00551094296757146,0,0.00123489467311745,0,0.00873332554524494,0.0211022341693154,0.000185254113996057,0.0147206729732605,0,0,0,0.0225230380880315,0.027151651084878,0.00377752128150657,0.0246464615889751,0.00946780694904109,0,0.0295074868613695,0,0.00471963210939146,0.0219317267442839,0,0,0,0,0.00458390632987,0,0.00666945277139175,0,0,0,0.00709020304159778,0.0113918253348076,0.00926361564676126,0.00133361621400526,0,0,0,0.00566098024647065,0,0,0.00639507616592468,0,0,0,0,0,0.00128267280796523,0,0.000431834759790295,0.00257353311192211,0,0.00770640899428824,0,0,0.00255194844258638,0,0.0101005234580318,0,0,0,0,0,0.00810466635262079,0,0.000130795814336264,0.00124153456706335,0,0,0,0,0,0,0.0143078143727137,0,0,0,0,0,0.00227863838824034
0.0200803232116799,0.0156687733513287,0.0155739559622935,0.0108184154954167,0,0,0.00732803292615443,0,0.0134623473583404,0.0122394232219169,0.0127080027530689,0,0,0,0,0,0,0.0222769136203688,0,0,0.00891712292092531,0.00857558126959774,0,0.00289682534401723,0,0.0180807121757259,0.00720291481396787,0.00244932903777527,0,0.00449340712247917,0,0.00433564937559427,0.000985305581268814,0,0,0,0,0.00411936751438504,0,0.0225635010659915,0.00476256341687071,0.00456983877924465,0,0.00736062327408428,0.00359155780691517,0.00755058702486185,0.00116538393094833,0.000459534363335897,0.01811797591246,0.00509222251392525,0,0.00363014976373149,0,0,0,0.00134062784752816,0.00998807957085899,0,0.0137880646779032,0,0.000423631175168157,0,0,0.0028259062113167,0,0.00513833877140713,0,0.0279145111935162,0,0.00559046955659091,0.0146264249103404,0,0,0,0,0,0,0,0,0.0218683260533425,0,0,0.0102546280291171,0.0127442799877738,0.0394551965838646,0,0,0,0.0067349036706729,0,0,0,0,0.0140167094355363,0.000368046877545377,0,0,0,0,0,0.0115163508483219,0,0,0.00411470611393336,0,0,0.0234441118446983,0.0156294019107052,0,0,0
0.0305013286908385,0.0118042821461006,0.00966403086107264,0,0.00937042390359273,0.0338714635624846,0.00672532419957663,0.0134623473583404,0,0.0154032125562843,0,0.0284392085540143,0.0167173965251074,0.00964748532515854,0.0116622824424407,0.0124290494541152,0.017646274876056,0.0191879414465052,0.0285021564771129,0.00577302742486531,0.005541836827925,0,0.0161412335944886,0,0.00636103015758556,0.010208390528532,0.0387988980773938,0.0292569736663657,0.0127246716282857,0.0182496842248523,0,0,0.0508601916327797,0.00396854407417149,0.00989675249688712,0.00824159779834851,0.00897039783596402,0.00323308330971264,0.0122892029367063,0.0107718200860873,0,0.0261670160686955,0.0184691684750141,0.0106468306229807,0.0154599745745687,0.0155490139595618,0.043045474535121,0,0.0139418934666581,0,0.0132716510228519,0.026981093834351,0,0.0265353327933296,0.00118068537964656,0.00871500657517391,0,0.0199902179655461,0,0,0.0173805515988305,0,0.00681104302005722,0.0104768970473776,0.00861112612186901,0,0.0407874585839676,0.00813253422254985,0.0147006235071984,0.00553067194425659,0.0194480290503201,0.0115576018330237,0.00360803661724184,0.043335815256485,0.000110951442810368,0.00964946484840055,0.00272269457432304,0.0116683945256547,0.0124447456084039,0,0.00578337294821893,0.0197756526143242,0.000663835808961744,0.0558415133471505,0.00139334851936694,0.0258860638565548,0.0227699796030996,0,0.0279159732648124,0.0144165763889347,0,0,0.0455114356826611,0,0,0.0107650998462475,0.0545737455633294,0.0215268829349142,0.0150804062915633,0.00880088316520911,0,0.0198627167782211,0,0,0.0137674034683651,0.0166665728793193,0.040360525908047,0.0365066348125901,0.0206324921476643,0,0
0.0438980760159362,0.0289863303426793,0.000236911130340894,0.0124625949690008,0.00881426127933127,0.0126553837859837,0,0.0122394232219169,0.0154032125562843,0,0.0234100160477569,0.0132795577769173,0,0.019455218864734,0.0242004517167228,0.0183950753676982,0.0104432240922708,0.0430081932665173,0.00164589996250317,0.0151102825141016,0.017516989485096,0.0102074008945927,0,0.0104017344554185,0.00189820830602845,0.0224003845675647,0,0,0,0.0287633980732456,0.000657388146191382,6.91834126985815e-05,0.00179737091619363,0,0,0.00112559782894769,0,0.00482698105547612,0,0.015964733928381,0.00343297235791275,0.0371132119119654,0,0.00918767824663821,0.00374781381053374,0.00811014845368068,0,0.0164061545583873,0,0.00224081258554778,0.0103881857774679,0,0,0,0.0209685600988227,0,0,0.0172975302664762,0.0233476211722744,0.0188157571417756,0.0116166139463757,0.00129655375534709,0,0.00276585197129189,0.00697674749477933,0,0.00373694121030225,0.0273960697767041,0.0261191088957225,0.0175109622449059,0,0,0.0148602544127671,0.00546403893162448,0,0.00489680959135677,0,0.0138653545508801,0.013047145495549,0.0302236155278561,0.000212112863607879,0.0127570491379321,0,0.0181420233413324,0.0495013208638762,0.00880998469430784,0.00265370041090276,0,0.00527852760414245,0,0,0,0.00936347708193987,0.00313256731150471,0,0.0159915129254055,0.0172954550891149,0.021307242870712,0,0.00429890759361175,0.00378616346390247,0.00394191739408077,0,0.00708531607677401,0.00539295421995325,0.0166036054116568,0.0689322559127958,0.0466371350189657,0.0181010826862753,0,0
0.00341462540576264,0,0.01656959105331,0.00546814963801936,0.0214188896113923,0.00912057270898077,0.00416196928893747,0.0127080027530689,0,0.0234100160477569,0,0.012860634081118,0.0190114860850678,0.0168640450915717,0.0183175498688651,0,0,0.0127400898444721,0.0148977557463391,0.0138577995811156,0.00579748534008734,0.0199945099701882,0.00334660284624543,0,0.00722956328668723,0.0257113035652815,0.0118679777207943,0.00115877386119154,0.0194843603416979,0.0151389991448799,0.00536790180460713,0.00657296494895117,0.0075685197186299,0.00266261844349823,0.00227105648948186,0.0377683431695453,0.0151751465988376,0.0258001258553577,0.0240764920893784,0,0.031237526427398,0.00948430785044035,0,0.0349172688702247,0.00301547730181218,0,0,0.0312862713001317,0.0331727012495172,0.0295768577263179,0.0290366146301624,0.0127995112069712,0,0,0.032337829393799,0.00707771220125124,0.00796430232812272,0.0198119704454347,0,0.0229184628737829,0.00935961924833568,0,0,0.0103589681596139,0.0202052701179384,0.0024812852190541,0,0.00493989487176426,0.00864301809532648,0.0289265436385108,0.00247481087853137,0.0130310275277984,0.0134455092785739,0,0.00155641815779471,0.0140516375543424,0,0.00816983665963593,0.0308956938739395,0.00215703360282498,0.0299412850993521,0.0140913433422559,0.0108346144880775,0,0.00887543850107895,0.00427278119583761,0.00178621323087436,0.0243943977234767,0,0,0.028839398401071,0.0368312383719262,0.00594436487957313,0,0.00577788772265717,0.021247886676834,0.00387400748196021,0.0173435405606348,0.00881595025306694,0.0148008040604181,0,0.0137640773418372,0.000435534376516733,0.0171965159456797,0,0.0113779843548011,0.0102295857674742,0.0103348414478466,0.0149138048932483,0,0
0,0.0338543928588039,0.00182688213873944,0.00430190041283003,0.00143305913803675,0,0.00503386338605494,0,0.0284392085540143,0.0132795577769173,0.012860634081118,0,0,0,0.0050731230976642,0,0.00423904962289734,0.0348999932866398,0.0115267321996791,0,0,0,0,0,0,0,0,0,0.0170761356581851,0,0,0,0,0.00608914507791146,0,0.0110901363779153,0.0261358860058566,0,0.0165024572205356,0.0175837830627492,0.0272537256415009,0.0191917792636001,0.0127765939607387,0.0635188422888778,0.0163619688545146,0.00354716075682766,0,0.00181186100443447,0.0379101184337157,0.0202198027052776,0.0195608634946035,0,0,0,0.0023211985443904,0.0133078687937765,0,0,0.032036902113565,0,0.00837423546832207,0,0.014375408781226,0.00510600046153958,0,0.00608682477743385,0,0.041883917343133,0,0,0,0,0.0204269623241741,0.00205761830604126,0.0110887776245841,0.0116737867586262,0,0.00686005724360576,0,0.00776865402401306,0.0141368671473531,0,0.00292314797543497,0.00273108036865225,0.027332648427909,0,0,0.0048443160156646,0.0290335662071237,0.00751601458252349,0.00572784977298872,0.00956210326184254,0,0,0,0,0,0,0.00441262637841351,0,0,0.00366426039782554,0,0,0,0,0,0,0,0,0
0,0.0208308338610539,0,0,0.00282838077013767,0.00260647613735476,0,0,0.0167173965251074,0,0.0190114860850678,0,0,0,0,0,0.00481990164753522,0.0399620059541085,0.025294861341112,0,0,0,0,0,0,0,0,0,0.00449573347914331,0,0,0,0,0.00597144765770351,0,0.00187982255733862,0.0019419820118057,0,0.0110057286682237,0.0181304284911319,0.0200554370348154,0.0248667105264938,0,0.0431084414583075,0.00745109433813625,0.00502956290245227,0,0.00313617432665066,0.0204115228330555,0.0173620079718563,0.00165104532977647,0,0,0,0.00141026057466615,0.018130842059795,0,0,0.0294294030518001,0,0.00641685521881502,0,0.00323322262267213,0.00775974863405891,0,0.00652379110053517,0.00900032196804203,0.0513481024756396,0.000602199458986981,0.00205019411489762,0,0,0.0227893356829169,0,0.0108089012679805,0,0,0.0032691304272839,0,0.00599686476027234,0.00262788836382354,0,0.00395169617706802,0.00433240460702091,0.023603915424675,0.00410325472011226,0,0,0.0187989981071804,0.00229404575280589,0.00157707490213138,0,0,0.00458749583160283,0,0,0,0,0.0113177433182379,0,0,0,0,0,0,0,0,0,0,0,0
0.0131132950722408,0.0140828462813319,0.0152909298313021,0.0166382278822406,0.00208347811632723,0,0.00951994969231573,0,0.00964748532515854,0.019455218864734,0.0168640450915717,0,0,0,0.00462706750798952,0.00409952200252586,0.00544076178672544,0.02953484909139,0,0.00170210985471672,0.0148606585579468,0.0139828061225135,0,0,0,0.0239430769372464,0.00403937604876975,0.000332990309289852,0,0.0104354228716895,0,0.00322124898765674,0.00212746312700074,0,0,0,0,0.0040532064001822,0,0.023170505176884,0.00347148792103214,0.0114224456329086,0,0.00704011058709874,0.00646013150355428,0.00701400038797775,0,0.00548859425195426,0.00982475521441906,0.00390357445012085,0,0.00540192167512385,0,0,0.0058266377352184,0,0.00306791863729626,0,0.0109969373452254,0.00280479263786365,0.00307280650535556,0,0,0.00480621758034472,0,0.00441639343996091,0,0.0257059616518743,0.00179773085461023,0.00529325190564108,0.0111520924624085,0,0.000838224892519472,0,0,0,0,0.00121626152229767,0,0.0238991292235675,0,0.00265818563577248,0.00302689963477064,0.0175764130609303,0.0432517292381561,0,0,0,0.00669320339789901,0,0.00238170606980602,0.00504731266976636,0,0.0110727295350864,0,0.000399958566933585,0,0,0,0,0.0111779081125007,0,0,0.00815522983225212,0.00417797688072358,0.0020634761951099,0.0323095008613409,0.0180231692326657,0,0.000110305757751166,0
0.00202877631485244,0.0159615997540966,0.0176089439378039,0.019897241287843,0.00814205416617938,0.0055560951231075,0.0032072192910824,0,0.0116622824424407,0.0242004517167228,0.0183175498688651,0.0050731230976642,0,0.00462706750798952,0,0.00623113913948951,0.0120378092617669,0.0348642572193529,0,0,0,0.00370173317747227,0,0,0,0.0208457249998858,0,0,0,0.0257426742768197,0,0,0.00187865477128189,0,0,0,0,0.00367593114048056,0,0.02565672117013,0.00865473677053896,0.0169813719956165,0,0.0125498842381842,0.00536673912989917,0.00859907399515991,0,0.0107349203250642,0.00903845001784494,0.00724653634376398,0,0.00900392447986816,0,0,0.0109259652438109,0,0.000689100887105695,5.69056597214228e-05,0.0128860759096185,0.0112145949133988,0.00305100471892024,0,0,0.00365751268340127,0,0.00782411397301872,0,0.0271756000181571,0.0115304094574577,0.00198724306918172,0.00902753014473416,0,0.00731826120657575,0,0.00529436092594549,0.000303846212114676,0,0.00769264272515253,0.00108729542053666,0.0245306262633605,0.00183736977726903,0.00774034780918708,0,0.0213245911389302,0.0425851982738117,0.0023393476009463,0,0,0.0109092328019583,0,0,0.00241961001745722,0,0.00857790485775444,0,0.00481990995562104,0,0.00595219262480561,0,0,0.010591311277755,0,0,0.0118893003942486,0.00633554737851159,0.00475534344631164,0.0369461140977215,0.0153551429049949,0,0.00280434693527241,0
0,0.0115367717102251,0,0,0.000228453141721208,0.000263912871189787,0,0,0.0124290494541152,0.0183950753676982,0,0,0,0.00409952200252586,0.00623113913948951,0,0.0114392116069157,0.0153763668822759,0.00310911439117068,0.0023773611714082,0,0,0,0.00520143310362422,0,0,0.00379797494444961,0.0188419238321653,0.0176845182414577,0,0,0,0,0.00629626638823599,0,0.0117629155648877,0,0,0.00137759157611231,0,0.000933003502498499,0.00495867146269963,0.00435853784445919,0.0189549622559901,0,0,0.00242195674578158,0,0.00672286499809301,0.0070578570312802,0.00342028879232153,0,0,0,0.00584838341841492,0,0,0,0.0248622272110964,0,0,0,0.0236470248090553,0,0.00916898871212562,0.0136168138206713,0,0.0114957790885905,0.00228493969926378,0,0.015843474327015,0,0.009596719280845,0,0.0311918248327874,0.00579996263679432,0.0338771188251916,0,0.00281750295767441,0.01423081809218,0.00773007126030158,0.00981212770750393,0.0180029326636063,0.0352806563254046,0.0236513166772966,0,0,0,0.025449161455334,0,0,0,0,0.011965014417075,0.00948040045132947,0,0,0,0,0,0,0,0,0.00186187012153786,0,0,0,0,0,0.000490408899735807,0
0.0204533605727256,0.0266598526594323,0,0,0,0,0,0,0.017646274876056,0.0104432240922708,0,0.00423904962289734,0.00481990164753522,0.00544076178672544,0.0120378092617669,0.0114392116069157,0,0.00866286544506348,0,0,0,0,0,0.0216889621982566,0,0.00829002252587743,0.00448752409794637,0.00196163475036414,0.0198683724413672,0,0.00176002933947187,0.0114330551145493,0.00343177324028851,0,0.00655658248810715,0.0115364172396797,0.0058446641159128,0.00546406258918538,0.00507709599128382,0,0.00800191340329935,0.0435693978471546,0,0.0230973166645757,0,0,0.00563424029577625,0.0100711149117414,0.00226660030240765,0.0102679849882128,0.00647559566131747,0,0,0,0.0145763568841706,0,0,0.0244263202186321,0.0161877856099771,0.00548212797054463,0.00398307011155749,0,0.0170297246585663,0,0,0.0152699645356345,0.000521290433752273,0.032042878831911,0.0138864522570494,0.0156757797619887,0.00587401914960651,0.0115929857458341,0,0.00196918102424882,0.0183945313005661,0,0.0100364532679516,0,0.0148271160896877,0.0218390253221619,0.0172254539162831,0.00102206497194548,0.0203327809851742,0.00671338181968743,0.0302236795847995,0,0,0.0184933852269862,0.0109815013818076,0,0.0267359148974046,0.0249815863723384,0,0,0,0.00769514927891455,0.0226600272889666,0.00845423718549843,0.00319461354840457,0.0178674002714823,0,0.00648999874338729,0.0157154337448757,0.0206322560927603,0.00547938510005228,0.0338624306618409,0.0317276149943777,0.0274723953449762,0,0,0.0129676397015618
0.00991850538746777,0.0296250713181889,0.028148377473001,0.0112632808722249,0.0350815936928605,0.0299886925825276,0.0365875783304985,0.0222769136203688,0.0191879414465052,0.0430081932665173,0.0127400898444721,0.0348999932866398,0.0399620059541085,0.02953484909139,0.0348642572193529,0.0153763668822759,0.00866286544506348,0,0.0298503023971368,0.0196349711771322,0.0052804141460725,0.0370406975026173,0.0510275235167461,0.0111699142278113,0,0.0053043957741338,0.0164960559809676,0.0220222321316916,0.0443968047235468,0.0233217721227697,0.00955707270997522,0.0298077694984194,0,0,0.00484422186402917,0.0473880194270227,0.0563264806428298,0.0595492046427593,0.0361278041722448,0,0.0128048950668351,0.0244281017373579,0.0326151315274788,0.0588701941889642,0.0100448813663385,0,0.0440058825031156,0.0209267283431198,0.00195985039159618,0.0138424749570705,0.0376626441155287,0,0.0123830459275636,0.034322785720297,0.0300118710398111,0,0,0.0264764324872881,0.00858683726601805,0.0219326897352068,0.0413967651803497,0,0.0327632579054587,0.00545805430554159,0.0227292353587436,0.0259627021007472,0.0329940064017153,0.010987627775134,0.0210791465885698,0.0358839652205773,0.0110399735520973,0.0366632006408364,0.0195861369945739,0,0.0294046755554598,0.0418449929819847,0.0196711321328209,0.0362960895048032,0.0386952856684017,0.0187891361487562,0.0569028407905823,0.0416441296886017,0.00928279554831036,0.00450938284978165,0.0344147719538466,0.0304802600967034,0.0337124046636887,0.0275853216018655,0.0454594352692739,0.0299591558496933,0.0234088079977068,0.0346186680494777,0.0317605121605537,0.000648361454367547,0.00310452403821362,0.0313885692980245,0.0129846714401428,0.0400877841050501,0.0316654461325093,0.0414470964545066,0,0.0411140411685235,0.0405560964945148,0.0158418350418725,0.0377649109473697,0.0123052248839326,0.018628688854635,0.0148398094001893,0.0289257539003621,0.0197237613639446,0.0307112288813668
0.00920205693541403,0.0335860945150963,0,0,0,0.00301335457540033,0,0,0.0285021564771129,0.00164589996250317,0.0148977557463391,0.0115267321996791,0.025294861341112,0,0,0.00310911439117068,0,0.0298503023971368,0,0,0,0,0,0.0089415129457375,0,0,0,0,0.00519761004327601,0,0,0,0,0.00636751487730121,0.000238391265435711,0.00596947786893056,0,0,0,0.00333506751971124,0.0129609488732099,0.0788048915001939,0,0.0314938050984357,0.00553679135594399,0,0,0,0.0325866058863366,0.00569729077398789,0,0,0,0,0,0.0104357676453523,0,0.0101517170831914,0.0382290238439452,0,0.0164767987044564,0,0.0163648705210086,0,0,0.00970155293159841,0.00929994217764788,0.0533899321312026,0.0360015240545008,0.0192125948822581,0.0035572461497437,0.0108592997368332,0,0.00817887539235125,0.0106152854211556,0,0.00223941957333405,0.0211587775831707,0,0.0231520876758052,0.00486651516327621,0,0.00937548420398638,0.0080715078507244,0.0310943769304952,0.00955492375460492,0,0,0.0129921342428302,0,0.00560167800729103,0.000407181020383366,0.0269680836007036,0,0,0,0.0219991993654266,0.0137335128126988,0.0177488757007122,0.0252265129872026,0,0.00640805455674829,0,0,0,0.0191356166484135,0.0270229078904288,0.0180515780148049,0,0,0
0.00356827980461034,0.00963535001083343,0.0110199531873786,0.0167642455767428,0,0,0.0105566053913852,0,0.00577302742486531,0.0151102825141016,0.0138577995811156,0,0,0.00170210985471672,0,0.0023773611714082,0,0.0196349711771322,0,0,0.0270377837550065,0.0247120447083003,0,0.00163337812504292,0.0016843227198209,0.0251099107091767,0.00902943447315489,0.000506992143014104,0,0.0118559830087473,0,0.0027595861056725,0.00445876633924394,0,0,0,0,0.0025259314592251,0,0.0229136202531574,0,0.00256756356736129,0,0.00291241949525484,0.00439368099678444,0,0,0.00106894072584902,0.0119699974706517,0,0,0.014613010857914,0.00400912068445406,0,0.00333237068961534,0,0.00929737923372758,0,0.00531070173850778,0.00192209476228692,0,0,0,0,0,0.00267277532355451,0,0.0148700799011252,0,0.00175735806906844,0.0183520522806217,0,0,0,0,0,0,0,0,0.0232418550430898,0,0.00220788655858068,0.00687803301484363,0.0144889544788016,0.0358808517772724,0,0,0.000661845657869312,0.00343422880620885,0,0.00513170835053273,0.0100354262886188,0,0.00914206371023743,0,0,0,0,0,0,0.0105175707206101,0,0,0.00763582299062356,0.00369035537945781,0,0.0176905220154748,0.00596105929091219,0,0.0048824216946973,0
0,0.00687608134822069,0.0107461446269452,0.0203432577187086,0,0,0,0.00891712292092531,0.005541836827925,0.017516989485096,0.00579748534008734,0,0,0.0148606585579468,0,0,0,0.0052804141460725,0,0.0270377837550065,0,0.0234963212020728,0,0.0370197120207026,0.0045599422238844,0.0181612722943513,0.021143906635379,0.00421404161467413,0.000238699208831203,0.0302559978174856,0.0305804182309524,0.00952101768673977,0.00949835688043236,0.0247364359148694,0,0.000739157250163077,0,0.00175073725547492,0,0.0273418770881462,0,0,0,0.00220408738866546,0,0,0.02064507724602,0.000474598930996332,0.0258017735411146,0,0,0.0494243654266643,0.0125453767918564,0,0.007746432600069,0,0.0474669348782838,0,0,0.00822036495076903,0,0,0,0,0.0223943971164491,0.00106788662666116,0,0,0,0,0.0279532367769113,0,0,0,0,0,0,0,0,0.0197313688713453,0,0.00345584352693043,0.00776743593245243,0.0129602157123539,0.0184668140246035,0,0,0,0.00497406338913672,0,0,0.00265081505045251,0,0.00326878402000459,0,0,0,0,0,0,0.000182020005446283,0,0,0.00505467654885506,0,0,0,0,0,0.0121864407758012,0
0,0,0.0094196566141869,0.00145419664254143,0,0,0.0617495375174989,0.00857558126959774,0,0.0102074008945927,0.0199945099701882,0,0,0.0139828061225135,0.00370173317747227,0,0,0.0370406975026173,0,0.0247120447083003,0.0234963212020728,0,0.000340525150881367,0,0.0192071777819606,0.00620211071005622,0,0,0,0,0.0238518182057926,0.0206964697748175,0,0.0018476584889179,0,0.0193854430540683,0,0.0335233576822687,0,0.00966385721260197,0,0,0,0,0.0468412517298965,0.0264678225206612,0,0,0,0,0,0,0,0,0,0.0150339705574943,0,0,0.00573843914665049,0,0.0174474976089542,0,0,0.0136303079429293,0,0.00137553390011562,0,0.014570301771073,0,0,0,0,0,0,0,0,0,0.00130194581393116,0,0.00230081857305019,0,0,0.00495710039123867,0.00590135730743117,0.00860434648811516,0,0,0.00697163764827874,0,0,0.0116203006108017,0.0216922577460245,0,0.0113046288410646,0.0152274636253302,0,0,0,0.00627625238802725,0,0,0,0.00473183004772533,0,0,0,0,0,0,0,0
0.00267296638242333,0.0330169456967748,0,0,0,0,0,0,0.0161412335944886,0,0.00334660284624543,0,0,0,0,0,0,0.0510275235167461,0,0,0,0.000340525150881367,0,0,0,0,0.0126203235273296,0.00480749751644271,0.0320133488087986,0,0,0,0,0,0,0.013312223285273,0.015153876874974,0,0,0,0,0.0190810046475174,0.00273897684976867,0.0398870901706652,0.00803422828630448,0.0073474460947663,0.00297385259617049,0,0.0106763496527201,0,0,0,0,0.00466899904297847,0,0.00563824273729476,0,0,0.0270153065607616,0,0.00564668508802081,0,0.0161434624539008,0.00399461162219873,0,0.0124577953245625,0,0.0261469189655364,0.00234316784464076,0,0,0.00258022531589718,0,0,0.00500413367057392,0,0,0,0,0.00425426881801218,0.00723501188027364,0,0.0110693694298039,0.00416604316570622,0.0158159193775586,0,0,0.0019237883969277,0.0193326737969391,0,0.0251357572888853,0.0138469990119483,0,0,0,0,0.00689634085027994,0,0,0.00440845880769984,0,0,0.0215416537089851,0.0149900032569314,0.00440148392034856,0,0.00771383968686301,0.00193041927300713,0,0.0106231608776251,0.00532574486876265
0.039100311713497,0.00771106560815307,0.000358772429288902,0.00927580697199154,0.0024252995839261,0.0220028495228123,0,0.00289682534401723,0,0.0104017344554185,0,0,0,0,0,0.00520143310362422,0.0216889621982566,0.0111699142278113,0.0089415129457375,0.00163337812504292,0.0370197120207026,0,0,0,0.0136650831851874,0.0388339843457984,0.0444484146802465,0.0371638348075916,0.0083345713115536,0.00164184617035101,0,0,0.0436024203586685,0,0,0,0,0,0,0.0251803897650996,0.00114216094671981,0,0,0,0,0,0.0101322514353468,0,0.00773698861446585,0.00169816437199658,0,0.0240532247651554,0.00101234118613685,0,0,0,0.0138114893111492,0.000461848896927624,0,0,0,0.00240949499644326,0,0,0.00293590512981067,0,0,0,0,0,0.0280734285446281,0,0,0.0134928820295245,0.0017259638025012,0,0,0,0,0.0137586630215222,0,0,0,0.0423513182841266,0.0189801513864556,0,0,0,0.0172059832991382,0,0,0,0.0077244881039003,0.0129952462446691,0,0,0.0287302926349394,0,0,0,0,0,0.0137010021267134,0,0.00742763941885725,0.00556135806930177,0.0365394305228831,0.0347359340733428,0.00322363929393359,0.0092944688684557,0
0,0.00760376364585214,0.00220631787084911,0.0212092004149178,0,0,0,0,0.00636103015758556,0.00189820830602845,0.00722956328668723,0,0,0,0,0,0,0,0,0.0016843227198209,0.0045599422238844,0.0192071777819606,0,0.0136650831851874,0,0.00500543398838768,0.0357416205408017,0.025217562044731,0.00213449096368347,0.00365651785160604,0.00323714656364854,0,0.00344983129673405,0.0256150602930775,0.00296534278300761,0,0,0,0,0.0157311386994039,0,0,0.00679739884687035,0,0,0,0.0093135048397778,0,0.0320549050567313,0,0,0.0417082645822599,0.0221133877190495,0,0,0,0.0389997506247339,0,0,0,0,0,0.00762541701476821,0,0.00763333337859816,0,0,0,0,0,0.0226620772128429,0,0,0,0,0,0,0,0,0.00808204976377496,0,0,0.0180083108807436,0.0103208974525226,0.00299924605685129,0,0,0,0.00191010889604003,0,0,0,0,0.00487901313236537,0,0,0,0,0,0,0.00988587874824599,0,0,0,0,0,0,0,0,0.00901691776579875,0
0.00991577853344375,0,0.0152573862785429,0.0207404544413191,0.00261789162275621,0,0,0.0180807121757259,0.010208390528532,0.0224003845675647,0.0257113035652815,0,0,0.0239430769372464,0.0208457249998858,0,0.00829002252587743,0.0053043957741338,0,0.0251099107091767,0.0181612722943513,0.00620211071005622,0,0.0388339843457984,0.00500543398838768,0,0.0199672033167211,0.00814101203476011,0,0.0283965778881951,0.0304960038379191,0.00480582105857984,0.00812519001055528,0.0412015749662253,0.0126408325325159,0,0,0.00578676336922264,0,0.0214364247986284,0,0,0,0,0,0,0.0135127415357126,0,0.0293804409225827,0,0,0.0486117758922055,0.00548719624754507,0,0.00309002698846777,0,0.0174221311032953,0,0.00440156775020905,0.00417070391155757,0,0,0.00761747669841851,0,0.00958612620812859,0,0,0.00147657988248585,0.00882928414065687,0,0.0155339004829927,0,0,0,0,0,0,0,0,0.00972897181966876,0,0.0013630765962069,0,0.0130146880320591,0.0106874440401266,0,0,0,0,0,0,0,0,0,0,0,0,0,0,0,0,0,0,0,0,0,0,0.00222149019561274,0,0.0106623590535606,0.00131248858243055
0.0275180679523703,0.034496329099468,0,0.00530358876531548,0.00144666666297635,0,0.0216386000363814,0.00720291481396787,0.0387988980773938,0,0.0118679777207943,0,0,0.00403937604876975,0,0.00379797494444961,0.00448752409794637,0.0164960559809676,0,0.00902943447315489,0.021143906635379,0,0.0126203235273296,0.0444484146802465,0.0357416205408017,0.0199672033167211,0,0.0145704046122274,0.0254390017486866,0.0131413364437041,0.0728938212342738,0.0632731623779791,0.0156975204857544,0.0188562440887815,0,0.0166851530225048,0.00858286158330737,0.0641147370066664,0,0,0,0,0.0281011801852225,0.0127483256736857,0.000275881283429068,0.00833842516860955,0.0466402892535722,0.00323596668643039,0.0332212527556135,0.0123214759744024,0,0.0175753304746429,3.37120175779718e-05,0,0,0.0141635637948819,0.0237943065502207,0,0.0324349560923672,0.00126026501494602,0,0.00779409203607535,0.0457992702902974,0,0.0117901458286323,0.0179750401328904,0,0.00671042607424527,0,0,0.0096330369611665,0,0.00938207243317284,0.0272058815147486,0.0106540125688207,0,0.0247433232658712,0,0,0.017190845993913,0,0,0.0139057219638648,0,0.0162936232698749,0,0,0,0.0133114552501874,0,0.0154956092220029,0,0,0.00476070584359814,0.0349945720658581,0,0,0,0,0,0,0,0.0416886755901764,0.0215845429985603,0.00404460376232065,0,0.00657549889085121,0.00784602948271839,0,0.0341239609703692,0.0633657721150281
0.0323161650607403,0.0253312795685744,0,0,0,0,0.0135886221744756,0.00244932903777527,0.0292569736663657,0,0.00115877386119154,0,0,0.000332990309289852,0,0.0188419238321653,0.00196163475036414,0.0220222321316916,0,0.000506992143014104,0.00421404161467413,0,0.00480749751644271,0.0371638348075916,0.025217562044731,0.00814101203476011,0.0145704046122274,0,0.00987740268218432,0.0170049168855567,0.0508427444595048,0.053885728363239,0.0234979469511101,0.0226592342410211,0.00748675062534927,0.0180015544212402,0.000513890105413541,0.0504501025697107,0,0,0,0.00787463417810988,0.00474495886688679,0.00453813366545577,0.00398187666953082,0.0080725651947329,0.0205969607632428,0,0.0311601096238938,0.000420887655019033,0,0.00386478874348183,0,0,0,0.00431344840406388,0.00854291315211148,0,0.0258978165598314,0,0,0,0.026949031292869,0,0.00775228062530173,0.0194290360361719,0,0.0317152165878503,0.00478300955393952,0,0.00678341668156515,0,0.00600100174924094,0.0300337511047412,0.0104891572633226,0,0.0324360680227403,0,0,0.016502458719973,0,0.00424556180581896,0.0272670057251298,0.0139357170518228,0.0147188344770364,0,0,0,0.00711198035877735,0,0.0347399725606087,0.00331702914183237,0,0,0.0229588113137804,0,0.0164666271856081,0,0,0,0,0,0.0345470258245716,0.0165287611772899,0,0,0.0144331581199125,0.0168240039872169,0,0.017302858008828,0.0463044565558065
0,0.0114145708703785,0,0.0100720466253549,0.0101332716816257,0.00766461382576312,0.0405085881974171,0,0.0127246716282857,0,0.0194843603416979,0.0170761356581851,0.00449573347914331,0,0,0.0176845182414577,0.0198683724413672,0.0443968047235468,0.00519761004327601,0,0.000238699208831203,0,0.0320133488087986,0.0083345713115536,0.00213449096368347,0,0.0254390017486866,0.00987740268218432,0,0.00189926759542442,0.0332572391830654,0.0275843524787439,0.0044224970763351,0.0194261439342191,0.00738304564941303,0.0494664467756176,0.0198856987206695,0.0718067602574662,0,0.000136990387265627,0,0.00921710283705773,0.0276615376272085,0.0105319549960983,0.0244455879313606,0.00521307575943062,0.0972549072274283,0,0.0204046371971484,0,0,0.0572166831377748,0.00130648839529073,0.0350694448142964,0,0.0234102775147351,0.0280707900158019,0,0.00206209178629566,0,0.0209498869170109,0,0.032847100458215,0.00183977951172426,0,0,0.0261857314290333,0.00152259699940874,0.00431070440562084,0.00776356005608409,0.0096700621361188,0.0127431441048677,0.0102432192573997,0.0127494564012014,0,0.000947340086087443,0.00926796788990703,0.00892253583183397,0,0,0.00172141714303206,0.00860591399536197,0.00348381353235684,0.00558890669914246,0,0.0136744924547192,0.00880450722502891,0,0,0.0185946301234021,0.00764064307476009,0.00312983620724281,0.0110079521772995,0.00920847951421529,0.00374862600673273,0,0.00955415840549029,0.000927269714607668,0.0102646583435691,0.0077675817401413,0,0.00538722861174016,0.0216489511242698,0,0.014016159132295,0,0,0,0,0,0.0149221862088768
0.0178110138790293,0.0192026471493467,0,0,0,0,0.0353401541243306,0.00449340712247917,0.0182496842248523,0.0287633980732456,0.0151389991448799,0,0,0.0104354228716895,0.0257426742768197,0,0,0.0233217721227697,0,0.0118559830087473,0.0302559978174856,0,0,0.00164184617035101,0.00365651785160604,0.0283965778881951,0.0131413364437041,0.0170049168855567,0.00189926759542442,0,0,0,0,0.0108203573424919,0,0.000510085390004728,0,0,0,0.0254425710143932,0.0146827433141864,0.00544940341510284,0,0.00241389674560822,0.0211852742668406,0.0012114647411201,0,0,0.0218291474510605,0.016135781128436,0,0,0,0,0,0.0313236737456495,0,0,0.0220588805037494,0,0.0147425582502887,0.00394636132095672,0,0.0211906836167311,0,0.00835525633739449,0,0.0509352143715198,0,0.0122247900428362,0.0191212241128127,0,0,0.00889524108455015,0.0124765875400232,0,0.00493256340939157,0,0,0.0227346519227908,0,0,0.00938839665779032,0.000948885580147079,0.0361066848641479,0,0,0,0.00529663246014159,0,0,0,0,0.0263904098136972,0.033365885485809,0,0,0,0.00223227859271447,0,0.0179421858284409,0,0,0,0,0,0.0206369285076048,0.0203358425579004,0,0,0
0.00205572301966015,0.0141977646679002,0.00312838013119756,0.0193122222099525,0,0.00143650873729095,0.00340732966238474,0,0,0.000657388146191382,0.00536790180460713,0,0,0,0,0,0.00176002933947187,0.00955707270997522,0,0,0.0305804182309524,0.0238518182057926,0,0,0.00323714656364854,0.0304960038379191,0.0728938212342738,0.0508427444595048,0.0332572391830654,0,0,0,0.0149261130598793,0,0,0,0,0,0,0.0167648260108495,0,0,0.000297973501393945,0,0,0.00378318127427841,0.0110575686230387,0,0.0187588335703061,0,0,0.0525577922814021,0.00873135252428277,0,0,0,0.0359197656621202,0,0,0,0,0,0.00214283106356884,0,0,0,0,0,0,0,0.0195916458354454,0,0,0,0,0,0,0,0,0,0,0,0.0100934498770179,0.00845363195072071,0,0,0,0,9.81759165848139e-06,0,0,0,0,0.0157002367441665,0,0,0,0,0,0,0.00546018746680794,0,0.0202304690196728,0,0.00806097448405484,0,0,0,0,0.0287840658164649,0.00973572953482937
0,0.0145598677983199,0.00677220484678798,0.0188855254252756,0,0.00995729766890601,0.00551094296757146,0.00433564937559427,0,6.91834126985815e-05,0.00657296494895117,0,0,0.00322124898765674,0,0,0.0114330551145493,0.0298077694984194,0,0.0027595861056725,0.00952101768673977,0.0206964697748175,0,0,0,0.00480582105857984,0.0632731623779791,0.053885728363239,0.0275843524787439,0,0,0,0.00645711052821901,0.00896478356758556,0.00300596555819919,0,0,0,0,0.0150114947867424,0,0,0.007268855246158,0,0.01107241544323,0.0234993273777304,0.0293341963590833,0,0.0176588910527311,0,0,0.0601052245641136,0.0103999806863467,0,0,0,0.0380030863764411,0,0,0,0,0,0.00347230310572842,0,0,0,0,0,0,0,0.0131383580751109,0,0,0,0,0,0,0,0,0,0,0,0.0192966297373139,0.0254721926678358,0,0,0,0,0,0,8.26901306871808e-05,0,9.84935713393706e-05,0.00916256511155412,0,0,0.00383493712134439,0,0,0,0,0,0.0216636582128727,0.000516978312850737,0.00664691929288546,0,0,0,0,0.0290881795731419,0
