0,0.0440277769630509,0.0215361744495799,0.0174162489261576,0.0064150006938619,0.0440671541594627,0.0192284978554706,0.040821276930464,0.0407640374357065,0.0976016524360811,0.0407431943667505,0.0218087347647829,0.0423222779444461,0.0278778517821386,0.0333279444485635,0.0545450623807301,0.0202124411143281,0.0548432775243717,0.0744692087778132,0.0222900913546247,0.0226687289119884,0.0289472189794818,0.0735538986701137,0.0337044630660372,0.0428411600899479,0.0627894012881722,0.0654729730939639,0.0523031310150363,0.0277906708238917,0.0422318154858952,0.0631312283957331,0.0636258434930305,0.038247875614563,0.0156070873935986,0.0520638581956255,0.0637851794871181,0.0248902165171627,0.036032544866734,0.0670913946865657,0.0862302539345661,0.0213299903167361,0.0250335436093374,0.0460502919362657,0.0761363577217071,0.087695127278283,0.0175700681977385,0.0404695309903174,0.0427324997517012,0.0300099143204022,0.0275529353756056,0.049087942547283,0.0321815517412328,0.0603245434467973,0.0265602606573624,0.0593362214017537,0.0478288397611218,0.0385809070804214,0.0455105506385311,0.043537428069957,0.0512793241450537,0.0360818952190541,0.0464863185662946,0.019276459364404,0.045642544529734,0.00929662963404859,0.0435505023907586,0.0212129599647302,0.0638839086122689,0.0600673103962863,0.0692396606404101,0.0438732805314317,0.0989761263345321,0.053788828934463,0.0744226794274487,0.0276038438040065,0.0692278334932502,0.0704211592109052,0.0503060190226166,0.028426871571357,0.0269144843920091,0.0751047152662549,0.0271898928915429,0.0437616909474653,0.069359817081174,0.0176467757223964,0.0298471111582994,0.0417416797131223,0.0221554123199653,0.0123327497511214,0.022601157022962,0.0380976700251082,0.051437790505032,0.0526290760175429,0.0629050361539192,0.0838354180529142,0.0423222011827613,0.0328520807607592,0.0604098122493312,0.019222600477742,0.119145627949647,0.0589231707843226,0.0436501383795932,0.0968177563644005,0.0315783900863042,0.0684865283896027,0.0419464363790715,0.0444906483008191,0.0258198781259632,0.0253728023935529,0.0293695930847875,0.0502104940969441
0.0440277769630509,0,0.0397134853625404,0.023210351897494,0.0273107152444034,0.0412969569102656,0.0289484071976511,0.0389330473404923,0.0277440655823483,0.0666402240666559,0.0405431553828161,0.0359510311350707,0.0403467677419739,0.0392994744009672,0.0349433424163775,0.0463361966724933,0.0377511405060167,0.0428751058458708,0.0387304407866831,0.0348906179370861,0.0301652159078523,0.047718409065141,0.0498667840954855,0.02214096512976,0.0198133113695483,0.0401137695894682,0.0530487953190318,0.0397157100484387,0.0398875602747283,0.0215569022322835,0.0436435781627426,0.0400453155621634,0.028023386159623,0.0365508931220198,0.0435264671507619,0.0256837154693582,0.0255507725519572,0.0330066703334528,0.0565549774002315,0.0443012046794451,0.0173162812631064,0.0329487536410673,0.0224424480394556,0.0463593238243993,0.0572795310771007,0.0149644700521938,0.03402128448037,0.0320334773401271,0.0328411774599999,0.0262541863269445,0.0233322664151503,0.0239455138849129,0.0226844234545411,0.0297525462652437,0.0398971260667855,0.0213285919550833,0.0220675452436811,0.0234579409196255,0.0469014105828181,0.0118289632488505,0.0268946248679628,0.0225158104300197,0.0340394432337071,0.0300687567046175,0.0210732472417598,0.0267012072541848,0.0201881098964942,0.0252185862305388,0.0212222033556903,0.0321223218650251,0.0214817025608224,0.0271870664741137,0.0166042040584249,0.0365699090353772,0.0339948390223083,0.0536406577778913,0.0259196448923509,0.0436525920353285,0.0339888168838373,0.0354601671883321,0.0483404071791968,0.0203477373920929,0.0342403303179792,0.042515819577921,0.0268598027282199,0.0211046108299598,0.0251488338487852,0.0197591422464355,0.0208256145181033,0.0283749262950262,0.0373562336926646,0.0559687595094303,0.0488680573993769,0.0142927477010543,0.0405149803673262,0.0247021508731373,0.0354256808406825,0.0331271645173174,0.0304819393478973,0.0296055922313675,0.0383150414119641,0.0288566196323431,0.021585889555172,0.0358726607102655,0.0557587389829238,0.0288734631061889,0.0200276639955092,0.0121145939491219,0.025119714062501,0.0266863489595449,0.0239485188417275
0.0215361744495799,0.0397134853625404,0,0.0202563531670805,0.0192348727373492,0.0473070874515623,0.0376547369318854,0.0388701789371643,0.0369685690580011,0.0434636595875088,0.0399299249975128,0.0340491950333398,0.0265629592188377,0.0248449485695472,0.0439168351130832,0.0342149393614941,0.0141868558566832,0.0384952239950089,0.0622947525354997,0.0190885765943324,0.0433641545848098,0.0249299536974441,0.042653215495296,0.0189051256234718,0.0136664534896759,0.0281045036151329,0.0511074944342679,0.0485611364111912,0.0317372098057385,0.0227633216117365,0.0396890776214235,0.0313468890501241,0.032721946769235,0.020039820786138,0.0294662298256252,0.035325080601201,0.0293462369783239,0.0408685195114853,0.0501334077546444,0.0470781725865983,0.00995353784684616,0.0168389713124142,0.0317943121155588,0.0719509649174029,0.0650048723541547,0.0196506975186491,0.038180331130733,0.0283154224500672,0.0242720513417495,0.0296795864617721,0.0254478279604218,0.0312245983925046,0.0320357948018641,0.0208952733258296,0.0542531947338134,0.0239244743335374,0.0257031746769406,0.0243574274616032,0.0375840362673221,0.03250969026179,0.0378691690982311,0.0247908566416858,0.0184757430803509,0.0462128886279409,0.0237467827445884,0.0286234951781594,0.0137525423523737,0.033967876030132,0.0270522733862904,0.0238578248264983,0.0232988987534878,0.0227615726708898,0.0185287936582448,0.0266841330382794,0.031112460945645,0.0617008216784445,0.0424504338480401,0.0429725510154857,0.0344312859095723,0.0283437821983222,0.0587378205960258,0.0167745492695837,0.0300164019187298,0.0596448737403707,0.0143417896744947,0.0225077152499784,0.0334508315696282,0.0120309943389346,0.0126990321816736,0.0299563457332804,0.0283586018167992,0.033551183769365,0.0404090182739744,0.0466366412874493,0.0410856147772841,0.0335379917197057,0.0150848723915499,0.0374499854651411,0.0123085761387894,0.0361495961340256,0.0292360436170528,0.0346660526104526,0.0534445568553008,0.0225574108897473,0.0336519450141087,0.0367046800879017,0.0349002213661108,0.0303725018332412,0.0127656890256316,0.0171319428204656,0.0265388950753305
0.0174162489261576,0.023210351897494,0.0202563531670805,0,0.0154624859185286,0.0288119149220918,0.0100841012014216,0.0226738161831336,0.0149198426854115,0.118638792933318,0.0296917304936765,0.029668737084165,0.0686254500549773,0.0238350409489662,0.016600844340885,0.0355951414014708,0.0154757479851715,0.0404012257761035,0.0279560537469904,0.0334620276809372,0.012726668755263,0.0271143892336573,0.0323324396944033,0.0539886301706423,0.0581068604772776,0.0563955058484585,0.0396996490901852,0.0416155193253947,0.0115535818486872,0.0184283273147924,0.0372824421867942,0.0593243828322827,0.0427393830892017,0.0143910784721329,0.0500557424578943,0.025012373950135,0.0309353198669606,0.0248060549720413,0.0674471536216232,0.086970808836776,0.0319138736926642,0.0187227713254275,0.0334490920098077,0.0322570128865528,0.0697495707502109,0.0128882460678698,0.0234056941312122,0.0251848449043255,0.0290867272422345,0.0130302827857351,0.0188865302222145,0.0124465967842958,0.0369756070189596,0.0228549408739895,0.0212555880734217,0.0216039768656117,0.0176300241465317,0.0213920049515117,0.0200245556902817,0.0267864114312823,0.0106272177568571,0.0202054880432094,0.0179539065411836,0.0113445882819378,0.0163438345478798,0.0142213033748882,0.0239791856896739,0.0282763806460987,0.0305896076981628,0.0195902308845067,0.0231547250085239,0.0264287906849827,0.0317037911297249,0.0258082697946862,0.0188939481523722,0.0245710262879059,0.0220428008247055,0.0209826310349065,0.0227282745097939,0.0198651468542076,0.0219871654959306,0.0279327121553217,0.0256337161594271,0.0253863352456642,0.0160948239109914,0.0254258301002903,0.0239892714865438,0.0217121640686288,0.0157579187989457,0.0269695252912612,0.0127672561424254,0.0229314897293703,0.0228183628102113,0.030851411793205,0.0282901639553147,0.0218976738851167,0.0122000732045744,0.0203479087988311,0.0182302614599951,0.0390381405592525,0.0167542709076846,0.0146522596067562,0.0634637834796032,0.0196299661527913,0.0439432667767952,0.0113016210915535,0.0112853904552986,0.011737437098143,0.00936548665303663,0.0156992891235025,0.0193325112192519
0.0064150006938619,0.0273107152444034,0.0192348727373492,0.0154624859185286,0,0.0284084008020686,0.0198553224737839,0.029147251366846,0.0116833156728284,0.0273241383857668,0.0203500303327946,0.0440373511469983,0.0441250150640804,0.0306619473845954,0.0156914276882209,0.0391619455164042,0.0176620923199002,0.027051624673599,0.0340605352829205,0.049812762473803,0.00946650100910341,0.024554119888849,0.0280061795403675,0.0478535478043254,0.0228352234960206,0.0312126131770022,0.0370938944579147,0.0340700570542119,0.0239302193579999,0.0107618446598228,0.0247752148287984,0.0400096825634425,0.0237860944366396,0.0258094200323755,0.0375111437257842,0.0183285159576864,0.0336315218486919,0.0266527854721895,0.0586945318505792,0.0552129139011889,0.0217322210868376,0.0255385437756472,0.0323879837677793,0.047259997133794,0.0517805305423872,0.0172976135912491,0.0254742891015282,0.0210427549127528,0.0379016005216582,0.0144590276371287,0.00764070202845811,0.00970737432115898,0.0368611228880958,0.0250224751853474,0.0210138928937749,0.00869533146858189,0.00967136091821505,0.00959099838468733,0.0174500725259339,0.0204192743636696,0.0050755645888481,0.00928014906145319,0.0215754354649902,0.0240279570563308,0.0326334439448503,0.00819102781247718,0.0250249772438078,0.0227501191772143,0.0204588604961039,0.00376912642952324,0.015453824621776,0.00311952667864128,0.00608329379071614,0.0204717856165418,0.0180846938496706,0.0258322894741568,0.036589619268888,0.0159541663450554,0.0190027124928394,0.0245616255154988,0.030942747437168,0.023537593925166,0.0387987420697477,0.0136252606816932,0.027722230644097,0.0266926672051209,0.0473360316742863,0.0180542616761719,0.00936649056118563,0.0173397025363033,0.0337674418476323,0.0396463270776156,0.0457690162501743,0.02874588421456,0.00564665481774231,0.0289134272023754,0.0129103185317986,0.00750479100074082,0.0289691211002288,0.00539646007584228,0.0134346912950423,0.00707856585292078,0.027576560745749,0.00965875195353448,0.0404116414732658,0.00749706454740942,0.00725683335347274,0.0282422832325829,0.0167581258116223,0.0113495389592823,0.0084633868473407
0.0440671541594627,0.0412969569102656,0.0473070874515623,0.0288119149220918,0.0284084008020686,0,0.0789008964360618,0.0338978084731634,0.0726566332495025,0.0630939350416123,0.0742102422394677,0.0584961182929342,0.0416508397213857,0.0488299066446808,0.072040470402495,0.0647127097787479,0.0316954005305738,0.0464865654014804,0.043618721881828,0.0607119173891685,0.0695946909972975,0.0491136574568666,0.0481878488775892,0.0478017177920952,0.0221902275526031,0.0340811851865675,0.0851102686476021,0.0726843409359806,0.0781591206806066,0.0544028407861973,0.0678671794986622,0.0495679862344337,0.0494875097755054,0.0588549174419958,0.0409766024824093,0.0693383528884095,0.0362900647388602,0.0336917671946592,0.0704966272032814,0.0541958859277609,0.0204589321431479,0.0282475402786888,0.0462778509417345,0.0942222934934952,0.0904036695326526,0.0473426618064299,0.0317740422815567,0.0245642111110523,0.0373905178468635,0.069132292834916,0.0549158892773772,0.0509234625144793,0.0415766054384648,0.028705837377344,0.0443562897900157,0.0530661166084602,0.0477456946610636,0.0529708049775119,0.0320971678032138,0.0218422183989079,0.0669999511074786,0.0549362256502004,0.0413894090702837,0.109225851370965,0.0422555662198795,0.0639401711715621,0.0341814855888374,0.06762734403965,0.0514302883138974,0.0281304539003335,0.0640195052878579,0.0162611954485781,0.0456552326407545,0.0126565491450377,0.0436252893082778,0.0351719274427779,0.084771233996701,0.0462092137142623,0.0333092978598787,0.0395920365679704,0.0417049591855017,0.0327676973871304,0.0477663644209749,0.0270078904322986,0.0312020652249494,0.0313799398762475,0.0535493949399221,0.0278386270949373,0.0146629075192773,0.0235991224559359,0.0326716681331196,0.0368077330731494,0.0464529819224359,0.0323575768016646,0.0275401857391247,0.0554587265144916,0.013045815553519,0.0497046115536382,0.0321800280223111,0.0151096696343432,0.0745874302031228,0.0584834051003399,0.0316020269633198,0.0706206853959171,0.0580632538102786,0.0744973293428483,0.0652156151313923,0.0620072441957868,0.0233577856741282,0.0485733485609242,0.054999048097917
0.0192284978554706,0.0289484071976511,0.0376547369318854,0.0100841012014216,0.0198553224737839,0.0789008964360618,0,0.0516599567999757,0.0138828937626684,0.0738218065388452,0.0285730750407019,0.0251885512659507,0.0412456506661365,0.0439860363072315,0.0172098200254895,0.0657757227504707,0.0348281320361393,0.0602497384496014,0.0894614338306924,0.0337550157143396,0.0459837910755439,0.0288311753535512,0.101066511231718,0.0347880272688454,0.042631357839136,0.0722191816113008,0.0932046321248799,0.0867043986972689,0.0220971948134577,0.00686923271770122,0.10817935314694,0.0761965542349158,0.0268665388516377,0.0159418096430548,0.082161316460009,0.025531870880646,0.0220595296518073,0.039006990818145,0.0725515938881847,0.0913649479280268,0.0077173653601208,0.0290036444793586,0.0308228458314479,0.123644125292657,0.100827422995545,0.0132928241361518,0.0436713065238716,0.0503716220676768,0.0381598929484369,0.0167045848580139,0.0152364236434193,0.0289190781734865,0.0562900960216419,0.0291592413941278,0.0785619930696822,0.0172056463628714,0.015695324180745,0.00634089008793667,0.0560041843131872,0.0418399221277138,0.0611088141370266,0.00985677773981747,0.0298423586366871,0.0433257993779982,0.00923959738488304,0.0485096533358584,0.0162920806058323,0.0285183572669473,0.0305334898575839,0.105870531317304,0.0417326197395204,0.0432739614569828,0.011292905746185,0.0848009203109155,0.0574398621950341,0.10595777318928,0.0445773929823023,0.10494242805427,0.0495406988028798,0.0488303865208174,0.125849287805188,0.0231127890477438,0.0514684966047632,0.0902130205701124,0.0178212279087865,0.0227724564952293,0.028247298667849,0.0161399978839363,0.0105677931135689,0.0235342657582107,0.0651223264509439,0.0805487210976769,0.0823384515195254,0.0554560373824724,0.100598176778831,0.0315682419837819,0.0763644321562583,0.0877731225226674,0.0341179052733186,0.046601432896737,0.0147616310467276,0.0204233119851372,0.0510732187961694,0.0458908214048988,0.0836830899437371,0.0195839616568616,0.0317740279404432,0.0255988446716515,0.0156027937767614,0.0273653283245965,0.0151499434205888
0.040821276930464,0.0389330473404923,0.0388701789371643,0.0226738161831336,0.029147251366846,0.0338978084731634,0.0516599567999757,0,0.0437219453876179,0.0202289317639695,0.0406382515720724,0.0371919308564428,0.0230213120141776,0.0444228889844854,0.0584804846475141,0.0200759575724846,0.0335029253226155,0.0338895935641847,0.0312151166728239,0.0319128309816156,0.050751325338548,0.0313321680280148,0.0153785488377169,0.0182035007111773,0.0180181757028074,0.0238223060384754,0.0393811017506693,0.0384046551434205,0.0306908437969487,0.0332807132193116,0.0411541843976348,0.0234059559494579,0.0415823870777154,0.0330919980547274,0.0231491731270356,0.0473326262777635,0.0397296842035829,0.035631614896725,0.0333046471902476,0.0344816696291127,0.0208293639672693,0.0193900708035275,0.0358552134206733,0.0517030254547421,0.0433234492682609,0.0332808084162687,0.0318365659285346,0.0272374590756795,0.0186919162165684,0.0478173701305064,0.0414172017470769,0.0520647392766437,0.0454127384756034,0.0205752575356256,0.0255966719983444,0.0394657604480999,0.0436208018241278,0.0378027394450804,0.0269292887755934,0.0233868499346312,0.0448774031870688,0.0402933422825334,0.024452289929011,0.0663845083580563,0.0350871864596937,0.0460272528770736,0.0213886461250384,0.0486085661428988,0.0434194295146952,0.0276809620160191,0.0365361089921414,0.0324737047975671,0.0253789585353686,0.0267833738831127,0.0323044965826445,0.022137199265062,0.053892516691803,0.0263903111829244,0.0264412380676251,0.0296945078601384,0.0284762254948102,0.0262345277369288,0.0213589349357547,0.0228466092380391,0.0176192284969115,0.0275148659525346,0.0405833677610205,0.0183316167636366,0.0115772653888452,0.033192509921558,0.0354523435970036,0.0454236194509226,0.0205210512206452,0.0300909979658175,0.0261015741827829,0.0273712109134203,0.0270165254618088,0.0431017447100477,0.0245669825290107,0.0289425371585739,0.0382626647445596,0.0483435563813987,0.038403079297,0.0234570152452542,0.0181697869511376,0.0544191871836543,0.0505501820881548,0.048644206997378,0.0143070015656227,0.0363850129455847,0.0429658014555579
0.0407640374357065,0.0277440655823483,0.0369685690580011,0.0149198426854115,0.0116833156728284,0.0726566332495025,0.0138828937626684,0.0437219453876179,0,0.117588484953841,0.0934841386150545,0.0259972512220422,0.0592446778984557,0.0338044998917357,0.0364350099092065,0.0612584890884836,0.0192751792023728,0.0585629038375823,0.079486536848914,0.0254233859922848,0.0472872795194518,0.0306630254334159,0.0932489707112613,0.0302274808212204,0.0374210168315878,0.0631292805763608,0.0975594122605489,0.0759342109519502,0.0288416265295069,0.0114755607963703,0.0938687959729836,0.0722918437685056,0.0339563239795013,0.012560055655556,0.0656043471307247,0.0299991237374852,0.0267583304723872,0.0417845789484451,0.0885124595761061,0.0926361992735395,0.0109997071299675,0.0233758297175596,0.0274870280898851,0.091291451421555,0.109886209359603,0.0107568281778442,0.0384863794549219,0.0453965135490298,0.0338644740475931,0.0185461057561976,0.021310650902801,0.0273515976724197,0.0500259115241701,0.0246570792086213,0.0856010535458558,0.0215793417466278,0.0195546499525069,0.0152723969931602,0.0492052531444091,0.0262172224662607,0.0877303517734998,0.0169506915938142,0.0234182805160897,0.0357166563640506,0.0101615021370139,0.0538991165454634,0.0146524169662834,0.0302725868469948,0.0324608893131458,0.0965491449845565,0.0360726178636951,0.0489930598756748,0.0150528911047835,0.0694721612331897,0.0444068454945906,0.100577859073918,0.0331317926010186,0.0905866003984005,0.0440302025844831,0.0404131737679507,0.112173294324555,0.0230731056032453,0.0419737255273166,0.10183939231678,0.0153183911895602,0.0211457346648614,0.0295593746362983,0.014209871432386,0.00635681272328524,0.0352236251608784,0.0519989688293083,0.0740667034244383,0.0652771525813389,0.043166101001636,0.11740312636535,0.0489676503049764,0.0473603053785522,0.100472168587168,0.0223195460807516,0.0723527727996601,0.0453234552072412,0.0334771110770528,0.0609784383825312,0.0404089436097193,0.0713372398450959,0.0295609368795503,0.0336954595337047,0.0183036658202598,0.010638615994517,0.0349790237841305,0.0220086777450123
0.0976016524360811,0.0666402240666559,0.0434636595875088,0.118638792933318,0.0273241383857668,0.0630939350416123,0.0738218065388452,0.0202289317639695,0.117588484953841,0,0.113800881408199,0.0478089290283186,0.0435179497288412,0.0296855962050964,0.0824004431481185,0.0182314787446994,0.0282715176324874,0.0239266612460527,0.0304861217845463,0.0262047799503819,0.0939198652834569,0.0683188210552764,0.0388459988292082,0.0454299313517283,0.0547830848083106,0.0356841673709326,0.0638827774412008,0.0401519104989392,0.0786814899017324,0.0826303028275561,0.0462862468986299,0.048915915525307,0.0209262655673262,0.0456684281464116,0.0397598035071685,0.082283030984076,0.0214997653439375,0.049157688178278,0.0489115601512157,0.0583319833406706,0.0130475742371172,0.018694511222216,0.0367957499165692,0.0229378234487614,0.0589798298661946,0.0361860194295076,0.0352216547063634,0.0245019213012124,0.0215183392672606,0.0770740144761236,0.0923155625420502,0.0779920874585643,0.0810337861809109,0.0253581994388244,0.0720190908962766,0.0877213273773047,0.0782262025067643,0.0825890745048008,0.0453352118117578,0.0336892610189057,0.102976768311613,0.085105786311552,0.0421802679936423,0.087516149558086,0.0273070132607585,0.0943612148796948,0.0184258188425361,0.0551689515681373,0.0795731989064579,0.0777492650218338,0.0842663960784566,0.0997895672627671,0.0910541310119685,0.056388190199433,0.0506490808356981,0.0558884079140681,0.0749295741653734,0.0660628176315332,0.0416457584788314,0.0434177230383548,0.0561474838709063,0.038352934693747,0.0189551548195449,0.0745200158969031,0.00969022126883845,0.018255001746803,0.0119689218588203,0.0182765194028649,0.0250944348732813,0.0274532935666222,0.0200891951764984,0.0279780835876451,0.0260230258151498,0.0365059473169775,0.0877973047623087,0.0189724560503553,0.0256626812797887,0.0968522171575593,0.0203699748188428,0.1351597369745,0.111096216369484,0.106579702888037,0.0592396070240237,0.0661805424761397,0.0291171122555751,0.102262849264621,0.0966888198266794,0.0469624859929146,0.012594522026991,0.113360865404227,0.0914120265916295
0.0407431943667505,0.0405431553828161,0.0399299249975128,0.0296917304936765,0.0203500303327946,0.0742102422394677,0.0285730750407019,0.0406382515720724,0.0934841386150545,0.113800881408199,0,0.0255060028731597,0.0627655076535844,0.0308041172862219,0.0468428841706544,0.0444583782164525,0.0198721559678327,0.0479891157873221,0.0712676430729509,0.022813661308147,0.0790996234624263,0.0114895490631208,0.0752675561335623,0.0365436040493849,0.0421809880096635,0.0497718272574445,0.0674713220651983,0.0630289173138255,0.0150379688998554,0.03233810841206,0.0492369166941003,0.0655720937764595,0.024904203779264,0.0239675759751645,0.0493428484873327,0.0344778399915044,0.0286546723227709,0.0461168443213557,0.0745406362440023,0.0810680842419732,0.00901409167732001,0.0238842240027791,0.0301423296611127,0.0715246460267401,0.100021691775091,0.0112767268511713,0.0409836070812953,0.0381175974989531,0.031464875314344,0.0338686679148431,0.0447991970236731,0.0441749827638002,0.0567320232237523,0.0265273740744633,0.0923811394297546,0.0424406765709753,0.0390511193711491,0.0289230849759752,0.0529725205394896,0.0296199714823742,0.0985798176973012,0.035502021166534,0.0306969454169759,0.0316222808783718,0.0175315248561615,0.0660347582547592,0.0153953711652341,0.024492344440825,0.0468613271149822,0.0820891796272892,0.0501926810660679,0.0676990224486457,0.0363867594960787,0.0636029394654976,0.0480326336307038,0.0907640073733198,0.0308124138402571,0.0840481406506235,0.0453756341553149,0.0431748704891025,0.0935482156043295,0.0289301497193223,0.0358643853074881,0.0953958376679634,0.0140521949784736,0.0228358311212226,0.0266828892268031,0.0160797193152029,0.010477727196684,0.0389506659482373,0.0463555248501114,0.064256713349836,0.0554790918017127,0.0451181992367617,0.106496692481171,0.0324512112350122,0.0392961838267138,0.0984631413076729,0.0230625984524792,0.0978455542451059,0.0249998594489406,0.0603002403277337,0.0668269024209627,0.0496327700022834,0.0588991102074758,0.0522690870179564,0.0554026335396146,0.0254489136173238,0.0106621250258048,0.0549070104482859,0.0443426155710165
0.0218087347647829,0.0359510311350707,0.0340491950333398,0.029668737084165,0.0440373511469983,0.0584961182929342,0.0251885512659507,0.0371919308564428,0.0259972512220422,0.0478089290283186,0.0255060028731597,0,0.0447014387208912,0.0355144827143579,0.0326015487860286,0.0445311430671377,0.0333524847161837,0.0335244461987027,0.051175423232147,0.0224414027250561,0.0276427963166662,0.031313295447509,0.046824938456013,0.019915098836817,0.0209311370067531,0.033669679996273,0.0285614843160018,0.0473641051926279,0.0192014602554013,0.0196442670978871,0.0169484976221398,0.0306579080384052,0.0208517792119778,0.0258755841928259,0.0440670599905559,0.0208182269585828,0.0292581913122013,0.0295241923122464,0.0584870710936746,0.053108484729162,0.0158544087206516,0.0311630568498205,0.02429654523614,0.0451189416325436,0.0539739583305559,0.0172347823281355,0.0309002349401468,0.0360701778389439,0.0307310747454558,0.0211204163565846,0.0220448078328932,0.027373408392656,0.0369090419457358,0.0248945202452176,0.0469118087605892,0.0211580092542469,0.0245274953024529,0.0201053092905253,0.0390840047742191,0.0341222480854847,0.0342034303690487,0.0199293151915673,0.0269347579106484,0.0234130890662878,0.0327726629139331,0.0266577506689952,0.0153162492468257,0.0165463408349533,0.0243070271677534,0.035437182904415,0.0210102524327506,0.0333011857115597,0.0192430602145324,0.0463154427266073,0.0441144012686122,0.0612940131333855,0.023413963187361,0.0570109559131527,0.0418118417729269,0.043749136525059,0.0662125774932231,0.0217821801801097,0.0358924819284481,0.0475186195815804,0.0200395612053477,0.0200123521563731,0.0391492764596135,0.0150436489438718,0.0165599608349939,0.0324973981550727,0.046877256513971,0.0581778880766126,0.0586409496206975,0.038035164842803,0.0410495977516769,0.0184672411508015,0.0366585386127263,0.0420472050923646,0.0355814375728502,0.0320148062407332,0.0188467271086307,0.0258252843457914,0.0350634187654972,0.0306903331481155,0.0515629904806902,0.0233188489662285,0.024160490331791,0.0215968749828004,0.0176518379398483,0.023906806596395,0.0223800031240698
0.0423222779444461,0.0403467677419739,0.0265629592188377,0.0686254500549773,0.0441250150640804,0.0416508397213857,0.0412456506661365,0.0230213120141776,0.0592446778984557,0.0435179497288412,0.0627655076535844,0.0447014387208912,0,0.0316926245651472,0.0330254601047966,0.0284607560089516,0.0157818935563214,0.0258689089529523,0.0153461181239281,0.0373743978793969,0.0427223651479166,0.0471819550714082,0.0180980754980322,0.0162987323073695,0.018771253411698,0.0307197301455693,0.0456116205477976,0.031744527910847,0.0393194151876931,0.0440263643281267,0.0354793295549952,0.017451727375275,0.0249129539843405,0.0136866138870014,0.0263830190981692,0.0374148737969717,0.0231874781784236,0.0146936640814043,0.0471892792774532,0.0404822589485271,0.0207314168165018,0.0107383820518754,0.0336024036272027,0.0183359055031322,0.0307433045867693,0.0308195221831865,0.0129686477676088,0.0282138646587445,0.0158627652471064,0.038824633267501,0.0440187970348716,0.043049601550507,0.0318573512259223,0.0091633883212711,0.0332525179491997,0.0415389147263191,0.0460180941426708,0.0478796948274776,0.0164818208200352,0.0395802475166009,0.0459621759533075,0.0436698871176634,0.0126204283108937,0.0307796942403789,0.0382667833412361,0.0355011520812187,0.0162240577673183,0.0280808125121896,0.0341750812564755,0.0324054129725325,0.0313892000373218,0.0518189505815481,0.0474769454028316,0.0380484545963872,0.0258207669647459,0.0272143962582894,0.0193626831678211,0.0279444697312592,0.0277894783208215,0.0240352327218467,0.0308626473257773,0.0295687542225609,0.00874948464413296,0.0316540506652266,0.015142675083676,0.0181971882807184,0.0302414431186045,0.0147867754015083,0.0167241533676698,0.0177589499134776,0.0415759475386621,0.045392274384866,0.013081460270562,0.0368835413756115,0.0294778264409525,0.0192621580760106,0.0230230848118869,0.0339855523978742,0.0152536565317403,0.0419455905579157,0.0537326258394232,0.0426736565861634,0.0398170631484948,0.0190148194073219,0.0362735297645582,0.0427239866340684,0.0375429195925379,0.0237910012516145,0.0256037061740543,0.0465261098921746,0.0433429901061688
0.0278778517821386,0.0392994744009672,0.0248449485695472,0.0238350409489662,0.0306619473845954,0.0488299066446808,0.0439860363072315,0.0444228889844854,0.0338044998917357,0.0296855962050964,0.0308041172862219,0.0355144827143579,0.0316926245651472,0,0.0479396101738979,0.0302398067866664,0.0228263562980178,0.0325743706615954,0.0462675970703636,0.026998728333673,0.0380106301843142,0.0213954478029977,0.0251490029841541,0.0203766209728243,0.0141565901741396,0.0224479580164257,0.0406190231068288,0.0463466848451343,0.0237747091941264,0.0268239724869747,0.0389521398600564,0.0272861108209081,0.0376478215102661,0.0246851950842025,0.0258848988012023,0.0404429691231219,0.0414276269885573,0.0329387142922302,0.0440543562692851,0.0457133105465324,0.0192655603702074,0.0259709804868339,0.0400418752564344,0.0557215570528423,0.0593421205792787,0.0281565621744702,0.0321892310464794,0.0289187719490577,0.0254725196127699,0.0381196118157552,0.0327639466453045,0.0424430592011623,0.0452267812173743,0.0248783507443823,0.0296267089524917,0.0316672433214183,0.0357616888470537,0.0305480742358965,0.0263723712901163,0.0322297227800467,0.034553112310019,0.03215245290918,0.0208734171804499,0.0567197845780306,0.0375645555693222,0.0377949489222339,0.0230798419067783,0.0421234740857528,0.0396931456635269,0.0261302556408372,0.0310435948462781,0.0297221104242905,0.02194967873298,0.0337831538115298,0.0299006268619439,0.0392090080164931,0.0510494997496131,0.0333271712019816,0.0283200903294208,0.0294783263795188,0.0418681862253453,0.029233888046995,0.029715270979323,0.0294958575531507,0.0234584362380692,0.0306291773353992,0.0563214340069039,0.0196622485755661,0.00940070694756352,0.0426566222974288,0.0449167028567887,0.0547951914354862,0.0344498201503511,0.0401872498579611,0.0306197673872701,0.0337770714453383,0.0236572931847734,0.0412725009166124,0.022015836694433,0.0267373521415739,0.0290550028144808,0.0385501219217521,0.0521450102608964,0.0192920917386856,0.0321624373758015,0.0423927845305852,0.0414549630345882,0.0436732041579181,0.013892845925986,0.0223883419911263,0.0341671302777174
0.0333279444485635,0.0349433424163775,0.0439168351130832,0.016600844340885,0.0156914276882209,0.072040470402495,0.0172098200254895,0.0584804846475141,0.0364350099092065,0.0824004431481185,0.0468428841706544,0.0326015487860286,0.0330254601047966,0.0479396101738979,0,0.067929741211772,0.0354070386914393,0.0682533317116024,0.0681713214043453,0.0346334885856711,0.0492026831126499,0.0326842084784199,0.092400489678724,0.0387501661204375,0.0371887464710805,0.0611348781487652,0.0633298121499047,0.0331179535843932,0.0385917081300472,0.00688700166000173,0.0478209570812191,0.0659169458990772,0.0303735072785188,0.0183351805022374,0.054767720007115,0.0288773864105598,0.0327743463155957,0.0583210546227899,0.0641160710604236,0.0885626141030371,0.0229877432089319,0.0363640494268661,0.0406585784719752,0.0770532662708045,0.114961351983151,0.0153443423971348,0.0484634267600846,0.0451223037720819,0.0431107641779318,0.00765545389842233,0.00588309195671614,0.0117613056553387,0.0559178994700023,0.035148892913168,0.0747900202764196,0.00824795396446514,0.00524026903366123,0.00725353656598996,0.0534743588042868,0.0192817673850892,0.0585922011131208,0.00759063525112098,0.0321167490917413,0.0277799362437477,0.0108642110446797,0.0280276381289174,0.0261639649474276,0.0419745130969387,0.0279160902054464,0.0585689720678632,0.017252516144095,0.0439755924409543,0.0109715046878031,0.0601583592985875,0.0528297745253442,0.0846949727645208,0.0487212323384418,0.071329839052512,0.0579761751594404,0.0452083575497942,0.111934499544237,0.0296848464663313,0.0510661045898822,0.0930274874058977,0.0284992119976368,0.0355942476801762,0.0499465322396351,0.0264051153898442,0.0295729597840479,0.024716055010713,0.0360598607147849,0.0497886401250683,0.0651023815205541,0.045280064249525,0.0989230923928809,0.0427665391077483,0.031297653501311,0.102875539687242,0.0304697556272934,0.123286394105961,0.026608783360724,0.0261585512924723,0.0770803827400592,0.0404264652156633,0.0643050975431729,0.00871616776624397,0.0167794766293999,0.0157650640410468,0.0281637842523484,0.046205821819828,0.0077888429916506
0.0545450623807301,0.0463361966724933,0.0342149393614941,0.0355951414014708,0.0391619455164042,0.0647127097787479,0.0657757227504707,0.0200759575724846,0.0612584890884836,0.0182314787446994,0.0444583782164525,0.0445311430671377,0.0284607560089516,0.0302398067866664,0.067929741211772,0,0.0298792110740331,0.0209903785089754,0.0250637402673872,0.0367627896514162,0.0567636875422698,0.0277790165535778,0.0435686519777428,0.0555625711352287,0.0480878235014802,0.0299740057173331,0.0510259576816906,0.029847510403101,0.0580653447411648,0.0623194222245436,0.0425037830379797,0.0382569391850579,0.0564949008302176,0.0756859370794142,0.0338372969504018,0.0751010273203269,0.0534233817839031,0.0315067998722727,0.0466667286895435,0.0544386066820726,0.0298342689766084,0.027234789622552,0.0404108143695462,0.0536275812101014,0.0623733308741352,0.0397068334849428,0.0300309011919092,0.0341368266550331,0.042248060252102,0.0713695891785835,0.0674718969377528,0.0649322404956742,0.0760155837069399,0.0382234974233887,0.043556136306817,0.0678858454072391,0.0625086717317945,0.0640759048500517,0.0381033530903298,0.011825583431951,0.0600622868020174,0.0676241289443523,0.058754138959391,0.0830924120206612,0.0410380474606707,0.0720576987903492,0.0438425998284314,0.0776871773879886,0.0719087872275292,0.0520349660266145,0.0742023522194507,0.0449023628094614,0.0582287588184881,0.0349656056191501,0.0739961976109098,0.0251447303988481,0.0762538901046269,0.0516420968743586,0.0631178343584524,0.0654438719583735,0.0239884962537036,0.0422762446606335,0.0443893939754912,0.0316379676613729,0.029947357380391,0.0321446103281994,0.0482416289618986,0.0301408971667062,0.0269898612976167,0.0234219479810497,0.0360103876113983,0.0407730310615558,0.0472324809608122,0.021103247760804,0.0503166660874985,0.037079219501258,0.0343205953262123,0.0718740092721675,0.0451225824588205,0.0442513426418142,0.0603580014044489,0.0611985768545104,0.0188353516306317,0.0655884557685161,0.0480489257261036,0.0709288186433008,0.0700455196197401,0.0758081930905856,0.0336825819112569,0.0548306795047096,0.0682643291224095
0.0202124411143281,0.0377511405060167,0.0141868558566832,0.0154757479851715,0.0176620923199002,0.0316954005305738,0.0348281320361393,0.0335029253226155,0.0192751792023728,0.0282715176324874,0.0198721559678327,0.0333524847161837,0.0157818935563214,0.0228263562980178,0.0354070386914393,0.0298792110740331,0,0.0369921767824201,0.0443438571058616,0.021727123919049,0.0119549943405877,0.0176951217648794,0.0218679583962703,0.0219793336707919,0.0111687095295934,0.0277468349868929,0.0402798288756381,0.0375754305841186,0.0295450698861067,0.0226376876602521,0.0329820387223757,0.0261093785089216,0.0366931291328038,0.0381979646689862,0.0286831511570088,0.0350099284709231,0.0398571357619667,0.0424018172367415,0.0490656834600913,0.0390830013332542,0.0160592982664396,0.0375852030286687,0.0294482840656378,0.0712781208205563,0.0507899458529366,0.0196170972402605,0.0519832553310347,0.0221735156065614,0.0292377465919228,0.0308651582315786,0.0237495092250938,0.0308071960199247,0.0283950838871032,0.0330203797419911,0.0231240895850128,0.0234212625103729,0.025883149416112,0.0237120480677304,0.0295865098557264,0.0192793996006003,0.0166028176534902,0.0244622630725302,0.016798489874653,0.0399449134594967,0.0234763176510632,0.0221120360577276,0.0222990726857785,0.0350794143903026,0.0281105031547727,0.0111688861040811,0.0246210339384093,0.0134796862831019,0.0158209269067749,0.0191137680106796,0.0161699245707452,0.0197905000710881,0.0429412824588988,0.0116788473104111,0.0245483338808717,0.0152871678830053,0.024087317000556,0.0213880419166267,0.0319715106246855,0.00886863942084648,0.0316074323704117,0.0345160825306099,0.0574578530731997,0.0172889655473627,0.015677508888277,0.0252123932474939,0.0320340486072346,0.0372731748065906,0.0381464845931478,0.0340924183290669,0.00922801132186921,0.0274598548027275,0.0130783892543568,0.0177155733150509,0.0163896493024261,0.0139907201483944,0.0223523499722965,0.0271269555405912,0.0344663318157426,0.0116126148286507,0.0231392037167086,0.0279419805138109,0.0234744140767613,0.0252745370056102,0.0165807726421145,0.00757435376182032,0.0251807563478822
0.0548432775243717,0.0428751058458708,0.0384952239950089,0.0404012257761035,0.027051624673599,0.0464865654014804,0.0602497384496014,0.0338895935641847,0.0585629038375823,0.0239266612460527,0.0479891157873221,0.0335244461987027,0.0258689089529523,0.0325743706615954,0.0682533317116024,0.0209903785089754,0.0369921767824201,0,0.0438724366974762,0.0307574715361463,0.0529340558817863,0.029059842847989,0.0528154515572063,0.0441207562505121,0.0554754642249511,0.0361320084983924,0.0480087315861608,0.0353748285136455,0.0492673295591833,0.0703789368809431,0.0436495754574128,0.0270834400681161,0.0632717846122937,0.0596162737282362,0.0264249563241355,0.0770475288103856,0.0476182088021549,0.0459913481177719,0.0364842253971516,0.0300194010503458,0.0301481379614675,0.0294573102838248,0.0382550633022028,0.0822794904612599,0.0214964025469729,0.0477108173353082,0.0433182249607523,0.0302847377868773,0.0246363757236954,0.0758847069719968,0.0751216743207773,0.0724382109619272,0.0612386307662853,0.0376039770666553,0.0500448416821513,0.0767337879366686,0.0739675454205484,0.073651752374011,0.0426045149647511,0.0324496480633257,0.0572128133417707,0.0765739301875314,0.0420155266160521,0.0738331371363675,0.030324500734212,0.0724450461930694,0.0392667950468816,0.075499372853029,0.0718846121652084,0.0618360498324319,0.0776134798801442,0.0565468472732411,0.0734697703256275,0.0425105462835244,0.0441046281924557,0.0378400627386603,0.0649689501684205,0.0458998301158269,0.0341738407063696,0.0382282855403618,0.0349176425090227,0.0409974329500219,0.0344929148258502,0.0364738904757821,0.0316989979393231,0.0328355719075002,0.0292653480472651,0.0294890012901364,0.029876232845465,0.0200477545591291,0.0334532913221658,0.0342433515002769,0.0406043244408931,0.0374043156974038,0.0553415120474356,0.0295863330927435,0.0421205222844096,0.06296273321219,0.0301562563549956,0.0591031934705641,0.0650073850799429,0.0647792184156051,0.01953306234892,0.047179373638609,0.0357415658586355,0.0713025195623115,0.0729351217542601,0.0669619733602903,0.0406843268094646,0.0583685667759932,0.0750618818988401
0.0744692087778132,0.0387304407866831,0.0622947525354997,0.0279560537469904,0.0340605352829205,0.043618721881828,0.0894614338306924,0.0312151166728239,0.079486536848914,0.0304861217845463,0.0712676430729509,0.051175423232147,0.0153461181239281,0.0462675970703636,0.0681713214043453,0.0250637402673872,0.0443438571058616,0.0438724366974762,0,0.0294463277258958,0.0837493736719293,0.025285464771942,0.0446828373941955,0.0120876596402488,0.0374505154023474,0.0382993741523989,0.0710063060355857,0.0476533154595948,0.0788344417386208,0.0834644063953949,0.0648161756513304,0.0303401441424956,0.0656965014784747,0.0758221374101157,0.0280118352725406,0.0747522860968478,0.034664933057761,0.0206951085394889,0.0368202739686251,0.0334136249116816,0.020448740576771,0.00628667057519567,0.0113974547161953,0.0836056023812134,0.0391989511183244,0.0514189741982619,0.00841988651634614,0.0242944677757115,0.010068321768773,0.0873212320990953,0.0749878414906216,0.0825601395465456,0.0441129189405808,0.0081310476818525,0.0696960248669081,0.0700899068786006,0.0796010266547632,0.0747779181993645,0.0721286549546454,0.0112441694281693,0.0823819569122489,0.0724834698996196,0.0378942652216258,0.0812934632684964,0.0282774372143967,0.0638535419500095,0.00833395203900209,0.0549717304785875,0.0470489311277703,0.066347709075456,0.0621257054029244,0.0466568596624945,0.056153624165803,0.0260349745957389,0.0425288021783031,0.04469271592984,0.0562660022293153,0.0424133752998313,0.0394437965687318,0.0403784540121579,0.0355040745735236,0.0102081893541158,0.00745578725352174,0.0377122199041077,0.0104228670759489,0.00613219441064791,0.018071556292441,0.00576018746012148,0.0239914658923653,0.0372225630468225,0.0251044338531071,0.0279772107123642,0.0204783555588982,0.017202927695838,0.0489089263326089,0.0333455229018942,0.0270409610556527,0.0586960240141012,0.03134727133698,0.0432727484442116,0.0761482335350195,0.0672429017257294,0.0165425418930949,0.0482254977291374,0.0118641494437047,0.0784639716797151,0.0611562565588472,0.0452952962754658,0.00913486650291414,0.059208800363792,0.0748599584887151
