0,0.178332106771708,0.252172800976566,0.0976905540838157,0.23085776554327,0.118224990052046,0.152959996155917,0.139838929834248,0.124134120876335,0.160860441010352,0.107541892188044,0.125009537250386,0.158407893451862,0.146697697928515,0.133733720977416,0.182165229971678,0.177568256149815,0.0980554155518543,0.130243329416402,0.141419355829482,0.120225912638816,0.163052221276861,0.1079236427563,0.313625085041245,0.13001281943605,0.13253659031796,0.109877105787287,0.135707744464469,0.114171444172616,0.118541427337983,0.192225891997874,0.12746646064489,0.123828503372088,0.130959692686951,0.117874338800091,0.160187602709009,0.114959677525702,0.142340846180685,0.119007039803471,0.112430213504208,0.269558327625996,0.128300381961344,0.282019210869057,0.105093694654878,0.150078870706448,0.133145032302027,0.0545998059583778,0.123434880476015,0.117675317617713,0.123478295119704,0.137443831252242,0.169455681252163,0.196063315294411,0.0994465066381582,0.191601952427499,0.234010584314735,0.21120024422246,0.234843221677438,0.141311733648566,0.0701680944619424,0.108263273367862,0.119576656197546,0.161007573060883,0.0934911714624782,0.168919330649785,0.197927493247821,0.217521124812304,0.0892500652491044,0.268022880121045,0.127456424909445,0.225033032164775,0.129302036335395,0.224003074738527,0.174635955087992,0.11124797775878,0.119398368272221,0.244550858546505,0.134107996075898,0.303270788576965,0.302539896269776,0.117426586126796,0.302377364438423,0.123880451562292,0.296761935441613,0.160490971866126,0.154865746459284,0.129759431852286,0.311573419621669,0.110351093712892,0.167222663890307,0.337017014457667,0.278038803179104,0.121930874730467,0.239395138936727,0.163206034940077,0.164953521667661,0.144239958076182,0.225732834332394,0.345427338194697,0.348645532192166,0.265151823205197,0.308891529662643,0.331597960233328,0.149212399521887,0.160937354019377,0.265658155517045,0.168952344425592,0.310887863938469,0.141334756965671,0.35577737688156,0.152830155140835
0.178332106771708,0,0.215628056139082,0.131065358558551,0.181219286828208,0.0778107279587409,0.209106519374122,0.131263156504541,0.101999232174177,0.274208888536179,0.201546136243483,0.144627650316961,0.212080252319403,0.0545417788788327,0.218641598326225,0.15124573152966,0.247400641772805,0.146891194667232,0.279706855689916,0.0577696297208651,0.0686085759849383,0.13691499101256,0.1891294859866,0.186716106516265,0.197726431982943,0.212621561823699,0.117216716499061,0.135233309148488,0.0934673718715583,0.0838813816330869,0.20175544250679,0.0713196531845539,0.133104474416526,0.209241359650514,0.244144299120861,0.225423971060577,0.229763777911193,0.095933118322754,0.259654098962722,0.157974120325764,0.142621340699106,0.0760580507710144,0.174140948364272,0.137317301194647,0.136228883982099,0.195811945774998,0.161719561278841,0.233382710514301,0.122470549819277,0.226739176737807,0.123461121824224,0.211509928289631,0.100277450961847,0.108733580810755,0.151382976705777,0.18615456354312,0.154035490411088,0.197901049967027,0.179229899067278,0.196324789154177,0.233893217798994,0.108387916564061,0.211231353047504,0.21493006027883,0.187288714438732,0.203334426005084,0.138620617596024,0.165209493465082,0.166749798034587,0.107692770905941,0.108814130236628,0.168188260100739,0.148170113730948,0.197461632038812,0.156475360343123,0.215135184199466,0.217138688061395,0.241282874498759,0.124156685950499,0.200364331036238,0.189405837382682,0.166009368259028,0.104481007162928,0.143704245816459,0.21233421116946,0.244014409030835,0.222532218361769,0.201984374699674,0.201355318684345,0.0899224868468949,0.169032284298004,0.132174712055492,0.221844512383328,0.124388891928029,0.212130632321504,0.0945819258512613,0.205326485264595,0.217861775912481,0.15594230602783,0.143474330426894,0.148022190747031,0.154854579247886,0.121000058052046,0.20401057265453,0.209438977549879,0.0902011059957891,0.20595318947667,0.136335650414549,0.212482711372951,0.178707314149468,0.0921135352059718
0.252172800976566,0.215628056139082,0,0.167584161302367,0.154410885657202,0.2368807141401,0.214634805925961,0.262602087378379,0.295970737363869,0.085044677525367,0.141979330658496,0.15503832133635,0.0936421687806362,0.238604630997393,0.176896800820284,0.110701057915929,0.230628341113514,0.155188445222892,0.0998803934411717,0.192864364719816,0.212739178335906,0.0868932498389506,0.136857400518577,0.247516933172198,0.119299230604817,0.0709529481102741,0.160589767562997,0.120288084253702,0.149413726784795,0.135435224744832,0.174610236449781,0.181373355586048,0.0952307743347205,0.160217570180157,0.0776706165734208,0.162714594276222,0.125424021756591,0.100419184244925,0.0789214787702387,0.158240414244907,0.053428918076043,0.173700889592652,0.0958566498863709,0.12705385910419,0.0881322985634827,0.228324581866331,0.219577330490817,0.17439032870135,0.108291606404133,0.0917798846958369,0.0851398034128021,0.135521122484009,0.0977354926060191,0.0683740564035504,0.0549744844384592,0.275283601789748,0.0762658084569735,0.0957297015429857,0.146413155131395,0.252327962174516,0.214423118324817,0.111899225832829,0.202985633068845,0.118789350422662,0.134143937429426,0.108877069243626,0.0250571420200317,0.216765854340813,0.0540110625814426,0.068560394320167,0.0364015998127353,0.0665238865688905,0.0516072018521308,0.154873271334647,0.0698431367293263,0.249901725629842,0.357829208731895,0.217746667606901,0.238240013488108,0.0694607283525411,0.256281912969989,0.0316616052671379,0.0836785459998601,0.0282947400565753,0.196485470967649,0.248709325406782,0.241697474258985,0.364669386871588,0.1496178718471,0.119701530237737,0.0724321207982873,0.16337540975835,0.239685375452163,0.127947615136383,0.246275667774006,0.0609875052983715,0.248311191851519,0.321294606762324,0.049668819945555,0.32399130469342,0.0341943827154211,0.265405165999561,0.201835721797877,0.202389225677437,0.27129128002201,0.0774599461806024,0.257127216218688,0.0876777031679643,0.277766583143376,0.347852792745002,0.0579123927420871
0.0976905540838157,0.131065358558551,0.167584161302367,0,0.1126906792408,0.138194066735636,0.0949561709946485,0.145997117506952,0.121947622684232,0.0715205279272296,0.101055945374678,0.0852687676133299,0.13965793123656,0.150319781269663,0.107726496210257,0.129211975774876,0.0808992202437546,0.174947137730104,0.0730053205312681,0.183904752938402,0.15702986494493,0.304903235520845,0.118231015804427,0.171112930643183,0.184703532948646,0.11633744931898,0.142226552136276,0.150953161594466,0.156018403269919,0.200529936173073,0.0610986159768396,0.192813398889695,0.132359825842243,0.165718223398036,0.0832809374097345,0.168091744068921,0.102207835772104,0.112034426677673,0.0895476446630876,0.166348187441149,0.175707729056363,0.130269104982617,0.196343587030777,0.157875279101411,0.148694608047432,0.164086901355266,0.122120801001329,0.0815717116964184,0.137257591457613,0.0771706910639236,0.192785517296865,0.0933320614333297,0.118542939146792,0.138091356307803,0.195218616846252,0.172960367964062,0.190176925256228,0.11086882030267,0.239341635992252,0.122413794889823,0.103291121243944,0.129430200540822,0.104139020187096,0.109813335824845,0.0789534619771861,0.123152193289702,0.167838833829069,0.155074273371811,0.216915834344782,0.144010787814881,0.210383109060608,0.182581436605231,0.204581133331115,0.103128470783652,0.128959639839488,0.0924555940332263,0.200333794422722,0.0899609135305853,0.232665597515318,0.163980152930482,0.167280787521463,0.22397141353126,0.176900428404367,0.229931899685435,0.101518998180397,0.112403102785678,0.0992936233481718,0.266372082728838,0.0881323353287355,0.128184997738343,0.261569311017262,0.178590767309001,0.0953878671336931,0.158741322283769,0.11363051901492,0.170430632321699,0.100248028860553,0.17484349033015,0.2542641629845,0.274288422314177,0.189137288635201,0.228212133548342,0.255843709079716,0.133050398557003,0.121214652086011,0.217244323409558,0.119476790973353,0.249951840694871,0.0954636429141104,0.240629107760943,0.175464965376325
0.23085776554327,0.181219286828208,0.154410885657202,0.1126906792408,0,0.141497299829331,0.109119105604247,0.205224661260668,0.130644913790633,0.0892833573567601,0.111844401175552,0.169259163427149,0.148615789237293,0.174795134616671,0.117521191956085,0.154225814111043,0.0720617980101502,0.100157625265069,0.0952431614127649,0.19052538415471,0.150407111757738,0.238598715014175,0.13941016056278,0.125589116118552,0.175968682016057,0.135627054551301,0.108048958182555,0.188104553132414,0.123591240228536,0.169501194689685,0.199997887719855,0.169457913870385,0.124899411114196,0.177178752317606,0.11095845720152,0.175447585055279,0.126343943654959,0.151288093005726,0.118797000083494,0.106809305029299,0.222498983901327,0.133383347540069,0.208906507451937,0.0763648994879878,0.132925267724559,0.1477982249443,0.138767463345013,0.10651167845259,0.105394746478739,0.102821268310763,0.129758218595546,0.0702563064269095,0.157246009819406,0.109703003544745,0.198840039299075,0.334329555512746,0.213481894996353,0.105878802911252,0.166795977642661,0.155690443254671,0.132708930725478,0.131643250929396,0.0927863070893315,0.0929396093271114,0.182385031923914,0.113771135572656,0.183212721261848,0.179175922344052,0.270167656941054,0.144615969517809,0.233420333493519,0.165519746327552,0.245501905302211,0.111589581485411,0.11334769633539,0.141260121474523,0.37846443495282,0.162033153354185,0.344238580127028,0.210186632341987,0.28881476066578,0.280252142012901,0.139868067011501,0.277811860524993,0.100030765875684,0.170102268704766,0.178577181127455,0.400848096143506,0.0765881626863179,0.179920586334592,0.333032547885462,0.285056358398878,0.171885529560336,0.230968679608264,0.214584602439768,0.158340265477554,0.186361016604899,0.342908550783689,0.318380444410481,0.376445231350025,0.214816298971674,0.36962898783758,0.346916689163089,0.154235194576979,0.213097659101281,0.285017506397687,0.212185639934198,0.289495741772226,0.13145907727882,0.350400967100721,0.180086199444471
0.118224990052046,0.0778107279587409,0.2368807141401,0.138194066735636,0.141497299829331,0,0.163089037562353,0.0914932795569473,0.144857876570892,0.140242707167553,0.131585306304664,0.128665027540999,0.149727204627181,0.113301831892023,0.143324562784629,0.125081796123571,0.141023714126247,0.161647615564662,0.127982321818423,0.139241489634661,0.160345426245917,0.282975307786176,0.118965177844036,0.193151331355698,0.172579925120127,0.118492128080641,0.160907698166305,0.189933208331683,0.191062184181143,0.106765484039834,0.124295382946736,0.0768041039720712,0.140400671307587,0.168782576456147,0.120649107599239,0.196245467833585,0.12448685321273,0.0694354016547556,0.125003411687674,0.167863570598357,0.144629477101889,0.140336914307379,0.192972269975951,0.163159101951951,0.139740298119902,0.184700601354289,0.131526315705343,0.108388645668152,0.15378104232583,0.110921637962321,0.16625594744231,0.11856148442622,0.1061581371953,0.149730812491963,0.178952126481638,0.179576441393526,0.209361295544318,0.14491948784128,0.250017264823046,0.160435984918525,0.127108730497735,0.123726979107316,0.117162247531732,0.177956732356334,0.0975306593776257,0.136315942552899,0.139030553319133,0.15815539978537,0.199530922904043,0.137980142005119,0.154329661009887,0.261788235453991,0.209081969496427,0.117997110837218,0.165994743023273,0.105508476748508,0.224730504976688,0.129669595304017,0.110305349879043,0.188614501188617,0.168608780847312,0.204977686887333,0.150896209922083,0.181189238550315,0.12075827803285,0.202930075427083,0.115806340544912,0.242799655172839,0.139152081067558,0.0966336717294641,0.226087470563932,0.155318286220363,0.116668941362202,0.119876279456615,0.125722545471716,0.142980057138018,0.109592170221568,0.211022374936724,0.208739693747326,0.14656594789097,0.171731498619334,0.161650724922195,0.204752290400424,0.182082670634268,0.128420981442905,0.133311645719294,0.121270836876056,0.200729241752047,0.134198330349924,0.155807924889238,0.123570901343379
0.152959996155917,0.209106519374122,0.214634805925961,0.0949561709946485,0.109119105604247,0.163089037562353,0,0.175432666194686,0.17293070432296,0.231964755423199,0.178301148556127,0.130512926145465,0.190631622653675,0.18796376807735,0.20079018211579,0.137534453837603,0.208123616229961,0.0977174269953285,0.188876692193397,0.181327117543196,0.172557392472119,0.223503886559996,0.193774004080343,0.195123447986301,0.184982464417988,0.19371048877317,0.142537556356848,0.141647211553497,0.160882671506984,0.173769540277851,0.0692970448999403,0.154440327222166,0.107422821320721,0.224185501780435,0.171103061600258,0.22306915593135,0.179057079238218,0.164787315703183,0.153711443353196,0.101589293243897,0.129608018124156,0.177760211723201,0.186404592894596,0.111114470300089,0.109793087768613,0.185923089097335,0.145592761681223,0.16412026057044,0.134566683360067,0.147871350598706,0.128453647186378,0.109750325727288,0.131168011104407,0.155200375467544,0.157639320099524,0.213052462416997,0.170805196744805,0.143846537379833,0.210257996811764,0.139270098948366,0.170288722593543,0.151032588421264,0.129275870756024,0.147056585094236,0.0786823688386831,0.138142307196382,0.123730600955347,0.185760738768125,0.211736591709761,0.159755371903218,0.179692410413883,0.240154186132451,0.197490884404125,0.136571020109196,0.159387205208636,0.174804639874023,0.246110311399731,0.134534475014804,0.186540368402101,0.179816858498827,0.161389137541801,0.195763622065168,0.139087452769603,0.16416407442605,0.13748580190398,0.177714416199644,0.162462913197791,0.238804893628048,0.114981189662705,0.187039773630152,0.224075603048352,0.227489833638738,0.165311092913676,0.152685438329592,0.131571103678824,0.164518248807288,0.170822783153463,0.234362574490702,0.195824452358177,0.292544909664284,0.158899462460874,0.206140540755905,0.27686271869393,0.246839482934631,0.187019248091355,0.215214546257997,0.174326441179801,0.21485606040788,0.18626187183069,0.257142699958289,0.188052655527419
0.139838929834248,0.131263156504541,0.262602087378379,0.145997117506952,0.205224661260668,0.0914932795569473,0.175432666194686,0,0.153509407173447,0.18321698425915,0.144909641702535,0.181007925754201,0.171376184959351,0.18584518648279,0.160375605194827,0.180060265009267,0.174251453931646,0.171880830778895,0.177827101355862,0.177249484661464,0.149846990843745,0.202583545855434,0.124035683840192,0.205327962644297,0.165941897390626,0.129645533609936,0.111466673459098,0.210898942097294,0.0984990589341771,0.125272563867592,0.114679536676406,0.109773656517284,0.175391211127543,0.166701279050249,0.150034808995007,0.203472418860175,0.144505975260285,0.0994340198075156,0.160581756088829,0.190886762010724,0.186269490479028,0.155196155968248,0.207266369401692,0.161837095039351,0.170062900610942,0.169391202826337,0.119336351395887,0.131937274156921,0.135002712857449,0.134066473718642,0.172119416251473,0.165025586427725,0.142277860085529,0.144919586639768,0.196441567689682,0.1473618620214,0.210083687484059,0.19160747461097,0.21139112278298,0.154002265863949,0.142673451971986,0.112715135987832,0.147046267296757,0.176113172889831,0.119882399527538,0.179546747985891,0.160170022830945,0.14008391325759,0.216196399817633,0.124145441321198,0.161882625169279,0.186424120051728,0.211850768982765,0.146460594867684,0.147341320142918,0.11779100274851,0.196246318406948,0.163799879273615,0.101679920460259,0.237164823589764,0.150416261025427,0.226985628444471,0.145438517288113,0.204368064997697,0.153309003850247,0.186638211543997,0.126221770477112,0.180727514658563,0.167667249542144,0.10465126902326,0.244692084356461,0.14172344040694,0.12825886434366,0.140297664526948,0.146992709551426,0.127930390783287,0.117773187820463,0.195391937266562,0.234897055067885,0.160672899152777,0.193884416222485,0.130279253719671,0.182804231604857,0.165508769020873,0.130422018349921,0.126807002690927,0.129018763810864,0.204112794130458,0.149966704214452,0.113623229288258,0.124270804219152
0.124134120876335,0.101999232174177,0.295970737363869,0.121947622684232,0.130644913790633,0.144857876570892,0.17293070432296,0.153509407173447,0,0.183831944398453,0.187188903516261,0.133862002691711,0.188902994103929,0.120335003307213,0.202504456648624,0.128085660012437,0.175523843598208,0.144057379671945,0.151926280329183,0.121196302478756,0.155209939043052,0.260681647521617,0.157381269314101,0.199045742286444,0.189311825788937,0.155982508733163,0.1537339606616,0.177291253358507,0.168965847972013,0.103056384194121,0.138335495721382,0.126869634723695,0.146257969709627,0.204734369297245,0.133430137591953,0.221142878489644,0.140819534559155,0.0677667117968454,0.147413648840209,0.150832897159819,0.146110544291378,0.131622163216242,0.192557716171894,0.149170310944232,0.143845171628801,0.207377942927471,0.151690925981,0.140778151161536,0.141621239991066,0.127338801852772,0.160320105073036,0.138546451281004,0.110494195143608,0.165367592718601,0.182611331763623,0.218741969278033,0.200779119683218,0.169178348345319,0.265560271850785,0.183898030232406,0.160080587143626,0.115909128706081,0.140473984811344,0.199595035626126,0.113858020304172,0.163745698756553,0.132777291510974,0.183352390578236,0.20013863434635,0.145823141154687,0.153568322571801,0.262213052306054,0.198581293476346,0.134688559610256,0.171443498591192,0.135568770657002,0.247051303369099,0.150230317593792,0.146616982481216,0.188370144839852,0.187777025753413,0.197965126774986,0.148061055064183,0.172900213668044,0.146387919473406,0.218283542930549,0.14285169832565,0.264031026322183,0.145378849744227,0.123946736681543,0.205834862153253,0.168065767213162,0.139419115509417,0.144324605526077,0.147627603054744,0.145329865624745,0.131962378017323,0.232656356896215,0.194740623751496,0.170362552845248,0.171459951212433,0.186659774719472,0.196142611639864,0.202725802645586,0.153867110859746,0.143643818629912,0.148492250481358,0.188356547806537,0.1751290614948,0.185189661501442,0.136527831891277
0.160860441010352,0.274208888536179,0.085044677525367,0.0715205279272296,0.0892833573567601,0.140242707167553,0.231964755423199,0.18321698425915,0.183831944398453,0,0.139596025573941,0.0891246008574302,0.113991239920069,0.208126832915572,0.155955198529122,0.067613745556912,0.137671468394363,0.0645868368794685,0.167300852809262,0.215234144223036,0.156345585139835,0.0966780822772722,0.164037163982934,0.125201146385922,0.150422547643782,0.152145687431301,0.0601381870063292,0.0734511017551996,0.0774414895511793,0.10219429412926,0.162000618313373,0.127708913869517,0.0432696649469839,0.200512454423032,0.123061775388737,0.161866345279183,0.177017291909698,0.190588240222579,0.0682703805680434,0.0653894576721923,0.037174803932089,0.191074025584514,0.105578377125764,0.0553370771528106,0.0388630920692496,0.182997377662778,0.168691850504209,0.138919708728637,0.053656025402867,0.0798079106181172,0.0496451566882066,0.0831028605687835,0.116878129351878,0.0546412614843229,0.0417138357643612,0.275898766051882,0.0728756382528563,0.108105409809958,0.134276362251199,0.181903524868268,0.191675567456837,0.0405196862963404,0.115561083131518,0.155310827837518,0.123116985958322,0.118771744560805,0.0544949781519036,0.206331788595858,0.0616299482232501,0.0935203276231884,0.0478701006494492,0.11621846546896,0.0638990604910977,0.0929230784620158,0.0716455183810539,0.166013210688162,0.284178848384212,0.215977228383862,0.267811285097421,0.064218263254299,0.229815207997861,0.0533039024007622,0.0524700790064597,0.0476126754843858,0.114821925343366,0.253336388071973,0.214078875891822,0.305213609911996,0.144134036018091,0.16820842511699,0.119887114924343,0.228132704502833,0.195921855869854,0.194313277798855,0.242778692002111,0.0736284259285938,0.177585484201163,0.2651952851681,0.0910189193608055,0.326790445237297,0.0512249514177787,0.291438917168204,0.247524747808426,0.216059338413913,0.249028361108764,0.145167619775458,0.252951710469239,0.14535378636996,0.158705891869379,0.290207350259625,0.0679251441206718
0.107541892188044,0.201546136243483,0.141979330658496,0.101055945374678,0.111844401175552,0.131585306304664,0.178301148556127,0.144909641702535,0.187188903516261,0.139596025573941,0,0.093862419613712,0.211954133012053,0.172788102778025,0.0737459774504361,0.0551885737349431,0.0832254042525327,0.105566719860328,0.151566576268789,0.174085618755962,0.14953190300236,0.123626389150611,0.100646621502966,0.0741861941023335,0.169536128680991,0.130053759350039,0.10867498202548,0.0661975925292464,0.0883756551784597,0.102419304252731,0.131995557929049,0.115014619276938,0.042611105563324,0.194258845476298,0.109537053250263,0.24457547822301,0.133624198032705,0.108854432794543,0.0857224169482484,0.116166304862932,0.0293866764151311,0.128428606000221,0.106346914412355,0.0757673305765299,0.0401216395163797,0.115344903586317,0.121316437430734,0.0519560512430486,0.0640774418424453,0.0627175051350407,0.05679452714788,0.0402690185088832,0.11146590183459,0.0534623407207061,0.0283207141585022,0.184951545531963,0.0394039813560497,0.087391380473925,0.0829715522821664,0.110175562057724,0.0752956012885794,0.0760044146127695,0.0489247985964661,0.0756596573231628,0.113855499154297,0.150886107778771,0.070533910963361,0.138178986391471,0.0378081678015481,0.0570727705387466,0.0377973262379427,0.0591874247354207,0.0497265014156273,0.0439526649414403,0.0472399715923318,0.0784858479855279,0.204319137790561,0.125195131896043,0.175521711501245,0.052503178300579,0.141269241575925,0.0495012447286122,0.0495685447939639,0.039723889068968,0.0532405936034078,0.123826866234368,0.0941622896149481,0.220851151201399,0.0977674665482242,0.108534484790108,0.10057788373698,0.124252970719164,0.0843349517933816,0.121822477110382,0.135989314196391,0.0399236367572228,0.0925698086827304,0.204516294676619,0.0941561053510965,0.229574988705033,0.0428190540305817,0.181232774257265,0.145078186765163,0.100292975579405,0.122221658965097,0.0888670813124089,0.12856906119814,0.118999240110139,0.0932481800480879,0.21708677134557,0.0446114163964075
0.125009537250386,0.144627650316961,0.15503832133635,0.0852687676133299,0.169259163427149,0.128665027540999,0.130512926145465,0.181007925754201,0.133862002691711,0.0891246008574302,0.093862419613712,0,0.138673229271175,0.148924582387824,0.102963806691303,0.140695074937153,0.101223637372853,0.126352106484329,0.0950604085184276,0.190763133965909,0.148807777171346,0.271078431019467,0.119478158308337,0.175827650355458,0.194563569749186,0.110709518897249,0.0914389704016618,0.118943686197827,0.0904523432083013,0.1514806385333,0.0671268946024354,0.168473557261914,0.119125238197339,0.172958162055536,0.0980756609612115,0.172516970805643,0.108887154782406,0.125038908361051,0.101529397323278,0.160674568198281,0.16328234671017,0.134162902286454,0.192263497862017,0.126761570817903,0.124052235923307,0.170729463131213,0.119895317675547,0.0920729367371734,0.0982759924271452,0.091538323519984,0.137888307260541,0.104984710261503,0.123608320638844,0.10998101983332,0.177171452358855,0.167410878412877,0.167860784731889,0.124901886272222,0.210568420892145,0.126604993775075,0.102800814959884,0.0972051236879593,0.11604210729634,0.0881524673317453,0.0873204518958766,0.118723510359134,0.163995585346454,0.148525779294538,0.199272972446048,0.0875919217042086,0.179690367021946,0.13468675586338,0.186327424857088,0.115515635138079,0.0895514599456921,0.107597906345936,0.205690830319592,0.0930454806106546,0.217586581721063,0.165124839578719,0.157853373370753,0.216753984077408,0.105885521090659,0.200952703010758,0.113360555228703,0.0964117532713614,0.101462579118484,0.28225182333396,0.106325216602682,0.138907779862279,0.255938860399977,0.140254519186157,0.107771138967587,0.134991062540898,0.120774745352472,0.125935774420999,0.116579071061237,0.173055856547248,0.235199049748534,0.273964225933512,0.17549301258403,0.227224793147104,0.248563800401366,0.126257899789744,0.130807506262923,0.181368594050709,0.129858819121024,0.210919945708186,0.0976518794432951,0.250736293302793,0.136092271628076
0.158407893451862,0.212080252319403,0.0936421687806362,0.13965793123656,0.148615789237293,0.149727204627181,0.190631622653675,0.171376184959351,0.188902994103929,0.113991239920069,0.211954133012053,0.138673229271175,0,0.174423142357797,0.263622024985273,0.103728410817519,0.198257094514367,0.138047650994696,0.132705761107172,0.150477536935347,0.146106102442494,0.0915410053792707,0.195371874755817,0.11068554032794,0.115281637908208,0.0875091425891793,0.147045072469021,0.110246202752705,0.12938121812551,0.122826282821233,0.197812253738505,0.121975678143864,0.0834294201488858,0.186095412067594,0.107118420129554,0.225494145894981,0.127653729334986,0.0797861406516541,0.112525996215123,0.145844751004458,0.0616352086633522,0.116582578796045,0.0965568439162553,0.114298300932695,0.0861932158014884,0.165212713743968,0.199093841551937,0.215427296637616,0.101620610887125,0.111004391884392,0.0969907799499787,0.115221978274518,0.108900561543047,0.0503925621814913,0.045164294861189,0.20849005616185,0.0525758029075031,0.0861891339371538,0.0986624278977865,0.175112495041064,0.220919672317509,0.108894968137816,0.14325683998551,0.125714028675075,0.197642115800028,0.114642198683545,0.0667610664652278,0.176893293104092,0.0385017558393309,0.0869717042324876,0.045606573802705,0.0360926739443629,0.0303208332621796,0.117569379922921,0.0781817724317007,0.186996908168182,0.217072080431097,0.254625393138169,0.202209150751235,0.0549284465832891,0.198259568792218,0.0282230672553579,0.0909308859633877,0.0416987073523068,0.142431025154275,0.207023377004063,0.22475842706772,0.216754214573066,0.164011993606964,0.0907748913606738,0.084095544229001,0.198401735561804,0.204766206109268,0.169896275762958,0.23327463267876,0.0702085121502292,0.190469927189715,0.216274786369172,0.079460558682388,0.243153727037852,0.0302352550052694,0.208599812720557,0.13322700289764,0.154539395464509,0.206524336239146,0.117814804277388,0.226867571562791,0.161832482725565,0.211061723478743,0.25537884085696,0.0737785537344697
0.146697697928515,0.0545417788788327,0.238604630997393,0.150319781269663,0.174795134616671,0.113301831892023,0.18796376807735,0.18584518648279,0.120335003307213,0.208126832915572,0.172788102778025,0.148924582387824,0.174423142357797,0,0.183968331774852,0.14048749684789,0.193161092989135,0.167132540094239,0.206564921896098,0.115782956401757,0.117470959627202,0.170194585647426,0.143576659647024,0.200100878882318,0.173697803142192,0.142415835510898,0.146623331978766,0.172746457620082,0.126838276461477,0.089321921113215,0.14716416442243,0.105028198970481,0.145376013803465,0.181697926311491,0.177240868807743,0.218245141770332,0.175807299750978,0.0657388581937627,0.193207167125404,0.18447299928537,0.144584666892658,0.138345316130345,0.189409061384632,0.151688918384888,0.141598563563416,0.185094833858631,0.146544054532617,0.161041273613679,0.132603216860055,0.156763499850484,0.151947159139284,0.15720560792311,0.105984994881054,0.125247974805029,0.15360384067346,0.183835733251524,0.170405693791778,0.168668157213139,0.201305484060653,0.176543003247291,0.176010347435163,0.123783396105564,0.153734199577218,0.20848187870441,0.127836063463872,0.166864227414828,0.129797829711235,0.159828788458508,0.166702969483943,0.130436186878409,0.123413193562047,0.184943116465559,0.166280486832288,0.145397309661348,0.167396711096555,0.145503356763114,0.228768725370382,0.196542407438828,0.129648642813066,0.187164948424369,0.176746477040048,0.173012247659691,0.134469925410218,0.155204604969269,0.157978016490668,0.221530973905856,0.160934639349662,0.230621282997288,0.165603837894609,0.0886789900249385,0.185196597717682,0.155937208715157,0.15434539482938,0.137864439864523,0.169990710035124,0.112259027618264,0.142794341730195,0.221740663580286,0.175639232308903,0.158459763484662,0.150459283862905,0.162048440878422,0.153900083249078,0.178935407442474,0.157009933789439,0.0972380120211681,0.155721949335965,0.162447981539434,0.175946637185006,0.190025496993708,0.106848709501108
0.133733720977416,0.218641598326225,0.176896800820284,0.107726496210257,0.117521191956085,0.143324562784629,0.20079018211579,0.160375605194827,0.202504456648624,0.155955198529122,0.0737459774504361,0.102963806691303,0.263622024985273,0.183968331774852,0,0.0496251092621324,0.0684649983082208,0.104032774944928,0.153344677971065,0.184244692506026,0.155874354855163,0.116346806519794,0.136393023673972,0.0693123795084906,0.215074225760338,0.152673147455326,0.112498171833048,0.0725851517358446,0.097438853770213,0.103417857664476,0.160030676698488,0.127903296006325,0.0393966973446734,0.240246194313193,0.109791422639559,0.268416081347798,0.123230751864736,0.119107332006213,0.0911034864669035,0.102385429269144,0.0195852176385715,0.134478349912479,0.127929040158024,0.0701605326383334,0.0361970393434951,0.124449291542456,0.156928653234489,0.0393224674024044,0.055571664107269,0.0744842291918513,0.0524071675706381,0.0304019682141826,0.135930263546948,0.0502410410897659,0.0137050434393989,0.242706813261616,0.0248645471441519,0.0787870790561775,0.0800478491394485,0.141874690205952,0.067724431250014,0.0671246843362204,0.0490802360874565,0.0696897850392833,0.137338337023765,0.167134303138486,0.0982360400175455,0.168393516396604,0.0258678165479067,0.049597952477349,0.0308529832069415,0.0413790648589468,0.0416071420622457,0.0375842564468319,0.0448656447985616,0.098012039007528,0.254494671768945,0.138619699874791,0.220654544793031,0.0430721876065924,0.185628997288378,0.061369688134291,0.0430207342183343,0.0522743987679264,0.0504951430583678,0.141031633867468,0.131532039195573,0.27454937561773,0.0814599121334763,0.12189198830703,0.127264353969841,0.145807435091614,0.11375492016888,0.140062882949766,0.179534531371761,0.0378591255815943,0.119150393717781,0.24096558549789,0.127405852692234,0.271282097514126,0.054655678470447,0.230415919154413,0.157238053498608,0.0904404077662162,0.167873604109508,0.121003490270724,0.178240474233907,0.160318958152974,0.117612097125545,0.270535520939178,0.0342999025382511
0.182165229971678,0.15124573152966,0.110701057915929,0.129211975774876,0.154225814111043,0.125081796123571,0.137534453837603,0.180060265009267,0.128085660012437,0.067613745556912,0.0551885737349431,0.140695074937153,0.103728410817519,0.14048749684789,0.0496251092621324,0,0.0452798022003903,0.104589238530008,0.0846339767937494,0.16512581905175,0.138102089661686,0.184750805014991,0.0968384678910753,0.0904109189043122,0.169046336591803,0.104161361198496,0.084198142409483,0.136584444490788,0.0908760353529095,0.130062645088662,0.188895097611755,0.168429206653061,0.0834830578035289,0.153953773619111,0.0966276178792073,0.144459445801037,0.109692565923034,0.142233184987729,0.103692941190019,0.0980547170258657,0.15443399762745,0.127989350606663,0.171423487175907,0.0514599095369595,0.0882172636856188,0.122495819203372,0.107081206796858,0.0860050580962664,0.0678305722571583,0.0961605794026651,0.0558985632517177,0.0786705395565401,0.123162840442109,0.0812919459342083,0.153995124831101,0.275714436713224,0.141699817300534,0.0956699074235361,0.122984054313816,0.108591008332806,0.0997671771128209,0.0830897551471978,0.100256129074001,0.0664182692953629,0.165358151036456,0.0995535241366263,0.166691407161305,0.134175321041641,0.184782970635061,0.0760902406315714,0.144748023151872,0.100296023966212,0.17971961075785,0.121202582361616,0.0744372322174838,0.122898535067559,0.319801673168751,0.135176659822042,0.287206116979195,0.161810019296574,0.224281753532271,0.229496023313817,0.0785231639363432,0.208870091465872,0.113364931112477,0.113831559649823,0.141188313604026,0.363426969971002,0.0956802585462544,0.157307455493366,0.270135830311894,0.174084355200463,0.153944749195276,0.15707184738503,0.180714614783284,0.100829030537858,0.156424010666867,0.275392217770125,0.23786621941272,0.33232309338352,0.162165470337714,0.310816743635275,0.277869483614064,0.105073278186517,0.175002824258724,0.216676839065861,0.170217814861204,0.203068119371316,0.0912014749404144,0.311191031716756,0.108008748006465
0.177568256149815,0.247400641772805,0.230628341113514,0.0808992202437546,0.0720617980101502,0.141023714126247,0.208123616229961,0.174251453931646,0.175523843598208,0.137671468394363,0.0832254042525327,0.101223637372853,0.198257094514367,0.193161092989135,0.0684649983082208,0.0452798022003903,0,0.0629980744304107,0.114641083097065,0.193574787435368,0.124398834343517,0.108339359652641,0.115214372325953,0.0749922181904981,0.194876811360479,0.215009529061415,0.0761569636887904,0.0701590881684155,0.0862729259108462,0.0875737464771202,0.20983474019267,0.105351358361454,0.0221634602393404,0.174407775517115,0.136276459387224,0.236639826927792,0.119008491828505,0.153525782459872,0.143740231922779,0.0518479051789899,0.0297669831775019,0.140321144595948,0.258353088277316,0.037424066911211,0.0181206856689086,0.0896557206458962,0.133482173125725,0.206379790471585,0.0353061296713183,0.166626787453763,0.030990817351241,0.036315717455435,0.191778873151697,0.0368833885682861,0,0.268537634194937,0.0279235667801115,0.168489106494224,0.0603168855718031,0.165732528157547,0.228199421191208,0.0390482837731517,0.0880546131516861,0.0760699521375664,0.162211409657378,0.240055573533202,0.180103847242012,0.166923763277373,0.0411943620725332,0.0479994403273994,0.0421845121815489,0.0400262022659624,0.0761740193213987,0.16686013179545,0.0538165939305202,0.253640835904302,0.308192366156409,0.238378348560663,0.304016510867227,0.124352712436062,0.243817355541725,0.140303110372508,0.0374939871348943,0.154192896108973,0.0876598143942977,0.252938470025581,0.323584734283918,0.325209485219227,0.104204209062916,0.188846394436938,0.22454384384285,0.223055046021428,0.310371434558225,0.216255300898414,0.343862112328116,0.0670361429435657,0.274669362070633,0.295493792827007,0.234431936268459,0.340913885797496,0.144021375321898,0.327253943129216,0.216227520768516,0.105308846088167,0.371888765726459,0.21303539426902,0.356495378303295,0.25987565584741,0.223950931626961,0.353300796984262,0.0320537749972096
0.0980554155518543,0.146891194667232,0.155188445222892,0.174947137730104,0.100157625265069,0.161647615564662,0.0977174269953285,0.171880830778895,0.144057379671945,0.0645868368794685,0.105566719860328,0.126352106484329,0.138047650994696,0.167132540094239,0.104032774944928,0.104589238530008,0.0629980744304107,0,0.0777956428167987,0.191886527205477,0.170914760512491,0.283621213977749,0.127297664709435,0.147640716532187,0.183429332865285,0.127257880997859,0.135767372705898,0.165685171300649,0.143603811161333,0.208496234979509,0.0878550199202663,0.199118516495795,0.116475766499192,0.169622415812272,0.0950348356450604,0.16340501810184,0.11723103505825,0.121576702580901,0.103950992828714,0.158026735149899,0.163656439953525,0.1370226921034,0.190006813398464,0.137372047415918,0.154628484956651,0.150737140362291,0.126240904426093,0.093275791440814,0.119335272452249,0.0899923500825053,0.224386276085634,0.0829760957452956,0.13330326688918,0.114031233390031,0.201785030581775,0.191656388699974,0.200852748726286,0.0987375686757562,0.20144241198234,0.102548396429063,0.107098308576571,0.149786062594308,0.0980534074381846,0.0881865831282993,0.102208421333858,0.112208081158658,0.172747315012306,0.159267022324126,0.232082435224382,0.157722045177935,0.232323251239793,0.169940160674022,0.219079879580068,0.104639615866791,0.109315402250406,0.100330572315081,0.214263895018775,0.11047130371875,0.268899018164543,0.149333573273745,0.178882956353174,0.228122507993692,0.204499059706534,0.238101977251579,0.0978903392686871,0.0964567611050519,0.113874077175825,0.319812820584358,0.0800612387917931,0.138712177161258,0.258443524941383,0.203640597861956,0.108313794657929,0.180677439913249,0.136805599104794,0.199334055078411,0.110890350336322,0.186313277097055,0.245403636476506,0.298534195714879,0.189756287418719,0.269413523385564,0.286430056586136,0.122437042854985,0.137438061608351,0.255529603868132,0.139404320405174,0.241627135426638,0.0941767756185635,0.265753440734455,0.173561808583015
0.130243329416402,0.279706855689916,0.0998803934411717,0.0730053205312681,0.0952431614127649,0.127982321818423,0.188876692193397,0.177827101355862,0.151926280329183,0.167300852809262,0.151566576268789,0.0950604085184276,0.132705761107172,0.206564921896098,0.153344677971065,0.0846339767937494,0.114641083097065,0.0777956428167987,0,0.222914089048621,0.146560937263224,0.0844056491003086,0.174322110998134,0.127932685000237,0.158536828623914,0.164929323216369,0.0689092556918098,0.0869968199783475,0.0813888818349172,0.111364787711335,0.167597681796186,0.0968414676935849,0.0500041865440381,0.196422694197581,0.152752946143625,0.168071744500313,0.181240382844924,0.188082024457157,0.131717300434336,0.0745664528886326,0.0596626113028046,0.176324826557091,0.140830031170006,0.0815593791841866,0.0530636758938675,0.164413222989273,0.147260470101285,0.174224677232574,0.0853787040998554,0.147611234207819,0.0717274660063141,0.108610080485864,0.130030283823146,0.0885821084822294,0.0463022879608855,0.248195400544393,0.0782778049383119,0.10793581199904,0.13701616194278,0.166007223929071,0.202931629559692,0.0599011361077259,0.123415100060752,0.213035738690684,0.146315213229386,0.121541543895765,0.0676415282772203,0.186048305299756,0.0686372694175337,0.123233238161843,0.0561273660075299,0.149133707631221,0.0682538867232315,0.108317508664035,0.103450696146258,0.153473016014935,0.236180677529261,0.232423901255956,0.252993611174408,0.0755106981598,0.205659126084483,0.0620485254013328,0.0779029965082958,0.0717007587694388,0.125537657277724,0.259210703980517,0.208433494492006,0.261613693773853,0.151953495791404,0.131579279539974,0.110651556509267,0.250384166995069,0.17986567808816,0.228171184554608,0.239124673184404,0.100526475032236,0.171518221942131,0.233293351494183,0.10124434863947,0.30776860260226,0.0691850409693876,0.280101716225409,0.238600957055312,0.195997398224006,0.218156947748685,0.155822492339761,0.241516661756109,0.15530278883573,0.166217187309968,0.264215251472063,0.0848023716535967
0.141419355829482,0.0577696297208651,0.192864364719816,0.183904752938402,0.19052538415471,0.139241489634661,0.181327117543196,0.177249484661464,0.121196302478756,0.215234144223036,0.174085618755962,0.190763133965909,0.150477536935347,0.115782956401757,0.184244692506026,0.16512581905175,0.193574787435368,0.191886527205477,0.222914089048621,0,0.146844420339099,0.140168872107539,0.147468717429052,0.183403799471957,0.16949664857398,0.162711991484481,0.168260788544141,0.17783214506153,0.159293862584986,0.0901342584305383,0.156516566732759,0.121535396070072,0.159099044596051,0.153970318811449,0.198656421989002,0.180791627566252,0.197969107745817,0.0683605998311838,0.210731224362088,0.198057095085788,0.156677244026846,0.142255901465464,0.189851272899688,0.173408806199021,0.155812873457729,0.17238968541572,0.142679166966779,0.17841924713321,0.150310930573824,0.17715567223964,0.174492049193171,0.153078055372155,0.0967769343963878,0.115982563600123,0.141839896970794,0.169188084740794,0.165907193510538,0.146867811654943,0.176847218069534,0.170172174432345,0.193988857691624,0.152415567562139,0.147441640625592,0.221718769015709,0.127896105677587,0.154199018831035,0.124555905665461,0.147455530288289,0.151250634249957,0.141275979471574,0.125031034060418,0.160662806086406,0.145861069272597,0.139110457315585,0.202549741559226,0.146079549564436,0.193955496335978,0.215795464664245,0.130292408677599,0.162807213100694,0.16661376401334,0.156603212404971,0.161808561961099,0.161779024044745,0.148235806720453,0.220250640319323,0.17706791223972,0.200145106413683,0.177357559345233,0.0606995799852773,0.171642323234122,0.162988570473858,0.162260661003371,0.135651691633988,0.182855593171442,0.134779092677896,0.140951719740717,0.182957980185069,0.17360451635852,0.158647773648034,0.148346231669121,0.157037401047785,0.12110604553346,0.156643103035697,0.159522190422574,0.106101445572701,0.170732880948569,0.168037028358021,0.165010028833688,0.192697267765643,0.127945609845077
