0,0.0263123580025561,0,0.0226086811353413,0.0476770151518643,0.0337349948629424,0.0251336321201767,0.0615244948856263,0.00339049476987614,0.0153414394455631,0.0572625722346583,0.00419356162647166,0.113668263501909,0.0735150555287708,0,0.021573749297408,0.0306849130822699,0,0,0.0216130375062236,0.070030702398626,0.0112731883197973,0.0739303856519596,0.0406533363845715,0.0635522831389465,0.0238436096121271,0.0398650860765174,0,0.000107059853368024,0.000960599885290017,0,0.021408327396782,0.116515327602992,0.0148145375259596,0.0138611924712648,0.0662813734320233,0.00528645950877351,0,0.0233191542217962,0.0044450832846133,0.00180728251277694,0.12324592819982,0.0337337375650294,0,0.0411989462592865,0,0.0177774392596753,0.0282184349637265,0.00311326518212894,0.0613473080538017,0.0131277683188522,0.0289001488532029,0.0028874436666009,0.0585617281053701,0.0557633764699768,0.104575371991913,0.020048966930355,0.125571343463346,0.0812617385209169,0.0113992757545992,0.106820711381715,0.0553195401326821,0.0905907864399355,0.0147486627761715,0.131245293010885,0.10496013024348,0.0458893808888923,0.0797446442149198,0.145615911348978,0.0753878462740592,0,0,0.0274429567316172,0.046808538275279,0.07429103364605,0.10354457758358,0.00456442800200621,0.013610627956189,0.00476518600550812,0.0359055811942745,0.0432319291085163,0.0889613963453719,0.00611529704590108,0,0.0971955160771491,0.0271656917622443,0.0454508261851483,0.0252019544280703,0.0284592705324703,0.0719419724463909,0.0685218098166511,0.0344831691428801,0,0.0209019324877438,0.133523933478367,0.061390627561427,0.0340472381007767,0.0399363260331449,0.117528196413289,0,0.0449604692772659,0,0.0118738777437485,0.108224813446377,0.0121545502622759,0.022329906035439,0.0164218807979853,0.0357336450522264,0.00920317014195756,0.000316371399688266,0.0988594391978899
0.0263123580025561,0,0.0025753029238819,0.0462385328240778,0.0458783602043324,0.0302094242113897,0.0330897890908054,0.0802547113577796,4.90179257062482e-05,0.0260643092450059,0.0999564650296244,0.0143240741209102,0.141109229113758,0.100592980103195,0,0.0443825256925768,0.0105384011234954,0.00381862066857792,0,0.00484282599428786,0.075218640618156,0.0221580088762873,0.120768657733552,0.0347073733950984,0.0993853269996847,0.0274094891544765,0.0441057968773661,0,0,0,0,0,0.145343263250099,0.0270239418195743,0.0276232475364027,0.107965434934808,0.0188835099364132,0,0.0311847053426641,0,0.00270660858339427,0.154937505548406,0.0518083299640302,0.019095091337857,0.0805475477560004,0,0.0343142851938943,0.0310278532906697,0.0016943005572043,0.130097113449762,0.0274259817807515,0.083390057312575,0.00138176332682751,0.11615006170345,0.117897132592005,0.162392908060541,0.0247833724020129,0.186702677560874,0.150578149367991,0.00135336716349411,0.18294819256677,0.0764510737872875,0.147722014872702,0.0557212464733085,0.184287212149902,0.149270436873558,0.0608093646508809,0.137046498858587,0.196790016198354,0.0873640758993953,0,0,0.0251653783734085,0.100242754904598,0.123815210145756,0.160960370724711,0,0,0,0.0225187911196569,0.0725945190136834,0.140445953793052,0,0,0.142007394569017,0.0412407170070142,0.0693450763520599,0.0269962047755656,0.0336572233216791,0.124197413457935,0.109376325874391,0.0402826736569701,0.0213158397663103,0.0263089765099891,0.186513090233202,0.116813316159824,0.046066696213183,0.0514217327039383,0.149059029265072,0,0.0310838060842618,0,0.00640634418118522,0.151979355150606,0,0.0253417934261087,0,0.0515069716726009,0.017893436079239,0.0183206297691107,0.175299911408104
0,0.0025753029238819,0,0.0397573259336764,0,0,0,0.0158541700839474,0.00382016256541674,0,0.0405460438963274,0.000371535303678768,0.0164366815523175,0.055212149300468,0.0045594636085513,0.0256457287609335,0.014093533034555,0,0.00323930290916453,0.0292281611133755,0,0.036004310733278,0.0577100470145527,0.0239750232608902,0.0333575578886291,0.00582267647158613,0.0319322176469773,0.038713055486091,0.0108756744627954,0,0,0.0154156698108926,0.0454928650306386,0.0344119259675083,0.00448684227191548,0.0865117700636194,0,0.0197146436552835,0.0186317306784928,0.00500899106231709,0.0123899921215124,0.124383034628052,0.0256452549323752,0.0611062450296579,0.00929498263794303,0.00440864180614853,0.00949487322834633,0.00334480811425195,0.00689781422367919,0.0811280547857082,0.0369141158452382,0.114159819074273,0.00176295359397911,0.0712330812427891,0.110224997713468,0.0993975355763598,0.0186155196753282,0.11700338698679,0.0762554942997824,0.00498000253254104,0.111160095639469,0.0015295770171584,0.095253324974558,0.045741630167391,0.08724160653687,0.0570792585705247,0,0.0532088747158355,0.0839057526509658,0.0339483655096609,0.0106269782329327,0.0208969473735716,0.00374709333228479,0.0567102947837263,0.0723323059297229,0.0936330127840491,0.0080932104872771,0.00475418848789813,0,0.018431794611981,0.048126184480335,0.0746096879803569,0.0117260817767202,0.000465243268340692,0.0848511004208361,0.0277047525460474,0.0536572514385503,0.00277104689113895,0.0111628997371957,0.0857934547857294,0.0843351889328835,0.0469962259909695,0,0,0.119119069898181,0.0456028180881832,0.018449976118254,0,0.0896107321933799,0.00273052687706152,0.0197757413518829,0.0332219503788237,0,0.0729513433121867,0,0,0.0138036215289906,0.0201018585543257,0.0294189815936781,0.000174513880918904,0.120422116574525
0.0226086811353413,0.0462385328240778,0.0397573259336764,0,0.107671903451376,0.217518663340038,0.0125461513147021,0.0197764902193166,0.101813982755756,0.056134774884457,0.000206994548187782,0.0341405491550342,0.213862055014294,0.022338676864449,0.14481925665953,0.0348288558291697,0.0575462735024065,0.0961565371230679,0.0814597402513075,0.019281898221087,0.125276804568351,0.071488124210917,0.0555096956428378,0.0121953269348938,0.165060119271508,0.19243009888389,0.0106702673853579,0.0131645676463315,0.0778695493240703,0.0998168601721631,0.0136540515216203,0.106597355286795,0.176484721427109,0.0582285307942638,0.0755025168771516,0.0238019562273901,0,0.131500071189656,0.0520331066332737,0.111715145798419,0.0341758510230758,0.144279453848572,0.0118721813947012,0.0258256948351786,0.154695702360264,0.130921958029175,0.10502863373845,0.0425703703666103,0,0,0.0508995791573335,0,0.0975053916920817,0.0133787816727809,0.0204922810494137,0.148378744420582,0.19679945284383,0.118528965204825,0,0.00281791884908068,0.0470472188714369,0.223912531615426,0.13211973602045,0.043509580233793,0.287231053477934,0.162021403099962,0.194967692028974,0.00160954425602493,0.204955786532386,0.0572901393021985,0.146726510160898,0.137277722488367,0.130402045666906,0.0122066421840752,0,0.0782275724622355,0.120684686689555,0.130890340390937,0.0374741871583571,0.180771687078593,0,0.0885751128902886,0.126694167797249,0.0874893791037701,0.0828620293717153,0.0182915186724659,0.0373791555155234,0.0595237527285944,0.0223022708633118,0.0246398192176587,0.0798905779922382,0.0554108490501326,0.0107067449892734,0.10291399625598,0.229483825206055,0.0253979075256416,0.192604441254391,0.162362257947917,0.176323911777174,0.126462953422124,0.15967046552342,0.0647164397972902,0.0224047713801788,0.195818323772405,0.116182004818506,0,0.0252980494057209,0.00293521576943828,0,0.00929580064307756,0.0884991540903799
0.0476770151518643,0.0458783602043324,0,0.107671903451376,0,0.0222776233347894,0.0578440870483067,0.116809127613104,0.0672661876811268,0.0114239848544843,0.130096537142656,0.035205909380027,0.0253845464937479,0.0969930827779813,0.109676290857965,0.124008833345899,0.110142072805856,0.0118084849082233,0.0510815765786375,0.0362481113640091,0.0297558419446835,0.00754424861082946,0.100417126893901,0.105721742376595,0.0348381758929093,0.0182267547689203,0.106051776740665,0.0156043999221836,0.115135840675684,0.0688372180480673,0.0156523847562032,0.0903388604416735,0.141029763417975,0.108787366888821,0,0.163431443301259,0,0.0774893967351758,0.000357467002080833,0.0837026502323046,0,0.157001045081683,0.119846185392981,0.0816496842225269,0,0.102243322278964,0,0,0,0.151834963444097,0.127409949276866,0.141718241723493,0,0.129454052535285,0.107738641221576,0.123950220868035,0.000136936574269694,0.14896193320711,0.146257227822953,0,0.159871839765178,0.00292869150310099,0.105481001419466,0.136154537729939,0.111530049735591,0.0924149153739433,0.00116276678133586,0.176535206654828,0.125877874706303,0.0524180740778296,0.0783318946617741,0.0834349221362821,0.0197002283162043,0.161759689707522,0.172600180319877,0.181768098523313,0.0664219143880999,0,0.00580564927815539,0.0368580712785728,0.137249624724025,0.159698003582051,0.0795882392108297,0.0126727230292264,0.17336027849892,0.109123785256094,0.0837153040349815,0.015812766384841,0.0785863125500669,0.155086476340222,0.140141683314189,0.0399139083391111,0.00924063467372339,0.0110795601035383,0.15218928545,0.12297960121479,0.0111787664103668,0.0155076245389836,0.121024063892673,0.116113902982883,0.0229929541727216,0.0084702827500323,0,0.104605442900088,0.0842311076604414,0.016760984505342,0.0734882474154576,0.129530507191801,0.0500139320332873,3.26845717900677e-05,0.134013913635153
0.0337349948629424,0.0302094242113897,0,0.217518663340038,0.0222776233347894,0,0.0943065828929121,0.167052901500364,0.122298068613598,0.00660938923539143,0.231630589567594,0.0641907371110915,0.231087139557747,0.188386134878241,0.250214218177916,0.198221191983577,0.158442549596955,0.015161334409555,0.0509357519737271,0.0718794943895835,0.047933582308245,0.0262803591537969,0.22770071221944,0.147672689871235,0.0879594727523356,0,0.156553258717658,0.0242682628877926,0.249976822286862,0.140095078110505,0,0.176174585594249,0.246830586552038,0.207121982561077,0,0.306313281419391,0,0.165296309357464,0,0.199604549850842,0,0.296114120783937,0.154168091535956,0.150565635654535,0.0113405975014532,0.226261993504921,0,0,0,0.28223327107968,0.251236117471385,0.300617891588763,0,0.202466229432814,0.19462991397373,0.259686646033029,0.0175727474924942,0.280910046090079,0.246930454021888,0.00642915798271989,0.273956152680639,0.09475210600307,0.243233738488687,0.261778867295419,0.333672033683905,0.174969921403339,0.0224551894858292,0.287184542393985,0.263342930652373,0.128625014919297,0.296075675939515,0.2524209060668,0.0164818859880334,0.258256520870478,0.345197226933777,0.357671422683433,0.189457350844641,0,0,0.016723736507483,0.288735464834806,0.322022195626257,0.204835072795131,0.0273639206323691,0.349267618731735,0.23630222955034,0.17832560193664,0.0230204810053079,0.146563701851908,0.325852985618974,0.293437341186718,0.120711502256092,0.0184486037005214,0.000750482452472806,0.345716180730813,0.270821449101408,0.134500609842633,0.040760343527359,0.231595761938556,0.145488062704381,0.0158869571653385,0,0,0.206827693221277,0.05262789446226,0.0247076370507811,0.11241378686304,0.205012492555409,0.0884279511261022,0.00927246974358231,0.284463508948356
0.0251336321201767,0.0330897890908054,0,0.0125461513147021,0.0578440870483067,0.0943065828929121,0,0.0300741869299787,0.0323049621971451,0.0472860240461471,0,0,0.0839281314741341,0.00461977463102188,0.0675612528168743,0.0407666140367975,0.0674179505046924,0.0477434566159783,0.047988539375836,0.0124316767382881,0.0858519459091439,0,0,0.030412658876775,0.0355481477136413,0.085448134514964,0.0383201066059187,0.0259470914434798,0.0507154319631507,0.0660091101682527,0.0290210517628059,0.0557272518607321,0.0356620929059707,0.0543898990059426,0.0569388344307321,0.00374422948307091,0,0.0563798375203106,0,0.0633785424537798,0.0405103615265527,0.002734490764815,0.0289594430758426,0.0188417035212107,0.0602801551296169,0.0862916983722392,0.0503271599753053,0.0546946674779098,0.0102587843025623,0.00366339802644727,0.0404908327731416,0.00956072721245429,0.0716389047338356,0.00655945424072004,0,0.0539152710876845,0.0848708997041691,0.00241553660447209,0.0112217911650779,0,0,0.109189077625221,0.0101564820397541,0.0482324909517553,0.127011670949534,0.0757391995103481,0.113453263617763,0.0189787580858115,0.097116088001437,0.00248096584196539,0.0670992784757155,0.0632288431999596,0.0608057645243437,0.0424121048416869,0,0,0.0562177661297188,0.0489550357517084,0.01346314464926,0.0900263074675195,0.0065836836356802,0.000862861330452218,0.0729772238851198,0.0320757006633888,0,0.0318762048473242,0,0.0249385839731058,0.041917338744249,0,0,0,0,0.0600967992276285,0.035744061947039,0.0103467104307974,0.0777405498619469,0.0865646339252346,0.0442784443035274,0.0720274094961568,0.0945000352850511,0.0140024347370233,0.0347100936019386,0.0914581806592264,0.0682731739029672,0,0.0366742483341886,0.029472884249842,0,0.00693941306563367,0.0123801713294033
0.0615244948856263,0.0802547113577796,0.0158541700839474,0.0197764902193166,0.116809127613104,0.167052901500364,0.0300741869299787,0,0.0157546620645542,0.101398392003543,0.0534932846109135,0.0207509523787715,0.229812142570248,0.119148620989749,0.100812721930636,0,0.051970792390718,0.0249123795451929,0.0745940409724721,0.0168556854740627,0.144088596511952,0.0441436465218201,0.117982708623024,0.0154059373044987,0.141766013024135,0.130686647877033,0.0143789163108781,0.0201138137554303,0.0498287461955437,0.136746055787879,0.00260844883104806,0.108216550464323,0.168537836080357,0,0.0814845300953451,0.0680046786341714,0.00902021157207788,0.0239707047211921,0.0626040863835431,0.131814934523217,0.0349003263826957,0.172397769827145,0.00865828373974596,0.00247706940968617,0.153950411284804,0.0508914811435806,0.103406563145774,0.0764544564615542,0.0153613294844632,0.0759856634401007,0.0267086990518111,0.0149988786879735,0.0628622415844566,0.0703642946991974,0.080058058906621,0.178564265064569,0.0890631639383357,0.201938545432642,0.117077710649124,0.0165382460005068,0.165328370296356,0.201000932333479,0.15973555370203,0,0.244600338610495,0.184013549914102,0.205233929100131,0.087643650560318,0.229603474741802,0.104389284127449,0.0759708047443702,0.0366559928490123,0.141250779897648,0.0260205981738977,0.0715504555581099,0.136264593897571,0.0536621745573633,0.0585800683447279,0.0144278925609544,0.10398894092091,0.0234805075698976,0.111216674902401,0.0734335573401714,0.0502181508688486,0.129166937527475,0.00703312560977636,0.0516413149186581,0.0720649665416624,0.0143354243853256,0.0870810814762872,0.0882108438454354,0.0453167645957823,0.0139577144798807,0.0711951948694826,0.217410932497731,0.0826904649041404,0.131303132049633,0.139495200768131,0.196520567249296,0.0529923275840742,0.0937505517995437,0.0173977939705526,0.0342169910598714,0.180078650620167,0.117687886321714,0.019500543136956,0.0411725765649314,0.021169785316111,0.00452305613775224,0.0278641717817459,0.137830396021257
0.00339049476987614,4.90179257062482e-05,0.00382016256541674,0.101813982755756,0.0672661876811268,0.122298068613598,0.0323049621971451,0.0157546620645542,0,0.0395796457735866,0.10156030871377,0.0186661657655569,0.19609089960667,0.108626317995104,0.00390701415093755,0.043037414230961,0,0.0194609648744431,0.0192868390624411,0.00724791282422213,0.13225178331508,0.071858212731433,0.153399629043009,0.0256580446587661,0.136749136734468,0.121541521632299,0.0377660106304491,0,0,0,0,0,0.179557099858975,0.0388822961349366,0.0246982260246651,0.207718375625116,0.00404856606722225,0.00236877753486423,0.0285994885056014,0.00162908009937823,0,0.23620370502653,0.0357757063704929,0.0128698571909299,0.0776153981559278,0,0.0216809074668562,0.00816780890391311,0,0.143316202107105,0.00778410784188992,0.170372154600993,0.0203423336570474,0.151990880834125,0.162241957541656,0.246779237732313,0.140902613950092,0.239193082945989,0.138982269365509,0,0.241119533808386,0.214366511200493,0.223065962385105,0.0800818864693413,0.317381708474268,0.200954208482403,0.159520921009075,0.16889232742946,0.265060925828859,0.0908346810598537,0,0,0.0560701326556119,0.0898397818979373,0.189114156449697,0.236160565528932,0,0.0338123832058537,0,0.0976757746588544,0.114724936039455,0.213462643322889,0.00578439488691186,0.0174671727171876,0.222042268705807,0.0496931467615579,0.115241868610379,0.0687582290783203,0.0310207338574154,0.205311786017824,0.208701685728589,0.094978826083645,0.0249369304186223,0.0520073739942843,0.310726988952048,0.181903198689879,0.153349081481802,0.121943617288627,0.222343417343303,0,0.104055419094152,0.00279483571828951,0.0112465551488156,0.232487826784683,0.0449072328323592,0.00339835795358857,0,0.0697118981608122,0.0361696778034954,0.0471925020005989,0.273901924631126
0.0153414394455631,0.0260643092450059,0,0.056134774884457,0.0114239848544843,0.00660938923539143,0.0472860240461471,0.101398392003543,0.0395796457735866,0,0.102816769944229,0.00567466085070058,0.0605640341089198,0.153587023109554,0.0224711580867557,0.0819568939490884,0.0506635479417359,0.000638131362343745,0.00196264549463449,0.0404973332867576,0.029162991867594,0.0281896617173223,0.108674774189743,0.0837302592909288,0.0824388887834031,0,0.0594037305742188,0.0136066717943519,0.0448974843404114,0.0116068375109166,0,0.0130507487055087,0.144668518149091,0.0490678804170661,0.00380730719141414,0.144147935996079,0.0138352542920099,0.038629845923768,0.0205329283988718,0.0210693238834314,0.00249216381531822,0.162799706294228,0.0924277739517819,0.0536694313184732,0.0309211857441502,0.0323519912589021,0,0.0216714578686986,0.0126979939448846,0.173496502611857,0.0867189680558905,0.121176311191795,0,0.145185049248323,0.145948659668635,0.152359476797369,0.0141628605980254,0.191425764243796,0.173857438405989,0.00701729368158064,0.199747898333081,0.0318985871837692,0.143080356900299,0.113961412723449,0.164782487196254,0.135409868145479,0.0128955963195429,0.149604422140281,0.181164515374307,0.0930503146167215,0.0191388399076954,0.0317433423527252,0.0105927509682054,0.147543475968256,0.134985238914077,0.158884500735788,0.00408695725121097,0.00159120799991679,0,0,0.0796370730087956,0.131678817499897,0.0148025972911452,0.0017538681220917,0.143806489361752,0.0469921227313299,0.0614171293623718,0.0315168828387692,0.0290015231965111,0.13506741030859,0.108594229192947,0.0425615641643091,0,0,0.197413052014304,0.116651264969312,0.0196613140901298,0.0159909418202427,0.173208349546565,0.0184079285434641,0.00768809772379516,0.0062594776642195,0.00265896308980593,0.127356735316036,0,0.0215906445060605,0,0.0933432893604336,0.0454469409108726,0.0229823049617076,0.146211960483535
0.0572625722346583,0.0999564650296244,0.0405460438963274,0.000206994548187782,0.130096537142656,0.231630589567594,0,0.0534932846109135,0.10156030871377,0.102816769944229,0,0.0621044605244247,0.227104544594752,0.018888630887227,0.183755803056197,0.0426886008127686,0.0910695997434772,0.0985395320342681,0.0983848598848125,0.0181369935057579,0.145198611841105,0.0876534697272141,0.0617544707290109,0.00700707132197523,0.166495415119354,0.192738322348915,0.000627415336792602,0.0386687578599989,0.13778027239314,0.187871833453218,0.0232492139956601,0.14085650785249,0.160262626495298,0.0941542801969245,0.102182254039814,0.00625651323850431,0,0.131036574991949,0.080095901889191,0.172229743924655,0.0360765649618354,0.160529994990058,0.0289069458069992,0.0666046382106262,0.166119663233697,0.147313950969474,0.143317418022993,0.0698046503993564,0,0.00689529371220148,0.112481206449671,0.0166239441870852,0.132525820613818,0.00859834791741364,0.0252345825608102,0.162203223451556,0.198424565104521,0.151759967233961,0,0.0384377404078825,0.0518023253922121,0.251669067665598,0.171531674789637,0.101306664821639,0.286564820799411,0.184196833491725,0.229365157309467,0.00039117956670759,0.247535728781294,0.0641248558927489,0.205089970081952,0.189850699170397,0.19809080497301,0.0483440884548263,0,0.0361251329945754,0.186758261587562,0.176322723677321,0.0658955429642891,0.205386092294516,0.0214046999268729,0.036389527722939,0.159509014696074,0.167852678914197,0.0496972061174543,0.0741727154422928,0.0282862935765001,0.0626470808545476,0.0443178021696702,0.00402686753994128,0.0407119657725899,0.0552810216438265,0.0255121936515066,0.127379920679537,0.216680827311993,0.00455474405983051,0.226373886917047,0.171906605453997,0.172986221106534,0.138776700880592,0.171759079086861,0.0181990850529105,0.0629217005168666,0.192422602269807,0.131795159905157,0,0.0958271744380873,0,0,0.041912125843612,0.0781389079871127
0.00419356162647166,0.0143240741209102,0.000371535303678768,0.0341405491550342,0.035205909380027,0.0641907371110915,0,0.0207509523787715,0.0186661657655569,0.00567466085070058,0.0621044605244247,0,0.0732151573749087,0.0276164439152579,0.0336114720015172,0.0233868971324194,0.0216127363040074,0.0067885134115464,0.00232897874561237,0,0.0367765928890024,0.017653675724109,0.0742682369375168,0.00457654832068942,0.0233715653811002,0.0426337218815026,0.0386283980008892,0.0189482042519679,0.0312125154616571,0.032146591120428,0.0181621499856128,0.0382927439649435,0.0473728616638641,0.025932358246664,0.0121471629928598,0.0717833665917072,0.00647296895860166,0.018010340804604,0.00807689841969787,0.0370008764405167,0.008811616725226,0.111451304593554,0.01110565225899,0.0440874078586079,0.0255758577979729,0.039713778362065,0.031543720251313,0.0122680281894851,0.00503914918190069,0.0694622761924961,0.0408345671673488,0.0695887034310798,0.0146399719808133,0.0232890510606234,0.064399689039028,0.0871099227127165,0.0435402755667966,0.108457593650829,0.0592132298354452,0.031518098025652,0.0779262972044284,0.0620370674589634,0.077331624144064,0.0343502376116652,0.11498929291653,0.0577149770935944,0.0583555614289158,0.0656379486870957,0.110932613033861,0.0238296086899472,0.0383365633666617,0.0374371893997775,0.0308728654857739,0.043209884795141,0.09123670594698,0.116314118370483,0.0406277384385152,0.00780619158348384,0,0.0407481352937504,0.0609225311611587,0.104641863661952,0.0287459752265858,0.00892803670185516,0.100613823812167,0.0398144007930557,0.0355637622591618,0.00920201469451391,0.0230506995783246,0.0858737081897464,0.0672148673537222,0.0115945566756435,0,0.0284694700475991,0.122313419270865,0.0540706440277964,0.0471458719304501,0.0427763829028964,0.0716346944136169,0.0159616324018059,0.0455042493062002,0.00701205532189072,0.00199453296350495,0.113275084393896,0.0103956051040023,0,0.00648917954449802,0.0132178834798381,0,0.00536447183406084,0.112991383565657
0.113668263501909,0.141109229113758,0.0164366815523175,0.213862055014294,0.0253845464937479,0.231087139557747,0.0839281314741341,0.229812142570248,0.19609089960667,0.0605640341089198,0.227104544594752,0.0732151573749087,0,0.174176774653454,0.291972167883298,0.235496189326124,0.230718526801476,0.0502607972956317,0.151681929000612,0.0735168679176769,0.0302310246734758,0.00699103821067876,0.203043544113061,0.170162496124693,0.0148211927807276,0.0953539789120842,0.159993166795568,0.0925907757955648,0.278201436455818,0.256549007987667,0.0352838892349184,0.258746458626398,0.190155566915745,0.211614130332157,0.0119437430750073,0.282785444029863,0,0.209778307007963,0.0179057082594761,0.287933005086062,0,0.246331574101123,0.184007058077256,0.219672309564851,0.0211350667308979,0.250908752155226,0.0857200739141106,0.000558519040184599,0,0.275939916530372,0.279507531252675,0.293752124752471,0.0620339876638236,0.194937250656205,0.185118402010089,0.203168170591996,0.00215022697078502,0.239960546771238,0.254009208170265,0.0231805863247461,0.249193974592133,0.14317321000476,0.168541986170967,0.278426764798409,0.177754985130837,0.0744671909764655,0.138842529010515,0.280438765860958,0.183080035529708,0.0923702123336578,0.298328892505404,0.274285481416412,0.196991829117751,0.27743289397371,0.303622117663353,0.309561107329199,0.253476312193775,0.0277931510743508,0.00440328082255315,0.106523024743873,0.272298621638502,0.279395195464284,0.250840599489155,0.0911865123069647,0.303241047844148,0.247045762501045,0.162951858231729,0.0126779509477555,0.168827865346985,0.285823203382128,0.254284751985123,0.0840951991894255,0.0100155000795976,0.0119168289415201,0.267497996975623,0.227061121589646,0,0.0603235210644312,0.15259881605746,0.206314527977146,0.0224129752121745,0.014753101616557,0.00749000926696073,0.121783772808189,0.197281744336692,0.0245956130318002,0.186215605068011,0.207118146526837,0.0968249750657531,0,0.255359687217735
0.0735150555287708,0.100592980103195,0.055212149300468,0.022338676864449,0.0969930827779813,0.188386134878241,0.00461977463102188,0.119148620989749,0.108626317995104,0.153587023109554,0.018888630887227,0.0276164439152579,0.174176774653454,0,0.173369421935436,0.115723269801242,0.184197781147131,0.0618413408276676,0.15355623666622,0,0.168085409544977,0.0433699600443712,0.0136052559790623,0.0526586129156778,0.160083629224687,0.167731949926018,0.052064341414568,0.117627970934038,0.163026614409369,0.163429080810711,0.0317184402209361,0.194740469016604,0.0776400402549024,0.0832454142415553,0.112274015141898,0.0581768679754445,0.0168271304774607,0.126580710284302,0.118648954118025,0.185090177747858,0.0859357375808685,0.0245425526690007,0.0567436446351369,0.125223452709392,0.178751878721156,0.147661471845893,0.15232063385652,0.127972425276434,0.0239587895312686,0.0730427032950606,0.173760271972843,0.0965347577540466,0.12505149820991,0.0028247735476961,0.00955600460373982,0.0702221987468115,0.123980196009634,0.0362218159540032,0.0406836729424397,0.0626714631932619,0.0125328053624394,0.211228646244715,0.0384766550818099,0.129032707189617,0.200590966177567,0.163180486059196,0.201512003305866,0.0447876160399675,0.144407791387652,0.0369582273214853,0.162997628846557,0.146507531190965,0.194060606757849,0.107722029291004,0.0346664294319905,0.00340598002695716,0.150505577327074,0.0788111690582676,0.0289575435962516,0.16726694877619,0.0532083444475327,0,0.181458102490726,0.0820217589419887,0.0108104618520071,0.0781996338408433,0.0345912971265781,0.113117187098953,0.0555745545970943,0.0402591221749349,0.0147672605395447,0.0174206438007311,0.00426658989444485,0.0951656549478451,0.0705954625073777,0.0217752313284321,0.117389374783494,0.178987775584161,0.160133837116828,0.154210018169782,0.120212387269126,0.0745958493999705,0.0581751575671203,0.118760836882387,0.19005538061391,0.0129262152404787,0.165440418960433,0.034031635888641,0.0241289061840348,0.0324204643122717,0.0267746218563545
0,0,0.0045594636085513,0.14481925665953,0.109676290857965,0.250214218177916,0.0675612528168743,0.100812721930636,0.00390701415093755,0.0224711580867557,0.183755803056197,0.0336114720015172,0.291972167883298,0.173369421935436,0,0.148753835262423,0.0631413622983666,0.00790939377021611,0.00779641234244269,0.0538116535328892,0.107353974957465,0.0573514572406901,0.204229765094921,0.104668319301506,0.142090089320898,0.113671434446204,0.0990282774244442,0,0.108884116771202,0,0,0.0118552993345668,0.24930527791618,0.0934779532206144,0.0356088797403747,0.286790870706706,0,0.018348645465169,0.0260274514080044,0.0266470710450653,0,0.305844837964727,0.130803739969577,0.0654505567806487,0.106798121764212,0.0350046440464856,0.0320742363473716,0.0168279177076069,0,0.28828056608408,0.193485890786023,0.2736850734437,0.0040196310539,0.181020628832751,0.183160142560141,0.265606217627542,0.0935048195825109,0.293557530142041,0.244168485094686,0,0.281888578799069,0.283965365546938,0.250891500210688,0.200223312171382,0.337975867106832,0.207656215921416,0.199307730272529,0.291917999216242,0.283019677965055,0.116828892948666,0.0113270227525756,0.0292487478924428,0.0749373145015895,0.244629732296113,0.325976794559341,0.358084627735552,0.00267564370370999,0.0348813625364393,0.00325637850127146,0.0569667987671986,0.217471615375473,0.291044632241832,0.0437657040952302,0.0132696792018853,0.352521869976731,0.1310324051903,0.14828131585909,0.0570958078205052,0.0742801091604405,0.312000244435909,0.261280300811638,0.109892310441536,0.0158356476606258,0.0358846297769736,0.355924063967569,0.230530956599307,0.213301110337572,0.135139510716326,0.25244353804964,0.0110275922612579,0.0610996247083959,0.00471004034330322,0.0137160722607067,0.231642637915902,0.0124354703614101,0.0175582033298076,0.0342926173738579,0.160992014920931,0.0580089244959528,0.0281891267116039,0.276315130257203
0.021573749297408,0.0443825256925768,0.0256457287609335,0.0348288558291697,0.124008833345899,0.198221191983577,0.0407666140367975,0,0.043037414230961,0.0819568939490884,0.0426886008127686,0.0233868971324194,0.235496189326124,0.115723269801242,0.148753835262423,0,0.0417082090228892,0.0322171052346606,0.145086768199632,0.0357122138794216,0.146402571301969,0.0783735190639999,0.114685867487525,0.0398113029555245,0.179121400208185,0.165752125997854,0.0199877675584516,0.00771981889129607,0.0419214437608122,0.093366822694272,0,0.137061201880827,0.21123916363622,0.00278200752457066,0.0854616759221212,0.117804601113376,0,0.0835275867103842,0.0710359699528599,0.116403896977993,0.0332762155744346,0.228536462878359,0.0164798906057484,0.00371038649537283,0.180587717689598,0.0858152671739508,0.101251095670856,0.0700762277313206,0.00363585468271931,0.0861543141720301,0.0280110993847653,0.04637826128499,0.0838457324516886,0.101393014019594,0.113006399274655,0.183348208435986,0.128928584186904,0.225524154570661,0.130017296214652,0.00190818953106257,0.20673816174433,0.23992896447593,0.182697826048647,0,0.294907855134205,0.203576430693072,0.235907411866527,0.10973724675875,0.243819846149001,0.0857213149898718,0.0890803242188059,0.0497806921675502,0.160696336479936,0.016636269200123,0.102319354971179,0.17476659953681,0.0559827319270684,0.0808049417281227,0.0157726680133207,0.119479677913149,0.0467463248959024,0.154776499893145,0.0838716903307461,0.0543232447822931,0.169738249101717,0.0187646543166186,0.0940569016116698,0.0621943801352196,0.0316600357327924,0.12307095913719,0.135180799466853,0.0824776140388775,0.0086407777767512,0.0899439773782847,0.279922007213701,0.100227754463135,0.201328115534725,0.156564181792308,0.234169065974806,0.0824695700596714,0.110855043252837,0.0304823694162985,0.0341437153603103,0.202498703407225,0.140087344119819,0.00780954035832489,0.0153033525439561,0.0460328681920235,0.0145104233539433,0.0457194065383017,0.175274340042609
0.0306849130822699,0.0105384011234954,0.014093533034555,0.0575462735024065,0.110142072805856,0.158442549596955,0.0674179505046924,0.051970792390718,0,0.0506635479417359,0.0910695997434772,0.0216127363040074,0.230718526801476,0.184197781147131,0.0631413622983666,0.0417082090228892,0,0.00726777592477892,0.060465558456236,0.0497839777927027,0.198588040492411,0.0445114068235902,0.141121202587985,0.103859059818581,0.177888474800871,0.149526093483371,0.0456655579520654,0.00597001591668899,0.0192142304307832,0.0569487584158952,0.00719626589808623,0.0518995126001624,0.205644406808609,0.00994310167071177,0.0930178700147121,0.169983932102865,0.0171650667752527,0,0.0514349083256567,0.0642446698578149,0.0435864527864231,0.193061742169107,0.0660901261182429,0.00809677061544332,0.165816095077339,0.0327758375209302,0.0920489907476079,0.0700944375015543,0.0260459276148468,0.145785108600984,0.0120537532887076,0.0703504206326464,0.0335372050226608,0.106575296235645,0.103634355948306,0.235862135842284,0.100135494220394,0.208960825749784,0.126655519033128,0.00666278546856848,0.187020425621718,0.213587017032552,0.174297847991447,0.029961342291026,0.305669255870612,0.205943198610019,0.207780788229475,0.137936312299407,0.257224846999409,0.104361416752156,0.029791842538859,0.00600686574983175,0.118272733595319,0.0734952721102679,0.164276444072556,0.214610111347269,0.018226570517,0.0318846470569491,0.0164553046231566,0.0720314564700038,0.106185161568901,0.21112108331369,0.0385702693428664,0.0356114360556837,0.195777896312231,0.0439487576413561,0.11283788915136,0.121671901348396,0.0450906096268793,0.186473974731886,0.190020440620961,0.0696244324265766,0.0205743752179844,0.0622389889908596,0.286095884110839,0.176673022430036,0.164700084186062,0.214722858892202,0.255526590907915,0.0413638227023923,0.0697034515761243,0.0523772482524253,0.0234555136958115,0.224943835514882,0.142730742240224,0.0311165726861725,0.00343450190987836,0.0916000952236793,0.0309143481753037,0.0474835338990317,0.21988781172249
0,0.00381862066857792,0,0.0961565371230679,0.0118084849082233,0.015161334409555,0.0477434566159783,0.0249123795451929,0.0194609648744431,0.000638131362343745,0.0985395320342681,0.0067885134115464,0.0502607972956317,0.0618413408276676,0.00790939377021611,0.0322171052346606,0.00726777592477892,0,0.00358535087604703,0.00522518764728242,0.0629630360631848,0,0.103069839900358,0.0221095932823371,0.0634215416192695,0.0190742371543742,0.0478099550515429,0.00829655784619935,0.0114159924340619,0.00425001884395669,0,0.0100597739556551,0.124016644138968,0.0331740462516791,0.0327256073703202,0.115373618759371,0,0.0137588044974758,0,0.00627778483109783,0.0144835963259207,0.139325172487296,0.0303096670989842,0.044806532620521,0.0321238127816486,0.00455039262501697,0.0204130428261937,0.00370038280824773,0.0136527427187355,0.0857703787592968,0.0284860394333774,0.0944644658912842,0,0.0687544546453976,0.0812277104637491,0.168558900586749,0.0186944488286372,0.15629677374491,0.0739164608992022,0,0.134331301776755,0.0345152093619225,0.15752165543242,0.0412076713121836,0.175054689997836,0.113585085816799,0.0379580890320947,0.0965304114239271,0.204525571968698,0.073912297932299,0.0180211858666439,0.0313154160083702,0.0120074506822333,0.046417657917178,0.172723827172893,0.20077547159734,0.0179369809576038,0.000851006768529999,0.0032363435164878,0.00390904541989459,0.150846189419847,0.207585902238932,0.00939436522781893,0.0116754449896299,0.177939647979158,0.117241120436947,0.0929572664754719,0.0782538704878873,0.106732689055458,0.1672762099462,0.176593645538506,0.0239686822522478,0.0319419300857128,0,0.195921196906438,0.180019409665977,0.0455697691367072,0.0689897083512841,0.133179241401011,0,0.0184770386842457,0.00713300239822221,0,0.152880070034914,0.0068258032520274,0.00248131445312665,0.00853002911073233,0.0691214975234945,0.0442903998040877,0.0120732533032466,0.155115199647922
0,0,0.00323930290916453,0.0814597402513075,0.0510815765786375,0.0509357519737271,0.047988539375836,0.0745940409724721,0.0192868390624411,0.00196264549463449,0.0983848598848125,0.00232897874561237,0.151681929000612,0.15355623666622,0.00779641234244269,0.145086768199632,0.060465558456236,0.00358535087604703,0,0.0406819370137555,0.0926926779457847,0.0715858642240466,0.15029839640406,0.0882604325025549,0.118673134808907,0.0538923145477545,0.0581314799615716,0.00819526724150646,0.0287625431396258,0,0,0.0297299072409721,0.180382767061702,0.0429792951329637,0.0143850187396891,0.212473849404974,0,0.0142837272988661,0.0435770521508614,0.005566387089774,0.00209585070844135,0.23049421252936,0.109757291668824,0.0389559601060252,0.0747440498785527,0.00390740010151654,0.0163829616002845,0.0189705885483481,0,0.188176685837569,0.0650303176239261,0.157570597267246,0,0.179715802297103,0.185014512477197,0.182983532832495,0.0610326317750305,0.235374182733383,0.190664309933206,0.0100540070150632,0.245536166534552,0.113628600316807,0.185747048290403,0.102184616152449,0.2450083158343,0.181411002711399,0.0889901734956745,0.179035734358128,0.23374216483797,0.0918211575391144,0.00528913811838448,0.0148217112590574,0.0413088004030627,0.156831605636467,0.162895239753717,0.201089115262409,0,0.00595136881609385,0.00321504965727566,0.0300575407172986,0.102320186802289,0.169890229047374,0.0200507166701058,0,0.194924237385723,0.0560626970371772,0.112015388703404,0.0588640732669834,0.0392601966773359,0.188659343995439,0.165548844044751,0.0838763099154304,0.0130275239911291,0.0291996315013454,0.2756658817919,0.158199188360501,0.0931116793576973,0.0847170497763131,0.223669906533355,0.00599074472527091,0.0430657290263987,0.0105737854330747,0.00114648616206233,0.18767524741892,0.00667713050376292,0.00914753526939318,0.00279095316823726,0.101648740413435,0.0434524905652301,0.0314914290750743,0.20704467963501
0.0216130375062236,0.00484282599428786,0.0292281611133755,0.019281898221087,0.0362481113640091,0.0718794943895835,0.0124316767382881,0.0168556854740627,0.00724791282422213,0.0404973332867576,0.0181369935057579,0,0.0735168679176769,0,0.0538116535328892,0.0357122138794216,0.0497839777927027,0.00522518764728242,0.0406819370137555,0,0.0778621432100013,0.0141932774482642,0.0266176731215534,0.0265381053172453,0.0746306900121712,0.0516501121955717,0.0386217734772996,0.0452193214945416,0.0553790442346529,0.0549934223972869,0.013142204157397,0.0551234004985018,0.0297457095949257,0.026643914642838,0.0546873388122836,0.0327395865716039,0.0185626220686207,0.0176180872928041,0.0664591682923234,0.0617239612884556,0.0499070466368475,0.0245607658224379,0.0167170671212038,0.0486641638304779,0.0789525182948147,0.0493692563556079,0.0550928772197121,0.0679565011655814,0.03042060813578,0.0273524591772565,0.0566607457955716,0.057468018902404,0.0180720715262786,0.00620722461626972,0.0160869741456881,0.029210774392801,0.0285681065605305,0.0170582381645141,0.025629941617435,0.0534197677732032,0.0169575981924731,0.0712510595059611,0.00152199433768418,0.0294778307544817,0.0741025405310737,0.0673255080611335,0.0706822418194565,0.0172477811084953,0.0561230511565405,0.015304114000601,0.0490977334474988,0.039801072721495,0.0788326391357599,0.038583813241111,0.0176091788823104,0.0117002043860703,0.0378468631214189,0.00932865537285356,0.0121044435532757,0.0294822562196695,0.0215001101921576,0.00296720959320177,0.0773426509254194,0.0194740243520248,0.0161946435257909,0.0203000895545433,0.0375193335181833,0.107350620212825,0.0126945334520286,0.028023084149007,0.0221482234450931,0.0278157397099104,0,0.0268251965207262,0.0229782369660836,0.00869256920537677,0.0333683959290744,0.083397691720045,0.0726671003510031,0.0458100070481237,0.0118338229779173,0.0779423776140544,0.0284127057342673,0.043116744803375,0.0690119735760131,0.0145232294934237,0.0940610032161437,0.00287690989832296,0.0226335501918689,0.0079886408113962,0.0204495624995571
0.070030702398626,0.075218640618156,0,0.125276804568351,0.0297558419446835,0.047933582308245,0.0858519459091439,0.144088596511952,0.13225178331508,0.029162991867594,0.145198611841105,0.0367765928890024,0.0302310246734758,0.168085409544977,0.107353974957465,0.146402571301969,0.198588040492411,0.0629630360631848,0.0926926779457847,0.0778621432100013,0,0,0.14999838703584,0.165841769195927,0.022393875689998,0.0449436772232233,0.134931840080215,0.0238875150956788,0.128448384582838,0.0876855460969446,0.0254865953828465,0.105163201964187,0.138598759750462,0.142296697816267,0,0.211824249617164,0.0453188854782923,0.128938439194273,0,0.095842154577987,0,0.141004984751958,0.14994521964417,0.0767958126867013,0.00365394416533102,0.125234589994891,0.0162257125118927,0.000115557279612747,0.00860003515618697,0.174239340846797,0.132982196390152,0.148452176149996,0.0399536755085438,0.15839314089606,0.126817705824998,0.191375182317685,0.00163095206756871,0.166669348124783,0.159006345957991,0.00638058654113154,0.189302507577386,0.0278461446419928,0.120271918213919,0.153931094279263,0.123673997788696,0.10303338495269,0.0444903656214946,0.18867207866594,0.187975520768895,0.073914599912053,0.102182088961137,0.113211332910802,0.0324050157283687,0.166027711056812,0.199937012376507,0.209995473429022,0.0948441177876564,0.0268684015497271,0.0113395941376637,0.0469313225233507,0.180556960661685,0.210826216885646,0.0962758446004233,0.0577305091596214,0.183167066241901,0.159139148081043,0.109697044727623,0.0643980621370146,0.137414796340824,0.192483693939087,0.175770093375962,0.0294110211926847,0.00218217045416539,0.0100871989007319,0.192364848502176,0.19808761024331,0.00382598456779793,0.00546839608308591,0.160208056067313,0.137791138355551,0.0238996811062141,0.00455200453479299,0.00124858758251173,0.158990632024504,0.115001034686494,0.0259141485502325,0.0884883454042756,0.168619147283723,0.0939550037398469,0.00747979761178288,0.193768920288354
