0,0.0521477365074049,0.0560184243410238,0.0131877045156332,0.047932583753803,0.0255517549849679,0.049390618747784,0.0460798137513757,0.0313775247875312,0.0304721059863125,0.0147810479654222,0.0562852737723477,0.0464349999800643,0.0392958528695006,0.0321376577496809,0.0473287652921365,0.0247506401358288,0.0369359610084273,0.0497666004278039,0.033279448099917,0.0332780844395462,0.0538667759708893,0.0563397616175026,0.0264293381744718,0.0319458253657062,0.0401615228626886,0.035457581824361,0.0510340923410105,0.0328144196613048,0.0373106513693189,0.0403441670483122,0.0359948230779244,0.0637141995052555,0.0324551555120025,0.0460438441953862,0.0565985357530003,0.0292769315803237,0.040733597278312,0.0599114506136339,0.0485052316542053,0.036352321608561,0.0344186070740678,0.0423647769624988,0.0195434022876999,0.0481491979065347,0.0667087045484332,0.0302969043240196,0.0508145990723058,0.0218728554635147,0.0265605558822796,0.0513450142299813,0.0674893816074941,0.0539263880689646,0.0446330055472685,0.0391898362744555,0.0395538670105245,0.0460626843301892,0.0276129315928535,0.0283032434535275,0.0503540020093655,0.0274888020722393,0.0111083984116136,0.0607917287883677,0.0527338857173506,0.0499332250570236,0.0539347907875581,0.0235759500869905,0.06903285712842,0.0516603745368762,0.0382091076732687,0.0482088432516552,0.0598278913165634,0.03677568164327,0.060919736347116,0.0279313472469312,0.0558995635703093,0.0456782943748089,0.0511644532807434,0.0305296621803921,0.0437831311279804,0.0530012117035826,0.0587271724286648,0.0459565259559002,0.0261542894139961,0.058529723747226,0.0426371925301355,0.0226276835064212,0.0311842311441357,0.0434286611395157,0.0541689331816762,0.0489874094823149,0.0562664386626501,0.0519663671688841,0.0204171305537759,0.035446820056824,0.0711766540560403,0.0343034288284298,0.0667051363970144,0.0564363599470536,0.0559939629131014,0.042710710296355,0.0424681431016924,0.0215905742947458,0.0466313714139183,0.0507061973291641,0.0271235877058514,0.0439537588349065,0.031646371296915,0.0221978711050023,0.0264241750875343,0.0700928274551219
0.0521477365074049,0,0.0289908267342244,0.0252823479848266,0.0223349651960587,0.0208761648383854,0.00528000696835782,0.0489584882466418,0.0315462503876712,0.0153961063247978,0.0454606361597044,0.0360520910159534,0.0213150059575971,0.0480376206026081,0.0242352199359505,0.0115139612831398,0.0215708546615945,0.0281167973326183,0.0142884293771465,0.0423483187645889,0.0114469902256295,0.0069534055927637,0.0122637052441077,0.0428229679432493,0.037925357761226,0.01872306732243,0.0210258573995121,0.0148677454278694,0.0260532115873023,0.00566361138882805,0.0205127596105993,0.034711059106915,0.0273881283681545,0.0177156392131287,0.0479898913627107,0.0139108179596138,0.0122709133019933,0.0222368618019018,0.007232925277491,0.0192034624463852,0.00814359580334776,0.0536901922867707,0.0477065969316687,0.0121615720457819,0.00153581913783709,0.00724398619959978,0.0172690175551178,0,0.0220903588501003,0.0176234237818978,0.0164553756732045,0.0161021628530906,0.0563856057790583,0.0332305284240953,0.00531812745224779,0.0233560661764579,0.0351782798328351,0.0267007193606277,0.0327405984582462,0.0117810487199007,0.0214803252185574,0.0277787048155794,0.0265781621755634,0.0312461268037078,0.0459535934051094,0.0217325328621582,0.0316844577644647,0.0393778392204273,0.0394225097882903,0.020906338320295,0.0131551265190499,0.0174468353313025,0.0211315661861417,0.0115048178409446,0.0343217912767868,0.0236187435594925,0.0223042160097963,0.0227661914804054,0.0411612155712764,0.0209974638781684,0.0488630300047356,0.045407751826074,0.026811442174829,0.0515191742180188,0.0431154633151659,0.0359968203374273,0.0185184084739572,0.00494849844189771,0.0420413985077922,0.0266873196326016,0.0443150967640178,0.0177608869913058,0.0154348797511926,0.0205541188185705,0.0252434987438108,0.0461545215631627,0.0245107598690018,0.0153740289616666,0.00594670411071336,0.00397121705754408,0.0544334386905243,0.0162664996745602,0.0152544337417114,0.0102556040831598,0.0192850863972593,0.0539883773652745,0.0259604069209274,0.0246995195548832,0.025972295329878,0.0232933024048878,0.0338143526017578
0.0560184243410238,0.0289908267342244,0,0.0261963158470437,0.0185040635746784,0.0206721712146149,0.0234835077790546,0.0547365051485352,0.0214906736132581,0.0503698482146907,0.0581273103365013,0.0158902709592504,0.0245188838989144,0.0545284695214876,0.0178670447019717,0.012089419100992,0.0186075957025736,0.0199378808476186,0.0254689829391037,0.0518375454664469,0.0101115336160337,0.0277661643495179,0.0424375812156303,0.0409019021252079,0.0310731712033855,0.022772018497264,0.0213059083580128,0.02232243094106,0.0273961499502613,0.0272080213555181,0.0220598720319324,0.0348556924940175,0.0244580419853658,0.0212921810374535,0.0518075090716709,0.0104430959975946,0.0159248369495605,0.0295559394447559,0.0150648785246823,0.025994378133528,0.0176942683228278,0.0590679328453869,0.047185717103499,0.0172647473191364,0.0151525276169859,0.0208487247387088,0.0141028117327197,0.00289400870295212,0.0204910620657997,0.0294360577591874,0.023424319398016,0.0293862074515204,0.0597199489797004,0.0338889935075219,0.0238594906541558,0.0232327715832912,0.0391865252726914,0.01993351264173,0.0374192716633376,0.0173708344983726,0.0236722178302937,0.0330213485965091,0.0363951017171354,0.0313901908057167,0.0203605797219711,0.0224725816721651,0.044858038380064,0.0434709078764288,0.0306348513517742,0.0203421584913724,0.0373682018654114,0.0298784340180416,0.0199567970139715,0.0199070167255934,0.0294032119316437,0.0213912587583916,0.0330970035548312,0.0268686542048087,0.0311083090492643,0.0285015131610844,0.04062950542497,0.0399254603353532,0.0293259086930648,0.0417432669925073,0.0632541671528522,0.027831878285416,0.0149888653537132,0.0120911651821678,0.0337374792235697,0.0458344524119323,0.0414141353235439,0.0331520253944721,0.025893356405278,0.02246373620314,0.0397991337865244,0.0536184182957029,0.0184559247772886,0.0299743802412888,0.00927172291192845,0.0240565834709434,0.0562604746442226,0.0210823731857792,0.0243772226010596,0.0219008698143839,0.0190084188838073,0.0469037573146706,0.0256460163370073,0.0179132420559062,0.0225086603045612,0.0171844889240901,0.0408960932798816
0.0131877045156332,0.0252823479848266,0.0261963158470437,0,0.0358500792689061,0.0296693275589625,0.0384000692386694,0.0280166282764248,0.0274312605995519,0.0220692758243823,0.0332778844305358,0.0453976906283792,0.0369758805747749,0.0163663411746246,0.028222845563489,0.0329834412325216,0.0246762343532265,0.0419758548802656,0.0284908725215344,0.0147772228464685,0.0368217830407945,0.0428060912034422,0.0335441133809388,0.0177040424793094,0.0275366138641268,0.0244304303157319,0.0346175620372625,0.0359666595538074,0.0418310290158529,0.0356615217659643,0.0343359616840127,0.0219350416831387,0.03231957110746,0.0220759503522186,0.0340202773528434,0.0430112365907063,0.0296398113042971,0.0391606122732052,0.0396025063512087,0.0416376686220505,0.0284845223673208,0.0239967825448358,0.0353677567838637,0.0223649507041751,0.0412899952818118,0.0478399963487224,0.0144200563593713,0.0291259405109508,0.0173032292536687,0.0264334818030854,0.0441280873371581,0.0392598235420915,0.0401775498215272,0.0368314926092735,0.0308428113170896,0.0233311199596015,0.0347509756380475,0.0386671168917088,0.0172578529513347,0.0363436830877109,0.0312388952891526,0.0205824764979821,0.0528242644890376,0.0430151680320399,0.028223037612812,0.0367709502069213,0.0120335884376073,0.0500089081175477,0.0256318974231583,0.041068335810243,0.0315259374304957,0.0273022686107336,0.016035504389584,0.0561252267137781,0.0166401122550843,0.0289801565620208,0.0326280293565936,0.0381953669924762,0.0211986964847271,0.0301092934675838,0.0338029469470979,0.0486540137379614,0.038407718980456,0.0213422145648173,0.0522653248359257,0.0259502967452152,0.0296773661482944,0.021569467457061,0.0180800891080759,0.0339887181637737,0.0446730539540477,0.032458642240142,0.0404241127983467,0.0162352946633856,0.0179382526035576,0.0429938207134335,0.0333776609746712,0.0404821762615899,0.037622303780031,0.0341229272595363,0.0238379867643559,0.0353795905213917,0.0348210764799228,0.0596867814392976,0.0401970692132271,0.0160378951111558,0.048752150552231,0.0299540967689494,0.0252300022198359,0.0255976493842968,0.0241342167636667
0.047932583753803,0.0223349651960587,0.0185040635746784,0.0358500792689061,0,0.0159377266590541,0.028310948768416,0.0476644007573701,0.0338703061952548,0.0101177061900488,0.0355861276660562,0.0234143440477049,0.0168736270070033,0.0433972030811382,0.0156106668922038,0.0102571282409203,0.0198598154126466,0.0188221571700934,0.0242820698917033,0.0399315554496947,0.0143130555480088,0.0155057485507022,0.0173935238802831,0.0352801112505217,0.0262912677903214,0.0197001939069945,0.0217657739855883,0.0187180028917567,0.0245198604820259,0.0159640306165469,0.0258279844334734,0.0229205379893001,0.0377624024105181,0.0210985922784675,0.0498840212250446,0.0336595646751013,0.0185516399369424,0.0299237595577249,0.0255001966705459,0.0468974765859171,0.0130105231541406,0.0557177979808796,0.0467287865325685,0.0112443256907085,0.0245105432453734,0.0286927958704401,0.0290310114280078,0.0270682953668119,0.0284170092252386,0.0249802386184564,0.0243873151794666,0.0243519937843641,0.0638606367526352,0.0488667420430339,0.0170148342096848,0.0441059224356054,0.0346661617257683,0.0251108425675297,0.0206658264357035,0.0411530720307338,0.0332539209738147,0.0244173554478947,0.0542133628819606,0.0502388666466051,0.0206740467835485,0.0295415353455188,0.0214446412779569,0.0607217299401188,0.035886012703509,0.0275227260095198,0.0282733073626532,0.0223189448069501,0.0169804874420167,0.0329081231508089,0.036513125043241,0.0285907219639951,0.0328923287766954,0.0350065881565798,0.0347832210510847,0.0333060810562079,0.0341618793782272,0.0437898596516761,0.0394079084133493,0.0283029451574821,0.0506289580769019,0.0355314114513001,0.0160256555943476,0.0147141741578366,0.0456819815519185,0.0239021346857535,0.0496114456792894,0.0353809195022306,0.0247053962575615,0.0190668517120703,0.0171667034351898,0.0538186457859587,0.026728839119693,0.0312241945910828,0.018661156728135,0.0129416462702399,0.057098994850564,0.029739881988058,0.0119059237652341,0.0159044215488977,0.0254132148362039,0.0618203164007796,0.0282349146824801,0.0260774880541141,0.0248092526122681,0.0251032736571071,0.0220921849308099
0.0255517549849679,0.0208761648383854,0.0206721712146149,0.0296693275589625,0.0159377266590541,0,0.033156455518956,0.0383274456366969,0.0271551540437145,0.0182241975182268,0.0482614922915946,0.0244762123692433,0.0200877915750513,0.0269252151626945,0.0232871741060646,0.0211188617681277,0.025092643302149,0.0143514271316985,0.0223369762863715,0.0258878493526443,0.0179850658856278,0.0240220342000962,0.0231968641575946,0.0247837054581107,0.0338756580331388,0.0104228976280573,0.0121387214855128,0.0145570112208956,0.0223517895739131,0.0291375760697314,0.0346030567237446,0.0130786712221718,0.0457226694329474,0.0301342936578392,0.0424533421275712,0.0369253379625803,0.0231547243078253,0.0247710508517281,0.0234370671438177,0.033893534218371,0.0125919241568657,0.0382642287896478,0.0536097607282377,0.0138663662699271,0.0311049894669762,0.0321316928107581,0.0155794308626683,0.0203879600125822,0.030348068621714,0.0279567526567366,0.0321065275727645,0.0356718205804704,0.0583607735482588,0.0517097841892562,0.0271729967872385,0.0194150208881594,0.0332755620206232,0.0282805994880839,0.0150253614496626,0.0287363181856878,0.0320916718859045,0.0280286863644035,0.0523831110340644,0.0428130422501264,0.0261805616723366,0.0343917446421121,0.0224595216316562,0.0578176054622901,0.0498801867292932,0.0319087191156346,0.0219826256005751,0.0118368173882909,0.0184663447594932,0.0433969869449902,0.0356280396120822,0.0235885027779652,0.0263393343069005,0.0402851329531751,0.0317877370639657,0.03699944420589,0.0348289191420596,0.0359288502716815,0.034906982457736,0.0319236479530952,0.0672182769393897,0.0227913391274656,0.0129403159469255,0.017819769685112,0.0346675907516075,0.0332105578400567,0.0431986391238485,0.0369113208080062,0.0362965877317505,0.0322614019629918,0.0194260431199655,0.0535012469772223,0.0166063957491155,0.0395337037104122,0.0345286720216113,0.024959003064518,0.0485146395628301,0.0298082427499517,0.0166543036235003,0.0317765446425328,0.0419434709267829,0.0381820011455372,0.0502675529764416,0.0166913713092794,0.0202916354115442,0.0242008738621749,0.0122770282537631
0.049390618747784,0.00528000696835782,0.0234835077790546,0.0384000692386694,0.028310948768416,0.033156455518956,0,0.055368364065012,0.0315298195592922,0.0187436797919331,0.0421462179856962,0.0241733235828267,0.0390608978907317,0.0476081686703149,0.0449126634190987,0.00739350500784573,0.039503544407806,0.0391658889718276,0.0314081791799891,0.0462882938438269,0.0340841450594208,0.0200740791928288,0.0104241044032898,0.0658021891045946,0.0520223649986248,0.0440023218434475,0.0477595748667626,0.0297973457733548,0.00867518596818697,0.0137849969886319,0.0180643141953209,0.0296564746397517,0.0274060846967821,0.0200582338122876,0.0460694030021609,0.0308131419421418,0.0143676457958931,0.033018496984177,0.0308417904977723,0.0258965771984935,0.0502792071345659,0.0486969469596392,0.0561676655992861,0.0180841653232472,0.0221336474518731,0.0190653541921128,0.0205233819318501,0.0598868307914624,0.0427721428692559,0.033644746746191,0.0119902182408789,0.0171284869894604,0.0632113145931113,0.0472520705238219,0.0168744749363614,0.0281956331651635,0.0291795490141549,0.0328083488978998,0.0503523299068615,0.0159596965308208,0.0413896766423107,0.0480023180062351,0.0357601150540059,0.0383323880256254,0.0373134681144389,0.0181480259935071,0.0335827788553731,0.0543133439084556,0.0290180598359586,0.0273888101886739,0.0268601559737919,0.0380694936992283,0.0256147034288258,0.0251503845330564,0.0565835819705407,0.00423013490356219,0.00473222187237715,0.0436306013053056,0.0374347480079356,0.0449120353627915,0.0194426687086408,0.0180388859201102,0.0254607662746246,0.0555616069604993,0.052807582257246,0.0305715999136023,0.0172911627253186,0.0127987521867301,0.0435170000045887,0.00744375998472987,0.0454100762074017,0.0339204089295063,0.0205324353412242,0.0384655853780219,0.0322401548594963,0.0351276638077158,0.0188191069040826,0.0116006802696725,0.0335296409597646,0.0254053407761933,0.0541103995961886,0.0248042735116748,0.0170341027546959,0.0232096172224934,0.0228166573465721,0.0649982479956552,0.0220531528853473,0.0404137154440593,0.0250757302862387,0.0205280174141771,0.0354655680048647
0.0460798137513757,0.0489584882466418,0.0547365051485352,0.0280166282764248,0.0476644007573701,0.0383274456366969,0.055368364065012,0,0.0332967559044421,0.0704875569314399,0.056110219082575,0.0562067905823074,0.0506598746904677,0.0454625329328211,0.041541074348422,0.0508009112667366,0.0473793081920474,0.0459200738566626,0.0376716376041305,0.0481992622415925,0.0433590537214418,0.0523631496087383,0.0447417539239207,0.0566027330125279,0.061387036463279,0.0470981679459278,0.0494840762797995,0.0514532620863772,0.0339698263183295,0.0409505694511354,0.045525160246907,0.0455030613897116,0.033566791495279,0.0603716462201,0.0468168774429827,0.0402700861122416,0.0464846404174741,0.0360659640406062,0.0583799625391635,0.0416519609741071,0.0515106553581276,0.0387665975181728,0.0230023286373664,0.0220174763424164,0.0499829951902677,0.047622898379163,0.0295009475947833,0.052504274729976,0.0318187890499526,0.0600767844779694,0.0512101450458569,0.0564345193205734,0.0426752836262341,0.0501250866962781,0.0356578130314098,0.0861133830523028,0.0429979178137447,0.0527019834953901,0.0334777967537402,0.0378370892805495,0.0583850786827887,0.0508299124073986,0.0552326566255895,0.0517608251991812,0.044259484272977,0.0539776486638904,0.0552601314732581,0.0520259251801349,0.0288458053517691,0.0511214469597571,0.0507196534290363,0.0529811367662091,0.048690404194494,0.05422544926585,0.0444052613711951,0.0507897686781444,0.0471377769593486,0.0426631207834935,0.0420921509274457,0.0468030659088114,0.0412045507945567,0.0386017639988586,0.0496674052618931,0.070851164528031,0.0323613248206526,0.0276531983433378,0.0274911632734144,0.0543501790296458,0.0377571117289001,0.0517191369892521,0.0285511359722073,0.0332055351574392,0.0645124133546003,0.0377849920543053,0.0540376053254662,0.048314918460943,0.047719013603236,0.0520286613928614,0.0540389417660684,0.0496922702035037,0.0383487919556455,0.0476854362307236,0.0217553038249416,0.0463893180425053,0.0510093835220892,0.0408043409957272,0.0235927792110108,0.041318653674057,0.0295346316810254,0.0417551051143514,0.0487386216918758
0.0313775247875312,0.0315462503876712,0.0214906736132581,0.0274312605995519,0.0338703061952548,0.0271551540437145,0.0315298195592922,0.0332967559044421,0,0.0221827793968334,0.0329956162251106,0.0340401239403819,0.0275791730727886,0.034286328893784,0.0248807129839426,0.0235954171543656,0.0271137806159557,0.0311297191315184,0.0296042826498666,0.030501397536365,0.0315019937411411,0.0304230557940646,0.0282203846500311,0.0324000523302418,0.0362656070127564,0.0302917383601373,0.0289601276912707,0.026465142370617,0.0504418895941905,0.0281219990443664,0.0316710237430968,0.0237039741180198,0.0355167947875784,0.038992255799425,0.0374784863893935,0.0420054535231614,0.0351549931250366,0.0297202600263487,0.0311177971810033,0.0332627446530464,0.0307714796430797,0.0343145972734131,0.022610913998617,0.0276679971094391,0.0409163857127725,0.035195183711807,0.0391045004452567,0.0328558131807863,0.0449542502576415,0.0258557731771908,0.0395550776323239,0.0322251700037683,0.0597470918685212,0.0934500751748492,0.0322811977244859,0.0287956743923892,0.0342418766671421,0.0365848080644631,0.0209443674904911,0.0377791793862816,0.0393625469894268,0.026184803825009,0.0550071221763443,0.0739811672023872,0.0399334820694746,0.0417548898182587,0.0382658136698557,0.0743651203828303,0.0222735608638407,0.0516702250105978,0.0285716658144722,0.0298562707768195,0.023106391365913,0.0301550316671486,0.0438356652625988,0.0360139598910061,0.030422226237452,0.0372880416849132,0.0435391543124128,0.0419159444619409,0.0434053495410482,0.044117168236028,0.0439987866611556,0.02736600918797,0.0382980709043959,0.0267857194726507,0.0410371907319197,0.0716765332612209,0.0215610177990528,0.0276705667783216,0.0559910915297077,0.0295640027652214,0.0331366225586049,0.0221353088883329,0.0205170431117915,0.0324666565491663,0.0504287794337235,0.0305413303951396,0.0235097581088766,0.027733746129731,0.0414865604548623,0.0466442919708813,0.0270671337954271,0.0256164195294898,0.0288742283965326,0.0556800521678723,0.0268860793313325,0.0459732111393018,0.0368531936565735,0.0425124700533933,0.0292512538843668
0.0304721059863125,0.0153961063247978,0.0503698482146907,0.0220692758243823,0.0101177061900488,0.0182241975182268,0.0187436797919331,0.0704875569314399,0.0221827793968334,0,0.0204581901563974,0.0366720406760912,0.0209648290346352,0.050779578196161,0.0275245304277422,0.0405048666991294,0.023066798723423,0.0401009338306141,0.0220699048914522,0.0413378672922542,0.0227122446493579,0.0142368969037227,0.0211699747371047,0.0328683785514521,0.0236558942566435,0.0190608811903257,0.020410731357218,0.0169977163551203,0.0257058886617299,0.00609237501116997,0.030807549320488,0.0214938739998217,0.042966540777668,0.0220079439731725,0.056690315044749,0.0281701424204268,0.01872266463298,0.0161256838876226,0.0209879643550468,0.0277495496331807,0.0240863042707623,0.0429014364432477,0.0484692808143149,0.0174428275569436,0.0182548301133274,0.0269083141997457,0.0224925488376903,0.0261116645517257,0.0256303355918611,0.0135269144285499,0.0277638912878156,0.0236118089398533,0.0488460950588697,0.0258629236501055,0.00966910807080604,0.038733286176809,0.0211703350333884,0.0121005625290754,0.0229671944159561,0.0196833117383774,0.0172374508803665,0.0138854979573888,0.0338219389019097,0.0252238244112025,0.0238592755278995,0.0156589339921131,0.0296239104153904,0.0395005049582368,0.0484371464389849,0.0177013875020143,0.0091625870841479,0.0131196541263309,0.020142106816534,0.0382400653473459,0.0306184228824262,0.015420630463401,0.0118805016195694,0.028859095868405,0.036535361422982,0.0421457374854105,0.0258299611283578,0.0264640314541448,0.0245285534693609,0.0390853844509835,0.0659711857107955,0.022748947186659,0.0191698148117128,0.0171828343966613,0.040357152186447,0.00814090070194913,0.0395882613319045,0.0325766750601058,0.028118025743467,0.0214672258505807,0.0102749899316721,0.0443105146706886,0.0295102590207064,0.0437887750078358,0.022198272467865,0.00871629548565759,0.0393803748374205,0.0304559036976527,0.0235402344546264,0.0100882770710377,0.0240858784698363,0.0401842932615332,0.0267558846972765,0.0198630940448727,0.0165726248389147,0.0205860765795025,0.0133386970933947
0.0147810479654222,0.0454606361597044,0.0581273103365013,0.0332778844305358,0.0355861276660562,0.0482614922915946,0.0421462179856962,0.056110219082575,0.0329956162251106,0.0204581901563974,0,0.0687785696908034,0.0433091459902294,0.0217164246150856,0.0417368085095207,0.051961871289692,0.0239914773259866,0.0439954250427562,0.0381883660913411,0.020393584464409,0.0350290022372641,0.0524867437832897,0.049660482910682,0.0157529229743515,0.0239222740453652,0.0241384556958287,0.0291425230115362,0.0255967649497975,0.0343989795702932,0.0368742937681525,0.0433388254544398,0.034238264327406,0.0464538029264565,0.036713985527742,0.0617640281741619,0.0409616620358127,0.032747669454404,0.0342672569819645,0.0390279678213742,0.0402147988062704,0.0303334992426334,0.029198580385995,0.0593538324068936,0.0168931359215634,0.0299302184229921,0.0467511831122606,0.0175249072020837,0.0322675205752139,0.0244961886062097,0.018187804350088,0.0350128573031208,0.0470969157632663,0.0399497615354737,0.0335821811907835,0.0296786833830872,0.0199552769581492,0.0370282632136778,0.0271982945606053,0.00955493259640904,0.0504926494619561,0.0285188859860805,0.0156536690246097,0.05398019406459,0.042086749684166,0.0450171959084005,0.0422037331444831,0.0217966870123682,0.0425618736223213,0.0632098084816517,0.0422953399471243,0.0226699140975946,0.023466372353962,0.0266637475079818,0.0526061874206962,0.0229199994761771,0.0371888101692418,0.027705613991288,0.0505702188510503,0.0180086615828291,0.0496359624820084,0.0399682359815989,0.0399862549059419,0.0402014743168922,0.0227286100196742,0.0746585606449359,0.0151643976189687,0.0238546367582207,0.0167386900424312,0.0296462262261484,0.0405309082414998,0.0414106159465089,0.0486655668274425,0.0367771286873764,0.0415445348093038,0.0197356626715462,0.0607921646286617,0.0247978646341254,0.0560745557707054,0.046298305197166,0.0385041819419729,0.0281966923680945,0.0327198407410182,0.0227331313086989,0.0448622340115937,0.0459876258908213,0.021577029255087,0.0598889775502628,0.0173935878263475,0.0231832907833955,0.0228384171703757,0.0237635581752458
0.0562852737723477,0.0360520910159534,0.0158902709592504,0.0453976906283792,0.0234143440477049,0.0244762123692433,0.0241733235828267,0.0562067905823074,0.0340401239403819,0.0366720406760912,0.0687785696908034,0,0.025006232186188,0.0518353737807844,0.0207710829627587,0.0133051535237247,0.032299120423924,0.0223445255139063,0.0230827091600602,0.0515473299684365,0.0114761571771678,0.0216486769134303,0.0261435230965758,0.0427067275618303,0.0309098765680613,0.0240301239502428,0.0235692801751674,0.0198401738011425,0.0201818452548571,0.0155034751641125,0.024760574570411,0.0253506154889234,0.0170662664763866,0.0300148442054157,0.0401451470059044,0.0187234398167455,0.020087969884611,0.0219350312681448,0.0154711036485698,0.0248670188418128,0.0248194389842005,0.0659540003536113,0.0607425527871488,0.0143949302040473,0.0276588841048634,0.0175280017523897,0.0191974333745991,0.0198653844333943,0.0296677772683195,0.0325059844959189,0.0195982427261662,0.0181066477697234,0.0775230020671074,0.0496701710669462,0.0305246761838963,0.0303937825678332,0.0355730241640326,0.0209210827621712,0.0224040179529398,0.0253896449056943,0.0276605855908605,0.0191584241161204,0.0477417074368071,0.0410889965805988,0.0144949867454717,0.0213858495287173,0.042708256989919,0.05227344755083,0.0206505612223922,0.0219032525664126,0.0397138648290083,0.0283114462912382,0.0276443606433384,0.0211980831918515,0.0418866083211819,0.0190872262394359,0.0312830619834946,0.033601580231117,0.0436717899237321,0.0347368052926472,0.0365888120388785,0.0366238415307793,0.0327679537772085,0.0488584537707989,0.0749191718220444,0.029817430420997,0.00952811525500539,0.013121798371676,0.0461561332358993,0.0299622043586578,0.0544000228137692,0.0253751301041049,0.0199220002925619,0.0358538136721685,0.0351379422654365,0.0408845999614474,0.020498084223698,0.024913467854586,0.016196073985906,0.0251555177994387,0.0649981548380504,0.0301375611519869,0.0150775263816954,0.0199928174636321,0.0145061548998066,0.0588112048136376,0.0305653911019407,0.025256775266787,0.0327317900824357,0.0228669975857976,0.0317252258574944
0.0464349999800643,0.0213150059575971,0.0245188838989144,0.0369758805747749,0.0168736270070033,0.0200877915750513,0.0390608978907317,0.0506598746904677,0.0275791730727886,0.0209648290346352,0.0433091459902294,0.025006232186188,0,0.0400308343020942,0.0262352582512526,0.0150334007634338,0.0272252549177879,0.0252449461573272,0.0358406924111052,0.0388247384452443,0.0143721143907046,0.0220770712482229,0.0324535811564722,0.042201961365617,0.0342908947100338,0.0241615215145909,0.0228158773943708,0.0117511893921792,0.0240915950668165,0.0231978193077204,0.0298656588566482,0.0145405849524834,0.0483922410965655,0.0284189051757214,0.0494302015299678,0.0374075665854396,0.0178427372810124,0.0277147653258311,0.0247637433862337,0.0338444276678559,0.0192338462690338,0.050409705319712,0.0565985489859786,0.014471351936688,0.0304512717867377,0.0367169954126787,0.018280712836367,0.0340427787580951,0.0365782869274887,0.0289573532965006,0.0277339992800834,0.0390286274928164,0.0679955646713868,0.0529426381912051,0.0290186282588956,0.0267228661221936,0.0387158470880653,0.0251198256125074,0.0272628053144019,0.0374626495172555,0.0310835288082531,0.0267166575518491,0.0602337030624238,0.0482447339644161,0.0281993941686379,0.0346620810511448,0.0294985054014841,0.0659580925484154,0.0422523240625153,0.0291540142713927,0.0337065939593788,0.0152997759180301,0.0214753061963807,0.0532911643724807,0.0508983597423833,0.0287190426069237,0.0286803969306636,0.0471271907860392,0.0360333997601873,0.0451351389511668,0.0401955093404906,0.0387523329988481,0.0385670532837867,0.0390350428761216,0.0741725919602143,0.0297109167170347,0.0147567570354309,0.0183054808120317,0.0424033507128386,0.033762325902658,0.0494842518548891,0.0427298949264978,0.0324003929204913,0.0294605376586581,0.0301450551915124,0.0642726273272749,0.0206454728259185,0.0521265426479248,0.0391947950448671,0.02697855360206,0.0609466054485182,0.0310050373758837,0.0120972478870907,0.0201004625360272,0.0404515058756798,0.0603113027276473,0.0414488777168036,0.0261446124839245,0.0250059419728887,0.0261749610610128,0.0180829650299454
0.0392958528695006,0.0480376206026081,0.0545284695214876,0.0163663411746246,0.0433972030811382,0.0269252151626945,0.0476081686703149,0.0454625329328211,0.034286328893784,0.050779578196161,0.0217164246150856,0.0518353737807844,0.0400308343020942,0,0.0366855187774695,0.0460681808876597,0.0367144164878906,0.0329753427427635,0.0455573813095586,0.040648135716188,0.0345115138793105,0.0432036413565146,0.0466337768441152,0.0372585938068924,0.035620878164149,0.0398121179193082,0.0369991248780555,0.0497857888082868,0.0302228865404717,0.0299147328980732,0.0416892399651076,0.0420260670780083,0.0513148307455097,0.0319560381707382,0.0440209905828567,0.0406911140709333,0.0308833309951213,0.0368747331489292,0.0549069774156398,0.055624495314842,0.0372291594144564,0.0296802344379673,0.0302252941641538,0.0196866132663991,0.0442240702893665,0.0604014885341565,0.0376206770407847,0.0465758307001177,0.0325170679914618,0.0309863217645399,0.0480031684960616,0.0642360474562312,0.0317984253943539,0.0354188906227701,0.0351400635893199,0.0536343091801565,0.0503334917733912,0.0332128122844364,0.0331922827269568,0.0459998485927639,0.0305988354699939,0.0222884484448268,0.0521394859081097,0.0476663206896678,0.0415629424340773,0.0599920072214288,0.0355669420896471,0.065231520240237,0.0489649731855815,0.0390196299577687,0.041950877996182,0.0533731850064828,0.0408144743293171,0.0551592062908368,0.0414821536605355,0.0643449524254737,0.0488996143661268,0.051735423589814,0.0223754833792758,0.0384015295795193,0.0584166556300098,0.0626883433268309,0.0468480838164647,0.039463970948433,0.0443186384312805,0.0504642653497941,0.0222115997064738,0.0327831538728614,0.0399422824914215,0.0553706695731806,0.0436648537920581,0.0490448204222179,0.0506303632522887,0.0235903413890247,0.0442135999689033,0.0658433840703039,0.0424657385481543,0.0609305591216812,0.0527645718609724,0.0479328674721573,0.0361559173039574,0.0447097917013114,0.0237774606538982,0.0472455384870401,0.0553720506679677,0.0375203211533694,0.0317718857987168,0.0420404164720807,0.0300425784150077,0.0215347780567505,0.0544300150333676
0.0321376577496809,0.0242352199359505,0.0178670447019717,0.028222845563489,0.0156106668922038,0.0232871741060646,0.0449126634190987,0.041541074348422,0.0248807129839426,0.0275245304277422,0.0417368085095207,0.0207710829627587,0.0262352582512526,0.0366855187774695,0,0.0344632887831123,0.0336414041487191,0.0180227726853289,0.0309700111594541,0.0375687040024678,0.015635095657587,0.0281730661601437,0.0351290770434535,0.0333276076235116,0.0333672769376568,0.0195917425049254,0.0191111252349548,0.0225844884920888,0.0242875762986273,0.0394845789177912,0.0392342397114412,0.0121105606330848,0.0465785230315394,0.0305610690448271,0.0437111709220906,0.0302596124732439,0.0223538630644886,0.0307635801214137,0.0297304355188651,0.0344171600084355,0.0169904242416524,0.0442476499225075,0.057852218493404,0.0186132209799964,0.0337688132042733,0.0329395136967485,0.0165302530973227,0.0201618980965012,0.0357038455721445,0.0251890638611553,0.0335577129361037,0.0407979246298584,0.0645322687281156,0.0609844117967491,0.0314134945336269,0.0218217773827733,0.0342924728781815,0.0283491677603048,0.0192222183432147,0.0299937757757441,0.0305829096844935,0.0296968934463183,0.0620845561600894,0.050605953391584,0.0234089995357964,0.0425039124507733,0.0267895574622504,0.076253965695031,0.0262528031762997,0.037351615703218,0.029028006081652,0.0196847230289903,0.0149744272421497,0.0601293642150884,0.0437596309951423,0.0302663091257191,0.0263195393558907,0.050381796581419,0.0262273635083054,0.0440011375012761,0.0391372908380931,0.0354351383131521,0.0388709812541554,0.0261169889382972,0.0707455519535316,0.0251488695916269,0.0124558115397351,0.0295648900256633,0.0426047153848931,0.0362227548297633,0.0497985368521942,0.0460751656030197,0.0436005448159238,0.0242511781015176,0.0237751969943341,0.0535528080022218,0.0187469341021629,0.0454419323036015,0.0321406062128052,0.0240539220884421,0.049856970209621,0.0377412725576957,0.0200910930695253,0.0334189580400665,0.0457761088226013,0.0508040309712822,0.0453028223213369,0.0222322418755855,0.0232590204020047,0.0239395105647596,0.0190041437568049
0.0473287652921365,0.0115139612831398,0.012089419100992,0.0329834412325216,0.0102571282409203,0.0211188617681277,0.00739350500784573,0.0508009112667366,0.0235954171543656,0.0405048666991294,0.051961871289692,0.0133051535237247,0.0150334007634338,0.0460681808876597,0.0344632887831123,0,0.0622425142862447,0.0261438306966915,0.011953380459834,0.045883488327658,0.0179310535392994,0.0091422028131123,0.010395305864537,0.0409167973475515,0.0351022613177294,0.0296493737979444,0.030091193470748,0.0193026644760757,0.0189535577096288,0.0143963427582649,0.0325049980321286,0.0210300147528053,0.0288281887940503,0.0278075053552389,0.050589398130742,0.0149929126827857,0.0207196909901545,0.0184793373992513,0.00967602080289583,0.0169541449952729,0.0192365830390031,0.0551861986707319,0.0508070335348803,0.0265293404929496,0.0165772752740272,0.013277623007943,0.0136717808141426,0.00619716291493779,0.0412857827935719,0.02109725910592,0.0267219692106487,0.0055299727841189,0.0672646340712312,0.0367988583365236,0.0128430998122827,0.0246575342964654,0.0155609764842902,0.0178950634183291,0.0281524989502574,0.00531884981376536,0.0200718597060159,0.0248597884836411,0.028487931767017,0.0252111688738267,0.0136299185390432,0.0106099151270614,0.0436972737697763,0.0514660305464069,0.0155519736074539,0.0236259809694813,0.0157890635763725,0.0150848667633538,0.0142382937284191,0.0272767981253813,0.0457467979369201,0.0057873928045664,0.00770526445345696,0.0211985058298215,0.0321585191900828,0.0276845777850872,0.0196246729427573,0.0212802807085552,0.0170690172143985,0.0437558004749533,0.0534479231179901,0.0331230954385222,0.0168681464736521,0.0274685376350369,0.0454663819474559,0.00708819476775381,0.041674212130987,0.0168970586363917,0.0188874824352894,0.0247793715902539,0.0221364726211785,0.0222989435735625,0.0163946967110257,0.00809109909621399,0.00397844865468543,0.00523661801423522,0.059545982134706,0.0277549247013297,0.0246608558204311,0.0148859817828698,0.0127499934985321,0.0678691233319582,0.0431373178068673,0.0300906064339546,0.0247397868784571,0.0156466221828562,0.0200974828260573
0.0247506401358288,0.0215708546615945,0.0186075957025736,0.0246762343532265,0.0198598154126466,0.025092643302149,0.039503544407806,0.0473793081920474,0.0271137806159557,0.023066798723423,0.0239914773259866,0.032299120423924,0.0272252549177879,0.0367144164878906,0.0336414041487191,0.0622425142862447,0,0.0387166583109707,0.028094273839348,0.0321271175873852,0.0376171418921755,0.0255999708232378,0.0302759761798263,0.0198149891153298,0.0245070229624407,0.0135573293961404,0.0306771133841897,0.0325245331882222,0.0276924278681148,0.033976839931173,0.0526657100125736,0.0102529796332335,0.0515834280134531,0.0359221117672846,0.0460864483653648,0.0289490609490236,0.0304619700703172,0.0329661164975136,0.0388894348749933,0.0365061613635448,0.0246612961296575,0.0428633017152684,0.0575697469486684,0.0223495966938008,0.0381876392683915,0.0376251273403902,0.0223971232804134,0.0255645218149821,0.0277122520958615,0.0249748068181464,0.0433948161689136,0.0361942163194312,0.0717776546431704,0.0621119729833818,0.0261792589029286,0.0361213364897967,0.0283414730054101,0.0257273851612953,0.0239201506621092,0.0241325442534212,0.0344536607764175,0.00937894501169134,0.0613869651278584,0.0553892155120538,0.0224453314374239,0.0376909140945519,0.029106211580813,0.0768812649360279,0.018718382865001,0.0373365844803399,0.0237106615731989,0.0124287298099744,0.0166748411559651,0.0698000462215155,0.0314842396788006,0.0262643038662861,0.0220625727192359,0.0454159593815825,0.0273856907538004,0.0444116521353554,0.0358580739528355,0.0357572877056236,0.0391485006581309,0.017384025271456,0.0709255983173143,0.0271362706568932,0.026754050037073,0.0427858584942364,0.0390200565429873,0.0273870233945305,0.0536818570301397,0.0369066596706083,0.0454565765867699,0.0250127475262072,0.0162683672870769,0.0454871726071129,0.0266410219828616,0.0392368092588451,0.0227495083435303,0.017429551068041,0.050896356570079,0.0503392585597325,0.0180444667425036,0.0286034755529382,0.0379177978764131,0.0580484803195468,0.0542068824026035,0.0286328220568469,0.0195149205031015,0.0230382160294768,0.0093621818442926
0.0369359610084273,0.0281167973326183,0.0199378808476186,0.0419758548802656,0.0188221571700934,0.0143514271316985,0.0391658889718276,0.0459200738566626,0.0311297191315184,0.0401009338306141,0.0439954250427562,0.0223445255139063,0.0252449461573272,0.0329753427427635,0.0180227726853289,0.0261438306966915,0.0387166583109707,0,0.0162349337734771,0.0333571097364127,0.0196230577211883,0.0444058699636926,0.0316224576219185,0.0357957784725008,0.0391205683804897,0.0247660897327671,0.0228422532214625,0.027371461005429,0.0388572633255415,0.0321916508983269,0.0264508254539539,0.0221692236293267,0.0319849639444738,0.031216794461413,0.0460077850172447,0.0312292740540462,0.0214059397648428,0.0332034077433584,0.0325579806103388,0.031411698059744,0.0187046019845475,0.0468394674168924,0.0440085246007096,0.0190427200398045,0.0362587891079097,0.022864583649017,0.0177167393667458,0.030202082111027,0.0350992022332935,0.0416644023492599,0.035640143746941,0.0335512854457711,0.0651687798535562,0.055765185798258,0.0237924804243535,0.0428754884407071,0.0452285908866174,0.0386955078695846,0.0252998763228059,0.0301767025849675,0.0520627140966837,0.0267512675512288,0.0617416968258373,0.0616976428129528,0.0165590983228519,0.0425325071118259,0.0311976147452517,0.0765908414752047,0.0237685259075666,0.0447296071067433,0.0366072521384893,0.0254006162886623,0.0167277184729837,0.0435675053795583,0.0510992227319963,0.0348545274757767,0.0377849152317651,0.0408031930858022,0.026415026004707,0.0324285390285637,0.0386598791440978,0.0450750628411203,0.0468897174822502,0.0330640307534415,0.0625129510742894,0.0322327971426464,0.0223394977999479,0.0257414371223412,0.0352950422540738,0.0348063974665857,0.0551607415854231,0.0176024078268988,0.0446748155282866,0.0285804880744581,0.02811732817746,0.0477688934657581,0.0276791568603832,0.0378764038670905,0.0269976743913281,0.0245423346893264,0.059144320783588,0.0367436514770834,0.0122680566272394,0.0285809965678165,0.0343620147976092,0.0562149585869199,0.0324012618468659,0.0286624251644058,0.0329019553786118,0.0253662908128359,0.024578727762666
0.0497666004278039,0.0142884293771465,0.0254689829391037,0.0284908725215344,0.0242820698917033,0.0223369762863715,0.0314081791799891,0.0376716376041305,0.0296042826498666,0.0220699048914522,0.0381883660913411,0.0230827091600602,0.0358406924111052,0.0455573813095586,0.0309700111594541,0.011953380459834,0.028094273839348,0.0162349337734771,0,0.0479570296897642,0.0272344189270116,0.0349372754221446,0.0247928278983498,0.0637075196602396,0.0489477768930241,0.0401901742842315,0.0242862937144299,0.0337376969489883,0.0274411498717095,0.0291677489909486,0.015363766936136,0.0338837521812126,0.0444722306435116,0.0215592620795126,0.040296534382336,0.0388828720898658,0.0123751899802959,0.0549917473699557,0.0547730739262861,0.0344172267817798,0.0232299007692291,0.0433522567545353,0.0401608742612293,0.0123271066959994,0.0261026547274887,0.0282731121390255,0.019344649365374,0.0677321608660995,0.0365131220363874,0.0411952851176868,0.0181209612320664,0.0556114691769493,0.0490170987526374,0.0389533458739907,0.0224852451201057,0.042273935306065,0.0490917751388904,0.0413709631813824,0.0357149533504228,0.0433504098092331,0.0378321698640782,0.0638029903823044,0.040367674259307,0.045126121983523,0.0459975649557966,0.0449025818032151,0.0291226492774639,0.0535972339313723,0.0438819305101564,0.027945451929111,0.0350517958786834,0.0569132499042449,0.0180019362379475,0.0258363744292822,0.0490500479390118,0.033115254804453,0.0373021627657581,0.0295029988477169,0.0344990951318239,0.0205514375505043,0.0349703731423439,0.0387639201814967,0.0344347797728646,0.0545476083894185,0.0391462860436257,0.0313775851456501,0.0184515043098964,0.0107704517189236,0.0428255381826542,0.0484186376890799,0.0361789729768839,0.0205163080057709,0.0385726592155183,0.0232990165349862,0.0316813451172056,0.0517884663088841,0.0177570965263865,0.0405206688427992,0.0545595859281724,0.0339190420563776,0.0508832631756399,0.0194201694554954,0.0143668050554233,0.0360072196291904,0.0446028034311258,0.0501877072167232,0.0220081482558608,0.0202976820457815,0.0236013869539311,0.0268991024739625,0.0493603846979941
