0,0.0332587785837342,0.0331130891506412,0.0220397797300908,0.0583264509273636,0.0127939182812824,0.0235294816359197,0.0197197048543578,0.038089951567051,0.0495731173343258,0.0317130781700051,0.022317600717002,0.017733355866686,0.0500823770481,0.014657145385744,0.0164905387410606,0.0645311625388611,0.0441920894752343,0.0278426489686368,0.0572227768491065,0.0334711269137427,0.0498883837006339,0.0307411215907218,0.0263083857422212,0.031464078006338,0.0204170061439109,0.0228968092354441,0.0493703077309863,0.0394893564819685,0.0379696588897969,0.013505886674668,0.0125102270170227,0.0236503596009606,0.0556471836034589,0.0153247509986907,0.0281708361726262,0.0703955059422109,0.022876987566489,0.0405956189518593,0.0193189936234682,0.0405426832480505,0.0340039209263308,0.0408956503864638,0.0480337230149058,0.0174571987568734,0.0365279660195014,0.0253700979008691,0.0550167191078479,0.0135961930064443,0.0270624446770613,0.0240537433076655,0.0196825185943357,0.0104801775085303,0.0437889079100402,0.0636091964421096,0.0617145831987893,0.0524180938167687,0.0535164226300971,0.0458394435247422,0.0460427524737191,0.0664514716809893,0.0638784883962911,0.0457260024751408,0.0541815022708853,0.0693005406859235,0.0713935683275311,0.0439379246950416,0.0226486594616015,0.0305646044004584,0.0097515000841253,0.0399659331812222,0.0315338643412246,0.0318883502477476,0.0523333170788434,0.0451735493184589,0.0198733314457841,0.0186369818191971,0.0230921688797653,0.0078256714511983,0.0716967556495289,0.0252777885532239,0.031431479044526,0.0275020950225037,0.0280896035733716,0.0141515364777687,0.0182239362303622,0.0480305602311696,0.0127651486898204,0.0474928154444159,0.0246447895811219,0.0410674998007802,0.0267459740361477,0.0282464008542839,0.0434913592252483,0.0205495323614875,0.0433924293227392,0.0438464302193119,0.00806064677698953,0.0290452395470128,0.0313943610322357,0.0332276713565762,0.0282677574516161,0.0317849987953893,0.0424554296402549,0.0448666818026183,0.0279983039184563,0.0167121291880159,0.0395667622171743,0.0337326353404357,0.0375231249217896,0.0215816792543089
0.0332587785837342,0,0.027732501592821,0.0100103222345696,0.0130328775371099,0.0306514025281047,0.0241662409454079,0.0325952433972432,0.0115476668036243,0.00814676187921979,0.0124481352426966,0.0132055964992893,0.0223592583243312,0.00581250422616401,0.0356056227042312,0.0377004094153311,0.0393980577978005,0.0200879289743882,0.0304879157970644,0.00959131958196431,0.036444085670961,0.0173371711007106,0.0104717680188635,0.00445254224023344,0.0152093361498325,0.0109366708485945,0.00685822963501093,0.0154192486401497,0.00316940595378589,0.032125345859779,0.0336925939825512,0.0294480141977472,0.0067495734561899,0.0335269036656482,0.00252892373458544,0.0201356824201606,0.0384867742053154,0.0163446430513282,0.0155527029162903,0.0481694306920705,0.0121112161203092,0.0411785643887356,0.0221327906242953,0.0352581920577788,0.0205710307613466,0.0176844701461595,0.0228820063722147,0.0298712361978757,0.023857822832223,0.0242646746561142,0.0148141115568685,0.0353795722960612,0.0392588499272902,0.00267274397059867,0.0319416487474985,0.00875520196863021,0.0043174030416382,0.0473345010536934,0.00701073718796136,0.0255477548695856,0.0274585054445297,0.0284299047672278,0.0352792316956551,0.0263687184452957,0.0047591476446187,0.0146127971060705,0.0631233563115573,0.0557693226770934,0.0530116058964354,0.0563186210458876,0.0424963351785047,0.0437516832182115,0.0448813922038659,0.0239357118290513,0.0271666857400878,0.0266110940088331,0.0249294850171351,0.0320464691280229,0.0500776667686493,0.013676338216493,0.0385163254629013,0.0116837720846645,0.0404131741637702,0.0180003236460909,0.02885075358586,0.0215129623455464,0.0314274295686713,0.0295864754662395,0.0131906081825089,0.0188276376126036,0.0326319756943437,0.0219408870117498,0.00773384384017307,0.0153396356789615,0.0196110632739568,0.0360847738665372,0.0412741568385192,0.0210273029352213,0.0134651375734261,0.0297542136833456,0.0267130187353431,0.0215249790037109,0.0507298209008847,0.0303291458245735,0.0408277106563124,0.0168999307782201,0.0353041725736263,0.041451404244374,0.0400574775499806,0.0133823695113611,0.0441365356024808
0.0331130891506412,0.027732501592821,0,0.0199417810527047,0.0491816641905128,0.01422719566005,0.0224780146825083,0.0181699102258127,0.0371949294847407,0.0393153471010318,0.0559993634696589,0.020803901159665,0.0310096183424441,0.0506998312984519,0.0250774829393118,0.0135362651127535,0.0502889309731236,0.0571169810632099,0.0208471917992107,0.0612070335333287,0.026639966393954,0.0508218043164054,0.024776624954032,0.0263794376013508,0.0373657173749763,0.0232177307718376,0.0355330049081676,0.0502024093191227,0.0390736391407776,0.0495630547653153,0.0122736736498861,0.00672571753020715,0.0156944863533234,0.0545706496293509,0.0188294197346537,0.034526346414795,0.0879303082758823,0.0326062916899045,0.0396144942907353,0.0296000230956794,0.0500434749746009,0.0283090854997914,0.0361421319473098,0.0568627244323232,0.0156935664129879,0.0312889592052808,0.0314393210480338,0.044864213209338,0.0154881736557293,0.0489311898946543,0.0286963539294338,0.0329680188123954,0.0140418286285371,0.0393031742508965,0.0542013973651954,0.0522561728966268,0.0530078253154619,0.0482805547752314,0.0427154960703286,0.0398062336358131,0.0561286655886281,0.052401711207489,0.0382888815895768,0.0481794413126079,0.0666030360527147,0.0645294971954548,0.0354002631578815,0.0261884075830481,0.0280257462212173,0.019799466733325,0.0193238321544182,0.0119513212677638,0.0227216586995025,0.0475500420039303,0.040816077121942,0.0158309458029316,0.0194041888429985,0.018654324810193,0.0132744913134053,0.0669661678835009,0.0270359416242525,0.0239473640266126,0.0286811964506779,0.0214422714197363,0.0158727379460214,0.0303508590133141,0.0590141145411689,0.012574332443533,0.046808214237279,0.0212830636206881,0.0361939885402044,0.0221932161518929,0.0210813366294856,0.0356348239342831,0.02100444647255,0.0579498142187325,0.0569996905618193,0.0148505096698959,0.0363484523619496,0.0353026086801297,0.0271116333457355,0.0196533062778816,0.033326647468295,0.0298329342088174,0.0588204972717012,0.0241336561314571,0.016088445255718,0.0285728151455793,0.045229192419042,0.0418417919001762,0.0198771395674682
0.0220397797300908,0.0100103222345696,0.0199417810527047,0,0.0105011620602899,0.0355037677438725,0.0311829007784671,0.0207269520193647,0.00831670036297106,0.00401168045558377,0.0154630644541661,0.0173748992426118,0.0214728018409154,0.0102041285314622,0.0183456867795259,0.035635319341322,0.0269468428563296,0.025291905762734,0.0264070139680842,0.00699533762374837,0.0201461281691343,0.0199873335656882,0.00574671418301065,0.0136297630316174,0.0296548874296248,0.0194779331204662,0.019476910707929,0.0125044686701605,0.00044386012947837,0.0118686752333238,0.0274874334398199,0.0318642035544492,0.0114630045064943,0.0159786005467827,0.030650536441666,0.0037578914874738,0.0216300081343745,0.0268270399454386,0.0144112338842439,0.0369882175413367,0.0116386591515181,0.0255605295913675,0.0144593726852672,0.0167094536368072,0.0175921314278292,0.0129104332414539,0.0360022473560193,0.0143247279581792,0.0116971424540122,0.0208442449795548,0.00680383607868156,0.00949940634959985,0.019782983942073,0.0105686420234493,0.0140468194161277,0.00612832305519776,0.00754727087721897,0.0398442059528039,0.0101579147526954,0.0102319057098983,0.0111730414071341,0.0151486854875778,0.014566417668281,0.00837016809023679,0.00754752322261789,0.00716343180982621,0.0725741640061141,0.0569943707606663,0.0659199472398631,0.0620215605491033,0.0272692420910672,0.0397394008128786,0.0186187501040384,0.00619613927857375,0.00992380160432907,0.0396560133059974,0.0355335536164643,0.0622708945230373,0.052623211731027,0.0121510203632541,0.0524809405871499,0.0245654744977163,0.0199728974184111,0.0274697713323181,0.0244504590288771,0.0202473891218141,0.0422079656313885,0.0220140213363087,0.00624047269783337,0.0197593598601655,0.0232208079597948,0.0153546005950306,0.0104814944374975,0.0147322765799097,0.0180351797969362,0.0164735836168312,0.0212960389587616,0.0186758670911256,0.0126001349962402,0.0296565754519787,0.0245250467844852,0.0116100156002441,0.0138881949408204,0.00873313083136104,0.0230292958379872,0.0153043821750117,0.0483165356549907,0.0172110463510444,0.0207390391047012,0.0108519555397797,0.0375544427711174
0.0583264509273636,0.0130328775371099,0.0491816641905128,0.0105011620602899,0,0.00634761913263167,0.0379123581286832,0.0316691122977452,0.00773052826901034,0.0318213755554314,0.021847051522691,0.0253036348173721,0.0329437111154153,0.0153966711525195,0.0362611643178206,0.0255020582184621,0.0164014912298588,0.0403085807938899,0.0382399095927175,0.0108389060082495,0.0699611725375011,0.026193405399949,0.0148547539516427,0.0234282404987257,0.0378293229707754,0.0209045712098933,0.0297004532104214,0.0267614051080941,0.0311615232840784,0.0201371115100133,0.0546919710585775,0.0546182986464928,0.042115669603038,0.00783308742872249,0.0225696703894623,0.00739012467012919,0.0319096680197821,0.0436445052792753,0.00937777251674117,0.01463780075492,0.0138017062625785,0.0408787837153522,0.0263195794580962,0.0160671150330974,0.00764537409026762,0.0132379720165955,0.0829572838690349,0.028364273141526,0.0291289309228851,0.0483167483395976,0.0233549948560181,0.0212603246537665,0.0383938957896268,0.0130992710784845,0.0235942988838521,0.0164764130348523,0.0113758218639112,0.0243660546565417,0.00940445972419642,0.0224114178269677,0.0254132918032561,0.0223825909422411,0.0283641983613675,0.0307061409918593,0.0202815796125398,0.0295353147677027,0.0441147806143496,0.0121484617443617,0.0290004771547128,0.0376623293470263,0.0691898556396668,0.0748172477373806,0.0445021554173512,0.0126976116334241,0.011035200374206,0.0290888628568888,0.014017804423481,0.0253931690948857,0.0470687258741541,0.0133155901060268,0.0172808182374868,0.0208445054518948,0.0648806593773427,0.0692749106690552,0.0536923844295085,0.0184130145387163,0.00105651773706059,0.0304757379511174,0.00605325686330002,0.0210372134837264,0.00976003734395687,0.0158066572554669,0.039175230864944,0.0390742299101261,0.0402861367105398,0.00836120122539451,0.0377239932333988,0.0448859401749408,0.0297252377312724,0.00886087942239923,0.0100198324350286,0.0589383119460161,0.0136213296072086,0.0679248592055692,0.00331999680609812,0.0117836163227476,0.0413228586941234,0.0209218640277208,0.0262193841384062,0.0416586480981032,0.0129759329033909
0.0127939182812824,0.0306514025281047,0.01422719566005,0.0355037677438725,0.00634761913263167,0,0.0115499859433457,0.0236768337103604,0.0311944524650551,0.0234152709703225,0.0158233917691867,0.0292542356791215,0.0103158838265774,0.0158770738243691,0.0182999984977594,0.017073823482518,0.0167410590047743,0.00988551530814772,0.017089210282914,0.0092227045888124,0.0319063292439176,0.020057612518819,0.0110164976456539,0.0190541721277672,0.020763183961255,0.0129519424645559,0.0213414761093786,0.00813554648563183,0.0127932526060725,0.0123745068490948,0.0169969261858879,0.0139390251636669,0.0202093743492315,0.00911436248146927,0.00934925940607443,0.0190049320514275,0.0103972064954586,0.0135330282495875,0.00503921675901199,0.0150090234588115,0.0114622932010362,0.0248075697251321,0.0173214954175988,0.0114222571685652,0.0158189854872962,0.0198076477079064,0.0181720836482674,0.0137422206539763,0.0281405799994762,0.00643060211349819,0.0135274312560048,0.0217978134887761,0.0253768608643277,0.0258727091390233,0.0164920658677445,0.0182211538901867,0.0208340546764331,0.0236976020892979,0.0301702823071606,0.01376414258497,0.0173154275266958,0.0312290520002584,0.0115796047376269,0.0076216252399257,0.0179793453039872,0.0120579917844236,0.0334726225732145,0.0119084016026053,0.053207800149434,0.0169061876976822,0.0150861887380084,0.0171316390172064,0.0200195454694425,0.0250190623691752,0.0183128557330954,0.0371469068227493,0.0104022630986453,0.0203282560861881,0.0127767338857927,0.00922321009607718,0.0231237150006975,0.0263689668505817,0.0145498074568679,0.0160705827332878,0.010819522477445,0.0118795876595896,0.00540466061681258,0.00847704371548838,0.0248935747118086,0.00975106860105244,0.0228711691175622,0.0252555511176287,0.00933421648783337,0.00720113947377312,0.0118306721898146,0.0108205927400398,0.0151962615173126,0.0109494111695759,0.0133988966446126,0.00829155570144524,0.0248024866240741,0.0233566706152796,0.0285422535778685,0.00851764769448702,0.0127485084606297,0.0266747876187723,0.0202264630388388,0.0310431445792757,0.0130125350501502,0.00486474799769506,0.0252103011909362
0.0235294816359197,0.0241662409454079,0.0224780146825083,0.0311829007784671,0.0379123581286832,0.0115499859433457,0,0.020207476844375,0.0221359354031159,0.0324048461047834,0.00645992915461431,0.0373201505048428,0.00266026998841478,0.0375797810985205,0.0192112650409811,0.0290528983288427,0.0561381709002303,0.0258177087268139,0.0379239819948232,0.0344490371088664,0.0504199645170553,0.0362061087558864,0.0195858658070082,0.0313125747325069,0.00648025484967414,0.00199659388095966,0.00884538405994573,0.0278072771160472,0.0386399420519824,0.0180064331140961,0.0421764381273022,0.0383964721217375,0.0353567659293836,0.0305916935284205,0.0109398958985904,0.00937276017234932,0.0343915756317434,0.0314554624784319,0.022821631585443,0.0298041436769786,0.0243508788549176,0.0387289096309433,0.00927929979259201,0.017764662916033,0.0364275003789955,0.0348485196586677,0.0287170199008172,0.0413799170746562,0.0352306163400723,0.0269249322265727,0.0341225740556817,0.0175918251225956,0.0400762008866748,0.0410038274487982,0.0369617136505797,0.037921530456496,0.0279995969189231,0.0382088128612895,0.0287268534502387,0.0202036592858341,0.0377507957067864,0.0438132515947553,0.0308733627194798,0.0324643316981436,0.0298151038117093,0.0489444039400195,0.0492461042548,0.0200263822750095,0.0344132769214465,0.0379596710223408,0.0637887846577642,0.0608210248083003,0.0314689215537028,0.0265971552534274,0.0344034498316511,0.0164606504310009,0.0315155896340892,0.0124298459059256,0.0421319140262176,0.0296996890717653,0.0167896557564726,0.0181457325016288,0.0422733938869639,0.0259052821508511,0.0163759316599854,0.0382067620706825,0.05335020876781,0.0334214653422618,0.0217862113415351,0.0198112503447455,0.0186293502444676,0.0098809917927856,0.024577309867993,0.0403051944875492,0.00569843372447902,0.0360181997969051,0.0481656760886584,0.0141728666390099,0.0153446898036137,0.017490896468199,0.0172971686136801,0.019647859005944,0.0137338999945023,0.0501813788496369,0.0166085633583562,0.0194008034760763,0.0499035136835227,0.0290821201090922,0.0411380167494444,0.00594502478760483,0.0149633618818697
0.0197197048543578,0.0325952433972432,0.0181699102258127,0.0207269520193647,0.0316691122977452,0.0236768337103604,0.020207476844375,0,0.0408207418500083,0.0283195831781149,0.0330847781333223,0.0200975568176381,0.0171883799908635,0.0325885990483999,0.0120915841302723,0.00665761535067237,0.0524565001641629,0.0402418032825607,0.0214328651618662,0.0316449871962647,0.0244509757857366,0.0363764763027149,0.0139266165113427,0.0192041597507096,0.0282816525167702,0.0166085357269868,0.0238626354868162,0.0256900067386492,0.0169100285671728,0.02641350775931,0.0130656856558348,0.00786845896796729,0.00797219101762887,0.0305488314046781,0.0151182303608934,0.0214023410446057,0.0536574414951238,0.0205782126847329,0.0250277161805454,0.0362690120463056,0.0261018311928011,0.0295478312720011,0.0350088112567184,0.0376402278417571,0.0162345796427991,0.0327732021483125,0.0204274739987032,0.0451397624384663,0.013859898319995,0.0225048979362752,0.0153159807863295,0.0208489117112142,0.0135810978318479,0.036363355826454,0.0519915560772084,0.0468823109181878,0.0287604477149518,0.0561847900193033,0.0403793889762449,0.0382263470386773,0.0511426232720249,0.050328514122772,0.0381911689243549,0.037721755518513,0.0424209834624493,0.0491518116940528,0.064954342659793,0.0460685129903597,0.0467772514175199,0.0451256378335962,0.0312993368142319,0.0307623673290942,0.0399701947703176,0.0348996088064374,0.0302161081699805,0.0179094406238081,0.0255427633351814,0.0306616410754253,0.0358067600625022,0.0415021719740065,0.0362975079419937,0.026543759328597,0.0408077190638863,0.0113190544123451,0.0162768659784454,0.0242781312489804,0.0561754278998742,0.0190087682089998,0.041026198879501,0.0212924577793747,0.0471392449897997,0.0269534789102058,0.0144483131703657,0.0198164072009426,0.0229136496421578,0.0369714252906555,0.0435345045155463,0.0148281665804303,0.0191470848319664,0.0340557649761615,0.035903414610677,0.0152436125360262,0.0345997794352906,0.024568631156054,0.0608387956972915,0.028465922538138,0.0248963866418065,0.0337386819407165,0.0299227405379112,0.0199668328333254,0.0279298644093876
0.038089951567051,0.0115476668036243,0.0371949294847407,0.00831670036297106,0.00773052826901034,0.0311944524650551,0.0221359354031159,0.0408207418500083,0,0.00709317571671395,0.0121964658218291,0.0120597508441605,0.0275455949831664,0.0045196310169939,0.0451733278505441,0.0422454763344671,0.041996651242012,0.0187360556075008,0.0300556469742951,0.00493340496834824,0.0438625134780482,0.0239525256898654,0.0104055067189165,0.00538555449751867,0.023313472398973,0.0132188079525972,0.00633930999757764,0.0164535767773009,0.00559270500696135,0.0329871613431662,0.0390847044400449,0.0341627317124915,0.0110689699733372,0.0333029548225868,0.00399649326965055,0.0137597369046114,0.0393772809940582,0.0173391624860645,0.0172924418667197,0.0410030086150019,0.0109404131509811,0.0362863850537262,0.0207511743604394,0.0378683414099941,0.0169818496597037,0.0181702453221692,0.0306192688260254,0.0423164983492622,0.0218091127158058,0.0257358267344131,0.015254603831722,0.0358017145124425,0.0372990284553591,0.00375841376441641,0.0452933638553299,0.0135971361045564,0.00351285299506083,0.0529098150612094,0.0286139943833868,0.0309326979327053,0.0423697776932019,0.0435921027475931,0.0396252196074487,0.0318819881462514,0.0074627561165616,0.0205473106447663,0.0668873181328957,0.055910131044291,0.0511029566168753,0.058940638896762,0.0405912035018926,0.0426625633509165,0.052625523832382,0.026459395116554,0.0286611378576935,0.0232167859076487,0.0259436823370687,0.031024525531904,0.0528030949768684,0.0113164118622057,0.0372912766513557,0.0134545671501492,0.0481445628913729,0.0205495498082884,0.0346102047149273,0.0252905432992423,0.0389179940351282,0.0292664169250998,0.030059033761301,0.0206279887446704,0.0464720976390171,0.0227220922615542,0.00949755042193087,0.0147260473471821,0.0245494960890492,0.0391327194607436,0.0457963596758564,0.0240325018365893,0.0146718480275142,0.0356461819239845,0.0302290541651167,0.0283896917258284,0.0629116799166329,0.0363218138370783,0.0551941726711487,0.013794454224568,0.0336192197068763,0.0353522230933766,0.0391143145531845,0.0112593922612307,0.0357200836436059
0.0495731173343258,0.00814676187921979,0.0393153471010318,0.00401168045558377,0.0318213755554314,0.0234152709703225,0.0324048461047834,0.0283195831781149,0.00709317571671395,0,0.031775239462688,0.034782103888846,0.0355237774908907,0.0324836908190377,0.0334114792901243,0.0209592648062742,0.00707622520855543,0.044251862880248,0.0291452177834429,0.0504150983341997,0.0522204157548818,0.0246660242923007,0.0105411742116342,0.026922359954597,0.0433785009532489,0.0218729884801193,0.0483334823628647,0.0236882638878201,0.0202360605511439,0.0225246348221943,0.0407389226279559,0.0390878124061784,0.0341237015206901,0.0146900538205093,0.0296702624330741,0.0148021216043403,0.036943768656957,0.0447885260375547,0.0137228504985037,0.0146019974836796,0.0195617133905135,0.0301077716488516,0.0255088796301086,0.022159192426217,0.00058851687524053,0.00200150547133173,0.0622060778571686,0.00502527886632129,0.023288281645884,0.0498595610065248,0.0224862515127112,0.0225432848219233,0.0288434587955041,0.0117883332207898,0.00659958215219688,0.00425321487373121,0.0156089721455404,0.0118006525375636,0.00469873963271702,0.0125956125990399,0.00770752405375168,0.00399810575579057,0.0155164656197558,0.0176726821291613,0.0161307515502482,0.0093967198664287,0.0375409483980747,0.0293041406744146,0.0309832319880324,0.0437358509340748,0.0500470460257054,0.0556533228251136,0.0339150380742343,0.00577343024813582,0.0057234825077343,0.0344938955830472,0.0223157623480601,0.0299295035580338,0.0447422183914887,0.0180233321735213,0.021857800960122,0.0222470264274258,0.0489304317802206,0.064013913020978,0.0480562266395958,0.0214573429192499,0.0154056018828444,0.0318931770243055,0.00701816707980654,0.0151378557742734,0.0113412439631887,0.0179075634810751,0.0320046540348416,0.0251564354305295,0.0422771452191663,0.0160528496373979,0.0284483045876477,0.0479694644569947,0.0337132479900286,0.0149466273446562,0.00835851014502419,0.0512870730111059,0.0153011655131164,0.036313317481392,0.0122695421449511,0.00774494195634133,0.0398023729085554,0.00730634954584601,0.0230862851095155,0.0402928930850869,0.0125391467115512
0.0317130781700051,0.0124481352426966,0.0559993634696589,0.0154630644541661,0.021847051522691,0.0158233917691867,0.00645992915461431,0.0330847781333223,0.0121964658218291,0.031775239462688,0,0.0142100474530834,0.0232316369237963,0.0301196315900541,0.00719963958892523,0.0200854174754433,0.0287512031524078,0.0189593194376561,0.0184135397728089,0.0245841112580607,0.0465709682424883,0.0483378431935288,0.0247477359589251,0.0224195456309065,0.0405383618712213,0.0222115628544632,0.0163544019527481,0.0322621374602035,0.0369930424750409,0.0109785573399023,0.0304436471259327,0.0338273330572239,0.026158376502234,0.00464654165799969,0.0167871272990707,0.00396654436836465,0.0149228336267477,0.0247110535638368,0.0205494980573219,0.0311542766564609,0.0139790106764872,0.0392436903966766,0.0199316001154753,0.00263675209651384,0.0228977793882353,0.0185422711096965,0.0430070767449395,0.0334347391733955,0.0150666948124905,0.0117602861083494,0.0219235459066479,0.00982618130800624,0.0391298577191597,0.0211126246818678,0.0329341832856799,0.0201746111650949,0.0282358545708923,0.0424571026785857,0.0223433633355943,0.0177786371821709,0.0299465936019388,0.0253520505403122,0.0318430277244667,0.0298566192174636,0.0206255932433476,0.0323994057458333,0.0439128154074177,0.0123661810740216,0.0345119025209788,0.0149967719449209,0.0278986467956405,0.0286137275522619,0.0180208623381707,0.0274830198133697,0.0234363019306538,0.0213197192919783,0.0126741759290376,0.0348838258824741,0.0227755089317853,0.0255945006003872,0.030946875705206,0.0109244463503143,0.0246628759200752,0.0269840153831653,0.0142205515271725,0.0143032192092175,0.0209409173452313,0.0196866266360117,0.0173774130741496,0.0344248522493145,0.0174047689898675,0.0152815925798844,0.0096722961335813,0.0115290485338475,0.0257734849098115,0.0140145912241082,0.0328653601584107,0.0261956088193701,0.0147450983092507,0.0156250891437707,0.00789644088270334,0.0380917012952401,0.0146038797296453,0.0189939083170285,0.00575410173432816,0.0105546610458178,0.0194252145247705,0.0222877885687119,0.0222822719169876,0.0110328818325998,0.0234551851338559
0.022317600717002,0.0132055964992893,0.020803901159665,0.0173748992426118,0.0253036348173721,0.0292542356791215,0.0373201505048428,0.0200975568176381,0.0120597508441605,0.034782103888846,0.0142100474530834,0,0.0217721081064156,0.0318773161839604,0.0190445536843542,0.0406011264772856,0.0235505367291723,0.0196461694833849,0.0328369416856888,0.0274032371023384,0.0193249815100963,0.0454709055752382,0.0234674036237678,0.0169803591747631,0.0463129256836379,0.0306324472242124,0.01438335648633,0.0215301880759636,0.0270164280680673,0.015379408291375,0.0348761927882161,0.0443333075777829,0.032800251220018,0.0222105795513122,0.0473881791643194,0.0189421676357007,0.0152006354319513,0.0297743975837563,0.0140807073523014,0.0221827066528705,0.0177819643035087,0.0210967064701077,0.022819011983301,0.0143589953293124,0.0189962249209572,0.0116574861820508,0.0650166046162424,0.0144585426549022,0.00893811212325511,0.0134339553921393,0.0108630184564025,0.0107585474397495,0.022767491583266,0.0161103209548802,0.0168388199892622,0.0133907464498335,0.0312031959498595,0.0379669153300623,0.0115264928199111,0.0102040829536896,0.0148752190192803,0.0212104902726684,0.0148615942872163,0.0121301978283652,0.0150448264715339,0.017282097107359,0.0747412438001028,0.0340833301538748,0.0626506853529608,0.0407963340823462,0.0261722032934085,0.0457154734510014,0.0063329673726345,0.0164030491506357,0.0134514955286761,0.0461167571562848,0.0433567895643307,0.0531412808040172,0.0432996832735268,0.0175044426004203,0.0311715540387652,0.016498100123869,0.00688562280709206,0.0537475618730543,0.0256472131049053,0.0147179741965454,0.0226308854676982,0.0127484007230258,0.0137577242277677,0.0258226655866772,0.0214421449860384,0.0240401773901484,0.0163974666432956,0.0306628074820034,0.0182942395985114,0.0162337522724301,0.0200392515835401,0.0263708943950023,0.0151880614572464,0.0157277432432249,0.0174494230383555,0.0397798560149934,0.0159153363746106,0.0172818483712083,0.00964440742640317,0.0138880079239294,0.0406293145696129,0.0144928194877389,0.0225295131330664,0.0183064586887237,0.0180414383196334
0.017733355866686,0.0223592583243312,0.0310096183424441,0.0214728018409154,0.0329437111154153,0.0103158838265774,0.00266026998841478,0.0171883799908635,0.0275455949831664,0.0355237774908907,0.0232316369237963,0.0217721081064156,0,0.038684953095756,0.00258643716414279,0.0170667190907233,0.040584298533045,0.0349348235357974,0.019040168339796,0.0418619955402052,0.0474782671210105,0.0531971138688953,0.0254927841153132,0.0220652796846879,0.0239891448888542,0.0268374219606559,0.0111934775272473,0.0272364154511226,0.0434982108590793,0.00548730481023788,0.0313587558899327,0.0398089379611443,0.030643991127755,0.0226092944804147,0.0113025598182086,0.0041414730884208,0.0334364288367346,0.0159606293988976,0.0304692224216429,0.0232954253664436,0.0133905897688916,0.0278027581617915,0.0182484533029555,0.00920139592235801,0.0205729369660418,0.0281504153012145,0.0403666077014241,0.044832455718542,0.0167027988038574,0.00707403249742817,0.0244325557695073,0.00320741130482259,0.0237371788323208,0.0352153558780803,0.0451116494387016,0.0417363710721185,0.0425089728735472,0.0414656697403477,0.0364890952993477,0.0260160927694447,0.0432001594252959,0.0476623614766855,0.0384115865525887,0.0388594385671212,0.0356986591967782,0.0508992264308389,0.0473668783700403,0.017337146162541,0.0347628845279062,0.0178787511246498,0.0349539251045243,0.0346443466678865,0.0252151533199553,0.0286215826298293,0.0272105651379395,0.0137491462242353,0.0160092300286212,0.0195201378167626,0.023363733836473,0.0322281275087368,0.0195682826945838,0.012258227927703,0.0233349252438683,0.0204288959503382,0.0105522724850189,0.0200303085069484,0.0341838933825111,0.025237065205328,0.0341234959983616,0.0240151735065595,0.031453653057191,0.0215470006360482,0.0124925722408243,0.0145397732749832,0.0225309888083739,0.0244675011806204,0.0495341377977009,0.01283858854701,0.0210868985778319,0.0182862252064051,0.0169198906757129,0.0379009492991171,0.0244881515161412,0.0288685628960928,0.0224329776412652,0.0165496101053345,0.0254487038984629,0.0293644818889237,0.0273392020160542,0.0125270071655971,0.01756695990101
0.0500823770481,0.00581250422616401,0.0506998312984519,0.0102041285314622,0.0153966711525195,0.0158770738243691,0.0375797810985205,0.0325885990483999,0.0045196310169939,0.0324836908190377,0.0301196315900541,0.0318773161839604,0.038684953095756,0,0.0302288563343047,0.0239957071970224,0.00375577869427939,0.0480991566199071,0.0254977073554645,0.034696456891397,0.0466987099702372,0.0220666955952485,0.00992463174134047,0.0234769206669436,0.0564091686525417,0.0332075983753542,0.043033025186846,0.0222467567878633,0.015990348238619,0.0174884046699487,0.0441905603481717,0.0476498215610922,0.0456943243761459,0.0145793714469165,0.0473250869139513,0.00949260363271513,0.0332874258933502,0.0503923367261464,0.0172035107515357,0.0210082528524762,0.0163808745423964,0.0387824637075536,0.0195055342018722,0.0202735649674551,0.00496186772563892,0.00406668320654239,0.0725632581772984,0.00929610470272093,0.0238741772300646,0.0471239773758035,0.0231800514581446,0.0168751259055076,0.0402323048957714,0.0111446059124227,0.00606820536590677,0.00288303447651136,0.0154107657900019,0.0203113241422141,0.0029499767586882,0.0105326517102599,0.00618644803998146,0.00801189687020865,0.00932184457338181,0.011224952633068,0.0147037950680219,0.00820529298511443,0.0648601140461739,0.0352278513665109,0.0526907979988416,0.0514644906810785,0.0604499075951509,0.0768642720824588,0.033213079713108,0.0037292442846698,0.00354540175001022,0.0551008556211812,0.0300624867964813,0.0577267709684501,0.0539179148352523,0.0156834655989351,0.0383947719405693,0.022401538646907,0.046832282641281,0.0631739872870263,0.0564800479032195,0.0257120426755005,0.0178640583494597,0.0333035827856591,0.00306739166263729,0.0152816916582984,0.00743347676438192,0.0105412847252383,0.0215601761838758,0.0238687098297571,0.0304561458383161,0.0171549796132332,0.0258914531498103,0.0473295776003073,0.0422680091320496,0.0102644278786503,0.00886957587065724,0.0439250039081926,0.00915774987312446,0.0333234847630233,0.0122363115999605,0.0058734109803912,0.0683942336402856,0.00833244089716975,0.0266608810866402,0.0340096823071095,0.0139503100958693
0.014657145385744,0.0356056227042312,0.0250774829393118,0.0183456867795259,0.0362611643178206,0.0182999984977594,0.0192112650409811,0.0120915841302723,0.0451733278505441,0.0334114792901243,0.00719963958892523,0.0190445536843542,0.00258643716414279,0.0302288563343047,0,0.00959185222728822,0.0606390124783159,0.019524896230887,0.0277128904851637,0.0267984094699904,0.0435231844219557,0.0339708373343066,0.0100542749638077,0.0160139564332267,0.0198957485349616,0.0143105057763159,0.00737183063238965,0.0238217788335862,0.0253082450027604,0.00944342673009528,0.00971156366270112,0.00867179700161145,0.0248049132376677,0.0282661696624564,0.00879663500661888,0.00610781687438107,0.0387558662908079,0.0169697375385973,0.0153275625172674,0.0245621974613596,0.0264184097458848,0.0384230392264696,0.0223487311364613,0.0191526901284738,0.0251611320798661,0.0518677451936638,0.0198972583356679,0.0601555011298879,0.0201876728993454,0.028412220159743,0.0158893910520885,0.00653838807757128,0.0257586268754537,0.0405656413200635,0.0608489144838378,0.0711437819924992,0.0410278817581378,0.0532303073478502,0.0545469991551149,0.0375575897560275,0.0643786232057742,0.0725015846890428,0.0352717868640956,0.0382132024948397,0.0607197475057814,0.0619130432824186,0.0693644996297824,0.0276890645817706,0.0411082098927312,0.0364623040812918,0.05736499730729,0.0566163478238416,0.038110480805654,0.0442006054145038,0.029847355226621,0.0130909798250276,0.0262581588058142,0.0217049710392094,0.0369176750507659,0.0400404429310694,0.0244849389017922,0.0373134886284259,0.0513746610605098,0.00549196991626854,0.0267471360937167,0.0255788385093168,0.0552735846875496,0.0202400897884922,0.0497376028564077,0.0207236558724972,0.0423944131875592,0.0162913436319017,0.0189680577131952,0.0212095100705887,0.00657536486218585,0.0282496138332745,0.0362216686652687,0.0123031130678371,0.0127118122101322,0.0302444586388235,0.0418487728520855,0.0134271420071127,0.0218239223528757,0.0399994177664733,0.0354055538036729,0.039400481477894,0.039135883121412,0.0562578087272877,0.0315667170616743,0.00565771548501822,0.0173414990087385
0.0164905387410606,0.0377004094153311,0.0135362651127535,0.035635319341322,0.0255020582184621,0.017073823482518,0.0290528983288427,0.00665761535067237,0.0422454763344671,0.0209592648062742,0.0200854174754433,0.0406011264772856,0.0170667190907233,0.0239957071970224,0.00959185222728822,0,0.0487688774384303,0.0328386544079009,0.0284557902677397,0.02379120971401,0.0316812032704872,0.0312013863722877,0.0154443784660493,0.0284265383980981,0.0166312653826646,0.0223404928450697,0.0233922025147989,0.0239657892792448,0.0204806370526599,0.0160392070431602,0.0212618766041867,0.0180215317925265,0.0168455845866594,0.0272458986179139,0.0174593427241597,0.00760441462676543,0.0399371452159471,0.0240907322829558,0.0204911094334544,0.0276143903900289,0.0274764504710068,0.0356402599217275,0.0277265278004362,0.0237782641243588,0.0264129723480578,0.0464673051194392,0.0294648549344278,0.055855623063507,0.0221320755836962,0.0279633043551327,0.0219820291205617,0.00313184801669174,0.0293900406948252,0.0530215641023539,0.0580925973276754,0.0578021775546843,0.0390506701125331,0.0560600334848855,0.0380258215860724,0.0418008070154513,0.060280258782072,0.0672938177530927,0.0346293180702504,0.0389435396195991,0.0524456837197925,0.056553967035141,0.084041203803391,0.0429520214881116,0.0547404901979642,0.0547252884319476,0.0592446103297366,0.0608802814977256,0.0299011563162336,0.0303780786404607,0.0195660467701227,0.0203337839821739,0.0346265661465792,0.035070988160724,0.0506920509744354,0.0411237534416226,0.0314297849494672,0.0356939998434226,0.0382785002433711,0.0158208268446904,0.026274226122594,0.0252769990361361,0.0602772594072537,0.017629823349926,0.0278609258156306,0.0207529635381771,0.0381520092437905,0.0171527571894374,0.0151857389400191,0.0215076099613074,0.00913518146130112,0.0280316333949757,0.026524762471721,0.0130522495158943,0.018916612479915,0.0309910673707151,0.0473813360261925,0.00576830515277728,0.0161624482609266,0.0226297686279406,0.0346601909511834,0.0373261582524311,0.0558435373961142,0.0422315245239387,0.0337040075352591,0.0127848323090376,0.01984306044999
0.0645311625388611,0.0393980577978005,0.0502889309731236,0.0269468428563296,0.0164014912298588,0.0167410590047743,0.0561381709002303,0.0524565001641629,0.041996651242012,0.00707622520855543,0.0287512031524078,0.0235505367291723,0.040584298533045,0.00375577869427939,0.0606390124783159,0.0487688774384303,0,0.0543298093213204,0.0591518491242346,0.00915871342698176,0.0379889800621661,0.0141942135288084,0.0175328506377545,0.0259535411613908,0.0173721542877104,0.0291486211909598,0.0393384534426123,0.0332158717199359,0.0195611134196561,0.0619270308911907,0.0677317196061913,0.0828832917970129,0.0376100335180886,0.0314409358568279,0.0138275057448986,0.0192248548157773,0.0547900833967816,0.0486196830336675,0.0230916667150153,0.0258571194647398,0.0373766937172019,0.0374871302654634,0.0500302180232258,0.0517381915566469,0.010413236006609,0.021564883738536,0.0721805954487822,0.0275636863161059,0.0206575914254032,0.0453710435284912,0.0106489613429032,0.0481703750422356,0.0388918224291012,0.0168492606341576,0.0352671012698421,0.0286310077149864,0.00596457283372108,0.035986356191346,0.0186583272831396,0.0468702826639436,0.0365993022536272,0.035254966093899,0.0395785990080035,0.0397088310101205,0.0172390977048546,0.02786160989713,0.0434819421602645,0.0329819341672215,0.0359006088294069,0.0608879828411244,0.0545060984022578,0.0584978948451824,0.0501244335268964,0.0412953581661382,0.0483184151771459,0.0299601439653372,0.0234028845263619,0.0339021417538589,0.0626851101833393,0.0435114997369614,0.0236375720910683,0.0169793306449645,0.0756458840366927,0.051126623974127,0.0482016787664711,0.0398838455554351,0.0315616184403841,0.0334176106382703,0.0279448364764914,0.0160275780303985,0.0352316223649246,0.0439211669192922,0.0303261340466985,0.0462090073313133,0.0360688839102265,0.055084697386248,0.0384560550084338,0.0352021380966157,0.0306790206840304,0.0148092288238442,0.0408060690047608,0.0278951932707467,0.035475989374416,0.0362453394094969,0.038956111375299,0.0291070808949809,0.0504162659877449,0.0239115858321217,0.0449725108456705,0.042215006985714,0.0224955275273422
0.0441920894752343,0.0200879289743882,0.0571169810632099,0.025291905762734,0.0403085807938899,0.00988551530814772,0.0258177087268139,0.0402418032825607,0.0187360556075008,0.044251862880248,0.0189593194376561,0.0196461694833849,0.0349348235357974,0.0480991566199071,0.019524896230887,0.0328386544079009,0.0543298093213204,0,0.0096745326721455,0.0423481957959304,0.0493452864988828,0.0511277551908628,0.0192348993104398,0.0244854714123517,0.0326489960488147,0.0169935842080289,0.00215643274545879,0.0328972248003728,0.0390770492474514,0.0328347983269464,0.0472149433079845,0.051356899363596,0.0340770909325777,0.0278030920607888,0.0178489601662837,0.00819311748835248,0.0388127747065175,0.0343487576459339,0.0344002117511736,0.0357323622368487,0.0185938903970884,0.0426631950798467,0.0287130145260687,0.023650618449198,0.0207831115953322,0.0209079124862266,0.0546841411475694,0.0284544117513361,0.0233015924745089,0.0162099238875596,0.0273597323241956,0.0175262691187224,0.0371199558691151,0.0268192434065471,0.029658736799731,0.0255653872266467,0.023416778332343,0.0318968325035641,0.0178749336473269,0.0217910257085806,0.0288535709050898,0.0266091022022508,0.0345656826714396,0.0323523770624775,0.020700563171927,0.0372546593079173,0.0332963636701513,0.00972707667847195,0.0259883159381926,0.0109467661503575,0.0372026553794801,0.0392083736709797,0.0169423915092796,0.0308274186787049,0.045631832029132,0.0204973351917582,0.0193464446400078,0.0230419159164337,0.0277233505169193,0.0436970587559443,0.0194411822148562,0.0142172389963631,0.0281965116105252,0.0435500979274617,0.0196629233261259,0.0213854569136206,0.0355907065116416,0.031890871393386,0.0200406341526246,0.0195110936743281,0.0215096507639656,0.0178323549782917,0.0219351136404407,0.0449963630266944,0.0208006259724442,0.030328401600542,0.0355269286158213,0.0101894449910953,0.0191030982168872,0.012368443384229,0.0175140708059733,0.0278892638093272,0.011384156269264,0.0400949025022975,0.00871047439049324,0.0170918309272316,0.0214599046043684,0.0227088340799612,0.0211563144464747,0.0185877903497674,0.0175036565096394
0.0278426489686368,0.0304879157970644,0.0208471917992107,0.0264070139680842,0.0382399095927175,0.017089210282914,0.0379239819948232,0.0214328651618662,0.0300556469742951,0.0291452177834429,0.0184135397728089,0.0328369416856888,0.019040168339796,0.0254977073554645,0.0277128904851637,0.0284557902677397,0.0591518491242346,0.0096745326721455,0,0.0220685830953629,0.041927765053707,0.0156972082463775,0.0307115566724712,0.0380651587316368,0.00915353165377554,0.0132082429740852,0.00673308890789176,0.0454611522445054,0.035624716886829,0.0390796099537049,0.0272782446240975,0.0225828101744466,0.0304538664606102,0.0457822048637726,0.0266346072182615,0.0241057894899972,0.0259910362752849,0.0430890444036367,0.0424582220950821,0.0352949485757377,0.0350388648796558,0.042988252838664,0.0233037401657379,0.0294766115540197,0.0414467343360801,0.0386435872202261,0.0319552134864077,0.0485147189613869,0.0584663674381614,0.0370882540172195,0.0485581328470667,0.0324417390133367,0.0381072743180893,0.04161215406955,0.0458663527191942,0.0479074945386824,0.0326516055158129,0.0461154486592727,0.0301060111017872,0.0314171370902305,0.0472260958975039,0.0499679556252601,0.0369042895796432,0.0431963200623323,0.0408162923498974,0.0570827147121012,0.0402321230061371,0.025152963014884,0.0358689226673955,0.0178266608714882,0.0632189715536541,0.0540289796745076,0.0309203965834913,0.0410913876358753,0.0530490211314322,0.0314932661576843,0.0206697339136948,0.0263865212088161,0.0301339634853059,0.0484527974105903,0.0336976204126637,0.0253155220375048,0.0401526924412739,0.0452031587867636,0.0240820782345634,0.0307661974498593,0.0442993908648788,0.0285549205909728,0.025203696438002,0.0150481360408495,0.024298384977246,0.0205537250526179,0.0403139875903934,0.0633249489648582,0.0253438436955363,0.0309524989079804,0.023892634507348,0.0267997956749242,0.0113375824584966,0.0150736585302022,0.0242980217516741,0.0108364020655618,0.0138851687281568,0.053133502904602,0.0185790346596393,0.0281139344856088,0.0336311003361222,0.0293728672597852,0.0224872970400049,0.0236551567125174,0.021444506404205
