0,0.0235235197733786,0.0231998956204868,0.0203711696047088,0.0266466501975902,0.0380256963554579,0.0598774915067991,0.0212872122025427,0.028335796577845,0.0413143466913755,0.0526223282392574,0.0121618401143933,0.0276730072364709,0.0384697297717178,0.0224342496127117,0.00876110579474834,0.0311535150786839,0.0488117002990307,0.0492584635165077,0.0349755555668666,0.0254788734771913,0.0344391292944118,0.024089370062495,0.0382120758163043,0.0332999421656421,0.0405532724194638,0.0601424264236351,0.0298058657601803,0.0440888075414494,0.0257008019007493,0.0233417060826512,0.0609563672401412,0.033260130200926,0.016691734327139,0.0125690921043684,0.0266711004625648,0.0337267908111082,0.0597287531588897,0.0400682559138439,0.03717894171475,0.0612617423293313,0.0618198375129128,0.0280305294439338,0.0465522094513682,0.0324955413602491,0.0026477358031899,0.0512610717385938,0.0299696630525923,0.0232803437270501,0.0326135384378835,0,0.0361103660677392,0.0458389668805359,0.0227545414649772,0.0366921961452897,0.0330421732639557,0.02170956396711,0.00657548075062418,0.0442546577653627,0.0240288232259836,0.0244740749637505,0.0215638969902565,0.031146446081878,0.0170940600014293,0.0342008367077352,0.0177485382672497,0.0654108492569649,0.0394850908998511,0.0397640483475096,0.0359383439409192,0.0197625865613228,0.00787464433642825,0.0265854639060874,0.00800486906819978,0.0154323043277036,0.0225346689746743,0.0287388785406235,0.0142603568940428,0.0363955323413844,0.0566244025186266,0.0240505053124894,0.0199896855496483,0.0321110408206886,0.0226255379741969,0.0466647242496784,0.0374736118317155,0.0260597333802559,0.00724676970465321,0.0374562572812641,0.0333684375339083,0.0279410433304394,0.0306827152037655,0.0193270225240462,0.00804462349158143,0.0427711512467585,0.035005798993502,0.0424988089596385,0.027248597129788,0.0111366354636781,0.0252225074813045,0.0263870463842749,0.0382419385761282,0.020404419615041,0.0212536994800966,0.0424068643939705,0.0287170425060616,0.00421471816011125,0.0200975214366927,0.0219427011401567,0.0240083385459738,0.0332608278563582
0.0235235197733786,0,0.013982310764152,0.0183973905897112,0.0313509088328196,0.0228768472147681,0.0247886421328178,0.0333502112360955,0.0354046647407487,0.0383625102400095,0.0273429661586813,0.0172271854455129,0.0232889140145903,0.0606153300279377,0.0329673103434682,0.0155444575652654,0.0163356583567899,0.0433036162904099,0.0391676873946124,0.0565845351207766,0.0208722895209978,0.0354884508899298,0.0253401452362731,0.0553148310212586,0.0598987474829021,0.0256460831057726,0.0515621038821613,0.0437189818534755,0.0326330981675128,0.0193683591338875,0.056217900347712,0.0526372301479265,0.0322480641125321,0.0284818923242403,0.031228848373416,0.0186370426525411,0.0295694784679675,0.0523940350396119,0.0448160638572247,0.0236270735661679,0.01798673354907,0.0316673292069709,0.0391424796146283,0.0350053445945763,0.0390312292559959,0.0254166020041041,0.0363763397225713,0.0261682329198631,0.0183662768296604,0.0274743438479361,0.0208231331569963,0.0308318023371623,0.0108454265467221,0.0470601166731729,0.0215164329717952,0.0238366901092895,0.0344149262585513,0.0254047489345462,0.0180935646202064,0.0191166369316245,0.0418998806401255,0.0257824852549398,0.0393152858673849,0.034132998835716,0.0286375657874812,0.0284833249402701,0.0596601711823917,0.0226614805785889,0.020840621646486,0.0228474675041362,0.0223412937712933,0.0240365910507767,0.0209698098585547,0.0206367806142472,0.0205951510169078,0.0167188090367914,0.0222759669512158,0.0188180286184474,0.0245003508052263,0.0504952918923387,0.0151143850697912,0.0216107049974149,0.020224483632586,0.0171224230828681,0.0254093925190396,0.0271764316366971,0.0290359142542894,0.0303495062925288,0.0198790351961113,0.0257836141920211,0.0436344409541454,0.024413547526853,0.0276958907571197,0.0189727294039735,0.0666319416581689,0.026275864879096,0.0381934975420959,0.0208771774881762,0.0381644770891763,0.0450704699625231,0.0140373425382565,0.0236115639456758,0.0331270188001265,0.0216930920358444,0.0289846212731248,0.0460756375790012,0.0344186389519781,0.0234125680037206,0.049477396323826,0.0257032522381456,0.0429079656486165
0.0231998956204868,0.013982310764152,0,0.0338407933585856,0.0352570531195205,0.0263077343958052,0.0335769850265464,0.0178548010575899,0.017221096959851,0.0238321961936496,0.0193733131733614,0.0192176250967003,0.0321339334820428,0.0159152799217891,0.0175429169211173,0.0119083274073119,0.0146165554279002,0.0216103473915797,0.0283826654367147,0.0162930268617972,0.0130962112983424,0.0185931827004108,0.0105118911931672,0.0165307272375667,0.0134379017943692,0.0241703553780024,0.0172415026074814,0.00901422540939336,0.0220454582892854,0.0143703231440702,0.0151453701637662,0.0168619483712214,0.00901381458974116,0.0204639635426787,0.0187928273151176,0.0177617053185152,0.019561430740353,0.0125065340188399,0.0146844835894448,0.0229828642896913,0.0373814477945469,0.0183786192761914,0.0334756050597461,0.00979425394890377,0.0146513584959144,0.0241720595347956,0.0164648568359671,0.0207317647273525,0.02134846228145,0.0176655827977894,0.020444328717862,0.0209064943614948,0.0344277350610903,0.0127563177242934,0.0242834301790214,0.0157392174716604,0.0199478451617159,0.0204669559291499,0.026626940470337,0.0255519345247921,0.015855804224778,0.0201617701754218,0.0185654569834035,0.0180813841578607,0.0197917410898713,0.0221166671073798,0.0143725317643969,0.0242746885981551,0.0302390002376214,0.0254820855080715,0.0252066971873601,0.0203408249902326,0.0216465165331085,0.0182099337075127,0.0167987182667692,0.016352778870615,0.0276917583924322,0.0192538549407498,0.0301882098519055,0.0167854738899902,0.0161983877127696,0.0244996709900066,0.0115563858176642,0.0226123627934532,0.029820789169078,0.019836477338357,0.0162305573775018,0.0225518612377563,0.0219072139148024,0.0225257166673742,0.0177210083887384,0.0143928819018476,0.0167613782242083,0.0223259149733375,0.0136080264411138,0.0329733668080251,0.038071828735953,0.0164192534042324,0.0199205888585087,0.0206199790352114,0.0180886207450563,0.0197223062601309,0.0334520710402745,0.0154935658036173,0.0221735698089093,0.0162940208880943,0.0308800210496903,0.0228408582102311,0.0221180988078707,0.0246028719619083,0.0219919330258117
0.0203711696047088,0.0183973905897112,0.0338407933585856,0,0.0264935831271582,0.0321983371299196,0.0312855991350443,0.01902663343634,0.0117389344891789,0.0182878535062533,0.0255297537904289,0.0159225077286568,0.0208903543954949,0.0126313956031832,0.022909697019169,0.017394201187431,0.0187350362683191,0.0253974566230632,0.035949421032327,0.0143861978936061,0.0159677271896741,0.0226424787872924,0.0125728756422169,0.0149986018982507,0.0144066996172209,0.0207056994260388,0.0195514852867188,0.0159692469030176,0.0255782915998442,0.0198582216789745,0.014279452827799,0.0102235078393291,0.0129028619096835,0.0258972197859083,0.0218804753524073,0.0161781844074853,0.0201740986466004,0.0150772925117693,0.0155988683268327,0.0235837738871977,0.0337782970883509,0.0237511563231769,0.0460233332954723,0.0149270484134075,0.0123695780329797,0.0327032556915325,0.0161050932504136,0.0212824936042293,0.0374345445342848,0.0181689437419942,0.0232183314430674,0.0238337506592531,0.039761152835756,0.0118293846523217,0.0293097610977617,0.011483189255885,0.0209212013783556,0.0268847645186435,0.0353504591058066,0.0354811935619197,0.0152016734572316,0.0240328480632667,0.0157417276135826,0.0182079356250976,0.0254378282924428,0.0256723484046413,0.0141962898271318,0.0444709103658563,0.0289486781908177,0.0309367637890334,0.0329131993144832,0.025996072096342,0.0255246552042187,0.0236052422959685,0.024793260114631,0.0283368122341162,0.0316480919572368,0.030331796117705,0.0291961486917026,0.0196461019921535,0.0105172095228185,0.0365105326308056,0.0203692206876193,0.0374996212167616,0.027708986945921,0.0158360186560255,0.020697721974455,0.0255878570776299,0.0134143646440933,0.025507742611497,0.0220923242555493,0.0142514323963762,0.0244441864281637,0.0318182694499623,0.0116063434635734,0.0303106542317615,0.0328235992499349,0.0147046342109782,0.0226203247749463,0.0204603523981815,0.0180159706897982,0.0160940198841723,0.0270873820292009,0.0212085808328436,0.0285615882117033,0.0149967011224823,0.032435136203031,0.022806021250995,0.0182633563939773,0.0346566299065499,0.0208608388262214
0.0266466501975902,0.0313509088328196,0.0352570531195205,0.0264935831271582,0,0.0172444471259146,0.0313667059879681,0.021980491444333,0.0151913133104491,0.0279863505365367,0.0266921472850728,0.015705635112374,0.0283750543358759,0.0326640294674088,0.0272377799678101,0.0191012934768132,0.0246656366523579,0.0364510722056048,0.0203384440040872,0.032287635321151,0.0283684705639904,0.0321636468266109,0.0178397456012416,0.0307105157860584,0.0421489889479514,0.0192904083480445,0.0349332365196124,0.0325257974338001,0.0268322204521228,0.0371590323366031,0.0344011822407963,0.0259291721000386,0.0418226832803317,0.0252298819583693,0.0235401859042391,0.0245790951699295,0.0311202580905747,0.0260947024264799,0.0363930119336686,0.025793109932535,0.0246293794834146,0.0195388361004753,0.022574641947669,0.024646303400665,0.0336098811947233,0.0250220488117136,0.0265340004627778,0.0308792791067856,0.0387410438610801,0.0288048634740575,0.0246898447271212,0.0229972436003384,0.0301628551439609,0.0363215036197145,0.0220554599548576,0.0467900491543364,0.0251120519455479,0.0242936595493705,0.0285299962645645,0.0279471136501416,0.0311835808815638,0.025774955800974,0.0315184543816742,0.0302373691499206,0.0241810803859943,0.0250600923319044,0.0227347415941203,0.0420598873202379,0.0355301073044492,0.0305311092052048,0.0279875157227058,0.0228279385229338,0.02839991384155,0.024094188756222,0.0385365316611445,0.0341560640714419,0.0328518621666209,0.0373093758297343,0.0479871800700837,0.0202299147314648,0.0521823497614484,0.021714737016059,0.0394318688097259,0.0372164471354202,0.046761548061865,0.0298480866298831,0.0311323155656162,0.0273822657904516,0.0313564942009078,0.0444193099975256,0.0383147242062371,0.0317539055970248,0.0234488657947785,0.0217091860330987,0.0394827520461614,0.0421690095176322,0.0252649559832711,0.0226197220812668,0.0166591791731383,0.0232370005681659,0.0274025163109336,0.0323213861811183,0.0360175844329659,0.0281399770285074,0.0287217353330953,0.0318451213919018,0.0154376644376038,0.0448925927887284,0.0238561056542376,0.0324024164773474,0.0312084652279299
0.0380256963554579,0.0228768472147681,0.0263077343958052,0.0321983371299196,0.0172444471259146,0,0.022790830548069,0.0267529522749541,0.0311877466016602,0.0247824066255272,0.0168481274147605,0.0256735441588063,0.0166574429752892,0.0392561594866462,0.0283506107848585,0.0250795799527231,0.0255549451797673,0.0298577852210714,0.0271947937331159,0.0378838027003211,0.0264072124180029,0.0227263003745645,0.032547553960363,0.0370412103418115,0.0313864233323116,0.0252676948236017,0.0226035888443608,0.0123946785682461,0.0274477613158901,0.0191918861981302,0.0318708063759315,0.0334869768446447,0.0243950081126954,0.0193469569011676,0.023697280151465,0.0294681348762153,0.0291482655362353,0.0326561937099321,0.0349213788563831,0.0208259495119943,0.0205881278578519,0.0223456031440283,0.0297921659251421,0.0285834916620535,0.0317060865731254,0.0214350502253287,0.0257207542960215,0.0235993588394464,0.0204776109817616,0.0277681736092011,0.019072947599647,0.0444425794453904,0.02856820875055,0.0358515766621398,0.015747647891321,0.023008983822463,0.0325432126548157,0.0484817100634533,0.0322000820730667,0.0199802111459128,0.031247071071968,0.0434149169068613,0.0294515844967496,0.0314503204189942,0.020688929373712,0.0457135906786058,0.039959760874132,0.0306026820918597,0.0291604460908487,0.0290289183710301,0.0446626074825787,0.0397166385951921,0.0185672711351738,0.0246424614074702,0.0255388332375684,0.0282879594285498,0.0382107669782811,0.0221846105996716,0.018372170538658,0.0384026598539187,0.0130854485762177,0.0493708746154722,0.0256123807583186,0.0164266345900689,0.0332300358810306,0.0244747829866789,0.0283635791352131,0.0370439320190609,0.0211875580882316,0.0288731562610516,0.0260896761077399,0.0250516944050467,0.030600414043973,0.0371705326100694,0.0212613864286996,0.0311410563789083,0.0122526380878631,0.025946099821116,0.0192938112950415,0.0331485132351038,0.0228931470448787,0.0290964053986752,0.0205672081344593,0.0236768115662262,0.0326602921353204,0.0267081068923904,0.0162865674302812,0.0273334950436597,0.0220503931149137,0.0237340524057178,0.0319791803503908
0.0598774915067991,0.0247886421328178,0.0335769850265464,0.0312855991350443,0.0313667059879681,0.022790830548069,0,0.0357413369670936,0.0138547391427463,0.0361484899379535,0.0300029370763712,0.0164223436780721,0.0220413888307505,0.0288905455182796,0.0389646670548863,0.0163631899463117,0.0140766330374713,0.0400533328467904,0.0181240762499269,0.0254982706205932,0.0241188506933883,0.0188265035457849,0.0122615725677317,0.0189271415041205,0.0352264505843951,0.0158942807683549,0.0239154367893929,0.035527737124358,0.0192501546879151,0.0305594431118979,0.0255110772491319,0.0250490396912854,0.0245854491707015,0.0267099255903704,0.0268363136279943,0.0357421342595774,0.029422349866527,0.0199972444550838,0.017467480382072,0.0371484296748449,0.042315439762163,0.0261550313170745,0.0316879381867997,0.0249772908637254,0.0141161715790454,0.0259810157928961,0.021065113728295,0.0391346534762875,0.0257187266390347,0.0191798152597719,0.0227565591648539,0.0272935918310701,0.04034861965015,0.0296440661428294,0.0206174244880867,0.0369704788899894,0.0207642243915259,0.0201441548373854,0.029434652719169,0.0190543876555086,0.0175999784305118,0.0130319186901853,0.0207665273084884,0.00775810218916805,0.0147762943192662,0.0168262774516451,0.0134909655713196,0.0183844850758351,0.0401013509490756,0.019387090513242,0.0208442024555483,0.017073713556197,0.0193480492932243,0.00695568672558985,0.0166725342897638,0.031110620803027,0.0181495680192697,0.0199918122319212,0.0345508790499265,0.0211570167760839,0.0348539433238216,0.0223476025292633,0.0447334954247241,0.0185562962585445,0.0363673969931864,0.0374138511297261,0.0354144631016591,0.0290952301529308,0.0398351461899157,0.0305541817206523,0.0239538418660447,0.0348824300727631,0.0271507861207011,0.0272307219616467,0.0134580385265137,0.0255471174829282,0.0321423217249086,0.0362346519620041,0.0222353351304498,0.0231651329387431,0.036093737073948,0.0511437210291332,0.00813183503658599,0.0248005914926158,0.0535334999495317,0.0362517181589683,0.0308381638564743,0.0066597968726208,0.0136780434649001,0.0231912838133341,0.0298164645714962
0.0212872122025427,0.0333502112360955,0.0178548010575899,0.01902663343634,0.021980491444333,0.0267529522749541,0.0357413369670936,0,0.0386170436066555,0.0540190039583896,0.0403020128176534,0.0103895476096132,0.0226004914761425,0.0693909237711888,0.0171862040972563,0.0216036188283936,0.0284603524115778,0.0448416570334301,0.0468570209751845,0.0671674907715955,0.0297328417491641,0.0356118625007933,0.0312957334358526,0.0652666659379569,0.0340881396605829,0.0340426403112227,0.0644194791469393,0.0540826617788357,0.0381048171093099,0.0286811346208556,0.0499918042160515,0.0698247196321356,0.0427373905574875,0.0231571809018249,0.026736518215051,0.0203620866064557,0.0304261575991119,0.0656436397367622,0.0475874925706484,0.0387258201789098,0.0366342203154899,0.0707955275882078,0.0250228169781061,0.052196125911449,0.0381489413439239,0.0247674461312932,0.0482193157095741,0.0274020855954988,0.0248227194126672,0.0345695784616353,0.00944803371610646,0.0459813379282574,0.0240914101083849,0.0401753904566976,0.0296222832511117,0.0277628322123671,0.0461059882836862,0.0308244106355264,0.0344332737612777,0.0235098370155059,0.0537236628145248,0.0353776291582694,0.0436723980638582,0.0452164806772364,0.0345444351101913,0.041951630242229,0.0846433398028633,0.0297106078390908,0.0289486315078539,0.0351895762881222,0.027501395562363,0.0347609963917456,0.0276107421548877,0.0265559176240544,0.0284154699669757,0.0254665344490223,0.0317746571888325,0.0234283368144831,0.0280817430969264,0.0802755171823875,0.0229781933179401,0.0242222889704733,0.0338948209396697,0.0232861245352326,0.0328925487382463,0.0341170886620056,0.0337678352860869,0.0268363198445865,0.0371932734614947,0.03535830576113,0.0368692607342944,0.0301297117574414,0.0260775921855556,0.0215204476826623,0.0665271610824156,0.0330594232190679,0.0636832832692554,0.0275384175873704,0.0278038984040925,0.0622054027291303,0.024418079211367,0.027414316774448,0.0287066923126207,0.0295439624571455,0.0425792989283034,0.0315602918358988,0.0237619181710995,0.0226793548535619,0.042136716136878,0.0259221966166382,0.043422451772555
0.028335796577845,0.0354046647407487,0.017221096959851,0.0117389344891789,0.0151913133104491,0.0311877466016602,0.0138547391427463,0.0386170436066555,0,0.037425512101022,0.0127411381327416,0.0263452555442213,0.0208185673433466,0.0117526335641045,0.0128870436753729,0.0257729981533617,0.029635102528469,0.00918006866656615,0.0150822649863192,0.0121249112236072,0.0289470469769035,0.0318435781786624,0.0186811980818614,0.00997406984430397,0.0178578735650214,0.0295338899476121,0.0144452193054234,0.013797605691527,0.0112050638416565,0.0257586690961257,0.012632971384051,0.00948460898314586,0.027237937629729,0.0149072071322703,0.0188957179826983,0.0281191932058647,0.023093156273269,0.0392542651751705,0.0097593529891572,0.0344145570985579,0.0262652322164695,0.0524879035922081,0.01811463229875,0.0307892947733356,0.00963493203558466,0.0284024679279604,0.0243519700032883,0.0178557105031897,0.0177610829580405,0.0128967177241621,0.0215069241170595,0.014958020319393,0.0283537848953786,0.0136867324779978,0.0247356385602176,0.0166122079307044,0.014011972672758,0.0142042813073178,0.024143497540833,0.0174688381008692,0.0143414661275729,0.0104867007137016,0.0116376632938342,0.0145017894345708,0.0179478253501699,0.0102152288229999,0.0326562756423127,0.0189013769715526,0.0147918311077864,0.0160721286305066,0.0127823204682769,0.0148690105215313,0.0173842487408485,0.0180427560603717,0.0153644603877897,0.0156028428984454,0.0142272408894148,0.0142701929492711,0.0153480464714478,0.0400302447570999,0.0243326191460851,0.012562881569262,0.0220512982249899,0.00821630765833203,0.0191890560181211,0.0239591132176453,0.022941708555023,0.0150264723870106,0.043251385928461,0.0233898028862567,0.0217357191605105,0.0255871017614025,0.0257315381526409,0.0158448907295,0.0162873505127941,0.0196606619698228,0.0195200023847952,0.0251804793373498,0.0372229715767266,0.0192523954183413,0.0266731523543543,0.0335134385988042,0.0119494895621952,0.0216803228824628,0.0289028910928253,0.0164799301574597,0.0224846816030794,0.0175068598432096,0.0167174608744205,0.0106045132613954,0.0119708079959485
0.0413143466913755,0.0383625102400095,0.0238321961936496,0.0182878535062533,0.0279863505365367,0.0247824066255272,0.0361484899379535,0.0540190039583896,0.037425512101022,0,0.0441911256047554,0.0142519441904189,0.0241840991327111,0.0543562970988407,0.0569768855584406,0.0212841040438306,0.01682451325277,0.0450933284634873,0.0403440439894598,0.0477285324154929,0.0329175763191329,0.0250382692280408,0.0188411083486549,0.0445436599400342,0.0612766628561972,0.0184519722687797,0.0354531005908055,0.0435240068953281,0.0273657316338399,0.022761457454429,0.0509196645696823,0.0527881345693463,0.026595628601209,0.0323726055855814,0.0369783934926954,0.0473433151724893,0.0365740471794561,0.033824227333971,0.0325559554100625,0.0477466269404255,0.0266207910562643,0.0555955581871376,0.0525699665955669,0.0299129742343801,0.0255139135118821,0.0488638146887562,0.0274630490301451,0.0312577811919928,0.0352792013755543,0.0226806654890387,0.0319431102601202,0.0411164772175459,0.0300316838548774,0.0259285721008791,0.0217178570520716,0.0211528349774551,0.0373624645025102,0.0378544171312192,0.0378395376413704,0.026984657943864,0.0342673173505485,0.0334056421838276,0.033205470409677,0.0314012086481753,0.0281434110627253,0.0375726228645332,0.0634345849582685,0.0245203996245789,0.0313246603296916,0.0332067107252947,0.036642755984347,0.037814763569898,0.0281694465296651,0.0293066225484815,0.0294574078220464,0.0246318645959637,0.0356568670180233,0.0298701554796478,0.028536110985325,0.0612619438156905,0.0149986949150213,0.0281304391338819,0.0232220361622605,0.0356584667733227,0.0235872272907857,0.0486547821089382,0.025925102397598,0.0359747720405966,0.0201006480728155,0.020376073989168,0.0355732262279341,0.02877450708357,0.0428178999284747,0.0373257122277837,0.0440627497675454,0.0343902448620752,0.059299864096443,0.0345072082131429,0.0516940633766182,0.0460785601172014,0.0412126252198239,0.0288933150155144,0.0307576461089193,0.032092069743151,0.0386940441151466,0.0514118463028083,0.0433374774983152,0.032839007489134,0.0358865817118775,0.0446703457198091,0.0432122696401809
0.0526223282392574,0.0273429661586813,0.0193733131733614,0.0255297537904289,0.0266921472850728,0.0168481274147605,0.0300029370763712,0.0403020128176534,0.0127411381327416,0.0441911256047554,0,0.0182496650413564,0.0230015583903233,0.0562387756176705,0.0200127280525695,0.0310291103564746,0.027785824132839,0.0289807972405672,0.0135507278761559,0.0447363562092171,0.0178458808812688,0.00918588226845317,0.0115623911655713,0.0385640677509671,0.0303011594431986,0.0150718899548685,0.0144484904252466,0.0150451115005532,0.0161191252452295,0.0115500949550471,0.0384051070443102,0.0449734347915676,0.0146248882117658,0.0215997285909997,0.026542061809697,0.0182751309742102,0.0347282797445004,0.0122078374246258,0.0166124413710115,0.0348216422797182,0.0235383375930656,0.0281495194625351,0.0481790811040225,0.012317829113033,0.0366652442382877,0.0297495154910601,0.00948729911892984,0.0333735918829933,0.0128025844923926,0.0257208074535463,0.019667966894872,0.0541331570379632,0.0354244977885597,0.0439197894864971,0.0102454548282814,0.0293938985458442,0.0364971706394516,0.0518342264624815,0.0294074681119455,0.0137530831608318,0.0323445951619283,0.041207215816918,0.0312257236542815,0.0197890816920175,0.0117533344157822,0.0515700850725852,0.0233400158356124,0.0378680251557894,0.0431045903678403,0.0270527925670124,0.0575205492352118,0.0503630628632673,0.0128076105183725,0.0212491567886231,0.0206136254036732,0.0175284758526082,0.0501880733564161,0.0221663538219396,0.0258261930243482,0.0217562848979493,0.0187637861707867,0.0666423550711071,0.0234805864800063,0.0369439159939487,0.0340596667957961,0.0418946316319975,0.0331743607968464,0.0288579992406894,0.0273599875141808,0.0256783271378585,0.0289534622138101,0.0325737403338504,0.0421535006435247,0.0562747333578387,0.0236039941040236,0.0456405098106925,0.0359326473483677,0.0237328715595642,0.0173770422297395,0.0403306660791009,0.0303352143618431,0.0428366442795188,0.0238607259449927,0.0186884469043371,0.0161802782827451,0.0361269358468645,0.0222765999669265,0.0195867832678417,0.0203395626065848,0.0187839580319447,0.0343363607272576
0.0121618401143933,0.0172271854455129,0.0192176250967003,0.0159225077286568,0.015705635112374,0.0256735441588063,0.0164223436780721,0.0103895476096132,0.0263452555442213,0.0142519441904189,0.0182496650413564,0,0.0103419398529614,0.0131462546733226,0.0152701305076837,0.0232564839673444,0.017250642360521,0.0145921619360486,0.0242973079344811,0.0121974570596959,0.0306490877482236,0.0176650784043321,0.0279982187080083,0.0157849405709637,0.0148241100418189,0.0253671982103021,0.0239175834855093,0.0314208227547987,0.0189689010552919,0.0325092077345135,0.00981081273174608,0.0324457214128287,0.0300396248606901,0.0127564382048246,0.0117269023731389,0.0268968699970429,0.0151789853227567,0.0234876987354496,0.0124182821023287,0.0140392529128427,0.0223170494218356,0.0356043291178046,0.0221142471237954,0.024895092775484,0.0162329257708942,0.0109401691604264,0.0237391976944222,0.0105787962528533,0.0185717946641717,0.0164963846707264,0.0110886828326895,0.0157876407889584,0.0235517112174813,0.0136288481598196,0.0248721218224506,0.011986736676904,0.0171183970377176,0.0232883847695328,0.0255183265761048,0.0254319164121698,0.0156879726730827,0.0295740561943237,0.0177244584322982,0.0365837905201614,0.021239591274922,0.0252987218395443,0.0403435803705814,0.028207690015308,0.0170726512489792,0.0327808665900422,0.0254022857129219,0.0227741636488059,0.0204220622926895,0.0218085672968297,0.0446341361352477,0.044381303035311,0.026095588604602,0.0318529485666269,0.0155654543764569,0.0505609006292625,0.0210992183589647,0.0330431638214142,0.0206751155418254,0.014838335122171,0.0234519277950426,0.0126404037143996,0.0143642931765588,0.0433071297481062,0.0176899421450754,0.0239539914962614,0.0172075104241872,0.0147099021256013,0.0123013772748984,0.0112770946015882,0.0174916075345722,0.0267187900647884,0.010665517346151,0.014553861206664,0.034774821466587,0.0238722083199515,0.014167500699696,0.0109915855092046,0.0263152356877358,0.0203008850254878,0.014476837262882,0.0117283940731242,0.0137550232865328,0.0218134485147138,0.021378646579624,0.0191693932465943,0.0111992133374543
0.0276730072364709,0.0232889140145903,0.0321339334820428,0.0208903543954949,0.0283750543358759,0.0166574429752892,0.0220413888307505,0.0226004914761425,0.0208185673433466,0.0241840991327111,0.0230015583903233,0.0103419398529614,0,0.0181776631446396,0.0465157176286147,0.00568891446984775,0.0129603311465522,0.0342665726013953,0.0210835734785385,0.0155099613890212,0.0402085034511243,0.0257654817973794,0.0214097170633749,0.0121437598444895,0.0446303525301684,0.0165157262461467,0.0239792376904323,0.0174821698522192,0.0215628745120226,0.0390870336195653,0.0226817187038468,0.0128040955714843,0.0215655029722414,0.0168693036971516,0.0163674836330852,0.0449551521639638,0.0291862407773729,0.0248820982377908,0.0177522857994531,0.0252324791633838,0.0324994368378105,0.0168652561160623,0.0310586297721526,0.0253460243699923,0.0105967250376595,0.0102213644233211,0.0237881351906671,0.0285591564887943,0.0288531471372087,0.0137347961402211,0.00950188785326955,0.00744219935811214,0.0361548760124329,0.0205128133731769,0.0248171463354681,0.0392208542933026,0.00776698473233514,0.00900591018567818,0.0292048477922388,0.0234783391710208,0.00755924586570942,0.00988027004631574,0.00858593054694136,0.0117788475633947,0.0169416215441805,0.00500652177769548,0.0105002132080588,0.0245257249906397,0.0184094613461329,0.0219206346794399,0.0172284300879576,0.00862849489972891,0.0207315873171447,0.00993436053077686,0.030868809421771,0.0431805448957462,0.0148822333183896,0.0309637145012771,0.0336594268083399,0.0183844443518135,0.0453295262793793,0.0159517159167194,0.0481793448869885,0.0260414381296163,0.0598162531639088,0.0307433982857757,0.0271497987031966,0.0540611209462471,0.0374937604351919,0.0230731749273209,0.0261127416848269,0.0359382219782623,0.017528791534669,0.0137091562055221,0.00824125274203051,0.0248370408402533,0.0217636145626971,0.0321266474965718,0.0307561952310117,0.00670867934085215,0.0324640410498746,0.0394667919459417,0.0181410080113999,0.0228401430878287,0.0426120922684508,0.029981339347515,0.0252938606209886,0.0228248650857915,0.0130511241624431,0.0244598191325277,0.0229865084299477
0.0384697297717178,0.0606153300279377,0.0159152799217891,0.0126313956031832,0.0326640294674088,0.0392561594866462,0.0288905455182796,0.0693909237711888,0.0117526335641045,0.0543562970988407,0.0562387756176705,0.0131462546733226,0.0181776631446396,0,0.0300844085065225,0.0240534590819372,0.0258134726137694,0.0513542509950055,0.0648075394962813,0.0334553701096,0.0425506077393183,0.0451381815795184,0.0182805650020783,0.056563131933482,0.0290124010307064,0.0446363804759445,0.0665823146848452,0.073354893842532,0.0438955023787861,0.028211081133102,0.0507724177879149,0.0746297695081164,0.0287306701636773,0.0250710096287069,0.0274173401029998,0.0376965014742287,0.037318153927156,0.0493745922252754,0.0427304496885238,0.0575225430632024,0.0461130451223549,0.0789253020697708,0.0390983779317551,0.0409913323074571,0.031200470814703,0.0447575748984314,0.0428979611333294,0.0409637827760084,0.0234566109275413,0.0329343110556646,0.0211327463808505,0.021174614920523,0.0491922986619123,0.0359176411717095,0.0410287049942979,0.0312067289400149,0.0204370600553352,0.0244211647214021,0.0471293866125876,0.0257695031409656,0.0149511832032433,0.0179536142308976,0.0333443059689228,0.0235328568613691,0.0288403934632477,0.0195954280943651,0.0927293807795728,0.0305531896605231,0.0227471572648281,0.0259226207592656,0.021592015276763,0.0221408912346638,0.0243481158252608,0.0188429344285882,0.0215325803483601,0.0212410481772658,0.0226018867242038,0.0206746805338558,0.0266092843177322,0.0830055552124229,0.0276364458063306,0.0322158846752925,0.0515688134528814,0.0306744957640425,0.0247714985810076,0.0402492120750323,0.0527730640574328,0.029525242473692,0.0438040151942439,0.0381406359883985,0.0394191346038657,0.0381646147790472,0.0624521664790291,0.0321068339109579,0.0401985213209543,0.030471485315059,0.0739367075055954,0.0372650410624325,0.0314928971294617,0.0277620418783734,0.04580807690437,0.0566883601518702,0.0162594621005949,0.0427302187201345,0.0674817012808827,0.0372574591923288,0.0386352623436725,0.0129413756013912,0.011208695428356,0.0228989465787303,0.0412466749003894
0.0224342496127117,0.0329673103434682,0.0175429169211173,0.022909697019169,0.0272377799678101,0.0283506107848585,0.0389646670548863,0.0171862040972563,0.0128870436753729,0.0569768855584406,0.0200127280525695,0.0152701305076837,0.0465157176286147,0.0300844085065225,0,0.0154702902145761,0.0204662281579842,0.0319333963934802,0.0407371944349715,0.0264078873942392,0.0161755622977007,0.0293495046395553,0.0169787458733662,0.0281594190025015,0.0159172334125953,0.0229423020215287,0.0381725771953671,0.0563261952284367,0.0321415303873912,0.031443662174449,0.026782763622658,0.0301007377151363,0.0272172744068827,0.028125135184321,0.0236653488871197,0.0282754168801999,0.0325621133798236,0.032171338783623,0.0294932479240522,0.0282982030741407,0.0292773702938447,0.0312339113573204,0.0381551038992766,0.0268838173190249,0.0360036320036798,0.0231185060789999,0.0275971969855012,0.0547540099962136,0.0231950824460581,0.03082109507006,0.0190839898868312,0.0184200598461711,0.0330199720996803,0.0345374925863514,0.0339797676052329,0.057440885257949,0.02070468709388,0.0128259722914041,0.031733280239608,0.0264061078646239,0.0165891824180313,0.0144881023517098,0.0277483709726404,0.0208071800341845,0.0235434723798039,0.0140997153639174,0.036345227366254,0.0398838586733959,0.0266218804845545,0.0240028710242367,0.0153414110367172,0.0164591838278134,0.0241647366110259,0.0166616620423133,0.0188858017447902,0.0190483744757565,0.0216673112196411,0.0183801155552851,0.0387714660256642,0.0326184829601381,0.0487811608201976,0.0159741486996685,0.0662226622256161,0.0188030344043151,0.0427554036032242,0.0409128314353609,0.0574855629373747,0.0249107709332363,0.0449750823392676,0.0456113024962717,0.0537375959563486,0.0463480950505937,0.0238811921285777,0.0157210342917219,0.0415014666651436,0.0406175581383058,0.0578052528749204,0.0423620447556162,0.0233302454702998,0.0158517903829647,0.051006749356316,0.0500684925808503,0.0365978467008516,0.0321216937340801,0.0416032930505465,0.0434012254230507,0.0492374428558401,0.0207092732066224,0.0173449712157316,0.0199617478645473,0.0424946632220515
0.00876110579474834,0.0155444575652654,0.0119083274073119,0.017394201187431,0.0191012934768132,0.0250795799527231,0.0163631899463117,0.0216036188283936,0.0257729981533617,0.0212841040438306,0.0310291103564746,0.0232564839673444,0.00568891446984775,0.0240534590819372,0.0154702902145761,0,0.0208509361242259,0.024216723208686,0.0324149507194191,0.0236108693619675,0.0380024628123063,0.0198849127524385,0.0229495424947578,0.0290910587380605,0.0211086053901941,0.0171718134740231,0.0486990644442315,0.0701857374290222,0.0213039205055516,0.0181344366511807,0.0190179477526349,0.0538148709315245,0.0300339370869847,0.0108929098097489,0.015291378947769,0.022321086941781,0.0178749904268309,0.0318660592050371,0.0228963687485391,0.0233303538195174,0.0240589979856477,0.0559844071055214,0.0267313384721999,0.0279261204734724,0.0193464502576112,0.0485982663899109,0.0268632547865328,0.0145644805915762,0.0172530870484686,0.0167092152674143,0.0063388196005078,0.0290430851144701,0.0219465330475895,0.0181982479920196,0.0297197860608956,0.0139731335986691,0.0259321675484354,0.0244095862540326,0.0341630451023518,0.018559480668176,0.026987988032954,0.0296708504422841,0.029024542437748,0.0313850559472951,0.0233121324655491,0.0376990231482616,0.0592284043806276,0.0260627076157861,0.0225194284648865,0.0299698390030644,0.0148321550229558,0.0281082345270245,0.0194316749002642,0.028912121806835,0.0212455904097198,0.0191323992696434,0.0295407459717859,0.0154785960121531,0.0124141810080695,0.0675475035736555,0.0159749126010788,0.0283328435126494,0.0184060074314504,0.0118297826587146,0.0185034979039839,0.0168739605035866,0.0164535682949877,0.0388467801855268,0.0177366015346602,0.0240154490042129,0.0174700826961262,0.0159611656937661,0.0189710287041245,0.0135972639825263,0.0333222472361247,0.021536086783708,0.0328491098724215,0.0174586213030127,0.0462421733765937,0.0385261071361144,0.0138114391106543,0.0145001632383402,0.0128099941310764,0.0205087383344056,0.0328379973675358,0.0140000331281138,0.0142431159646654,0.0124724063481259,0.0229243583794672,0.0201880187981691,0.0162045214716679
0.0311535150786839,0.0163356583567899,0.0146165554279002,0.0187350362683191,0.0246656366523579,0.0255549451797673,0.0140766330374713,0.0284603524115778,0.029635102528469,0.01682451325277,0.027785824132839,0.017250642360521,0.0129603311465522,0.0258134726137694,0.0204662281579842,0.0208509361242259,0,0.0269527221114878,0.029391496497421,0.0270672362222123,0.0454988404484686,0.0250593973772351,0.026945752192187,0.0288005356578795,0.022796869444215,0.018614040868662,0.0340938170841547,0.0386773940783552,0.0222633546714628,0.0189328879298682,0.0250663126811798,0.0344651947680993,0.021813515876996,0.0184087686931026,0.021015382835701,0.0289185598013611,0.0134076604746501,0.0387093946928388,0.0285174071968857,0.0294252092020185,0.0151734232304534,0.0447317245717781,0.0204365546806812,0.0289757251948648,0.0227950320654472,0.0279862147595763,0.0298645352322662,0.0111524061862597,0.0144683148725925,0.0167026506992479,0.0124009802630945,0.0235791251624539,0.0139367363495411,0.022104806692925,0.0196445254642439,0.013627600730541,0.0193916039531674,0.0207985429612692,0.015500952395648,0.0122594849755105,0.0228657106790795,0.0203183686058419,0.0215513636712056,0.0253835319700396,0.0177941847196666,0.0224207780556556,0.0572802429800237,0.0165381565607566,0.0176817630589844,0.016992061854323,0.019583750858026,0.0189920648972281,0.0133376474027454,0.0143465608873915,0.0180647373711243,0.0190364053680292,0.01752434319805,0.015906331235424,0.0122731677519766,0.0610790040618569,0.0145955104745616,0.0235935247036126,0.0164590802383394,0.0121621754455602,0.0160005767164959,0.0110757737113472,0.0106038859094624,0.0413140703758144,0.0154765012294232,0.013754201390413,0.0112831317759274,0.0137453962648919,0.0136495399751977,0.0179159892949709,0.0414393449228822,0.0317866687602854,0.0336318645700006,0.0145757954669497,0.051831608556535,0.0280111341892796,0.0150534829732266,0.0148106347321097,0.0349320584518007,0.0109444229761567,0.0388441010983388,0.0128916383938926,0.023088909588816,0.0301968606419616,0.0352068117251343,0.0248032070978249,0.0210554066455301
0.0488117002990307,0.0433036162904099,0.0216103473915797,0.0253974566230632,0.0364510722056048,0.0298577852210714,0.0400533328467904,0.0448416570334301,0.00918006866656615,0.0450933284634873,0.0289807972405672,0.0145921619360486,0.0342665726013953,0.0513542509950055,0.0319333963934802,0.024216723208686,0.0269527221114878,0,0.0395208774262129,0.0417849200431409,0.028725519136875,0.0162836283808871,0.0112926846417724,0.0353922507584734,0.0351700487497231,0.0291946088174621,0.0329095951066692,0.0520550523627935,0.026958083600924,0.0180947263207192,0.0459404231132663,0.0153082823441228,0.0207907480324503,0.0330199796653532,0.0350206754506766,0.0242856050675758,0.0398609291228374,0.0194913437783482,0.0296585164949139,0.0392912861234153,0.0277289856412376,0.0461348660496852,0.0515118139067602,0.0190339885559894,0.0471535374317027,0.0411886301125546,0.0175056248102348,0.0419226335000896,0.0249350389840366,0.0314788409425542,0.0338795567095297,0.0395557589360466,0.0395757715761018,0.0561666644195027,0.0271855195654741,0.0454117612293258,0.0333261444117163,0.0353633829189545,0.0333095656287667,0.0283421940176306,0.0286200184464902,0.0279277709443383,0.0293856874006198,0.0179014293136161,0.0199949833509543,0.0329236024492791,0.0345172763399043,0.0438484133429645,0.0313884062521187,0.0232705673961163,0.0333775289064757,0.0381400440377766,0.021572555003629,0.0222475046284636,0.015397789337317,0.0141472327825117,0.0326786993177444,0.0163980172830928,0.0317437430749064,0.0421392105182279,0.0322343046894261,0.055191438693762,0.0430657463412333,0.0304859716495225,0.0394981475246753,0.045785235407444,0.0478815515027514,0.0360879187684414,0.0368005649941477,0.0342131231954165,0.0396861362302632,0.0397823195157105,0.0502830783595618,0.040882000525982,0.0213495947523067,0.0483935250784973,0.0641477433546467,0.0327191074163505,0.0161228911916374,0.029550602156143,0.0415127611540169,0.0522181942843749,0.0271523292453179,0.0308566523409841,0.0435434964432648,0.0419117317389371,0.0455529649694189,0.0188632776017611,0.0158057372053178,0.0248511379091896,0.0517417616586149
0.0492584635165077,0.0391676873946124,0.0283826654367147,0.035949421032327,0.0203384440040872,0.0271947937331159,0.0181240762499269,0.0468570209751845,0.0150822649863192,0.0403440439894598,0.0135507278761559,0.0242973079344811,0.0210835734785385,0.0648075394962813,0.0407371944349715,0.0324149507194191,0.029391496497421,0.0395208774262129,0,0.0619599907375563,0.0324722307031295,0.0249827798606986,0.0262037925940168,0.0578841373961816,0.0472994056751844,0.0296054985300925,0.0146546579822311,0.0426188883522939,0.0320975393325889,0.0145496234798626,0.0549172823079255,0.030386258188872,0.0136042929174978,0.0345979795105218,0.0395026966617717,0.0351884213579277,0.0411525318197986,0.0216413889821413,0.0633661675578946,0.0355333325454193,0.0235111409911752,0.0169154674604636,0.0381632228704726,0.0237434512290579,0.0429152072300698,0.02401125211537,0.0203126135519172,0.0394376943372092,0.0177328936660512,0.0559084412036266,0.0399884041444342,0.0487312113786244,0.0383326525462953,0.0696123877287889,0.028823793351824,0.0408018752537591,0.0511066980939723,0.0514415784362443,0.0364932872581539,0.0167750164633919,0.0481784986771247,0.043397375648398,0.0575823553872664,0.0310794909554834,0.0167243940599204,0.0460855192124262,0.0181869264619747,0.0335012225137552,0.0214400413171735,0.0170094517199552,0.0372918605202081,0.047706517341841,0.0140390081532101,0.0237874486815524,0.019597360113406,0.0196473354457585,0.0278225421859147,0.0167590006528138,0.0217178889453319,0.0152665763399984,0.0228156363797005,0.0610093644924699,0.0441887984341377,0.0181558952078866,0.0348210769952154,0.0391888229155138,0.0498838582351226,0.0259217707450528,0.0321190124965638,0.0408195808580004,0.0388006192035516,0.0370697626122348,0.054051646093797,0.0395786542272307,0.0258392308660347,0.0254887847272368,0.0298380847122435,0.038042341456406,0.0115219639930461,0.0462908499806019,0.0379447256054569,0.0542278573833225,0.0129023599286592,0.0350624330040534,0.0474384022443512,0.045947565806199,0.0250904383010774,0.0182919615457588,0.02430419949638,0.018739152186807,0.0553119485829016
