0,0.274389684204584,0.236482221177423,0.0445149375195852,0.228469537737933,0.0492467109179568,0.021154125516371,0.13751660387177,0.0341320971026757,0.0975270430628048,0.243420052001731,0.172002168002618,0.121095979411378,0.134068276036186,0.268039636111316,0.036019872798335,0.170325165011803,0.107350547701344,0.0290770933720397,0.149149713788009,0,0.0272186360647572,0.395114524034143,0.0302781416899044,0.161976289465958,0.0648475358756907,0.115241579184859,0.014619617554579,0.119098604804476,0.0297990344908526,0.210782834379001,0.171267043053914,0,0.2168228124136,0.0490366305447037,0.204140890065286,0.059132133691621,0.321898698276575,0.0823756456050287,0.0499529155452807,0.0206592827678963,0.0151862621660666,0.0195659108824223,0.217707936988216,0.0140206243661141,0.222139201350899,0.286487571776142,0.0959543463806213,0.217667373521679,0.0149736509103393,0.227254093964071,0.157430660160287,0.323683090005304,0.316972340821185,0.046236846834044,0.35215718277321,0.051468920327863,0.0989225077875913,0.110279689153525,0.307165607823796,0.00673807323927959,0.262362569247477,0.0328821919674445,0.166106436122171,0.123854779602848,0.187327140589833,0.032934809819598,0.315871785247313,0.0865687496165375,0.188189993717612,0.187614819499166,0.152473687769373,0.192559719113113,0.0082046995983163,0.267595270992482,0.0344427038088191,0.188273939271271,0.0372443419530253,0.191740812523103,0.187869197537814,0.369687509797604,0.0874361236390817,0.177759530936499,0.124933231192476,0.163802010173633,0.249282389445578,0,0.241260039870907,0.342930090904612,0.287825421557265,0.177054908365858,0.251519862194192,0.0298523711897815,0.280139278248636,0.0669906943492907,0.229599511670562,0,0.296276492134882,0.16111779646589,0.408779776155323,0.0559568766737343,0.441617071550399,0.256832736061356,0.244350344837178,0.00690733649008112,0.0243758326424177,0.210499509913379,0.29540476521229,3.78800877469529e-05,0.313409480364618,0.0146084466285465
0.274389684204584,0,0.163729439362956,0.125054660350363,0.243566533496086,0.0384557336297643,0.0581234544491533,0.141130189911178,0.0222179629867393,0.0171965118912148,0,0.275206879460355,0.0179896153669751,0.200445234508237,0.136074414822623,0.273913079419697,0.00225228638347216,0.0862496500922535,0.0861825211221243,0.219210955436005,0.00497751503135315,0.131388688015467,0.0349450085884075,0.0912564059552979,0,0.0274415064788133,0.147547232200998,0.0424712837804021,0.0259604175568796,0.0766192675009896,0.222836101411035,0.0964637095971228,0.0280527112035607,0.0207843737236357,0.0105213503500061,0.106827273145179,0.0107105339006114,0.0312085458547713,0,0,0.0357949816492674,0.00425065723932746,0.0184844398298927,0.0677714988103824,0,0,0.045125190621617,0.094556482145223,0.0952488233845304,0.117774151508111,0.0863559049521083,0.147572376974792,0.223836908228366,0.144658914502719,0.0781360610698964,0.137136142438256,0.0102390520174014,0.0607429268355337,0.218505691256631,0.213310371177599,0,0.139582273133562,0.17684329634078,0.123904235494678,0.0556201891532705,0.220956756892486,0.230508892311785,0.0246196398768218,0,0.0729015305307999,0.0333376157552132,0.00985633947962518,0.0199345183394318,0.1113303959728,0.0589000111600673,0.0369070661321931,0.0850837763685953,0.0114298747065652,0.0371591384739727,0.288107333588596,0,0,0.0770614744773885,0.00785975950240198,0.00627636005401375,0.0347382708534353,0.000609733149136598,0.0644052928623527,0.167824614375287,0.0525706006035254,0.0887493330560161,0.0669586566933338,0.166318209881526,0.103762623742567,0.153585838592821,0.143263737084066,0.000413442255965132,0.0759557169762155,0.123957240725628,0.00887232206709108,0.252828308840564,0.0270921731389184,0.103397292298638,0.082558093929931,0.00296372969258321,0.260078046273611,0.127179229574511,0.105076922315697,0.00151294988122337,0.0355415807855458,0.0169773458885519
0.236482221177423,0.163729439362956,0,0.139174994632212,0,0.202541787940748,0.0310634962110775,0.0297213679532808,0.00232106780321491,0,0.105004134146515,0.0732273564539034,0.204038301687616,0.222495244945922,0.178921428207145,0.22016523492521,3.69635917974824e-05,0.247290544162563,0.0237043463913663,0.258499132802508,0.0271522567278207,0.171030905394669,0.221327651291863,0.0483082756865029,0.0612314184723953,0,0.303370600536855,0.0599676643115263,0.167779722888382,0.0581132686842993,0.305038692073504,0.280165418421952,0.120491269066801,0.124976497676721,0,0.238043442094368,0,0.196736512065302,0,0.137469759727433,0.0974631298685764,0.12568906929728,0.0709494045464283,0.419162366337936,0.0612314209988191,0.111407214608484,0.232345800232527,0.0639380743189449,0.360450008980038,0.0620223442160043,0.406897029918554,0.234686863240079,0.347033777671565,0.456058176160303,0.187527119050886,0.224007686477978,0.139516365846382,0.0084398556763944,0.0459803386935172,0.306473440614675,0.0235536118703058,0.393472122516025,0.0654051512689185,0.298551677107037,0.251236794544971,0.259938283918545,0.249519976514203,0.114372456697984,0.147761498925677,0.369933539927264,0.217433422488879,0.330731743886475,0.190246133034481,0.0516683919510984,0.402725285883185,0,0.159425404348809,0,0.155192335167005,0.318292590563611,0.0853414963240392,0.119436366573652,0.351753321640297,0.163301749424817,0.0128500851634625,0.331762612127037,0,0.179610211281361,0.328482020778534,0.254501475013356,0.24595992859699,0.406883623227765,0.128053761704943,0.446372205613034,0.0244862684140379,0.421359522565779,0,0.237425934348941,0.281967179383773,0.162354950126674,0.187730626182198,0.257157155881291,0.364285717888486,0.392204374312609,0,0.192954705138086,0.176751552682076,0.441523883591474,0.0059683297800403,0.251856753806452,0
0.0445149375195852,0.125054660350363,0.139174994632212,0,0.139518309268983,0,0.0311652975655763,0.134736957184314,0.155599367378824,0.211887428687317,0.114393496150782,0.180904455877375,0.0607425925439869,0.056534333213816,0.142360209390818,0,0.255943446613538,0.0815249594736914,0.0858781306234166,0.0491402332729662,0.131379386649049,0,0.209308003887413,0.132355110551375,0.10575155767866,0.195130160685342,0.0487498097749731,0.0540902073364993,0.0553551879069908,0.0262106568658628,0.0756853106932401,0.0796257261134223,0.061564849831141,0.17837415406809,0.152850313696499,0.0733391963595666,0.251754738305352,0.191418710588821,0.169569279921749,0.0164349317786843,0.0179307599259595,0.0503642970012333,0.0873767091695514,0.0754113958459137,0.0904525137246429,0.144149888135944,0.104906573022213,0.0357791072202826,0.0798172252799521,0.0777231912320822,0.068049169338649,0.0543663973767948,0.12408495839315,0.0963566131970834,0.0572487395052335,0.153314730344065,0,0.0716355307922535,0.0895662256538143,0.113014016808603,0,0.0846179925703158,0.0243249785499319,0.0936321584753379,0.0388080770750572,0.0571353436007443,0.089788655231894,0.164608399256313,0.000182336178580804,0.0653458393570002,0.0469701615116482,0.066235880085638,0.0580645436933291,0,0.109134279814383,0.0697195954693929,0.0918301516097335,0.186998470138791,0.0979722767845174,0.0759332816782794,0.272097042720811,0.0117061967466289,0.054137741605744,0.0430398502029373,0.243464223391771,0.109932031914344,0.0901131724676195,0.105379116978354,0.149457020265508,0.112065800187269,0.0468370513891124,0.0841631208549485,0.0241171020852954,0.0994127652148855,0.0376101334997025,0.0666813304339651,0.109848609104295,0.108477968916559,0.0639906227093536,0.229840436148719,0.176323590916033,0.245828520377168,0.0744395624703996,0.0886811963288175,0.0621460051350682,0.0160138561403899,0.124525793449324,0.0819571000305711,0.0826774390059397,0.122479275505082,0.122285439222598
0.228469537737933,0.243566533496086,0,0.139518309268983,0,0.115119255110559,0.0356702703852044,0.0849259720836013,0.0143258200892598,0.00560569968715628,0.153994231789231,0.114357533413033,0.122077654928796,0.215912028311195,0.223427057557857,0.214249429081106,0.00935850280017553,0.151815884138178,0.0628192922005589,0.231567776009918,0.013726623745953,0.101998767435151,0.181684468557179,0.0731217115777762,0.0710497037919432,0.00989170571549346,0.190178543703153,0.0425951648604856,0.0863203938317602,0.0605304752063583,0.226415979485181,0.157966531395578,0.0462525044545502,0.137222784534892,0.00482201954388191,0.191401135682755,0.00727101139425345,0.179309185140555,0,0.0398106900750351,0.0355172684954837,0.0496127865010434,0.0160722802296887,0.175517164280416,0.00257687955691145,0.0959962694449443,0.158467153236237,0.105195759379781,0.185549394178367,0.107034925073369,0.193765246287182,0.206695332411776,0.295872869077283,0.264563464155598,0.0915653162423655,0.233352925906754,0.0477924984054719,0.0155316434703381,0.0744677516681307,0.25827996414246,0,0.224225674703926,0.0995880687209394,0.192930567338347,0.109829896707382,0.240124191134319,0.17741522331262,0.0849427369170442,0.0450456070440216,0.169960340442246,0.0983539559274361,0.108509832717314,0.0875541152769522,0.0805277439564193,0.18671316515793,0.0285909361409622,0.15286573369076,0.0124652564978479,0.13604884467753,0.274968572793515,0.037932101042651,0.0333438555422915,0.158440551678059,0.0752016073751383,0.01868834497358,0.148669481474742,0.0063643737548441,0.161502251470338,0.2949254520436,0.158772823831206,0.130790909311766,0.181006057312818,0.139038403272961,0.217823538178072,0.0544012830293225,0.221390363023631,0.0116978868093017,0.181016729810092,0.184362425438466,0.119828068735168,0.144963953609647,0.216257484376431,0.21932507328517,0.192062419304853,0.0289687081702656,0.193674483889393,0.201284485613327,0.21061787067553,0.024251207994904,0.190862334935041,0.00633059748694542
0.0492467109179568,0.0384557336297643,0.202541787940748,0,0.115119255110559,0,0.0050836108387979,0.0412542124655308,0,0,0.0315731623027697,0.119644903792332,0.0161553217225488,0.0324351816766822,0.0291340881737859,0.0365572012558996,0,0.0373668657595101,0.00772903519576911,0.0297200543394477,0.00307110773592024,0.0297588867782888,0.0776912116059834,0.0516126105199463,0.00836365856796734,0,0.0350412147731457,0.0404730130570545,0.0652799088843614,0.00599219592554779,0.0515069171432131,0.0601338771254491,0.115335362431397,0.0320066483542338,0,0.0107070409725102,0,0.0519820421774305,0,0.00998203769084091,0.0629468190010168,0.00218581181011618,0.116257012035866,0.0615180937406662,0.107985269493302,0.135282724532052,0.0710715789411779,0,0.0605047182744242,0,0.0504864841461047,0.0129202646212158,0.0484380772089342,0.0467720478034507,0.0841391472399368,0.0569840857939951,0.0166487402814922,0.082294406239559,0.0915112203348964,0.0318066929562276,0.000336888970906273,0.0429336229519274,0.027087429426867,0.0669239061502437,0.0583445534878076,0.00796238517868497,0.14612614467409,0.144397812690456,0,0.0533997202029891,0.00405598173380279,0.050900613036542,0.00404850001435413,0,0.0660179946844376,0,0.00945810977684414,0,0.0372293501405276,0.0616727841874297,0.189703275095563,0,0.0635547459913485,0,0,0.0978831300853345,0,0.0316468073562818,0.04336922780696,0.0562880515870299,0.0382252600639905,0.0491772927553584,0.00365303814065234,0.0498121315329906,0.0763498434177467,0.0622679849087392,0,0.0380351524709675,0.041457538227831,0.111986620202986,0.236509432139274,0.150839585115427,0.0196288800091267,0.0634102163605293,0,0.0434598173477902,0.0434288063902228,0.056926690874769,0,0.0173936706488263,0
0.021154125516371,0.0581234544491533,0.0310634962110775,0.0311652975655763,0.0356702703852044,0.0050836108387979,0,0.0299669089059011,0.0354264311331851,0.0454367469781606,0.0235181365337587,0.0221508795878356,0.0550895500927546,0.0300615050789348,0.0374128144442431,0.00244272761686911,0.0572447736235627,0.0142206798831844,0.049492012534293,0.0317585444735779,0.0219817100339524,0.00959503778123676,0.0627585334683009,0.0305881964835682,0.0528218243897406,0.0626113431458747,0.00822818648254053,0,0.00726408927859131,0.00745147175894364,0.0126608018087152,0.00950893781225126,0,0.110329051357334,0.0820718127019772,0.0583189271764163,0.0743209745142245,0.0847355974175927,0.0462881358226909,0.000160198938911641,0,0,0,0.0136209295837509,0,0.0664742744828321,0.0336440279061036,0.0086603938688735,0.00891352704160324,0.0168453735062977,0.0177969251723588,0.0320683720290254,0.0327495534130304,0.0353898867065095,0.000343917461531451,0.0332119612527163,0,0.015402075736154,0.0344267215980474,0.0219230233290474,0,0.0235556164672806,0,0.0142555684208322,0,0.0338288275927503,0.00417718460718295,0.0129067896772985,0,0.0144282750832383,0.00759095838560828,0.00792214519066788,0.00467898992828967,0.0152740866671612,0.0207809593417519,0.0264550890157984,0.0674012119541907,0.0593922194179817,0.0363430224168249,0.0638089638276543,0.0182075237133285,0.000704618885716516,0.00330401711473698,0.00723874576830706,0.0809362525887777,0.0117791999368059,0.0683077993687405,0.0510655861434712,0.0494310125133059,0.0728483306965429,0.0220249360657466,0.017363084925481,0.010449600845414,0.0264201272902617,0.0206279532257627,0.0155790654217793,0.0626772041820623,0.054890421115752,0.0235299485327242,0.0480457774804712,0,0.0561060522048274,0.0409093097754453,0.0146196196903775,0.0345926210361173,0.0248184013391962,0.0320070191563687,0.0171522365316274,0.0266885791973036,0.0808592672096108,0.0438799422889029
0.13751660387177,0.141130189911178,0.0297213679532808,0.134736957184314,0.0849259720836013,0.0412542124655308,0.0299669089059011,0,0.0118129383555424,0.0329337129674907,0.148306251255132,0.000889047424206801,0.059863766121307,0.132468695326513,0.19868352694507,0.123327116887785,0.0855932003796039,0.0902104468888567,0.0298660022094749,0.138674742001269,0.00788473926756303,0.0439905989901105,0.19782368021,0.0225916161359814,0.0859550362673771,0,0.109532964578038,0,0.0614406788183914,0.0529905021913526,0.166495257692037,0.107735493072022,0,0.139406088370875,0,0.119091511935538,0,0.168442420546905,0,0.00908739740873558,0.00211676740025624,0.00610175724709816,0,0.0894060845085796,0,0.114455805394549,0.138260176222905,0.0843632168302647,0.0945972694435249,0.0655422391762503,0.0977262019122817,0.118929661587549,0.195400552764751,0.145652914085767,0.0329553336174498,0.223346624926316,0.0128906501296339,0.0170476439023311,0.00655484375854682,0.189294693921788,0,0.126456405769531,0.055615779584386,0.0996503149909156,0.0566698416681814,0.1711249876564,0.0957297704430757,0.12430301253302,0.00754205118570197,0.0841819652714317,0.058612561273882,0.0517255869223767,0.0561763483502236,0.0329287946309012,0.11736474918967,0,0.112221703020967,0,0.108537695276238,0.172355682355255,0.106994822561137,0,0.0844160507488021,0.0322623391299808,0.058581319109072,0.105380852599709,0,0.137637123270313,0.188339971141457,0.12695998162965,0.0729449269481465,0.104685838660286,0.120520340384758,0.125913826810084,0.000789675090099444,0.114189627475454,0.000910621729342813,0.151658950464474,0.0961994013942284,0.177301612806713,0.0394314677074803,0.230273006597788,0.0995475230432965,0.117537004371439,0.018430814423501,0.110308862380896,0.17028107952038,0.129041749142716,0.0104132977491694,0.126119592108918,0.000885429741924759
0.0341320971026757,0.0222179629867393,0.00232106780321491,0.155599367378824,0.0143258200892598,0,0.0354264311331851,0.0118129383555424,0,0.0195060005141254,0.000100818760551531,0.0273462680780965,0.0284314315415037,0.00674193608681628,0.0124445279486482,0,0.00717725759234617,0.0554080506219065,0.0270430009209261,0.0118465390566464,0.00861829772791039,0.0732276525908089,0.0132499021492645,0.00619300095385297,0.0216418075470666,0.061255184613708,0.0483760894475836,0,0.0799408608061343,0.0297532743754258,0.0790954820441821,0.10234360581472,0,0.033497046448604,0.0772297309547093,0.00963337583256212,0.0552513772743887,0.00941297740626173,0.0110446923764845,0.00453204014256558,0.0168114026281159,0.00803282400815627,0,0.0147986393678961,0,0.0224238652426487,0.0137554599357584,0.0390466593557972,0.0155259292456307,0.016904881143583,0.0231438330827262,0,0.0226264896893527,0.0272479319235302,0.0136477804396365,0.0323127027360289,0.0157251230083886,0.00250450939427865,0.0110665626391719,0.0474721948950537,0.0115832553534801,0.0472663543838182,0.000123607194371365,0.00348150903406684,0.0310777169846338,0.0317599754849802,0.0508245343486953,0.00191738689648909,0,0.0310312511900867,0.0239207359692472,0,0.0192155407938799,0,0.0410236164985291,0.0559118344954526,0.0196375900282073,0.0524755540107021,0.0019938051355881,0.0476508207493332,0.0306762092525121,0,0.0489263645746431,0,0.0211818404292377,0.043412653106687,0.112009916640435,0.011371662490187,0,0.0103603560014775,0.0170847179766366,0.0422143160126422,0.0993424255369516,0.0373563204296944,0,0.038125840535941,0.0886032660399542,0.00696117722567479,0.00897754122693146,0.00313732158599889,0.0038167014974016,0.0097827628891645,0,0.0442447534881136,0.0806459154028236,0,0.0236814041817308,0.0585328643262958,0.0694611695608109,0,0.0459902767222628
0.0975270430628048,0.0171965118912148,0,0.211887428687317,0.00560569968715628,0,0.0454367469781606,0.0329337129674907,0.0195060005141254,0,0.00780292207311585,0.0686415612031225,0.0283858219208765,0.0213286265062377,0.0323957209332563,0.0359356006139499,0.0018522499505619,0.0321977136847088,0.0439664218873733,0.0267029545297787,0,0.0789217097481505,0.0193199076187229,0.0243700218050892,0.0204385864291396,0.0708202426596041,0.0448048583455309,0.00201222403354955,0.0389014418620511,0.0465798381325529,0.121687974095152,0.0724669609340649,0,0.0118521574788158,0.085090056722314,0.0141564624854319,0.0604860580699097,0.00137780974001569,0.0156330116903887,0,0.0226996716286848,0,0,0.0127214559950231,0.00243105485824766,0.00681384542436857,0.0145958802438131,0.0730915294591556,0.0150294319771943,0.0467667429069096,0.015719174057086,0,0.029665689489106,0.0160830223016625,0.0149339431840138,0.0414176023701939,0.0184165258727506,0,0.0330416661658202,0.0591343589104725,0.0150519252208141,0.0348798938148883,0.0304559395162077,0.0141281501919743,0.0286047002434198,0.0494345700220776,0.0869190354637453,0.0020338761600595,0.00551743821727412,0.0163720058377033,0.0311093597682714,0,0.0267066813923745,0.0118463591164475,0.0187563465049966,0.077317899481277,0.0310581086951762,0.028022966025617,0.0124027649486612,0.0718538683505522,0.00711405216600827,0,0.028604510889701,0,0.00695480820760881,0.0162631742631866,0.0973687837128023,0.0177767068444444,0.000301286804117756,0.0170015621023693,0.0331224958533533,0.0216228584797921,0.140075678001484,0.0236859180906781,0,0.0305039352681482,0.0529063442355847,0.0164150021447012,0.0122865708414621,0.0137604672678327,0.0305470111028432,0.00433156977542156,0.00655418168178956,0.0226169024227762,0.0426634738751914,0.0463818168576813,0.0376140919828678,0.0365186030262605,0.0138002482028147,0.00025779402545086,0.0494012193370017
0.243420052001731,0,0.105004134146515,0.114393496150782,0.153994231789231,0.0315731623027697,0.0235181365337587,0.148306251255132,0.000100818760551531,0.00780292207311585,0,0.254900597865623,0,0.146295185355156,0.136212327140243,0.217629716350122,0.000965898575184684,0.0684468279182796,0.0915607288412086,0.164479480117003,0.00747477715207636,0.09266148455663,0.0235773447595275,0.0913221381595786,0,0.052092655496056,0.102688000971286,0.0302036039008493,0.0344756343149694,0.0401778503181081,0.17958228060477,0.0768980596524798,0,0.0154017304451674,0.0167900768617105,0.0727582845140223,0.0198552086340655,0.000423735584184996,0,0.00983229231539947,0.0200121494061271,0.00747747861754147,0,0.04371742282405,0,0,0.0324977586875934,0.115861148880216,0.0587776993083272,0.120453313736252,0.0420696781016934,0.101660039773537,0.14529352405622,0.0664755315266907,0.0418678737647548,0.124623177755123,0.0180246868002343,0.0417115586576793,0.174173722083693,0.1862306793034,0.00643884143068869,0.0712632098165773,0.144904119689876,0.0827841153160513,0.0399714034963725,0.1768784684421,0.17528132059221,0.0223585313127423,0.000231075826190116,0.0363856011055596,0.0172494151929142,0.00585423701023393,0.00776781058400788,0.0955900146287571,0.0307322692149569,0.058996557699401,0.0675267989761188,0.0145503950388367,0.0147845201724105,0.223210365366901,0.000877253760377738,0,0.0514283443784884,0,0,0.0219289680507764,0.00683926871987751,0.0503244337919695,0.0808407101170154,0.0278566061591897,0.0367825950009232,0.03809075614219,0.149222792788351,0.0487646824539883,0.127987593873536,0.0808290953476166,0.00324324429457763,0.0572199165316922,0.0577439967281678,0.0212844118657967,0.19388999740907,0.0125887025404251,0.0306618976208915,0.0475333979589184,0.00571473632169807,0.226303669694884,0.0929672881002277,0.0637452812155506,0.00381630074568528,0,0.0308542652895946
0.172002168002618,0.275206879460355,0.0732273564539034,0.180904455877375,0.114357533413033,0.119644903792332,0.0221508795878356,0.000889047424206801,0.0273462680780965,0.0686415612031225,0.254900597865623,0,0.115854611479593,0.164909864233796,0.275354668927894,0.143712406648704,0.146936348781981,0.170181931471971,0.00806212580056245,0.179149226398491,0.0166561435379659,0.0873265696219697,0.401788184393858,0.00543234883402736,0.164782534079389,0,0.210417721676418,0.00349935694126156,0.128982563518607,0.0381453436831429,0.228146830943881,0.192280643706697,0,0.239442636419768,0.0234078288319206,0.207348723578744,0.0182859948988127,0.351816711919943,0.0233886891630023,0.0569539651928778,0.00961013863267171,0.0383297225135348,0,0.198817565448941,0,0.190903686605494,0.247910236124336,0.0984695031025688,0.199799797839437,0.0503245846148413,0.217044448153443,0.150596976979424,0.30118856571513,0.301885521357661,0.0555112075684359,0.302708924601946,0.0557656975672109,0.0770113178189448,0.0164056985951955,0.288920130060599,0,0.252637227562682,0.0366578749621876,0.176562375036155,0.134751563569492,0.206772354059839,0.134123600419658,0.229014880498926,0.053095907218533,0.193501800955233,0.150711985589497,0.127530879896034,0.141593393175349,0.0220097154086503,0.230024984981396,0.0133010742489671,0.199269656775062,0.0159520788626585,0.182166436198766,0.241353544196119,0.184824048981123,0.0327661405132531,0.189611571845152,0.0867993820729982,0.143237203555499,0.205019334912057,0,0.239887830454368,0.313639801172807,0.261387854921445,0.158575042132854,0.230942097844734,0.15903447533485,0.271703950118292,0.00801334459205852,0.240548636726968,0.00390581238993275,0.27205480286916,0.174167950891528,0.345927026373034,0.0393365672591674,0.390348537901988,0.228285868690401,0.234618882769418,0.0164435834425992,0.112520621901392,0.190995463333422,0.278889028175122,0.0142166870005761,0.340635075126489,0
0.121095979411378,0.0179896153669751,0.204038301687616,0.0607425925439869,0.122077654928796,0.0161553217225488,0.0550895500927546,0.059863766121307,0.0284314315415037,0.0283858219208765,0,0.115854611479593,0,0.0465284097616041,0,0.164364781183323,0.0099205366144651,0.0478537739547913,0.03025877064935,0.0740747483015982,0.0550179281823472,0.0428837481174293,0.0108406995216735,0.0453229722155815,0.00838600642988459,0.0187033799412563,0.0470620241144,0.00076978294737708,0.0371869366588386,0.0264879707440808,0.0486996226904753,0.0314182866611143,0,0.0395212626591508,0.0624931895647027,0,0.0374668950507168,0,0.00040209759148015,0.00750051509806253,0,0.00659379521930381,0,0.0226098411608643,0,0.0280467406127142,0.0513908380802416,0.019702589071914,0,0.0392135366579526,0,0.0509580493129611,0,0,0,0,0,0.0784058806246094,0.142309965613906,0.0368815875234771,0,0,0.109100499079903,0.0114807695095613,0,0.0875402959292997,0.0607022834746708,0.161219461430654,0,0,0,0.000850221566649181,0,0.0582060710576587,0,0.00624020164736551,0,0.0281107759534287,0.0198803907357075,0.0771632304372778,0.0734469049072079,0,0.00944936843279525,0,0.0209436089738059,0.0109910299532639,0.0525231849478853,0,0,0.022064639955737,0,0,0.0458721026307488,0,0.15299634312173,0.0141277210584702,0.047914641501507,0.00052622424061597,0,0.0430658517250326,0.143441238638998,0.0527176370144119,0,0.00765535854828787,0.0301634676992545,0.14426977597239,0,0.0178922819227,0.0370907855362483,0,0.0399276788312064
0.134068276036186,0.200445234508237,0.222495244945922,0.056534333213816,0.215912028311195,0.0324351816766822,0.0300615050789348,0.132468695326513,0.00674193608681628,0.0213286265062377,0.146295185355156,0.164909864233796,0.0465284097616041,0,0.112420896738883,0.135135577011396,0.0575713899127323,0.0482423280721838,0.0881288783928476,0.0235180603957789,0.0213533111435316,0.0134838876926312,0.243870970012714,0.0948217554535015,0.0869699110215015,0.0636641314331233,0.0398677410368048,0.0559451877096592,0.0759689160792632,0.0166217571746685,0.0261541806049192,0.0765241232461996,0.0209481969676701,0.0934113573855459,0.0354393166917072,0.0737430227555718,0.0422567750703527,0.16339405726682,0.0275033913995199,0.0435191707473996,0.0103566890589271,0.0214174781841874,0.0190778212472145,0.113843474953765,0.00910636393364341,0.106484806692467,0.130244040908974,0.000429609934521525,0.0880244092307815,0.105221336868802,0.103589133506046,0,0.195753116772713,0.167850358267217,0.00911285827283647,0.148685141891313,0.0352489848192738,0.226754898138796,0.174730472916608,0.102646478199299,0.017845469519645,0.100272345812519,0.124960085464311,0.0403443589016161,0.053586728090257,0.0182844176251139,0.0495918185213333,0.208694328402264,0.0229645660049425,0.0802550465579904,0.0565948010510176,0.0819292080530505,0.0622403386185627,0.0905592378705992,0.134134069867941,0.0217321230705696,0.0685419109765291,0.0260125675281662,0.0732623956550143,0.00550551845809319,0.164521170305572,0.00241133116977433,0.089271103453521,0.0209739229769881,0.0470178930652542,0.126041700004892,0.0236230810417307,0.100501642935284,0.212207136280997,0.163940457507384,0.0191774417126382,0.114619021430514,0.0689127532576104,0.138712544554782,0.211494044208313,0.107228971698276,0.0202709516800597,0.103764949958143,0.0321745127594374,0.257627415032101,0.180925119483651,0.263627529648534,0.0789109644579135,0.124674057734417,0.0223829403605816,0.19500259910256,0.0578973267804751,0.102744465002421,0.0210109659244012,0.139299066786533,0.0397058444606597
0.268039636111316,0.136074414822623,0.178921428207145,0.142360209390818,0.223427057557857,0.0291340881737859,0.0374128144442431,0.19868352694507,0.0124445279486482,0.0323957209332563,0.136212327140243,0.275354668927894,0,0.112420896738883,0,0.198299137609413,0.086268079203953,0.0597141630334138,0.138434712528404,0.130595445960689,0.0146579915362899,0.096155431329037,0.0890441109739813,0.125798494779474,0.0564506806480031,0.158261765042897,0.0878989475447877,0.0584925875630412,0.0369206927356628,0.0505401150554771,0.166585858492186,0.0641566431968753,0,0.00835139577314409,0.0663328378410362,0,0.0840869392213674,0.0380192785279662,0.0610038973290723,0.0301137456557955,0.0397590312387173,0.0227742542272929,0.0117645657645597,0.0328358749978666,0.00723561002911599,0,0.0126125002397838,0.13036574290355,0.0328002991723292,0.164215855882982,0.0288332835454634,0.0439425256038442,0.0471452396422232,0.0266177429701476,0.0491572353377247,0.0380609642620284,0.0326383259079729,0.0809563498871863,0.190995397525016,0.10107027922697,0.0323956410877673,0.0414201808590632,0.153723964777917,0.0238822441757843,0.0360367894704316,0.157053380090355,0.180209899267861,0.053010342369755,0.0237854906107351,0.0289197251560428,0.0278734664109845,0.0196735001934043,0.0220557540845935,0.0990755566879251,0.0266919483820321,0.140144161019911,0.000589348260540166,0.0720841209805153,0,0.190867057340469,0.0727243774741265,0.0125517003545882,0.0410055099439006,0.0100874540631123,0.0775324550978692,0.0261318790284041,0.0509487816246674,0,0,0.0275501918967977,0.0265191824943187,0.0325530859511692,0.172903951773824,0.0299592110234096,0.16829366008885,0.042510087364329,0.0364008368457082,0.0162923822153573,0.0273709618058258,0.0942724352034607,0.213226238583856,0.0372631918444273,0.0148959262848005,0.0318455569718484,0.0331620568054011,0.25010448139482,0.0470165337802166,0.0431676652515246,0.0252212521841141,0.0311140333140041,0.046023894584056
0.036019872798335,0.273913079419697,0.22016523492521,0,0.214249429081106,0.0365572012558996,0.00244272761686911,0.123327116887785,0,0.0359356006139499,0.217629716350122,0.143712406648704,0.164364781183323,0.135135577011396,0.198299137609413,0,0.0992112425845811,0.0425876175489403,0.0511316949631428,0.13507696814269,0,0,0.337593655502906,0.045175786582957,0.173466051495702,0.0648189288557423,0.0489822628756429,0.00618974559667009,0.0630467226728115,0,0.0819948575064089,0.0828964122413225,0,0.250155344332141,0.0595101841925698,0.208102347071007,0.0393229359131727,0.325298769236359,0.0312240555694499,0.0487863763837503,0,0.0106654589599194,0,0.159219340636702,0,0.281689995563401,0.25538045876722,0,0.136269941209742,0.0159737718225686,0.181283595178676,0.152936409485989,0.267239166796755,0.260934214720261,0.0204946855626532,0.26683882661734,0.0266404449581347,0.079440268587224,0.247582208009873,0.183720545503116,0.00113445980361249,0.182280014820362,0.0645742624102917,0.112677433446973,0.0731745032799434,0.135165888021894,0.0107791274068591,0.282290819591453,0.0609183679373978,0.147907674483255,0.109517839241774,0.1288553879256,0.122472069204716,0.0629334399166437,0.198443978451672,0.0237475943010931,0.19292525937518,0.0134303426867533,0.198653982240453,0.150161431303437,0.219930364650418,0.066405129925084,0.125528988893712,0.0873604132204698,0.126904309598813,0.188025932390875,0.00382732803444059,0.243951197703315,0.311761638514665,0.304408660558371,0.108566679748969,0.18220392164538,0,0.214317003511607,0.0706933481888288,0.176211439708524,0.000801781692332502,0.27167708018867,0.145087402278056,0.339264785813928,0.0469913324295161,0.346547067587027,0.206678448349788,0.184583677624557,0,0.00414454410793566,0.223810356723868,0.191511268385791,0,0.326224548386766,0.0263555288531996
0.170325165011803,0.00225228638347216,3.69635917974824e-05,0.255943446613538,0.00935850280017553,0,0.0572447736235627,0.0855932003796039,0.00717725759234617,0.0018522499505619,0.000965898575184684,0.146936348781981,0.0099205366144651,0.0575713899127323,0.086268079203953,0.0992112425845811,0,0.0372480696294827,0.0897797589931381,0.0625603689880154,0,0.101599350577525,0.0149750426307209,0.062705122467664,0.000612032747796996,0.143137978589564,0.0626701756727723,0.00785188853330839,0.032155682492466,0.0707482901763916,0.175793429999197,0.0785359396616285,0,0,0.0820265218776882,0.00686244696466813,0.102301831428324,0,0.0230307249495678,0,0.0276841521599967,0,0,0.00770492633950154,0,0,0.0110369839485027,0.102321065516852,0.0186082491320611,0.104688550972199,0.00831897570576981,0.0140749118613421,0.0587964928408153,0.015773090265881,0.0230300385108844,0.0825559482173659,0.016671823590569,0.00489370287840049,0.076843297712962,0.104033382590238,0.00940393023316886,0.0429962960106382,0.0769684314294326,0.0235887748219643,0.0309874351609082,0.0969508412082178,0.138702667546908,0,0,0.010643984148916,0.0312799548315915,0,0.0263936595989638,0.0383528101504758,0.0173235782480967,0.120400003644018,0.0267153045459938,0.0394727308383129,0.0111682946456801,0.140149946413337,0,0,0.0264498966429411,0,0,0.0111648295440931,0.103111603174482,0.0164231138446329,0.0156602442251914,0.00592782865739083,0.0440131713184925,0.0180574044235397,0.210831260410904,0.0230897303741963,0.0166796062652969,0.0320543362091865,0.0414822794924576,0.0142794285964639,0.0209501348573412,0.0123480415796839,0.0845851856556856,0.00967547776980549,0.00544005564176199,0.0229641184957981,0.0451165576863638,0.109809083561876,0.0767042287201258,0.0378795962836221,0.00874198445605583,0,0.0425893135415386
0.107350547701344,0.0862496500922535,0.247290544162563,0.0815249594736914,0.151815884138178,0.0373668657595101,0.0142206798831844,0.0902104468888567,0.0554080506219065,0.0321977136847088,0.0684468279182796,0.170181931471971,0.0478537739547913,0.0482423280721838,0.0597141630334138,0.0425876175489403,0.0372480696294827,0,0.0354933619697564,0.0484876015801184,0.0476995620109574,0,0.16558935905236,0.0736970370389397,0.042260807824943,0.0306547005392622,0.10487178961141,0.0367252284888179,0.177245444107477,0.00646893303846244,0.0173986480587318,0.104054793640186,0.0989544844261439,0.0613817513020382,0.00369799408268346,0.0381858642711388,0.0101560834356067,0.111344494778673,0.00805901986384754,0.0114564738772059,0.0186345653492616,0.00219579566394172,0.0957372516933448,0.055912949765473,0.0813748791558452,0.148245710120153,0.093353793601616,0,0.053323195857584,0.061639375280501,0.0540763758962358,0.0327487819630932,0.0723895187340399,0.0693858058209322,0.101951239285673,0.0853303542566041,0,0.130874332409495,0.121513214055523,0.0514699394098314,0,0.0509670748086697,0.0469175013494746,0.088885924882618,0.00164858740454231,0.0191936327570275,0.229909726297427,0.208333732267183,0,0.039014929108467,0,0.0606434351983421,0.0161452531279125,0.0216246693299435,0.13321759134549,0,0.0312216730759043,0.0208537263043891,0.0600113932390254,0.069785119175027,0.284420712478316,0,0.0505630223078688,0,0.0237374796623199,0.239594025082092,0.0135000082262225,0.0544331668397005,0.0852716307072044,0.0908174989664993,0.00789558182456336,0.100155657506511,0.0354729438557754,0.0914490206931843,0.115734048786915,0.0562420005941398,0.00625838959701354,0.0644322655017025,0.0341348439825239,0.219804189376522,0.30880976265834,0.234175549709551,0.0136755419506493,0.113275462128063,0,0.0845047952165923,0.0556339582078553,0.112356554078436,0,0.0552741328329914,0.0264814024217884
0.0290770933720397,0.0861825211221243,0.0237043463913663,0.0858781306234166,0.0628192922005589,0.00772903519576911,0.049492012534293,0.0298660022094749,0.0270430009209261,0.0439664218873733,0.0915607288412086,0.00806212580056245,0.03025877064935,0.0881288783928476,0.138434712528404,0.0511316949631428,0.0897797589931381,0.0354933619697564,0,0.0781466830211555,0,0.0200569756225726,0.172206731649176,0.00985737477370225,0.0699594749794657,0.0100206549564142,0.0389560758316774,0,0.048014217421912,0.0825394319285038,0.138213803871618,0.0836768275531282,0,0.113794179722421,0.0155631237153965,0.0664504424931254,0.0368130256201287,0.125873199234804,0.0332773169776654,0,0,0,0,0.0362421469411312,0.000649580234751396,0.0750201641175478,0.0694047038668169,0.0438708847309757,0.0429205212414472,0.00494768247709682,0.0495636103248791,0.0593794253003636,0.12842231648614,0.090401349410911,0.00245884328512193,0.142785516140131,0.0065706272076465,0.029152574995011,0,0.107119042784225,0,0.0889656717977811,0.0182392240719197,0.0512719422679402,0.0312792023983755,0.095403579065092,0.0480037214477589,0.0778825717888346,0.00526865906213862,0.0462797071946037,0.0712284398549786,0.0126511004139956,0.0814863182641127,0.0136723916674377,0.0787369950123844,0,0.0707462088271727,0.00879736850146264,0.0616414547276239,0.131125339034069,0.0913075100829027,0,0.0486057551705524,0.0223899084055699,0.0783574566572638,0.0797988503289684,0,0.0798496494936234,0.129612963811402,0.0784532408689914,0.0801754499324341,0.0725687151039038,0.140337384425015,0.0918884273901647,0,0.0656777667274731,0.00477980254659235,0.0854876498168537,0.077309046091474,0.169757454391857,0.0118175531043634,0.159998236006585,0.075897383348327,0.0758287383796092,0,0.0489343735714325,0.162511858259744,0.0834667330908758,0,0.0711385659666825,0.0180798315228539
0.149149713788009,0.219210955436005,0.258499132802508,0.0491402332729662,0.231567776009918,0.0297200543394477,0.0317585444735779,0.138674742001269,0.0118465390566464,0.0267029545297787,0.164479480117003,0.179149226398491,0.0740747483015982,0.0235180603957789,0.130595445960689,0.13507696814269,0.0625603689880154,0.0484876015801184,0.0781466830211555,0,0.0296372944748783,0.00951747612521929,0.285492929867543,0.0892176631464541,0.100015183322762,0.0628931957654827,0.0361818065191463,0.0504920099605962,0.0888195925366849,0.0104321192044319,0.0175497284748693,0.0866973588713859,0.0159434567246008,0.113278273027795,0.0358845252221394,0.114033619629295,0.0427697352454172,0.20213685980895,0.0290424216883458,0.055675823008053,0.00557096571200815,0.0257200382375852,0.014935772119379,0.152169984927319,0.00575825104532038,0.144926449392477,0.192493709335393,0,0.121519096963948,0.0968468334931937,0.141172765030795,0.02890170573169,0.253719833574089,0.222700264256257,0.00528659785070253,0.227963230117723,0.035332959719759,0.258017067351477,0.188582147687333,0.16595747473794,0.0186666681103752,0.131336834136353,0.133616933277324,0.0773246521931398,0.0616382781291268,0.00049918586701016,0.034050739886244,0.266847302301722,0.029036776099971,0.10347440477515,0.0669614645425557,0.112441431857803,0.0734657235158072,0.0920619356389405,0.177098610522612,0.0211641298082661,0.0946095108028917,0.0249946909780188,0.103992465169439,0.00801869925418864,0.212814638431611,0.00995758746410271,0.108256935050023,0.0315330767017704,0.0515911201165275,0.162013102868386,0.0246516406603982,0.143319540118476,0.264506506521723,0.219607216180277,0.0219839642906814,0.147033424092787,0.0581385344754265,0.174347231416755,0.259144451607231,0.141016142114273,0.0209703530349497,0.156102560846274,0.0432053304499252,0.30723362794115,0.187419424206801,0.323541148654571,0.100956165647002,0.160703505952187,0.0230130220468762,0.221270132602865,0.0770203175219617,0.135946342914388,0.024596562274247,0.187938198073573,0.0378663678947568
0,0.00497751503135315,0.0271522567278207,0.131379386649049,0.013726623745953,0.00307110773592024,0.0219817100339524,0.00788473926756303,0.00861829772791039,0,0.00747477715207636,0.0166561435379659,0.0550179281823472,0.0213533111435316,0.0146579915362899,0,0,0.0476995620109574,0,0.0296372944748783,0,0,0.0101604400671383,0,0.0219500166041716,0,0.0260582309672596,0,0.128870146244719,0.0105102362147027,0.0262787895594435,0.0967290932204821,0.0501254714749211,0.00658207241619876,0.0759134769732587,0.0161022001893581,0.00689282327342346,0,0,0.0043574762980945,0.00196450407901689,0.00781929292399875,0.0250219048798725,0.0182957613894387,0.0244596014110346,0.00028968901459714,0,0,0.0134109456621151,0,0.0341386483157695,0.0107047329315567,0.017503667619431,0.0232748626069134,0.016873537825475,0.0118822644440059,0,0.0267113638331593,0,0.0113594910739406,0,0.0332834582794044,0,0.0349168839446775,0.00922193835273248,0.00547175225464288,0.0386940470588832,0.0212635568726709,0,0.0261888015930873,0.00481496137851611,0,0.00698979645006239,0,0.0402318381632618,0,0.00603346963590623,0,0.00602021820362498,0.0597786899067557,0.0743870244805424,0,0.0424938571439252,0,0,0.0661128050400159,0.113440637978566,0,0,0,0.00890362437496104,0.0406113257860496,0.0576212745991577,0.0340878057232318,0.023697188162292,0.037077454768195,0.0606052363798933,0,0.0128772683429046,0.0191209225018311,0.0713752543183531,0.0260990112414731,0,0.0451357244874946,0.0488605445194957,0,0.0178672734793409,0.0581749809712302,0.023060072648287,0,0.0395389733997849
