0,0,0.00116374705615663,0,0,0,0,0,0.0068387018634919,0.00595736035086836,0.0155466523592963,0,0,0,0,0,0,0.00371945720082154,0,0,0,0.00223049775660919,0.00323179485911044,0,0,0.00743196283994155,0,0.00598868395535096,0,0.00509580714888998,0,0,0.00839581210946524,0,0.018227360807389,0,0,0,0.0156068614372172,0.00890824936922327,0,0.00769991644807068,0.0111849160081319,0,0,0,0,0,0,0,0,0.00317741147521065,0,0,0,0,0,0.00881071454026985,0.0137176731697356,0,0,0,0,0,0,0.032402121416821,0,0.00255815292877713,0,0.0226955752530989,0,0,0,0.0121633154206694,0,0,0.00526621444756915,0,0,0,0,0,0,0,0,0.010566229212572,0,0.0109146003190398,0,0,0.00452484296459048,0,0,0,0,0,0,0,0,0,0,0,0,0,0.0169236659368661,0,0,0,0.0126678743332542,0.0201644387661347,0
0,0,0.00112442901061107,0,0.000585186752110554,0,0,0.00100751945127168,0.0129727922677327,0.0209854488572999,0.0212510231628254,0,0,0,0,0.00454704186092084,1.56949106616388e-06,0.000725408657530546,0,0,0,0.00258449808230013,0.01046035970419,0.00142512627574167,0.000171823855526354,0.022633738939472,0.00348348395767753,0.00980470249416702,0,0.00641186776720722,0,0,0.00491949764806343,0,0.0201051258066557,0,0,0,0.0169990499764863,0.010374630661817,0,0.00540600222228646,0.00400782853332525,0,0,0,0,0,0,0,0.00953826378913594,0.00544707914982474,0,0,0,0,0,0,0.00490280760778568,0,0,0,0,0,0,0.0128862117744476,0,0,0,0.010306060507629,0,0,0,0.0185846113946453,0,0,0.0107770140755235,0,0,0,0,0,0,0,0,0.00643012686161015,0,0.00945567109088672,0.00215820939023924,0,0.0158814181563369,0,0,0.00645589090712909,0,0,0.00100727191451233,0,0,0,0,0,0.00182465823064047,0,0.0214264873496569,0,0.00195452380023253,0,0.00565962559120428,0.0136840361399125,0
0.00116374705615663,0.00112442901061107,0,0,0.0130008494933475,0,0,0.000733168957922234,0,0.0199789823231481,0.0160053808389165,0,0,0.00408597152330989,0.0127010923891452,0.00134101700006375,0,0.0165851197503485,0,0,0.00239009100695419,0.00986793850330346,0,0,0,0.0104734581291716,0.00445785435220583,0.0047710692861952,0.0147619413917089,0,0,0,0.00659237890818105,0.00464767522235834,0,0.00313796576560777,0,0,0.0139436217380482,0.00434037344802225,0.000400200784782182,0.0108677615990862,0.001377253174062,0.00762096042293732,0,0,0.00282907147534314,0,0,0.00124818839598846,0.00157574880619557,0,0,0,0,0,0,0,0.000766901547269589,0.00266481823836599,0,0.00233520238113764,0.00248740773957439,0,0.00393394203261034,0,0.0012406017114389,0,0,0,0.00103801013387254,0.00394518884857523,0,0.0199942243900559,0,0,0.00650903371951918,0.00770401268113287,0,0.00442321147004177,0,0,0.00358515000328248,0,0.000692096939057865,0,0,0,0.000495802194881906,0,0,0,0.021232266266698,0,0,0,0.0210485686554422,0,0,0.00278268238336314,0.00453359345970934,0.000564873992908681,0.00107605394173846,0.0151758913387522,0.00933312166968946,0,0,0,0.0100627635996971,0.00327236720835791,0.00160154813364462
0,0,0,0,0,0,0,0,0.00333776075769255,0.0176950774591329,0.00320805544032898,0.000456111395524695,0,0,0,0,0,0.0154321717868781,0,0,0,0.0181851032535259,0,0,0.003286772758551,0.001579374525248,0,0,0,0.0157992590908454,0,0.0042919634688214,0.00741277835076977,0.00416889693229675,0.0213998807265434,0.00354430557635845,0,0.00890033597985635,0.00311311819698937,0.0167788404586424,0,0.0201205670394413,0,0,0,0,0,0.00678882611187522,0.000801287072699162,0,0,0,0.00759464456326316,0,0.00125386922829941,0.0138818613228599,0,0,0,0.012452759265599,0.00694711938214516,0.00767706458737838,0.0140709620772192,0.00734914525940682,0.0013780465311755,0,0.0170229030866272,0.00224955081270317,0.00759882851448305,0,0.0320344107713712,0.0151443797490565,0.00296706592366275,0.000681222131655532,0,0.00185075575738696,0,0.00895505898194365,0,0,0,0.00277559342025583,0.0121696751441938,0.000115324532589269,0.00232861486790483,0.0195347736581632,0,0.00198957008505163,0.00358518889079688,0,0.00752655421265307,0,0.00420045721152765,0,0,0.015353916347357,0.000500917928773749,0,0,0,0,5.06393549061836e-05,0,0,0.0144376543764903,0,0.0130310885271348,0,0.0433146926385321,0,0
0,0.000585186752110554,0.0130008494933475,0,0,0.00638293213065673,0,0,0.0149877577779135,0.0313941698972796,0,0,0,0,0,0.0286339756306203,0.000266042820544747,0,0,0,0.00392963178515591,0,0.0101059353196166,0.000945899617751396,0,0.0144718367687453,0,0.0171709401004467,0.00941106488691588,0.00727215644931729,0,0,0,0,0,0,0,0.00431656122105756,0.00861649128856405,0,0,0,0,0.0166663461774021,0.0026976419126209,0.00220441743578435,0.01459823608305,0,0.0156193738230736,0.00122472773937696,0.000736835835047241,0.000226054979175315,0,0.00479650109405553,0.00557122538459053,0,0.00274153127094611,0,0,0.00504684078702363,0.000285064400730842,0.00139580415379793,0,0,0.000264849242346615,0,0.00231637006511188,0.0154878342376337,0,0,0.00673185211109994,0.00215559541089864,0,0,0,0,0.000210021311581115,0.00253120506367742,0,0.0171448411090023,0,0,0.0042313406577056,0.000553567034793592,0.0153736245852163,0.00613145136817495,0,0.00140486392973495,0.00976964407687402,0,0.0158730755207557,0.00492208022729201,0,0.0133573517350447,0,0,0.00307804211180746,0,0.0211723687257039,0,0,0.00377026332605145,0,0.00112313849671414,0.0292695864788271,0,0.00241087716100877,0,0,0,0
0,0,0,0,0.00638293213065673,0,0,0,0,0.00971617626186958,0.00146177803571589,0,0.000979268755520114,0,0.0074020684637834,0,0,0.000288078508605277,0,0,0,0,0.00269614345324065,0,0,0.00444980054661659,0,0,0,0,0,0,0.00672111846931917,0,0,0,0,0.00970508772503459,0,0,0.00147742193682425,0.0118076223907159,0.00879785532345159,0,0.00122928341181891,0,0,0,0,0,0,0.0010618113430439,0,0.000776821486282876,0.00756208429283827,0,0,0,0,0,0,0,0,0,0,0,0,0,0,0,0,0,0,0.00257640161175012,0,0,0,0,0,0,0.00307406835663572,0,0,0,0,0,0,0.0105342397102789,0,0.0299727402009691,0.00133763012884242,0,0.00503471608871296,0,0,0,0,0.0145271204971444,0,0,0,0,0,0.00125768898952343,0,0.00382691005679956,0.0173562391968135,0,0.00133073484066059,0,0
0,0,0,0,0,0,0,0,0.0137208788901691,0.0336233763517639,0.0320204820024771,0.0311405015022027,0.0258029958756872,0,0,0,0,0.0272693450191504,0,0,0,0.0162593757715659,0.00100648101599746,0.00583351046664607,0,0.00242659635684589,0,0,0,0.0231781022413636,0.0213339570846942,0.00672237604475301,0.011643826440524,0.00121522049666335,0.0447576769063804,0,0,0.0113399553321835,0.0204328821744961,0.0177799694530605,0,0.0540366719432521,0,0.0103231446250177,0,0.00140184932593657,0.000975421476767508,0.00377015562936256,0.00388221536464204,0,0,0,0.0201896865038122,0.00022307916454913,0.00410657969474704,0.0186389603696984,0,0,0,0.0117774550508964,0.00363450219362631,0,0.00661193293735149,0,0,0,0.00254392968890125,0.0188404359495952,0,0,0.0111192486656472,0,0.00894205780395267,0.0249158817338642,0,0,0.0104389614223264,0,0.00711563143940789,0,0,0,0,0,0,0.0300564352894854,0,0.010156471986991,0.0148084110695563,0,0.018179808585639,0,0,0.00704560688470747,0,0.0214467535647145,0,0,0.000861063664963681,0,0,0,0,0,0.0482026527657702,0,0.0048930378816644,0,0.025965331579468,0.0338314321045135,0
0,0.00100751945127168,0.000733168957922234,0,0,0,0,0,0.00742444380495241,0.000432755543270621,0,0,0,0,0,0.00356095275679976,0,8.46631592075625e-05,0,0.00723950806737981,0,0,0.00156604899819867,0.011128160403495,0.00421476960418485,0.0180403048212163,0,0.00482677908456632,0,0.0243070769302441,0,0.00547111236247925,0.0131192059090474,0,0.0141968181671871,0,0,0.00155589327421178,0.00599369386446792,0.0126041853789348,0,0,0,0,0,0,0,0,0,0,0,0.00339844034095017,0,0,0,0,0,0,0,0,0,0,0,0,0,0,0,0,0,0,0,0,2.72082426674315e-05,0,0,0,0,0,0,0.00458681056305255,0,0,0,0,0,0.0145322339128222,0,0.0101241708530031,0,0,0.00996799798726338,0,0,0,0,0.000281548266972626,0,0,0,0,0,0,0,0,0.0229289397858029,0,0.00395560612946343,0,0.00626521432076647,0.0132136568589172,0
0.0068387018634919,0.0129727922677327,0,0.00333776075769255,0.0149877577779135,0,0.0137208788901691,0.00742444380495241,0,0.0082915749367296,0.0288409398694967,0,0,0.013721669478167,0,0,0.0127473807304232,0.0291452742469803,0,0.0102054716242366,0.00787035781367986,0.00528366225432674,0.00866673129341318,0.0084897120241295,0.0335224492392056,0.0187856161856628,0.0229091190629827,0.0304817693362458,0,0,0.0106051836156249,0.00999686569687012,0,0.013482659558536,0.00762315887386505,0.00374973016372641,0,0.00167601077479054,0.00374085241387985,0.0212156710180891,0.000543847487470186,0.01424838939946,0.0038898587092019,0.00289630211395948,0,0,0.00812096961363716,0,0,0,0,0.00669473678060794,0,0,0.00293349707842202,0,0,0,0,0.00381363290640027,0,0.0117965090668121,0,0,0,0,0,0.00235930550964698,0,0.017809550217836,0.00956752495714868,0,0,0.0246852174019702,0.0042306130381924,0.00591823957903307,0.0184566644306159,0,0.00353322342084922,0.0140204464225092,0,0.00518604753864658,0.0210279592974338,0,0.00335320961243277,0.0123689925654232,0.0131139439732078,0.0111255297169814,0.0219327184704073,0,0,0,0.000470752739792403,0.00173826771184163,0.0180776707014224,0.0108681836169733,0.0118666631893178,0.010368294910153,0,0.0141299395332919,0,0.00313760851616849,0.0159907144886156,0,0.00025629963674981,0,0.00138290417780676,0.0195213434891492,0.00342719269375828,0,0.00173408183452274
0.00595736035086836,0.0209854488572999,0.0199789823231481,0.0176950774591329,0.0313941698972796,0.00971617626186958,0.0336233763517639,0.000432755543270621,0.0082915749367296,0,0.0343366120299128,0.0413275214085878,0.0386384808020955,0.00368545869979279,0,0.011298532030081,0.00602280045203008,0.0128557919753234,0.0359449847537646,0.00666098299112949,0.00960076669531558,0,0.042912829754905,0.0142077261075812,0.00145816930848223,0.0191975905828066,0.0172426616733831,0.0103183498026405,0.00884932615486282,0.0330845609640893,0.0181105992244852,0.01178477905755,0.0383954386903668,0.00118612614549032,0.0301490065292219,0,0.0109414145238065,0,0.0252362864248825,0,0.0189870438167104,0,0.0146791439125899,0,0,0.0303221620797505,0.0219404092726243,0,0.0481085626729854,0.00325208138985421,0,0,0.0289889652568646,0.0122734406447776,0.0267836469215366,0.0283508344617001,0,0.0535970871385877,0.0509700799717448,0.0109114415424921,0.0498028859191913,0.00511308181837065,0.0267219239929359,0.0248174723003158,0.00258022105379235,0.0439401880050998,0.00228935538699407,0,0.000832997216081444,0.0543528661271524,0,0,0.0354145132033788,0.0485380467972755,0.00674146885899235,0.0103138250758059,0.00926070433814988,0,0.0273748076562643,0.0297811592864659,0,0.00774721090107141,0.00585664930361355,0,0.0123250032115137,0.0163774087231889,0.0443083509797901,0.00886936580007878,0.026319317592219,0.0542483904279663,0.0204627858450965,0.00888106379920469,0.0207603819974535,0.035100691726187,0.00618312518449158,0.00597168098844553,0,0.0108069549283678,0.0436021552868745,0.0192723436157204,0.0193326134048099,0.00396516794414444,0.0179460516225971,0.029707112923016,0.0446884798061313,0.0037378532308075,0.016869207838899,0.0152011083634144,0.0138805812327083,0.026013150699647,0.0189713401479545
0.0155466523592963,0.0212510231628254,0.0160053808389165,0.00320805544032898,0,0.00146177803571589,0.0320204820024771,0,0.0288409398694967,0.0343366120299128,0,0.0761645650829027,0.0474550153212669,0,0,0,0.00343739806679118,0,0,0.00805419570581699,8.84064624998708e-05,0.0141852958351459,0.0177483785634215,0.0375696619757175,0.0014970584907206,0.0026738373072558,0.00277912627941921,0,0,0.0538996342091284,0.0396591358638439,0.044805004970303,0.0308930323048375,0,0.0320382123140969,0,0.0138815506493041,0.000278057638880882,0.019798776192278,0.0115222393257458,0.00439065893416323,0.0292651820454441,0,0,0,0.0294492316690804,0,0.0051743978288962,0.0199340036547085,0.000222975312112982,0,0.00952747136954694,0.0376137070420553,0.0103604340268198,0.0137653847795705,0.0241565243913757,0,0.0129840572374279,0,0.0127801396562624,0.0252336560303363,0,0.0254497674704765,0.0160474442573763,0,0,0.0118379915730571,0.00734519289539239,0,0.00275325289057824,0.00562417778441624,0,0.0298084185938521,0,0,0.00255392494915714,0,0,0.039759830240765,0.0141472784838751,0,0.012852821742511,0,0,0,0.033635920612486,0.0172026524935318,0.0149763123973559,0,0.00292887853311725,0.0328255911334107,0,0.00451671349798913,0.0396889667224889,0,0.0116176438635558,0,0,0.0304970994114913,0.0155305359080078,0.00815488945515588,0,0.011427362505469,0.0203918200986379,0.0567124966825192,0,0.0082181548958533,0,0.0389325090677732,0.0453656122577499,0.0322235341269972
0,0,0,0.000456111395524695,0,0,0.0311405015022027,0,0,0.0413275214085878,0.0761645650829027,0,0,0,0.00481478167967969,0,0.000978271014474489,0.0483220653515232,0.0208691347097905,0,0.00792210158914154,0.0243106266781145,0.0212704299740751,0,0.0075736738064042,0.0159341299106752,0.0257898272195616,0.022124632917892,0.0211003910701881,0,0,0,0,0.009120409299492,0.00591819228839339,0,0,0,0.00184154174116504,0.00951215988241919,0.00241020114509608,0.0622945431795909,0.0307871774264211,0.00677039771918063,0,0,0.024256597953754,0,0,0,0,0,0,0,0,0,0,0.041634408124499,0.0113429694471779,0,0,0.00596155791633573,0,0,0,0.0416371734411155,0,0.0249476674830602,0,0.12003189621211,0.022613452893213,0,0.0170935300292036,0.115484644636773,0,0,0.0473496002673692,0,0.0200563251433173,0.0178710039784783,0,0,0.0131866388169902,0,0.000746825218460796,0.00942810235567661,0.0608566766978187,0.0124530700042026,0.0422443985925702,0.0726863492491964,0,0,0,0.00216985183181421,0.00824976721727134,0.0364048865343047,0.00689790053750556,0.00762264320562998,0.00304955214040041,0.0110073865625751,0,0,0.00105138890162283,0,0,0,0.00410282605458085,0,0.00377713140123021,0,0.00280291581647753
0,0,0,0,0,0.000979268755520114,0.0258029958756872,0,0,0.0386384808020955,0.0474550153212669,0,0,0.000127193143967595,0.00606454354690331,0,0.0102463380177509,0.0485671362660873,0,0,0.00960854221429528,0.0157465061102516,0.0161370055724563,0,0.00119105878917845,0.0119095893661408,0.00902827744424369,0,0.046385095206026,0,0,0,0,0.00748699232360649,0.0293207668608196,0,0,0,0,0.0114793662511254,0.00175024365405851,0.0854009144104871,0.00803138046473228,0.0307860531491532,0,0,0.031522959442689,0.0119951968583774,0,0.000146464341075421,0.00310168399431594,0,0.00851359515650039,0,0.00961161419952668,0.0125264826988848,0,0.00226152260877596,0,0.0187431419285094,0,0.00608274080414974,0.00439830388913091,0,0,0.0118424685094255,0.00497443778370778,0.0650711551266531,0,0.0354476572342501,0.0267405547494702,0.00032131541771266,3.29672333459665e-06,0.0635781415786693,0.00273268722554256,0,0.0360038447003044,0,0,0.0134677082646229,0.0217006488177414,0,0.012080701756233,0,0.0030522142103043,0.000735650405166802,0.0163763237910562,0,0.0404975788422986,0.0202750925703954,0,0.00155615822882921,0,0.000988776774510651,0.00880277733842932,0.0302585646903315,0.000212464214060462,0.0018361851587898,0,0.00344309243502965,0,0.00111606345914989,0.00196664401369948,0,0,0.00453034592760174,0.0243092742766643,0,0.0125873093978524,0,0
0,0,0.00408597152330989,0,0,0,0,0,0.013721669478167,0.00368545869979279,0,0,0.000127193143967595,0,0,0.00462998854634403,0,0.000167779837633087,0,0,0.0158371089354163,0,0.00693763914435779,0.000446566387614634,0.00772458740105316,0.0176993070240624,0,0.0041054710535418,0,0.0204523408047994,0,0.00195070586245636,0.0230847533700573,0,0.0215783132765521,0,0,0.0138989208726817,0.0153697297531579,0.00854111617583495,0,0,0,0,0,0,0,0,0,0,0,0,0,0,0,0,0,0,0,0,0,0,0,0,0,0,0,0,0,0,0,0,0.00730592622851686,0,0,0,0,0,0,0.0116049607472742,0,0,0,0,0,0.0277700599154802,0,0.0115161385975252,0,0.00348654227810344,0.0164577608996835,0,0.00105497413337691,0.00132888213135631,0,0,0,0,0.00388131179591501,0.000314814650190639,0.00174980062904015,0,0,0,0.0388062155947848,0,0,0,0.00835365920730561,0.00920629048167742,0
0,0,0.0127010923891452,0,0,0.0074020684637834,0,0,0,0,0,0.00481478167967969,0.00606454354690331,0,0,0,0.0030398836651614,0,0.000523005871076724,0,0,0.0191281105180915,0,0,0.00336995266364789,0,0,0.0157952670103694,0.0217700336127795,0,0,0,0.0261268168826435,0,0.0204578699313245,0.00191183999053966,0.0110524265892194,0.00423672714296558,0,0.0206002948044544,0,0.0143202054745401,0.00901713683486301,0,0,0.0148129195412394,0,0.010716263397041,0.00243301372199994,0.00086336088440072,0,0,0,0.0115590227919279,0.0141350047930276,0,0,0.0111374759905135,0.0045376691521926,0.00948254827006019,0.0107581628694771,0,0.0224387819398481,0.0127463540758113,0.00122677744714156,0.00460142017616021,0.0202088955988492,0.0059115953918065,0.00833755636596474,0.0032875600734307,0.0081539642862089,0.00451874355929792,0.0162305069760456,0,0.00365204196944801,0.0100939546993984,0.00232216468602765,0.003293499220781,0.00475172184162773,0,0,0.00657003829786832,0.00196748625895455,0.00400178377397328,0,0.0459467181673581,0,0.00186599095888655,0.00212861556240909,0.0125904648028699,0.00838204424533865,0,0,0,0,0.00952532854010205,0,0,0,0,0,0.00419093112931339,0,0.0058581632669373,0.00730025930654764,0,0,0,0.00155702377780373,0,0
0,0.00454704186092084,0.00134101700006375,0,0.0286339756306203,0,0,0.00356095275679976,0,0.011298532030081,0,0,0,0.00462998854634403,0,0,0,0.00428504313436879,0,0.000948332449156035,0,0,0,0.00388088221804747,0,0,0,0,0,0.000801360043990253,0,0,0.00713941091899325,0,0.025545375218286,0.00384384448978698,0.00243154105973939,0,0.00266306320312917,0.0110778500452045,0,0.00524955040465249,0,0.00330770948560977,0,0,0,0,0.0179678930313477,0.0067282706853132,0,0,0,0,0.00493048616105131,0.0168613268265443,0,0,0.0102411661813617,0.0170391918840259,0.00695985873403646,0,0.00525661957090351,0.00576873446765143,0.00191970078363342,0,0.00428538886557145,0.0129693566809365,0,0,0.00196732873439566,0.00277511710819789,0,0,0.00226244840605488,0,0,0.00170284813871834,0,0,0,0.00487130896703744,0,0,0,0.00826175955250696,0,0.00158606656815592,0,0.0181181987775694,0.00881959365144042,0,0.0107119859239604,0,0,0,0.00281858314886997,0.00260233060411177,0,0,0.00112470198389736,0,0,0,0.00493872912494645,0,0,0.00946857292752342,0.0186962162990247,0,0
0,1.56949106616388e-06,0,0,0.000266042820544747,0,0,0,0.0127473807304232,0.00602280045203008,0.00343739806679118,0.000978271014474489,0.0102463380177509,0,0.0030398836651614,0,0,0.0200750804088008,0,0,0,0.0245194527672805,0,0,0.00791546640685901,0.0166479381031777,0,0.0090941907549387,0,0.00845242593940003,0.00877053415336575,0,0.0123478182759428,0.00298030494973141,0.0339019720224861,0.00676534397723288,0.00282345660348607,0.0134317225576415,0.00990611314999784,0.0305143854025297,0,0.0332616875478317,0,0.00390845906807562,0,0,0,0.0102892931943692,0.000895270157210062,0,0.00711749710798041,0,0.00773892830010551,0,0.0184040455883422,0.011799361234387,0,0,0,0.0182815776137947,0.0109441850177353,0.00498608959267325,0.0158344233387192,0.00779901111383749,0.0020696101526642,0,0.0164270950732809,0.00694893153828644,0.00504949826330976,0,0.0280964845440462,0.0140250982960006,0.00271966474341893,0.00263048094227805,0,0,0.00352313874251964,0.0139165321572115,0.00565693992134236,0,0,0.000749580602059886,0.0162851612693639,0,0.000553818684349746,0.0270286667390825,0,0.0176575648580475,0.00590539230531255,0,0.0270967768624788,0,0.00485511342460025,0.00986509845066342,0.00693834679229487,0.0260296828320839,0.0093514103561603,0,0.0146781555426584,0,0.00307658635128439,0,0,0,0.033201848801245,0,0,0,0.0301028268635454,0.0122298460020401,0
0.00371945720082154,0.000725408657530546,0.0165851197503485,0.0154321717868781,0,0.000288078508605277,0.0272693450191504,8.46631592075625e-05,0.0291452742469803,0.0128557919753234,0,0.0483220653515232,0.0485671362660873,0.000167779837633087,0,0.00428504313436879,0.0200750804088008,0,0,0.00586973748257303,0.00301007062431552,0.0103486853156546,0.0245869918257372,0.0155061723391032,0.00321957249319855,0,0.00513569024760774,0,0,0.0440319570950352,0.023903134663018,0.0363167198241169,0.00874464947753908,0.000897938904432531,0.0271435968579095,0.00132673239884041,0,0.0116135314654896,0.012519751471827,0.00357781432136682,0.00845972876795661,0,0,0,0.00125379801086635,0.0226993903899626,0.0150975869139779,0.00992690848556326,0.0289326279341781,0.00752927297499298,0.00522809068597411,0,0.0318276439912816,0,0.0200031593254969,0.0266793848859681,0,0.00479743080535694,0.00288287556688119,0.0182164723555542,0.0257819520045854,0.00759181480490313,0.0176536805261334,0.0174411761737154,0.00156900506966756,0,0.00902621790990261,0,0,0.00908310204451681,0.00775401669206464,0.00593527821589741,0.0408742705529258,0,0,0,0.0133370405153837,0.00506030926781299,0.0203360031867993,0.0324832379670116,0,0,0.00534045877097992,0,0.00708413087043401,0.0228059759661043,0.0160355218430644,0.00985283273285438,0.0143187820021248,0.0160120543190025,0.00655096010439904,0.00190507477684311,0.00134709589035212,0.0265511266827081,0.00365406638611803,0.00914063456329919,0.00128032415155166,0,0.0192256017679495,0.0163584095204733,0.018971585838396,0,0.0232270936633267,0.0105823394675783,0.0428215611919057,0,0.0100557679413317,0,0.0367569233211138,0.0194749367469755,0.00705612381382226
0,0,0,0,0,0,0,0,0,0.0359449847537646,0,0.0208691347097905,0,0,0.000523005871076724,0,0,0,0,0,0,0.00180584256179535,0,0,0,0,0,0,0,0,0,0,0,0,0.0188624705748486,0,0,0.00157198531310456,0,0,0,0.00478873020120599,0.00217805865935825,0,0,0.0299595213257517,0.0156304600585267,0.00792148746520752,0.0187594553982192,0.00152912527634851,0,0,0,0.0075877642713647,0.00916197702797996,0.0250152562784802,0.000338291771246176,0.00922528376188526,1.16665116055599e-05,0.00992563186155526,0.00840359084990006,0,0.00897272987198949,0.00963345550070271,0,0.0220897143191143,0.000891945028056928,0.0144044821641809,0,0.0068937360971921,0,0,0,0.00385226685804723,0,0,0.00588880815317905,0,0,0,0,0,0,0.000417300582966866,0,0.00529263399424914,0,0.000728232378089073,0.000105525074252716,0,0,0.000324041633478356,0,0,0,0.00251493744692919,0.00181789882875013,0,0,0,0,0.000681195779719175,0,0,0,0,0,0,0.0042102772271599,0,0.00143119212284462
0,0,0,0,0,0,0,0.00723950806737981,0.0102054716242366,0.00666098299112949,0.00805419570581699,0,0,0,0,0.000948332449156035,0,0.00586973748257303,0,0,0,0.00282266098051132,0,0.00564881590119416,0.0106116892302525,0.0215389278174279,0.0011734986436994,0.0140585927673659,0,0.0138009051822743,0,0,0.00544862154949012,0,0.0132226027045247,0,0,0.00140023152660967,0.0073486818601421,0.0187113956318389,0,0,0.000838380733796937,0,0,0,0,0,0,0,0.00159429839328813,0.00152567515318459,0,0,0,0,0,0,0,0,0,0,0,0,0,0,0,0,0,0,0,0,0,0,0,0,0.00251408168893016,0,0,0,0,0,0,0,0,0.00943896560335842,0,0.013919900848872,0,0,0.0124484808657941,0,0,0,0,0.00327053486149759,0,0,0,0,0,0,0,0,0.0166291464312153,0,0.00332823305410853,0,0.00764750973824255,0.00658973076710507,0
0,0,0.00239009100695419,0,0.00392963178515591,0,0,0,0.00787035781367986,0.00960076669531558,8.84064624998708e-05,0.00792210158914154,0.00960854221429528,0.0158371089354163,0,0,0,0.00301007062431552,0,0,0,0.00609741272075597,0,0,0.0123996156199448,0.00125213980798088,0,0.00706868004128292,0,0.0158772736211511,0,0.0040155806546055,0.0302092300590917,0.0102681544767585,0.0433248704481799,0.00434182840151829,0,0.00991706777484776,0.0135304737509281,0.0298509106668497,0,0.018697004224247,0.00282930239908037,0,0,0,0,0.00453735746423729,0.0142959493155714,0,0,0,0.00153758189783174,0,0.00619110536472399,0.013236233125521,0,0,0,0.0174830378340852,0.00808078510047862,0,0.011352494448819,0.00305594250088334,0,0,0.00602203579023503,0,0,0,0.00792217820824582,0.000934900410031637,0.0157985784578073,0.000235302058416239,0,0,0.0017884071069968,0,0,0.0145260838829073,0,0,0,0,0,0.0493507175115399,0,0.0130861982115532,0.00277021800519754,0.014048376206864,0.0182720055202918,0,0,0.000630420428728576,0.000462507094689647,0.00676391176354875,0.00574883686771931,0,0.00469542191085167,0,0,0,0,0,0.0352460542869533,0,0,0,0.0181332193159103,0.0105822811373409,0
0.00223049775660919,0.00258449808230013,0.00986793850330346,0.0181851032535259,0,0,0.0162593757715659,0,0.00528366225432674,0,0.0141852958351459,0.0243106266781145,0.0157465061102516,0,0.0191281105180915,0,0.0245194527672805,0.0103486853156546,0.00180584256179535,0.00282266098051132,0.00609741272075597,0,0.0125134014998907,0.00862932347146765,0,0.0084519813131501,0.0125934908790857,0.0179163161205808,0,0.0351041413936574,0.0140781955434276,0.0190387870641832,0.018424592099094,0,0.0168402182978981,0,0,0.00182845753800795,0.0118300668244837,0.00285625553353462,0,0.00934074154011622,0,0,0,0.0175914883268066,0,0,0.0139247273743308,0,0,0,0.0213093163588815,0,0.0117470171630707,0.00282358349954307,0,0.013280053322414,0,0.0043418493574999,0.0233949364157167,0.00430665324356552,0.0136362988921811,0.0139957961847812,0,0.00534409069398226,0.00833542784502837,0,0.00221606648764063,0.0158597275201652,0.00269881351679047,0,0.0256355890656841,0.00986251070010397,0,0.00615431195014945,0.00659134789007287,0,0.019331041089488,0.0325949810355122,0,0.00591787940333774,0.00961137308128587,0,0.00249000153490831,0.0262382255248827,0.0113060733298968,0,0.0203726703323537,0.0392586870107702,0.0097977624161676,0.00019233225214559,0,0.024266760206454,0.00340102789566864,0.00243497124111053,0.00525885777850273,0,0.0198119851127026,0.0129718655847108,0,0,0.0103706334525372,0,0.0429546284480432,0,0.0047179730074713,0.00099549109400448,0.021426764359103,0.0223273907048638,0.00721533148773761
0.00323179485911044,0.01046035970419,0,0,0.0101059353196166,0.00269614345324065,0.00100648101599746,0.00156604899819867,0.00866673129341318,0.042912829754905,0.0177483785634215,0.0212704299740751,0.0161370055724563,0.00693763914435779,0,0,0,0.0245869918257372,0,0,0,0.0125134014998907,0,0.00799664998759226,0.0107943615734282,0,0.00961005791181549,0,0,0,0.00628060128097808,0.0073017037720985,0,0.0124535472055544,0.0194530909043432,0.0106141183318113,0.0087246798220093,0.0176331465392671,0.0187934492374684,0.0136096341441958,0,0.048413096661591,0,0.00732535680506095,0,0.00876917623160374,0,0.00327366844072161,0.0173876191299657,0.00561647242063712,0,0,0.0199666223103471,0.0050976379622682,0.00681994312155881,0.0236123158424753,0,0,0,0.0210813578929352,0.0133859167009447,0.00847321614837311,0.0154259339572718,0.00745514752374054,0,0,0.0108093759238534,0.020019094535634,0,0,0.0096169174936777,0.00506680383232349,0,0.017402760041075,0,0,0.015601504162336,0.00751264745579104,0.00212867713207637,0,0,0,0.00418518537833893,0,0,0.0262150474573274,0,0.00926795376445723,0.0102073410516129,0,0.014847713118064,0,0.00581213524949423,0.00983233325690658,0.00950757465121338,0.0215499080628681,0.0147207934076027,0.00446273968373376,0.00884930770584352,0.00461695716662921,0,0,0,0.00670855200770258,0,0,0,0,0.00843847583470112,0,0.00126672131175764
0,0.00142512627574167,0,0,0.000945899617751396,0,0.00583351046664607,0.011128160403495,0.0084897120241295,0.0142077261075812,0.0375696619757175,0,0,0.000446566387614634,0,0.00388088221804747,0,0.0155061723391032,0,0.00564881590119416,0,0.00862932347146765,0.00799664998759226,0,0.0148351112525742,0.0295762724081491,0.0216183924598932,0.0189165141546101,0,0.00700348753281598,0,0,0,0.00717335148423389,0.015061071078008,0,0,0.00103059992665751,0.00921752524526762,0.0203698736167654,0,0.0086596846103866,0.00943962444123769,0,0,0,0,0,0,0,0.0104335937106744,0.00519273842069506,0,0,0,0,0,0.00195820957872411,0.00267005375445746,0,0,0.00600116004673195,0,0,0,0.0194916121914042,0,0,0,0.0184795196845756,0.000861454025677332,0,0,0.0200819461540828,0,0,0.0177926364281276,0,0,0,0,0,0.00989380165647112,0,0,0.00526755925816793,0.00391342455141256,0.0193919784723872,0.0062841127807302,0,0.0115631638711252,0,0,0,0.00621892158496453,0.00831571382547895,0.00207675862488504,0,0,0.0093635446097381,0,0,0.00470892672316275,0,0.0100181235720771,0,0.00407674925795302,0.000444203797103975,0.00905756819370824,0.00905673383377916,0
0,0.000171823855526354,0,0.003286772758551,0,0,0,0.00421476960418485,0.0335224492392056,0.00145816930848223,0.0014970584907206,0.0075736738064042,0.00119105878917845,0.00772458740105316,0.00336995266364789,0,0.00791546640685901,0.00321957249319855,0,0.0106116892302525,0.0123996156199448,0,0.0107943615734282,0.0148351112525742,0,0.0114032125489539,0,0,0,0.0270722628516424,0.00688785403819124,0.0164175883442726,0.0197235994331181,0,0.0117363565853325,0.000671366337160479,0,0.00924460761639734,0,0,0,0.00221461163533283,0,0,0,0.00515814986229323,0,0,0,0,0,0.00555832227722054,0.00220545141727402,0,0,0,0,0,0,0,0,0,0,0,0,0,0,0.00214756562301851,0,0,0,0,0.00932886510506635,0,0,0,0,0,0.000626615630557672,0.0191335915693275,0,0,0,0,0.00171052577643586,0.0236582836184391,0,0.00571646869665986,0,0.0121313605005237,0.00860415000321453,0,0,0.00510232799843371,0,0,0,0,0.00223671404369047,0.00433022005003975,0,0,0,0.00269855591540675,0.0214525537730289,0,0.00785800129968852,0,0.0044496214920982,0.00500021002596236,0
0.00743196283994155,0.022633738939472,0.0104734581291716,0.001579374525248,0.0144718367687453,0.00444980054661659,0.00242659635684589,0.0180403048212163,0.0187856161856628,0.0191975905828066,0.0026738373072558,0.0159341299106752,0.0119095893661408,0.0176993070240624,0,0,0.0166479381031777,0,0,0.0215389278174279,0.00125213980798088,0.0084519813131501,0,0.0295762724081491,0.0114032125489539,0,0.0132359522521723,0,0,0.0202345301717109,0.018403315641498,0.0122876568647271,0.0223315858729029,0.00806348927960635,0.0218811010638268,0.0131753607896277,0.00783017054143565,0.00345547068848782,0.0129364595917476,0.00768032808864266,0.00870556215252769,0.0217950728238639,0,0.00648590508327564,0,0.000824051956261387,0,0,0.00768909184171529,0.00252616997964772,0.00728196423923489,0.00511543782492392,0.0312292932874715,0,0,0.00416951052915973,0,0,0,0.00821896155538262,0.000998122838295591,0.0101289194782095,0.000914563907988374,0,0,0,0,0.0108950238548728,0,0,0.00280198735846363,0.00105938048106762,0,0,0,0,0.000504527379972429,0,0.00451290325355751,0.00670556727394943,0,0,0.0016898567539981,0.0106409882495932,0.0119824448989075,0.030046902866689,0,0.0114295540184075,0.00962072790885933,0.00460208371409457,0.0141544816718182,0.0217792107799361,0,0.0256824349563155,0.00535293809479216,0.0155853575841853,0,0.0131210005351644,0.00552978177831038,0.0133241085426612,0,0.0130289833051893,0.00600289888474131,0,0.0226381217950615,0,0,0.0204791955243037,6.58514051709385e-05,0,0
0,0.00348348395767753,0.00445785435220583,0,0,0,0,0,0.0229091190629827,0.0172426616733831,0.00277912627941921,0.0257898272195616,0.00902827744424369,0,0,0,0,0.00513569024760774,0,0.0011734986436994,0,0.0125934908790857,0.00961005791181549,0.0216183924598932,0,0.0132359522521723,0,0.00880410378205222,0,0.0350983359077764,0.00582613376530246,0.0181697664387801,0.0145193480418157,0.00154486719647618,0.0334317067264452,0,0,0.000593226533587512,0.0269422094265828,0.0152738062144039,0,0.0107769776616669,0,0,0,0.00898922760468556,0,0,0.00621688464499186,0,0,0,0.00192250818171552,0,0,0.0140320001116509,0,0,0,0.00205593739723371,0.000213161570839948,0,0.00196443643601042,0,0,0,0.000386324965522584,0.0112332384368823,0,0,0.00532719184117739,0,0.00849439343900066,0,0,0,0,0,0.00508292222016388,0,0,0,0,0,0,0.0192531754111687,0,0.0108989152926687,0,0,0.0219904168441405,0,0,0.0156585705922757,0,0.00757429012925536,0,0,0.0101108724393712,0,0.000404674142114575,0,0.00646006914799082,0,0.0469271557070908,0,0.00765114322953958,0,0.0227234451236173,0.0393787149214796,0.0021465042405205
0.00598868395535096,0.00980470249416702,0.0047710692861952,0,0.0171709401004467,0,0,0.00482677908456632,0.0304817693362458,0.0103183498026405,0,0.022124632917892,0,0.0041054710535418,0.0157952670103694,0,0.0090941907549387,0,0,0.0140585927673659,0.00706868004128292,0.0179163161205808,0,0.0189165141546101,0,0,0.00880410378205222,0,0.00848632605186944,0.026710805517115,0.00352280486398153,0.0499788158506071,0.0139873087022953,0.00959443000579774,0,0.00954703043315173,0,0.0015521743951448,0.0128176641594004,0,0.0120866555749354,0.00453178908468959,0,0.004448777515238,0,0.0147097045056335,0,0.019761376119063,0,0,0.00403615777906188,0.00964973235393611,0.00177080715832121,0.00227539047344764,3.41421005677554e-05,0.000496404724684399,0.00441542281449207,0,0,0,0,0.0010890818733584,0.00631651608111707,0,0.0125934929305753,0.0108103867648669,0.0102457868857223,0.0279957726761734,0.0119045907842091,0,0.00372367775297153,0.00252978859272585,0,0,0,0,0,0.00293061017509686,0,0.00181124785417484,0.00436855151519271,0,0.00696270268694411,0.00447295072433085,0.00232420723854399,0.0196809548164207,0,0.0151147791296014,0,0,0.00406459404924025,0.0013542059643885,0.00581698396500934,0,0.00728400589926023,0.00318006324058041,0,0,0,0.00315830754664206,0,0.0128298693348044,0.0116977946329837,0.00669341941815269,0.00999432830343609,0,0.0176647478774932,0.00426360234226382,0.0076416588482668,0.00546091618147491,0
0,0,0.0147619413917089,0,0.00941106488691588,0,0,0,0,0.00884932615486282,0,0.0211003910701881,0.046385095206026,0,0.0217700336127795,0,0,0,0,0,0,0,0,0,0,0,0,0.00848632605186944,0,0,0,0,0.000586800591863492,0,0.00468859105090935,0,0,0.0108197421546166,0,0,0,0.0313138852932303,0,0.000166868186748269,0,0,0,0,0.016044757587091,0,0,0,0.022833722099109,0.00795460098358336,0,0.00842011824100838,0,0.00312253477295861,0.0057118868897422,0.000320423943269843,0.0250740025638289,0,0.0100330340971753,0.00722251631925073,0,0,0,0.00976468271396287,0,0,0,0,0.0258741129883791,0,0,0,0,0,0,0,0,0,0,0,0,0.0143459025025914,0,0,0,0.0372799860516515,0.00871163868443139,0,0,0.00814908329455489,0,0,0,0,0.0180644716039189,0,0.00170817132351358,0.0120871743515939,0,0.0132947478931089,0.00688732460517942,0,0,0,0,0.00793105477127424,0.00977809201804499
0.00509580714888998,0.00641186776720722,0,0.0157992590908454,0.00727215644931729,0,0.0231781022413636,0.0243070769302441,0,0.0330845609640893,0.0538996342091284,0,0,0.0204523408047994,0,0.000801360043990253,0.00845242593940003,0.0440319570950352,0,0.0138009051822743,0.0158772736211511,0.0351041413936574,0,0.00700348753281598,0.0270722628516424,0.0202345301717109,0.0350983359077764,0.026710805517115,0,0,0,0.00715223187637015,0.0173959520812581,0.0357374201058257,0.0396980694818803,0.015840446071998,0,0.00836140320986447,0.0119636910730176,0.045844834306784,0,0.0268242832746781,0,0.0174004663939188,0,0,0.0228707808626445,0,0.00309413530429025,0.00724455875921532,0.00948000798995553,0,0,0,0.00493055557736017,0.0137053517073524,0,0,0,0.0256689060186129,0,0.0402553591834314,0.0038481112941584,0,0,0,0.0113846712026266,6.3891807419226e-05,0,0.0118522555859598,0.0369930350663331,0.0229160206567029,0,0.0472973639811126,0,0,0.0446023377987575,0.0208799334518039,0,0.0310882756833672,0,0.00132995193012949,0.0387918325595831,0,0.0155708913342573,0.0331253487211686,0.016876493105487,0,0.057426065798501,0,0,0,0.00506196894107282,0,0.0442207031076044,0.0403969130608543,0.0154838655852783,0,0,0.0295662828029354,0,0,0.00971569312564861,0,0.0269887748232866,0,0.0279855400830199,0.00840014194255024,0.0338205849549301,0.00197181515289617,0
0,0,0,0,0,0,0.0213339570846942,0,0.0106051836156249,0.0181105992244852,0.0396591358638439,0,0,0,0,0,0.00877053415336575,0.023903134663018,0,0,0,0.0140781955434276,0.00628060128097808,0,0.00688785403819124,0.018403315641498,0.00582613376530246,0.00352280486398153,0,0,0,0,0.000760578450403631,0.00152201238739536,0.02810378424556,0,0,0.0075456572812797,0.00759194962588696,0.0208450235777863,0,0.0427933773281345,0.00734538302794296,0.000617265033224007,0,0,8.34655817481692e-05,0.0013657698700569,0,0,0,0,0,0,0.00251097446555591,0,0,0,0,0.000878484438107584,0,0.000635161279683836,0,0,0,0.00902219122790059,0,0.0157130589764501,0,0.00909848559730697,0.0108369622971399,0,0.00124701790860738,0.0248583081613836,0,0,0.0140031028444698,0,0,0.00336885091959594,0,0,0.00940745507336972,0,0,0.0144536799033438,0,0.0165395523346215,0.0216141569331465,0,0.0161356768209837,0,0,0,0.00094887984719308,0.0200720791675367,0.000308489051190117,0,0,0,0,0,0,0,0.0184267416515999,0,0.00144818369593494,0,0.0217772476615553,0.00367154706796973,0
0,0,0,0.0042919634688214,0,0,0.00672237604475301,0.00547111236247925,0.00999686569687012,0.01178477905755,0.044805004970303,0,0,0.00195070586245636,0,0,0,0.0363167198241169,0,0,0.0040155806546055,0.0190387870641832,0.0073017037720985,0,0.0164175883442726,0.0122876568647271,0.0181697664387801,0.0499788158506071,0,0.00715223187637015,0,0,0.00493481940563207,0.0177894659789803,0.0223388132473611,0,0,0,0.0060418367499138,0.053663926049719,0,0.0191272276578636,0.00481489463105928,0,0,0,0,0,0.00274026205685418,0,0.0100734455546071,0,0,0,0.00599774352199582,0,0,0,0.00533654196934368,0.0146546898561773,0,0.0145784288935626,0.00240056779350114,0.00257368885412409,0.000618697551448346,0.00572733421386272,0.00676901199677545,0,0,0.00280736326197942,0.0269768901146075,0.0118790889179781,0,0.0439022752445884,0,0,0.0267855477850047,0.0117137501135153,0,0.0211270575736539,0,0,0.0309327298933438,0,0.0105292420750466,0.0161834065719935,0,0.0277350537509722,0.0276034937707604,0,0.0197456298432922,0,0,0.003362144584815,0.0103372738745065,0.0268479599299833,0.0153368575412831,0,0.00245485961906347,0.00268176705643837,0,0,0.023951331309598,0,0.00845730286794755,0,0.0030342878443167,0.0141897582692635,0.0299988078568063,0,0
0.00839581210946524,0.00491949764806343,0.00659237890818105,0.00741277835076977,0,0.00672111846931917,0.011643826440524,0.0131192059090474,0,0.0383954386903668,0.0308930323048375,0,0,0.0230847533700573,0.0261268168826435,0.00713941091899325,0.0123478182759428,0.00874464947753908,0,0.00544862154949012,0.0302092300590917,0.018424592099094,0,0,0.0197235994331181,0.0223315858729029,0.0145193480418157,0.0139873087022953,0.000586800591863492,0.0173959520812581,0.000760578450403631,0.00493481940563207,0,0.0316286420197548,0.00327998235061001,0.0232998816028466,0,0,0.0128742010510152,0.0324863829845869,0,0.030935916526496,0.00131300962562014,0.0110231843481203,0.0247784967660116,0.00846214632983602,0.0391757940959957,0.00827837117985355,0.00931969260455833,0.0317515174690089,0.000507758415191362,0.000824473988679448,0,0,0.0276405474418927,0.0182288791071887,0.00956875437874538,0.00305264857640869,0,0.0318658523167347,0,0.0197398077840857,0.0198139290894193,0.0115452647427587,0.0183928611942288,0.0148917487562027,0.0234036820268822,0,0.0107185592365995,0.0164366118234676,0.030276796346993,0.0210800456216991,0,0.0379540535603397,0,0.000701526205712057,0.0322426924029825,0.0196518339087163,0.000359860335728756,0.0277503470992199,0,0,0.0242818581178802,0.0220490866741207,0.0265529681129305,0.0331116521761024,0.0131076580880011,0.0173859018909304,0.0370142687380565,0.00842502978579932,0.00350418206441453,0.0100405568836401,0.0212403260694982,0,0.0211402707371609,0.0412949012568672,0.0180455216431363,0,0,0.0167172134621102,0.00179742239694778,0,0.00672620810272307,0,0.000411067114210641,0,0.00441828373102865,0,0.0306914643846415,0,0
0,0,0.00464767522235834,0.00416889693229675,0,0,0.00121522049666335,0,0.013482659558536,0.00118612614549032,0,0.009120409299492,0.00748699232360649,0,0,0,0.00298030494973141,0.000897938904432531,0,0,0.0102681544767585,0,0.0124535472055544,0.00717335148423389,0,0.00806348927960635,0.00154486719647618,0.00959443000579774,0,0.0357374201058257,0.00152201238739536,0.0177894659789803,0.0316286420197548,0,0.0182899924487653,0.00254413752410005,0,0.0112904344742459,0.0170773758462214,0.0250386919998833,0,0,0,0,0,0.00292228843953949,0.00561641167045013,0,0.00915695179962381,0,0,8.71496831233359e-05,0.000482526080140839,0,0,0.00507341722423441,0,0,0,0.00159536760068582,0.00451783207908264,0,0.00342657689182431,0,0,0,0,0.000162929756497773,0,0,0,0,0.0138045179069109,0,0,0,0,0,0,0.0175281280403836,0,0.000504400315498565,0,0,0,0.0314642054499838,0.00256532876350646,0.00479805421428952,0,0.00678497089924855,0.0149017712172151,0,0.00933895721183968,0.0103107784664595,0,0,0,0,0.0131580302512936,0,0.00545503861006398,0,0.00147141189599332,0,0.0420011169731435,0,0.00448754519363787,0,0.0183162775272514,0.0120823158514375,0
