0,0,0.163397923594143,0.135297653042736,0.0910672555378128,0.053356553408207,0.0653175891174611,0.166159750062045,0.0135211881964274,0.0788115682695513,0.1072712243313,0.0636321978245921,0.0650111484284732,0.110809265559126,0.0294178411888728,0,0.0475874614103675,0.0741469809418327,0.0733946084954701,0.10055649585081,0.067206627402729,0.0595368128295176,0.0618216100111478,0.0815087597956013,0.0215259500624119,0.0104311446387027,0.00332609976124531,0.0528903855462434,0.0576623001658963,0.039433458976354,0.046457640753828,0.0371258594368884,0.0296056311143945,0.0693003503171756,0,0,0.0235790184775818,0.0210146909279539,0.036055417404914,0,0.0108609574147499,0.0343785689920199,0.0268484969330661,0,0.00920727492682296,0,0.0271685641346755,0.0103614801001342,0.109672480933826,0.0255789573417557,0.142769110663739,0.0526199684796416,0.0123459805121881,0.0234491654757775,0.0535643593727221,0,0.0191732554940382,0.119021688007543,0,0,0.0110131934166693,0.0028534616160657,0.0367380395688345,0,0.0277625507919016,0.0868458224341474,0.0188251248418997,0.0586046239993445,0.0948110095956499,0,0.117241273363582,0.0519947258509244,0.145401654916794,0.139821871212222,0.0255255140350366,0.115569533050441,0.195475117935144,0.0720373695836114,0.0912237380656909,0.141664092268006,0.106085738385522,0.161087493825615,0.0855165839834036,0.0420644810054324,0.0989057262129352,0.012917356493085,0.14710267953754,0.0840002644272501,0.0654287398920046,0,0.00358563700087829,0.0100260386673898,0.017115945119375,0.018507753313989,0.10861427445072,0.101480044844981,0.11618293043848,0.128347610191896,0.0451339740764428,0.0344561726870544,0.0942985378080206,0.00797292735449365,0.0223096470985599,0.155699923367633,0.0534173420225593,0.115461321007513,0.00196439901893466,0.00513174885491522,0.0691803501226873,0.14032807140057,0.0974973014532397
0,0,0.0774256813797477,0.0746395644541757,0.0662258397639141,0.125677444926065,0.109066468024121,0.0448523319318006,0.0207171956136068,0.0122935251448621,0.0706688857869964,0.0392508963539499,0.0586865537106112,0.071965117628109,0.0234563928822298,0.0320613117402547,0.0303016586717403,0.0751486411529962,0.103638540992164,0.0818938940354257,0.0640994360782354,0.0772155024433899,0.0382406990134281,0.0918131705567091,0.0198050660708653,0.0651772003538467,0.0220141986646918,0.0788132007183839,0.150263877499888,0.0251564692975587,0.0571426380872754,0.00906632551629047,0.00834315708754435,0.0745780194480881,0.0169554358522778,0,0.060675664642371,0.0145967752035131,0.0551988457514883,0.028720334881873,0.0424527790055738,0.039383878085445,0.0574330878616612,0,0.0511531684267805,0,0.0261440585140859,0.030617573182922,0.0866138437988958,0.11000353677877,0.0436768074093486,0.0768127473291593,0,0.0827120114821304,0.0455127842234913,0,0.0805900604771695,0.149704766812019,0,0.0202129206338137,0.0554398312079824,0,0.0849129713861997,0.0329439278134549,0.0411977996792653,0.091203506362696,0.0827329558347297,0.0927148035992894,0.0958579275821639,0,0.0360939176503768,0.075534052074131,0.0867803011323762,0.12021571601031,0,0.152878371552587,0.10259179071809,0.00254789945285579,0.0356779212903379,0.115771986175725,0.0834226296446049,0.152629570886038,0.0872402334389382,0.0440917211203386,0.108185792290221,0,0.117324915006059,0.019628053256361,0.0783353668246174,0,0.00455066361739605,0.00794658324665429,0.00974598901104178,0.0014858040581244,0.103498084671992,0.119781395951257,0.0295127091970639,0.0942368202528917,0.0860235160686175,0,0.0911500611264701,0.0217452037253551,0.0181776363027748,0.0545839651947488,0.0733745725695156,0.0701446440904969,0.0328833041475626,0,0.034071893113784,0.063167870408564,0.105484742212345
0.163397923594143,0.0774256813797477,0,0.0520866680182287,0.0968743390174231,0.080645817053462,0.0826050195517686,0.160021078168958,0.164569689965219,0.00428085633998643,0.0840217885225055,0.0549624059841497,0.0348118034533836,0.059744981511141,0.12643312452109,0.0962063710842029,0.0958796280746657,0.0859965329235377,0.143900997071688,0.0727737750846212,0.10986916240247,0.0873288504227628,0.155283985518473,0.0267309047926888,0.0976505521322916,0.105324143716606,0.0744795244706064,0.0837679125086213,0.163487024020209,0.0643306630255875,0.0762532324124797,0.0272305379734364,0.0197572786029399,0.12007768277115,0,0.0191118697857423,0.225929032161952,0.138171653259658,0.161487899486604,0.0865550124232161,0.0665422945626172,0.152698354791243,0.159815573147608,0.0943854589532892,0.0893162623396459,0.0337924934003131,0.101368282085047,0.0681304403576856,0.000791816797543056,0.0905221747978571,0.146773601456055,0.256901768300758,0.020028271045479,0.170526638047075,0.0940778324843806,0.0240931077454476,0.0812402013646371,0.117515930910283,0.0127286976271501,0.12597280367508,0.0506670644010156,0,0.108502098745868,0.0416317236863709,0.0788878219074158,0.117824785234037,0.104629961168031,0.101786816215406,0.0126131376768783,0.0719924197580955,0.134226891476703,0.0327788741529889,0.0824139467430309,0.0324900884854396,0.120854005646848,0.139536127204076,0.110564620994684,0.0578494227996644,0,0.0883260298677595,0.211394539865333,0.142936517174028,0.0313576062479171,0.0326193962255516,0.157928182684025,0.0321377183779767,0.192299058809343,0.0125045974894726,0.247097784984876,0.0203769205477108,0.0580712746225675,0.00807269880000838,0.0211538991565407,0.0250743614407975,0.207508930075179,0.102742745002589,0.120948534362234,0.124521715743049,0.133077141803449,0.00855798683858824,0.241093518436181,0.117884565205961,0.0901944436056684,0.0389824841594354,0.0485817340043773,0.224670163568095,0.0265713963793632,0.052167271197625,0.134555100079881,0.00175315700781205,0.242553627143304
0.135297653042736,0.0746395644541757,0.0520866680182287,0,0.0267219086123001,0.0311038860163677,0.0470810155301228,0.0951842834952657,0.13584572278687,0.0279733389169395,0.00478103333282569,0.0140142364259119,0.0167796921731088,0,0.102201900567815,0.0746158441839476,0.0582235512292833,0.0212555310313322,0.0506900832012908,0,0.0650481103576035,0.026079787646603,0.0895422403331259,0,0.0474986652280228,0.0724476727761543,0.0584440494501194,0.0550265929106483,0.0861474752286373,0.035610435279025,0.0512819575206461,0.0276087417331209,0.0261922779815674,0.0295539641721644,0,0.0306100068158431,0.151708986159528,0.100293908313839,0.0704770992079476,0.0434659099880179,0.0434677769818201,0.122270912168196,0.0901062425913507,0.0617736598945382,0.033406931794681,0.022952413368251,0.0862858614583068,0.0490921362142238,0.00649859379644131,0.0848335389937853,0.152680296060005,0.184865099297864,0.0149441169499838,0.104302489470913,0.0751259186051361,0.00440531937692897,0.0754928803864742,0.0342001284658662,0,0.0859973487942822,0.036029494933223,0,0.0428138170071584,0.00251558931908453,0.0661761372429558,0.119347463997729,0.0800580653512233,0.0317704202854433,0.0131095085492819,0.0718820377022951,0.126609935472214,0.0345726827012038,0.0497209313131605,0.0111681292529653,0.110066781839017,0.118302371880847,0.0625194217963815,0.0276562584437451,0.00663733663892626,0.0290592797962732,0.136342008759052,0.0718011116313309,0.0186046493838478,0.0308418018989254,0.0918421025717659,0.0314894517265649,0.106343746852082,0.0100513565447968,0.182627253956087,0.0220984693034995,0.0409351197489051,0,0.0126016424233357,0.00970490293748777,0.103884639256703,0.0484303879400945,0.100991991046153,0.056007352926961,0.100852196217431,0.00716591957031943,0.170362432374099,0.0985606059968835,0.0744389819507244,0.0140836751077158,0.0220178772021606,0.181739811044726,0.0226503635959137,0.0412811767546703,0.0488125154779325,7.88378640907087e-05,0.11099273828728
0.0910672555378128,0.0662258397639141,0.0968743390174231,0.0267219086123001,0,0.0316031263065286,0.0619278770536235,0.116764126020911,0.125650031737278,0.0227014063032084,0.0443441691040264,0.0224798896720119,0,0.0715886892913421,0.115820245506637,0.0922386266220023,0.0599999005929389,0.0142489727304367,0.0363674342983861,0.0176937411555449,0.00824990803711567,0.00967810094223103,0.0542014277365938,0.0331478667425158,0.0712760430828008,0.030009983287514,0.0736250246320117,0.00310868859310296,0.0551554444767383,0.00955248665605643,0.00602457617746698,0.0543997032578468,0.0277555222859766,0.0106107377568195,0,0.0065818838195301,0.172038920394044,0.158240416604694,0.100851928630834,0.0339579941399996,0.0340763786845281,0.0670507469627202,0.106564395762079,0.0824342399058168,0.0369635854620459,0.0131310612859745,0.0611945367854264,0.0222990935329134,0.0117390074087177,0.0847369903546875,0.139680113982156,0.0947006102097179,0.0213543392629366,0.0767867400846024,0.0214286597504519,0.0163480095479089,0.0850888856703549,0.03043235659913,0.0145694408301729,0.0900100172723233,0.0391030270616956,0,0,0,0.0462673315745042,0.138438800028434,0.0793763776536853,0,0,0.0234789591377707,0.143201689355629,0.0571087488182817,0.0202489440598018,0.0338086919129275,0.0827531306194109,0.118755151599977,0.0168729927768979,0.00925157338256204,0.0195489112140908,0,0.0219547380484475,0.0338099118819333,0.0200330024831181,0.0770748231832433,0.00416387191788454,0.00523587572185443,0.0340778222128919,0.00485547906001783,0.10919089386824,0.0174678315782786,0.050222778497627,0,0.0514145708150365,0.0286601915305102,0.0847034336808297,0.0214577430960878,0.0632480562171772,0.000800633469828921,0.0980963250876794,0.0236754935662156,0.108645205224923,0.105896111113703,0.0898880055653883,0.00929779026227401,0.011745522829313,0.102278808351733,0.0470455127020425,0.0469309962728518,0.0436625104524193,0.0816830340702879,0.0281285645990991
0.053356553408207,0.125677444926065,0.080645817053462,0.0311038860163677,0.0316031263065286,0,0.01216701534162,0.0979004293541094,0.108025572285567,0.00974578554411542,0.0277404190483671,0.0383492899329259,0,0.0549493916084953,0.0800892491733661,0.0692705826021882,0.0469286593645597,0.023931847434172,0.0140444622152208,0.039410640615195,0.0468140553812417,0.0188916988044021,0.0420768560805714,0.017329545676272,0.0702856861199038,0.0666871927738623,0.0770893540327471,0.0493939584650644,0.0242544250964126,0.0290012466868858,0.0321258033382258,0.00364001828930309,0,0.0254824593947571,0.0133265419141202,0,0.0989140098452997,0.0725037060444953,0.0289390918722622,0.044432932144231,0,0.0687693919476447,0.0807315846803508,0.0139761903074802,0,0,0.0672288701591383,0.0464418377686787,0.0238048284182386,0.0963376460391396,0.162613392112061,0.111235091248067,0,0.093954663058312,0.0430725307987764,0.0427902936980737,0.0356047918280893,0.0227565191019783,0.035625692210629,0.0853009336875892,0,0,0.0547205147844229,0.0586941383742826,0.0900651454182974,0.0983139488591909,0,0.102862969508535,0.0272871663084852,0,0.180300045394602,0.11217182234056,0,0.0753024649589137,0.105195785103274,0.0942236532806649,0,0.0616307101886782,0.0583093130140605,0.0721206901772889,0.088705549632881,0,0.0321596394704961,0.0374658683762998,0.0620985832687717,0,0.0358763848707011,0.00122307309236772,0.121693299550263,0.000248593797385946,0.0411286140890997,0.0458719829964212,0.0664780949858714,0.055386815711348,0.0454448132179325,0,0.00211294046172742,0.0394108331065475,0.0147883076048216,0.0440800961858454,0.0776537130040355,0.091971154417438,0.0736488378374526,0.0983042963805447,0.0124392002710647,0.0556733355196091,0.0649375021118664,0.0170140610418553,0.0582450772920232,0.0638014425384586,0.0665865538444101
0.0653175891174611,0.109066468024121,0.0826050195517686,0.0470810155301228,0.0619278770536235,0.01216701534162,0,0.104053184231267,0.0963846294079101,0,0.0511391825639058,0.0629731420992051,0.00898002741999169,0.0723570087918066,0.103870044676173,0.0866599946348622,0.0741815356306909,0.0493749923272724,0.0581637029391926,0.0600499569623045,0.0846002986551923,0.0449805833755867,0.0766519244365365,0.0370489326000489,0.097414518318071,0.0905288126802994,0.0772292596016494,0.0722361535516125,0.127258466595977,0.0507049374376952,0.0736772294590213,0.0521586284682653,0.0653169931840402,0.0516874734938615,0,0,0.152940776311211,0.0945747540534134,0.070623500461174,0.111959049716701,0.00726686282670556,0.082925834255326,0.11913310163836,0.103541979636348,0.0549804376046599,0,0.102911792684939,0.0661884599985833,0.0726641717541549,0.0409313235123805,0.173858520973456,0.197498946867935,0.0552961455378538,0.143147650727132,0.0517312050992415,0.0663290011086675,0.0385184035456462,0.0333701853416023,0.0836806098545627,0.12875076138683,0.00707282604003127,0,0.0978346972429032,0.0972982861252418,0.135538247947287,0.0847717659445832,0.0236928986468366,0.133027277916561,0.0470674716547274,0.00952847136125915,0.248796938152099,0.0781826932825446,0,0.0700483704155627,0.122448199001188,0.0863381134155873,0.00484990756538848,0.115966946848839,0.116069769684232,0.112449758097545,0.137537232655055,0.0323649576726421,0.0247046120998844,0.0475401471768326,0.105577082948398,0,0.0977476396594903,0,0.17578778519598,0.00223519408151208,0.0588075953372199,0.0556347477106857,0.077716112998102,0.0723255105005956,0.0874498749967615,0,0,0.0891075844758046,0.0579428829131315,0.0393052096874672,0.13578138105047,0.0976164083789015,0.102125783215643,0.115242094407388,0,0.109836277142639,0.0615734044364591,0.014654495242019,0.0836733364067547,0.0800469911448801,0.117051273750431
0.166159750062045,0.0448523319318006,0.160021078168958,0.0951842834952657,0.116764126020911,0.0979004293541094,0.104053184231267,0,0.156624287111828,0,0.106742047123369,0.0701278014420113,0.0545362751595254,0.112730963980866,0.110819633052729,0.0678396684924626,0.0984483278235394,0.105848231438444,0.177628745494808,0.106100301188289,0.110078636216303,0.107393296257166,0.167454513237227,0.071088959898786,0.101359302428124,0.103543675683542,0.0633621675435256,0.0890594008293499,0.181858370204979,0.0817598740429798,0.0809896756929265,0.00402590686249166,0.00303892445545112,0.156597539739264,0.00378635706169187,0.00708664808398315,0.222671848707474,0.122825677500445,0.194756949531252,0.0741168245231559,0.0687888914440039,0.153823028032613,0.163503906033433,0.0762221804338598,0.105701461761564,0.0297448709122935,0.0903226341065425,0.0475684349299871,0.0276700576850015,0.0683354462017549,0.0733562700738501,0.254109111014881,0.00277473956683995,0.175233348107201,0.100886690810986,0.0271582636758134,0.0602488971510078,0.166908262406957,0.00592687806089544,0.116611134796904,0.0427747583897728,0,0.154522388445983,0.0751786114563214,0.0741055802508652,0.0652216935196939,0.0940802494676654,0.148861042117993,0.0574784369267796,0.0754454304152593,0.0649369468867291,0.0221187434000547,0.123472631545761,0.101882170539813,0.0727536684320555,0.130732272298744,0.153431975779424,0.0681931604434456,0,0.145848898027324,0.224177839694334,0.188685631650771,0.0639740356570368,0.00949750543841436,0.188494177952393,0.0537407728493261,0.224850407645023,0.0353513748971144,0.225093816554069,0.0158282969527102,0.0494848303855483,0.0314938408164314,0.00561002165939605,0.0209087958562655,0.203195301771411,0.147522919904893,0.130178831991021,0.14558093175048,0.134280744380009,0,0.223593861419004,0.0906974732287917,0.0683666825406421,0.191014088864436,0.0766992636615588,0.209679064876653,0.0142477717350741,0.0486127185652361,0.148408356415643,0.113705256935798,0.243432223917539
0.0135211881964274,0.0207171956136068,0.164569689965219,0.13584572278687,0.125650031737278,0.108025572285567,0.0963846294079101,0.156624287111828,0,0.0847792638044542,0.130043730752698,0.0918856315565841,0.0443021616155983,0.140290685045526,0.033820588991426,0.0333416499659237,0.0537998875248251,0.117929509834944,0.121606381847668,0.141463586331002,0.0929145912259714,0.105417797547705,0.0581017999576535,0.130154511341964,0.0317550095280543,0.0444534722133186,0.0236739828517978,0.0840960455315515,0.126969357046881,0.0226251993109326,0.0632028825739816,0.0393406491173035,0.0210778109617585,0.117405815868556,0.038871184145939,0.0127825911050023,0.044783360692098,0.0137556515355235,0.0789415575707312,0.00513696086221284,0.058395807741396,0.0202975997500156,0.0634181870179684,0.0174861471086666,0.0521159441798083,0.00803414415514134,0.0146183166428482,0.0177780557589866,0.1065217884324,0.0931507783274451,0.121632866416786,0.032467467917664,0.00712734521763026,0.072189746536476,0.0412205749672304,0,0.0998727068623446,0.160905445657888,0,0,0.0728885143687031,0.00143997711819245,0.0714253406605085,0.0185204800517115,0.0555963516537505,0.152282968413922,0.106020610692513,0.0963917288055991,0.089632507520821,0,0.111330085957155,0.0897994379239977,0.0610823046823558,0.165678470354205,0.0204287181393303,0.156038733044863,0.124194182250796,0.0543943533852731,0.0253403708205776,0.144378599841321,0.0667060838505764,0.150826698192497,0.0670525697813954,0.0631454321594101,0.0838561904238909,0,0.129735554647479,0.00412652892440338,0.0765877357624148,0,0.00920253799127704,0.0216657822996703,0.0232062124427823,0.0088937563769764,0.151502103857498,0.102495365509146,0.00321385776695837,0.151678995518254,0.081269789387972,0.0312408861369361,0.117120886925087,0.0105954831824814,0.0494259215186661,0.122009459886703,0.0728265770830895,0.0957880374774639,0.0270425806517366,0.00635268792983843,0.0611948988886313,0.142339147263866,0.136858077328896
0.0788115682695513,0.0122935251448621,0.00428085633998643,0.0279733389169395,0.0227014063032084,0.00974578554411542,0,0,0.0847792638044542,0,0.0208063510823255,0.0178728933465414,0.0176410126485867,0.00719286948852964,0.0522327443171192,0.0239485524693785,0.0306940180705469,0.0150915035683889,0.0219873227773966,0.0144153581528688,0.0360001645838683,0.0135865711307478,0.0368611000194137,0.00161458160926212,0.0178244890448905,0.044898456556506,0.0296782368065889,0.0389728048902153,0.0286752179890351,0.0416819273287844,0.0215467542086977,0,0.00028725645130317,0.0207116022013002,0,0.0162654771035922,0.0619425962353134,0.0403239842340626,0.0200685259910861,0,0,0.083214382324802,0.0303295147464744,0,0,0.00872610395904059,0.0470523625078666,0.0596574938275074,0.0240271102366021,0.0609676706138471,0.0650737220480432,0.0702918172857149,0,0.0478757277602017,0.0448479075659185,0.0033793167623878,0.049502548975793,0.0015152473504845,0,0.0467550002349742,0.00820040102469884,0,0.0199531518670378,0.00549681979190867,0.0177859702339281,0.0461623157661596,0.037577604436731,0.016317641824459,0,0.0284558882942172,0.0375653746408059,0.00307083485596287,0.0322697617404594,0.00070367348458613,0.0683193623047669,0.0339948358113503,0.0394268123900455,0.0104694911021427,0,0.022191946789188,0.0598900834539594,0.0240126530476011,0,0.00111996785504386,0.0398522847670482,0.0116775681336985,0.0443284416950102,0.00281155902801736,0.0824876225670795,0,0.014860398737128,0,0,0.0213513624826993,0.0406413416125409,0.017661770562674,0.0439940132091945,0.0296147215650807,0.0133210695869407,0,0.0730633552697667,0.0240798354447461,0.00487629206137454,0.028855431566,0,0.0890499366292118,0.00661366594527067,0.0107884763076025,0.045893850739259,0.00175362527990539,0.0443231709688126
0.1072712243313,0.0706688857869964,0.0840217885225055,0.00478103333282569,0.0443441691040264,0.0277404190483671,0.0511391825639058,0.106742047123369,0.130043730752698,0.0208063510823255,0,0.0286301550831609,0.00294969281192845,0.0303278179525823,0.115375980976026,0.0902605684105654,0.0783697068919561,0.0271575574504259,0.0423449376487435,0,0.0566285011744271,0.0236075931233274,0.105365207078796,0.000823173670937341,0.0714513369013945,0.0548124283901932,0.0759065310532052,0.0364010974321884,0.0628786969131932,0.0236544880789193,0.0331686874748501,0.0441634595427005,0.0275430465291231,0.0279518429161549,0,0.0178918102032832,0.166245120542954,0.131229268095012,0.100581822645107,0.0434313348435807,0.040430063537273,0.094604579678897,0.109576566987647,0.0784740977000277,0.0420729350142901,0.0208147296506906,0.0749056141782662,0.0354753112209497,0.00265706548216121,0.0872794182321332,0.145226351258717,0.13815595398265,0.0191795189948578,0.0976891217502869,0.0438446330232771,0.0178251652013819,0.0794000224592993,0.0232253139009024,0.00744514871920235,0.0971150747916358,0.0362532627440759,0,0.0101107412070687,0,0.0549014573754743,0.130439242050075,0.0800419458959454,0,0,0.0370790507076625,0.135256038721356,0.0446795584609743,0.0251694428661255,0.0117985920365187,0.103357317861813,0.120510489760873,0.0313531653570621,0.0224810155076428,0.0139923210725554,0,0.0674452477715639,0.0437941947145387,0.0133546821850754,0.0580582171959441,0.0356658467724744,0.0105346695059623,0.0596668724737827,0.00304836962452509,0.154589103238766,0.0201065680604673,0.0497273481656256,0,0.0282566405955632,0.0211780539670759,0.126429733706613,0.0266019567605609,0.0826060508327703,0.0370385386631083,0.101464026736476,0.0113684601046526,0.153084762412195,0.106881933352441,0.0797306557436984,0.00657865031523349,0.0160889733621165,0.157870804515758,0.0374049214787885,0.0461624609010343,0.0525427561410471,0.0357334623091093,0.0867955895582049
0.0636321978245921,0.0392508963539499,0.0549624059841497,0.0140142364259119,0.0224798896720119,0.0383492899329259,0.0629731420992051,0.0701278014420113,0.0918856315565841,0.0178728933465414,0.0286301550831609,0,0.00802610381612548,0.0459409392984636,0.0815132449490651,0.0674304074912,0.0429019701581257,0.0745412444215749,0.0646084312045034,0.0273796889692251,0.00844463888849669,0.0648814657841407,0.0322337154659266,0.0421850333879002,0.0429619075121363,0.0302576025701752,0.059511731450333,0.00129444336647085,0.0632158602468643,0.0234787009175652,0.021527158782844,0.0626866962983843,0.0327797416446364,0.0497934016388644,0.00505369228988648,0.0105674698382534,0.112338525265678,0.1115288498296,0.108395573542208,0.0270133914344989,0.0437479914781622,0.043432052019119,0.0616795294613419,0.0820689945066065,0.0530026089559387,0.0273093067993488,0.0420635437088943,0.00815568552226197,0,0.0682425256190343,0.0918958263677486,0.0720983311231725,0.0236277839874151,0.0405055850180031,0.00916940884200367,0.0173245704132265,0.0669908445501499,0.0358896464876249,0,0.0608667708070577,0.039373679111042,0,0,0,0.0160082153456288,0.103922103589979,0.0721534038017392,0,0,0.0157873915605222,0.0919989480781115,0.0353945393072979,0.0244434181458184,0.0264622188188812,0.0540147702283797,0.093801189461693,0.0301710102340484,0,0.00158447209527265,0.000677312911119831,0.0147098910130292,0.0444864583276665,0.0119666773424847,0.0603209472194842,0.00253356725142502,0.0075801520377585,0.0474367081926368,0.00264205311372739,0.0480435304418291,0.0214459534804005,0.0401991050243705,0,0.0186166101845199,0.00680834630128201,0.0673595742943773,0.0305594374326359,0.0615364777421152,0.0235281319275553,0.0977950931522035,0.00131691650572339,0.0704496358554201,0.0766180118775313,0.0750970617074731,0.00731480719625399,0.0226894490508973,0.0706944596202777,0.0236145204277001,0.0373552226405527,0.0425202237263433,0.0355167271987592,0.0475113983697095
0.0650111484284732,0.0586865537106112,0.0348118034533836,0.0167796921731088,0,0,0.00898002741999169,0.0545362751595254,0.0443021616155983,0.0176410126485867,0.00294969281192845,0.00802610381612548,0,0.0140911456951836,0.0290225904994943,0.0187651935541682,0.00462148988849472,0,0,0.00379413228860375,0.00384597357972137,0,0.000354269936431651,0,0.0356062018775432,0.036033007928661,0.0166995458453023,0.0217522752108477,0.00173522449396172,0.0131849956542805,0.0327569906974039,0.0882457775466295,0.0847932419919047,0,0,0.00307119274566881,0.0790946258390682,0.0429244588075899,0.041107778638313,0.0216633121473874,0.00031717703480337,0.0225980783392783,0.0312613726774581,0.097516476579864,0.00685575886736274,0.00742750293883824,0.0401949525014446,0,0.0530200292570398,0.00923572951624099,0.0715169442674895,0.0611200734083683,0.0527641607202397,0.0310372858820534,0.0418197903282925,0.0164980481813142,0.00694693548431689,0,0.00429771744619503,0.0682435092479588,0,0,0,0,0.0527059562539174,0.0820214140949648,0.00731886328043277,0.00390917690800019,0.0121477680096219,0,0.113897438866353,0.0296431444150961,0,0.00196887280632695,0.035902751569814,0.0413574023009684,0,0.0114538864490843,0.0302816333808241,0,0,0,0,0.0439823746494123,0,0,0,0,0.0520740479852906,0.00590770488892941,0.0176087229746604,0,0.0148391476331,0.00679364443141265,0,0,0.0380457808368489,0.000696195513919289,0.0448504710912437,0.00271482019625814,0.0353611002735961,0.0688813266313531,0.0572156360419585,0.0134929080127243,0,0.0323623092671619,0.0107195127984231,0.0268325064305153,0.00387555146159104,0.0191926614520164,0
0.110809265559126,0.071965117628109,0.059744981511141,0,0.0715886892913421,0.0549493916084953,0.0723570087918066,0.112730963980866,0.140290685045526,0.00719286948852964,0.0303278179525823,0.0459409392984636,0.0140911456951836,0,0.131719789876679,0.103446888374995,0.102843418658792,0.083010900319446,0.107449478580426,0.0265851431794258,0.0857011944733915,0.0829954536687601,0.135183727899689,0.0178590294068252,0.108835015243435,0.0854773287785799,0.0856852956572393,0.053999376103732,0.104690825732439,0.047220325180744,0.0556110599104446,0.0363440262644474,0.0204905192309444,0.108739543917134,0,0.0151696299923034,0.207092968789451,0.144246048479972,0.165542252064794,0.0609275376168633,0.0597858893538497,0.112834212170089,0.16037377709525,0.0990681859296731,0.077623101101555,0.0343770239123474,0.0882135574726157,0.0437397169735466,0,0.0915773131196999,0.143936467166884,0.182747431361208,0.0237411890144348,0.150454144985658,0.0529207062230036,0.0370734159777219,0.0822322787099593,0.0649026583362712,0.0191216743241143,0.130938174659916,0.0455128312272406,0,0.0535644908552274,0.0161607254452829,0.0701303955516855,0.131181963720808,0.101853841497657,0.0253137142950635,0,0.0415116944520147,0.137505347688876,0.0477802294227084,0.0383536740452831,0.0108878561195087,0.115152698243615,0.1377090468257,0.0537826575119997,0.0481810117229383,0.00653567239953355,0.00972481698154318,0.106615838929097,0.0735150710597397,0.0167410272554325,0.0507207265901704,0.0595756277444567,0.0112859862783735,0.0958215598328829,0.00443649737287659,0.206066313638258,0.0245539370190984,0.0601173170011435,0.00610565768705758,0.0306815430323179,0.0297969318742782,0.171199502382754,0.0495803831998696,0.089868063126367,0.0761774127355658,0.120529891156132,0.0029518488206488,0.187391506134815,0.111948863761419,0.0851381337757944,0.00266373395742729,0.0310684934372024,0.18008516120848,0.0369452641460613,0.0498312344027126,0.108859044207986,0.0104938558997067,0.167940451980858
0.0294178411888728,0.0234563928822298,0.12643312452109,0.102201900567815,0.115820245506637,0.0800892491733661,0.103870044676173,0.110819633052729,0.033820588991426,0.0522327443171192,0.115375980976026,0.0815132449490651,0.0290225904994943,0.131719789876679,0,0.0573493408388783,0.0405122488393811,0.122166910431001,0.104530570817927,0.125047889551793,0.0944744849600027,0.105987358322369,0.0413822019431544,0.114443195753232,0,0.0408241096466521,0.00472334211165448,0.0666240538733903,0.120552079621744,0.0161432126723122,0.0577679045256072,0.0594468595925978,0.0340398533140829,0.106831168150077,0.030240470121713,0.00996486987515677,0.121255856890981,0.0373282986028609,0.0853939918087979,0.00839262532584188,0.0531064368299939,0.0222682206323957,0.0392416486785362,0.0401274868561236,0.0521462047419624,0.0236422651216908,0.00590829846411416,0.0112428931181817,0.0754680984965835,0.106047780886914,0.102137262321751,0.0487947725660283,0.01350026935895,0.0668317930058353,0.00253567275662372,0,0.108941158413916,0.110386104831572,0,0.0201312968635328,0.0655512315796019,0,0.0289676461763061,0.00415253372291417,0.0248315976149237,0.145194451013297,0.109106333346392,0.0331141795673526,0.034958103288015,0,0.10481793353355,0.0820385701875611,0.0367755609971265,0.114579613791139,0.0223199515804556,0.143418590795394,0.0604408135359439,0.00778800119673648,0.010803192595966,0.0778517635913507,0.0122705306627035,0.097126818313605,0.0351526077904334,0.0676049779056891,0.0256622359234131,0,0.0806550219427535,0,0.0198580343859688,0.0147615602025769,0.00304790959663634,0,0.00713497753432447,0,0.116054126463833,0.0598035408557458,0.0358627413297563,0.0957280824208172,0.11413729248967,0.00648415269683946,0.0975530945277258,0.0153933214399097,0.0606331902887962,0.0584799088418735,0.0479807590285708,0.0756296297569123,0.0285535196555116,0.0182316904543961,0.0110424220073165,0.104467983373307,0.101862814565213
0,0.0320613117402547,0.0962063710842029,0.0746158441839476,0.0922386266220023,0.0692705826021882,0.0866599946348622,0.0678396684924626,0.0333416499659237,0.0239485524693785,0.0902605684105654,0.0674304074912,0.0187651935541682,0.103446888374995,0.0573493408388783,0,0.0540321768222539,0.0886110382431911,0.130382297258395,0.0972975168168922,0.0852825921807084,0.0818083172876696,0.0640538156428201,0.0924802332011437,0.083567782167266,0.0813681636123846,0.074448707147308,0.0857597805642468,0.12035153586296,0.0573248825195575,0.0546711884898959,0.00218000937384595,0.00291367179006427,0.136100139231367,0.057098930808639,0,0.0961266478847224,0.0363841296649724,0.106739952138255,0.0498061701176434,0.0590805737528628,0.0555251564536128,0.113546266503779,0.0108670243211603,0.102946725780165,0.000292627402125763,0.0762788308454323,0,0.0673727100696662,0.00150557094394455,0,0.0859153739807893,0,0.144391053560108,0.0379072816960372,0.0352658496885666,0.0329680249647756,0.128669812769072,0.0126845606581434,0.078527805570738,0.0616827489309255,0,0.11393380522794,0.114949484202615,0.0985683827412103,0.00599059444031519,0.0618370446235784,0.118593620775168,0.0388192431632938,0,0,0.00571762942480937,0.0189126923545262,0.11015277900078,0.0287433015387819,0.0139181497549964,0.0391598652566352,0.0307522659668372,0.0043151425852915,0.100994776816174,0.0926107238026748,0.0866159539708258,0,0,0.0778296831387586,0.00122288176822509,0.100578389402741,0,0.118937250154098,0,0.0214739147088752,0.0521510990399078,0.0289374277713114,0.0404742226785574,0.124237040875531,0.0492793907477304,0.000924433019968027,0.0842968049530112,0.0352751251163518,0.0259884997052903,0.112331037389185,0.0320579772798698,0.00423825473556698,0.0962905322328883,0.0343167874492262,0.0765045440284245,0,0,0.079695149862341,0.0825294039747964,0.144238659728671
0.0475874614103675,0.0303016586717403,0.0958796280746657,0.0582235512292833,0.0599999005929389,0.0469286593645597,0.0741815356306909,0.0984483278235394,0.0537998875248251,0.0306940180705469,0.0783697068919561,0.0429019701581257,0.00462148988849472,0.102843418658792,0.0405122488393811,0.0540321768222539,0,0.0724782855912214,0.0556200028853663,0.0741652198658242,0.0158551969336622,0.0611823132942113,0.0148310995634262,0.0712556336546828,0,0,0.00730767940130284,0.00426634505186761,0.0657406662353373,0,0,0.0590694977589435,0.0362829077301244,0.0366282620132226,0.0182515806856344,0.00687679252238987,0.071029690534947,0.102100986170982,0.0588454132531922,0.0144836301550011,0.0424317474461973,0.00934918851580612,0.0148441421905084,0.0501529882546109,0.039072148532465,0.023941584532998,0,0.00592338178643001,0.0369586661701425,0.0825161081024143,0.092695390064191,0.0218720269883071,0.0158662342990437,0,0,0,0.0856205329200127,0.0602544437422801,0.00442771011790161,0.0239633339550767,0.0493448165564879,0,0,0,0.0135936318663884,0.127042232058099,0.0837242632815363,0,0.00973104853932316,0.00482614536803985,0.104083728873673,0.0585334671809814,0.0186158026562689,0.0656395476449941,0.032436090684754,0.12232242633609,0.0237417048377883,0,0.00814183114054808,0.0274480542694543,0,0.0531314755877627,0.0231178963070791,0.0791545390261895,0,0,0.036175601563927,0.00244278269520943,0,0.0130694162369633,0.0161246067693697,0,0.0252346276948869,0.0175597618145968,0.0522004944510258,0.0276611832820808,0.0389896007372599,0.0299440686025575,0.10233325619044,0.016783499111056,0.0269040866786633,0.0448236620203614,0.067748654067493,0.0279836827120018,0.0220085082305062,0.0305546564438306,0.0494296821015398,0.035138767477525,0,0.0888744335582406,0.0361182890569625
0.0741469809418327,0.0751486411529962,0.0859965329235377,0.0212555310313322,0.0142489727304367,0.023931847434172,0.0493749923272724,0.105848231438444,0.117929509834944,0.0150915035683889,0.0271575574504259,0.0745412444215749,0,0.083010900319446,0.122166910431001,0.0886110382431911,0.0724782855912214,0,0.0144108846970245,0.0388956161272381,0.0215634175239884,0.00824744023040339,0.0604593353940528,0.0420380960318039,0.0919048409509731,0.0453738337533183,0.0975987172155947,0.0157878132377184,0.036821741020984,0.00528064526224325,0.0161077964386088,0.0681463563789863,0.0435340331707979,0,0,0.00807062349442186,0.164268000722695,0.149653756007125,0.106864527364188,0.0311045524328804,0.0310117418818561,0.0611749370239272,0.119008048661836,0.088306466603589,0.0303591989607181,0.0212800747283681,0.0674136080699207,0.0230280987945246,0.0258898540863625,0.0833133855199299,0.135352203876856,0.0856708141007335,0.0268769415480568,0.079827050702663,0.0200819299675994,0.0191283850907728,0.0777151960267104,0.0165576874180538,0.0203153117962185,0.10484414751201,0.0329373302267025,0,0,0,0.0632549196244373,0.135804847435436,0.0753256293786196,0,0,0.0121327432374233,0.146718233062414,0.0599066411132527,0.00785541858518807,0.0287661356795374,0.104024415961362,0.126170441784213,0.00388591618248479,0.0258234923494617,0.0223314552228969,0,0.0135693249396328,0.0202131346522362,0.0121986817589161,0.0818795594585101,0,0,0.017701115672996,8.60173334517244e-05,0.1089241907599,0.0195905343127941,0.0565098553026103,0,0.0509985608028287,0.0385992925400988,0.0562200284094225,0.0091015341015853,0.0551058531917484,0.00163308056409934,0.0969727006941718,0.0108233871025792,0.0970624093644409,0.116767741231591,0.0857522576870833,0.0123557717483393,0.00802258537453517,0.0928238947829629,0.053082802194132,0.0477952172245717,0.0427995187530285,0.0571656975559581,0.020097744397401
0.0733946084954701,0.103638540992164,0.143900997071688,0.0506900832012908,0.0363674342983861,0.0140444622152208,0.0581637029391926,0.177628745494808,0.121606381847668,0.0219873227773966,0.0423449376487435,0.0646084312045034,0,0.107449478580426,0.104530570817927,0.130382297258395,0.0556200028853663,0.0144108846970245,0,0.088683117438859,0.0485513317029528,0,0.0434788048552712,0.116998552056134,0.105299141337717,0.0695379787754372,0.0900712707501206,0.0631978767419657,0.0245643294594632,0.0194414367526123,0.0385712997345911,0.0576393226805803,0.0569060916441973,0.0133872124059387,0,0,0.184109384801689,0.111826720983299,0.0758527642705582,0.0514392201858729,0.0125056422401105,0.0772455552623185,0.155814070606856,0.126246420654119,0.0279018174188023,0.0149143923385461,0.0859209936837788,0.0403443898135782,0.099605398252859,0.0881820237183649,0.175122660403092,0.100950501802843,0.049664970827993,0.169625144440291,0.0268280875052766,0.0204285702393367,0.0921799618102746,0.0765894137720152,0.0684541764625689,0.139642979465304,0.0324053956483259,0,0.00709963102476534,0.0204774164810769,0.138057656998903,0.175806355528357,0.0674678401141285,0.0582263559424052,0.017588995024398,0,0.221716577971495,0.102421535860998,0,0.153539123965316,0.107828332337888,0.123388023375158,0,0.051937162359445,0.0412616978815588,0.054155953218186,0.008913065148265,0,0.0255595576622653,0.0924472873217582,0,0,0,0.00890680896579365,0.144604098683392,0.00815656681825239,0.0596992093363083,0.0177669950245821,0.0829027222500836,0.0573189683734559,0.0418710572895554,0,0.0205616096414372,0.0321181156678943,0.0682762439244782,0.0395257152396434,0.0967605090703169,0.114927642212703,0.125740867697762,0.0905945368041146,0.00498694559773925,0.054780310710547,0.0677304890864463,0.030672632503903,0.0660396749702732,0.0963084174615668,0.0479068132477237
0.10055649585081,0.0818938940354257,0.0727737750846212,0,0.0176937411555449,0.039410640615195,0.0600499569623045,0.106100301188289,0.141463586331002,0.0144153581528688,0,0.0273796889692251,0.00379413228860375,0.0265851431794258,0.125047889551793,0.0972975168168922,0.0741652198658242,0.0388956161272381,0.088683117438859,0,0.0560153229097023,0.0840442373328971,0.0878233719759372,0.025585254042715,0.105660402900691,0.105547608537407,0.0943841534021673,0.0514498644737324,0.0799502392811843,0.0379602140229461,0.0542392851882934,0.0501049531175215,0.0353767673822636,0.0852011085448692,0,0.018408831199359,0.191782350168996,0.13033963096342,0.15894172286993,0.0542018390175141,0.0505809785125515,0.104240746750186,0.144719917361614,0.107084227140131,0.0637538001584669,0.0325263465806679,0.0859561795282131,0.0436999685170836,0.00741233340494765,0.0945107641259926,0.154927487638576,0.163615670381763,0.0323036292327338,0.149151575482785,0.0458509355389414,0.0335885283984254,0.0822189195065956,0.0355949887431343,0.0199915404438317,0.14198365151699,0.0398697697860237,0,0.0369293498788884,0.013539902644389,0.086892833834267,0.144351805192452,0.0930001564749717,0.00987678181171077,0,0.0310972646907577,0.161755671945121,0.0609449910147002,0.0180010981237757,0.0164499475611201,0.136539179313169,0.144327785127567,0.0254100931524836,0.0399205443687171,0.020190739209685,0,0.0732882970880133,0.0430188917254493,0.00841257595291395,0.0560644707494308,0.0266598052776554,0,0.0570498034109649,0,0.198630817169601,0.0244700698299689,0.0577317235526613,0.00325186284889482,0.0340685518533498,0.0292315599028844,0.123025986202817,0.0242145695856727,0.0758824787716216,0.0343838851585417,0.111435114333043,0,0.173012767826305,0.115714146374701,0.0841549455849257,0.00383285404535267,0.0152458906863253,0.157000778143499,0.0403102325232119,0.0462482982276291,0.0749758278726905,0.0123337429143375,0.12251387822118
0.067206627402729,0.0640994360782354,0.10986916240247,0.0650481103576035,0.00824990803711567,0.0468140553812417,0.0846002986551923,0.110078636216303,0.0929145912259714,0.0360001645838683,0.0566285011744271,0.00844463888849669,0.00384597357972137,0.0857011944733915,0.0944744849600027,0.0852825921807084,0.0158551969336622,0.0215634175239884,0.0485513317029528,0.0560153229097023,0,0.0192397417616641,0.0147473203892003,0.0715765037061114,0.0254034545296279,0,0.0213359959476221,0,0.0777889236325764,0.00993940914029357,0,0.0730517795391082,0.0468093128602601,0.0280517643924018,0.00232937032165186,0.00627471752340024,0.133873956542459,0.125749996170574,0.0557478999347012,0.0207731314482749,0.0296670404576648,0.0448707870983008,0.0279327441831417,0.0698902515382048,0.0257212230058151,0.0158026393044578,0.0572034593709347,0.0151755561931871,0.0551273160487989,0.0973061453196486,0.138108591426805,0.0643585142334243,0.0276015807251608,0.0106579711308287,0.00453548763197166,0.00260779844181227,0.0844107097561713,0.0504835418495389,0.0133327880995855,0.0580393736810892,0.0382750730512906,0,0,0,0.0222268557252032,0.143309863819933,0.0751501475617426,0,0.013106403274188,0.00463120569322856,0.152336658718799,0.0745518949761411,0.0228530300320591,0.0802980944312923,0.0746957207778643,0.127441833673659,0.0275871882525319,0.00808816575117115,0.0301518773441201,0.0327834288393164,0,0.04835945005172,0.0297901871942666,0.0924161301024727,0,0,0.0331603105086065,0.0011563996092842,0.0587324885201958,0.0130201761814644,0.0458727874305935,0,0.0333390710732833,0.0180989280680518,0.0201360700215433,0.0381037368644788,0.0505750436088044,0,0.108481700284578,0.0115190577722821,0.0521695520447922,0.104327093460917,0.0863378707378262,0.038097107504806,0.0295055527011676,0.0592856376035474,0.0549811129016177,0.043712588929831,0.000586933852758647,0.0747453481215144,0.0241248052947556
