0,0.0225993135975258,0.0192418334865534,0.0196543989030474,0.0208406563577988,0.0251260976351196,0.0322468616551341,0.0258395144795495,0.0163684947004305,0.0352433824736657,0.013852014622916,0.0145159157768779,0.0192361554289427,0.0115718754602668,0.026808490139767,0.0142610367246369,0.0340471760190648,0.042341039819482,0.0469089906908011,0.0118803029334703,0.0138126732600795,0.0130380784045056,0.0536431758412858,0.00779413729234568,0.0141854686316147,0.0216156133573452,0.0362329876020014,0.0145235453457804,0.0359705256476102,0.0146976291696935,0.0153212830620576,0.014997372800098,0.021247008559209,0.0300071850878729,0.0234379320996843,0.0437194703632654,0.0228821119821058,0.0157990607123243,0.0146101580161342,0.0205796103245574,0.00646408086701664,0.0147570829814559,0.0275995794652982,0.0462206202008766,0.0343247981671955,0.0193950399086316,0.025775647465571,0.0218128333057669,0.014356601652664,0.0280371459458017,0.0421070760911783,0.0182931517692393,0.0207691544877069,0.048539975174512,0.0468449675205458,0.0332511491609415,0.0289818903788875,0.0480130184072924,0.0189734203888429,0.0465892889878005,0.0455103528422512,0.045955711322985,0.0421701966992928,0.0465767760009926,0.0486576290390386,0.0480789780296108,0.0233550072254185,0.0418672978830633,0.0304571284976769,0.0213339922389191,0.0356206418498299,0.0162009729325105,0.0155708236961179,0.0241992064896904,0.055893134790046,0.0381877864822254,0.0368701931418759,0.0391137038769712,0.0363978654211967,0.0192415132144023,0.0224618016752771,0.0284012601587513,0.0307302922473594,0.0373402438649784,0.0645419717860076,0.0199231607750289,0.0308311523538071,0.0265521913864178,0.0234108828381499,0.0091722182044299,0.0513787646602919,0.0240830372782598,0.012626691478611,0.0331380868490082,0.0276491124470075,0.0165750457513777,0.0149831118332315,0.0444976298470857,0.0379715035033461,0.0251699532879779,0.019541437177953,0.0136218048836934,0.0288086474982076,0.0165805176780089,0.0286645709074497,0.0231793167325026,0.0141162721782534,0.0195352390760279,0.0338963931650206,0.0216015388235734,0.0342149830878562
0.0225993135975258,0,0.0185804952553822,0.014482516810915,0.0367058233239098,0.0780097023374322,0.0267130329035423,0.0163612210406394,0.0462821037395009,0.0253845564701307,0.0181931996822189,0.0534210139645437,0.0351498781948083,0.0641652702170941,0.0308765081250411,0.0582811375461136,0.0180516275513668,0.0437440624373527,0.0642210967095423,0.0560492864355919,0.0453155319423073,0.0480440549880895,0.0576986324586754,0.0733836342959056,0.051933428926801,0.025717181260385,0.0616459230452337,0.0232971358796653,0.0442756631716451,0.0165148836741538,0.0843828284904932,0.0674028150511102,0.0401416329661174,0.0208849566981855,0.0292214481576205,0.038599507106129,0.0179281162567174,0.0498147618047434,0.0337882922829409,0.0394892136466705,0.0311569691200155,0.0269163670319833,0.0677800687097255,0.0314422062117083,0.039221144522894,0.0423131238823699,0.0590361438261174,0.0186352829230691,0.0356355606892195,0.046104536929,0.0232852022827121,0.0421218594296556,0.0201060540168847,0.0172427022747905,0.0280851862790451,0.0484907838985685,0.0165273065828006,0.0214749128714558,0.0299692688735222,0.0200472821668074,0.0377675469311805,0.0281601813085825,0.0353044470119747,0.014847576488699,0.0229162275453377,0.0284659489949837,0.0411864675374971,0.0304446056745331,0.0313350373933918,0.030563879447227,0.0266226200168008,0.0460065142423806,0.0741686636033026,0.0266779160463708,0.0253416708234808,0.0213294278306676,0.0203668585534368,0.0280440186798946,0.0344009246604717,0.0685661050467736,0.0355138631309486,0.0492787242655889,0.0431745790539369,0.0259645409356188,0.0342989156291158,0.0323347042408353,0.0373290245356593,0.0280975970645157,0.029145878590759,0.0472015701716322,0.0306138368596485,0.0578766225323184,0.0572724045109647,0.0442483068682041,0.0299696879686817,0.0422116265869478,0.0259532567680882,0.0534765129496423,0.0330649225133038,0.0402735188536094,0.0489081865067986,0.0597790832286798,0.0586434298605678,0.0517266419751816,0.0207920252371155,0.0253054771441875,0.0529517862650386,0.0147604614905664,0.0198991892628068,0.0689192048136028,0.0351655434232727
0.0192418334865534,0.0185804952553822,0,0.0216015267883508,0.038792051442524,0.0669559606510343,0.0347137775963104,0.0193773535227229,0.0563252436839953,0.0250134418306741,0.023077714766759,0.0549774916719423,0.0326159686669448,0.0820806745217778,0.0223221200591685,0.0715133605191554,0.0077671124165845,0.0431088916697102,0.0446200855780195,0.0692268185831768,0.0412222183228204,0.0467656646632104,0.0715033045596644,0.0953715195030217,0.0556816679764185,0.0218013007305967,0.115380724289857,0.0224602057165563,0.0600037227549243,0.0272040634566058,0.110108010429064,0.0872800121155863,0.0347321536828476,0.0375274947165606,0.0244090125216101,0.0566051756746318,0.0143211735835036,0.0483759089203577,0.0205568881286301,0.0455424934984699,0.0416906691364712,0.0240940146450077,0.0887442202287125,0.0482162422736023,0.0392093568954085,0.0359392250983861,0.0468404375996905,0.0223262494037943,0.0332880585249921,0.0398512587940463,0.0350773670366171,0.0248260949048309,0.016953503129442,0.0306870568662894,0.0524264223242287,0.0816078010113412,0.0300230278518821,0.0509550045465412,0.0331350391340014,0.0275430090851183,0.0685233306657558,0.0594228169089121,0.0499860671377226,0.0250133474420245,0.0512974087175401,0.0528450248453558,0.023745369081551,0.0676299582149451,0.0290980236647365,0.0278717187918022,0.055255774777545,0.0349680357306157,0.0792496493742206,0.0155744555942545,0.0532154565718925,0.0342131567673089,0.0142410817977929,0.056460419984441,0.022825211141786,0.0493356108896253,0.033694870411734,0.0521898435320302,0.0575612227399397,0.0456513783590654,0.0488021716700183,0.0296590317366731,0.0382298165298847,0.0249654450283516,0.0201626517865877,0.0469439159825012,0.0306738044432968,0.0624204950210845,0.0648546326189695,0.0680627521771707,0.0301334131300097,0.0505488924071287,0.0323127167011088,0.0358069928415553,0.0265379349431722,0.0301584175796661,0.0706390365577682,0.0509139481462979,0.0676724273622869,0.053104749190184,0.0245481440046096,0.0369757205906451,0.0478320263056318,0.010652479561149,0.0268253001225072,0.0735301365239261,0.0183371408633164
0.0196543989030474,0.014482516810915,0.0216015267883508,0,0.0272364391763457,0.0393068752528914,0.046247739102065,0.0156620290320605,0.0350258729452227,0.0280152748079023,0.0290225044221122,0.0297645815429744,0.01980698132892,0.0437775496776311,0.0160673616948518,0.0281718864558729,0.0367134804435427,0.023675349114626,0.0365912961214245,0.0464898305621489,0.0191075412390037,0.0312573777500204,0.0425263394794631,0.0502578855134991,0.0380600429951973,0.0291139980518219,0.052420839071631,0.0289564546824489,0.0439338000238623,0.0299225493819466,0.0520424190713979,0.0381695099104862,0.0302463894701451,0.0281951077215204,0.020925733886636,0.0419613630785012,0.0204649788056835,0.0130538218098548,0.0184338914217063,0.0183599129058296,0.0389886472329205,0.0134382330549824,0.0215188916715492,0.047731125908422,0.0273488183972518,0.0216015836539963,0.0346088864731772,0.0478013090529229,0.0278736807791642,0.0446359152635379,0.0347612416435253,0.0318209853719934,0.0339844633806799,0.0180143498005486,0.0244098427289848,0.0265522634264208,0.0263894399862641,0.0228974534433143,0.0470018536998884,0.0128883025455473,0.017164612746333,0.027862780908732,0.0272420337577832,0.0190076239412291,0.0195329658812843,0.0237691584608526,0.0306810920653619,0.0326911066940501,0.0139113177403107,0.0250829575498292,0.0325173810546325,0.0382668145669487,0.0419942474354374,0.0259475597116729,0.0168994437031445,0.0115219912488355,0.012768769889304,0.0413526427217058,0.0269917550761834,0.0516562896650489,0.0185877336929917,0.0298923165509367,0.0350878746816548,0.0368908504880586,0.0472878099392677,0.022540254544479,0.0159707912429258,0.0183157520327116,0.0295965943407368,0.0159431392380916,0.0205660260661051,0.0296034762495542,0.019042108279393,0.0493340267101389,0.0434600523269504,0.0374004976661739,0.0171098419481541,0.0466195101459156,0.0263269460033313,0.0241705332103641,0.0170336784961117,0.0309759076944756,0.0172602208338997,0.0194694752689555,0.0177090094649744,0.0339889440394873,0.0337349058665242,0.0266766459759694,0.0115365378334977,0.0280490200574674,0.0138007591177774
0.0208406563577988,0.0367058233239098,0.038792051442524,0.0272364391763457,0,0.0381703759097824,0.0288990446212385,0.0275832611763099,0.0167906014819968,0.0339328394140706,0.0184901949859533,0.0342934230017099,0.0189526696426794,0.0389641848949351,0.00111778529596926,0.0191227321590593,0.0247496009843055,0.050561539098272,0.0307779604695905,0.0283216389141845,0.0245832777939984,0.00243194671763188,0.0450278336073864,0.0377400785019604,0.0257945394460733,0.036631684502159,0.0788565951143337,0.0302145306177789,0.0549328152888772,0.0185224421267697,0.0610599791753768,0.0685046648576103,0.0508082887967512,0.0455498392847803,0.0112764925594338,0.051044421730186,0.0175559855577611,0.0405181306259706,0.0120935370059683,0.0296801159042907,0.0198815024454383,0.00607784723745764,0.0718005239317946,0.060685118136428,0.0335571972079517,0.0144464757171905,0.0388667390801387,0.0253800769026354,0.0127062492847865,0.0252316038968023,0.042397431556369,0.0239325828307323,0.0162007002873065,0.0469716742331737,0.0375707265797654,0.050856866071504,0.0265068008656849,0.0457575516041699,0.0339679919102057,0.0351060933875266,0.0659347996285104,0.0450586407711009,0.0427920942371412,0.0270264786214694,0.0458565000491131,0.0412673530047728,0.0304859711624447,0.0601965675357907,0.02683134931432,0.0367772732092732,0.0436565390708613,0.0311445624396447,0.0564863153114425,0.0107103205496223,0.0491138521172667,0.0214390388126067,0.0148438936126329,0.0459338944033147,0.0175271608631847,0.031744790684749,0.0290843755707111,0.0470916181235607,0.0472576285338927,0.0442258257208705,0.0346319942061314,0.0303517588527602,0.0364754181720357,0.0286628871927034,0.0238754456763928,0.0277444894859249,0.0256262785823033,0.0357431746701443,0.0341022027749323,0.0573384348515297,0.0245266567372971,0.0269021662067088,0.0327137838148365,0.0404185768620895,0.0431216411899421,0.0117789236788513,0.0499094938849564,0.0154070905109518,0.0203707073993052,0.0196012301993563,0.0143545302116307,0.0238034239814786,0.0284005164661174,0.015571931674612,0.0202223020970244,0.0241010666156037,0.0183593213001126
0.0251260976351196,0.0780097023374322,0.0669559606510343,0.0393068752528914,0.0381703759097824,0,0.0162164535996108,0.04647450904332,0.035062048134447,0.0593461643250284,0.0341765315263746,0.0390665010936312,0.0450494151123402,0.0216683408138311,0.0591155084529226,0.0348111048143257,0.0140033875079609,0.0657214696749708,0.0240184466405527,0.0149939911340568,0.0236851859276031,0.0310182321229998,0.035779122553564,0.0225486349167726,0.032781918231534,0.0369662911338137,0.0575652409101092,0.0594696712604984,0.0454915445325552,0.0387262028559004,0.0338641448334007,0.0432634898445623,0.0817679086745087,0.0950542323978958,0.0327468964688461,0.0461457606245715,0.0636329906521477,0.0821625098738117,0.0641934701961456,0.0261796658530086,0.0285834359724056,0.0408902858469966,0.0630709605465025,0.0258680224256236,0.0362146655436176,0.0272843825404901,0.0308197831780577,0.0232791703955326,0.0348295415758492,0.0429372736627246,0.0349035643468404,0.0289754356737452,0.0440176706274023,0.0545858506094243,0.0597936345508259,0.0366623627898659,0.0220654317913131,0.0496446369044343,0.0193159372487312,0.0370928605892211,0.0625552452583955,0.0385303864446916,0.035331287178673,0.0458376256162674,0.0468479075677099,0.0416091109384882,0.0308110494067752,0.0467567959613816,0.0389710954583942,0.0374061193554407,0.0348949880998273,0.0224471490165648,0.0323958874999903,0.0330464109398649,0.0483104351546578,0.0252920013619023,0.0339318389811142,0.0439995630756164,0.0218916394938484,0.032586108344607,0.0631177230937573,0.0493129751066138,0.0398030031191168,0.0319914868573605,0.0237923671780002,0.0135933889663903,0.0359946387416491,0.0515840062744418,0.0490777962951886,0.0359421674181228,0.0309157453807076,0.033187350060306,0.0721609908648145,0.036838300096308,0.0243068252103016,0.0368341866658195,0.0132801912904734,0.0281764570360731,0.0308308560412172,0.0146379763318339,0.0454977494572935,0.0474586568486364,0.0603353989562955,0.0275842877915459,0.0230857787944827,0.0129675725820918,0.025058854967093,0.036078992782188,0.034277088468924,0.0453898014366029,0.0357088489135267
0.0322468616551341,0.0267130329035423,0.0347137775963104,0.046247739102065,0.0288990446212385,0.0162164535996108,0,0.0392925466061044,0.0342468200772284,0.018859485396385,0.0213999188350489,0.0375266286611002,0.0266912773692346,0.0474702040631448,0.0334587876970474,0.0444738578452124,0.0172796373713743,0.0251286197173398,0.0179512038577388,0.0282392537980079,0.0410623123370595,0.0349484693921768,0.0155024913775453,0.0480189101386997,0.0327165626530482,0.0322914703774827,0.0303938136577316,0.0287903434874152,0.023279318968238,0.0235700794313882,0.0564863159305359,0.0474829014956253,0.0300790515357112,0.038663238477452,0.0268643263803413,0.0271729857894046,0.0349717184790072,0.0310179269770262,0.038521938441163,0.0252031126727365,0.0198996458802102,0.0355256886374714,0.0601182031566922,0.0224865435902464,0.0427963340053737,0.0162647116516645,0.0252149963183066,0.0374343873677258,0.0201759920642705,0.0221630830906734,0.0289316191440127,0.016283674141508,0.02596611503432,0.0307359949331677,0.0412590922591766,0.0734039530981778,0.0230722105981054,0.0356904891801598,0.038972343467295,0.0391277135542692,0.02808524869783,0.0544376215804843,0.0327703007923707,0.0598679946255332,0.0401999788093088,0.0505905724421398,0.0170986442712912,0.0369817237916986,0.0324578935267534,0.0123747653807834,0.0623807547801504,0.0199230792669736,0.0338023274195104,0.0370859961140797,0.0442788046280095,0.0502497040292951,0.0372565542708683,0.0396578032042682,0.0440282255795051,0.0680258301960794,0.0331855055177539,0.0310174856016018,0.0434534465338625,0.0172204302934203,0.0211748945674623,0.0190612186106595,0.0228121355134278,0.028641468761023,0.0277578621264544,0.0393877426096243,0.0194082564296711,0.038083491647308,0.026584835679776,0.0427769477462605,0.0450940857906968,0.0563030006269258,0.0292799876173093,0.024037311993613,0.0341985544882248,0.0277172327003175,0.0801836957091533,0.0342156583064089,0.0328719144980836,0.0384744694515337,0.0333666872022778,0.0203922017726876,0.0396143588806423,0.0435004514959481,0.0475527040880817,0.0372662208443971,0.0235999446744603
0.0258395144795495,0.0163612210406394,0.0193773535227229,0.0156620290320605,0.0275832611763099,0.04647450904332,0.0392925466061044,0,0.0331587926655429,0.0251924394486994,0.0127542797152235,0.0437130479912666,0.0356368741103959,0.0632173887519212,0.0275490362849155,0.0516433216531786,0.0208495296917128,0.0122075237247227,0.0334922082044983,0.0535165897228224,0.0464426523930508,0.0274844224438512,0.0447369365018299,0.0631309463416139,0.0393583741812756,0.0261977383461021,0.0737771752380183,0.024112927960703,0.040744604359683,0.0125368028929895,0.0857590348173934,0.0673614182738311,0.0197269983830789,0.0103696438176616,0.0333842111236674,0.0340980207241383,0.0182341952940506,0.0361856409716327,0.0369389048892116,0.0263351997310219,0.0280495743752324,0.0309961079941735,0.070728723699734,0.0411700937035367,0.0314103539702155,0.031204802249194,0.0330396960095508,0.0248861572329777,0.0284732990704022,0.0261032488821203,0.0311976029954175,0.0266915018611384,0.0213056169270416,0.028782216847897,0.0272232940257873,0.0696497402547873,0.0289626468467091,0.035250999087924,0.0353547728816242,0.0255218328422389,0.0415893006747807,0.0443001797497996,0.0401815856474606,0.0308002780162106,0.036907703852646,0.039353362447262,0.0226059255190504,0.0486999913269823,0.0324424828621317,0.0183001128109386,0.0471758132438183,0.0359369461512638,0.0578297888498138,0.0105465679738817,0.0460177279099276,0.0383623835893911,0.0144001098372729,0.040333623457169,0.0310022537960815,0.0555022938012144,0.040401041698131,0.0396635563051245,0.0565556901328571,0.0513756886073785,0.0344697361659494,0.0221375919461232,0.0391080486590455,0.0306772635998442,0.0171140641900423,0.0471604166085057,0.0270953284619026,0.0511924413835942,0.0473004944018392,0.058553502966722,0.0241122937837685,0.0527798990323519,0.0341370308209464,0.0324622499327332,0.0540508301865077,0.0293510991258932,0.0585921099040708,0.0461191710797128,0.0572714324135016,0.0621615824832829,0.0331855771108385,0.0277957355344237,0.046689872534187,0.0183685000609093,0.0227329396965229,0.047503874128177,0.0175476505475378
0.0163684947004305,0.0462821037395009,0.0563252436839953,0.0350258729452227,0.0167906014819968,0.035062048134447,0.0342468200772284,0.0331587926655429,0,0.0349799833122122,0.0138761950535592,0.0102443464466864,0.0199927186983572,0.0462470625432921,0.0102484653157242,0.0208629978327709,0.0270650358198755,0.0655849067573221,0.0474830352989836,0.0360147501989278,0.00921444584309517,0.0116235515085487,0.0704113545914297,0.0398918155785791,0.0354025848516668,0.0396284004642022,0.0701065292798218,0.041429576254587,0.0918275371375267,0.066922646090324,0.0600732648175825,0.0459426536998131,0.0446797249438181,0.0532550906533664,0.0153162534830434,0.0679998285300704,0.0171066255695162,0.0267879006869526,0.0238108722061266,0.0154861221950639,0.0112361429172004,0.00908400806413712,0.068564154497982,0.0535456170614151,0.0223244269746723,0.0242237042850243,0.067875581652213,0.0250105304707182,0.0185088544074066,0.0426244118532065,0.0308511671957241,0.0276678827206785,0.0420376638706261,0.0309910465636434,0.0487791295898615,0.0276699757698016,0.0231437928284356,0.0383462018680418,0.0310035607178585,0.0158455711257302,0.0430875733020209,0.0303919647132574,0.0272839909705582,0.0214952210633707,0.0314704089495426,0.0339581733529569,0.0197072156476088,0.0452406617812255,0.010835657328682,0.0344622288919057,0.0338457312280982,0.0343597070908956,0.0382286350823366,0.0220053170284495,0.0250586039975796,0.019811638984548,0.0137474137267469,0.0438895019904464,0.0200466910388826,0.0412386840109004,0.0151426509174469,0.0587639352148896,0.0495237479774737,0.0177636948168191,0.0367396943620761,0.0258552711243886,0.0378088728407142,0.0218232764621625,0.0434535971576447,0.00759269937540397,0.0318822980073284,0.0231894630454859,0.0140595624725575,0.0587732699612103,0.0461223534257498,0.0243662056326917,0.00459018156710803,0.0254247249439912,0.0426947139947238,0.00855578760976761,0.038257510640612,0.0116748244267794,0.014006099590372,0.00842200644835115,0.0181102806175523,0.0308623841789182,0.022565662218113,0.016165730738781,0.0280333826306968,0.0277717760107873,0.0158283376475009
0.0352433824736657,0.0253845564701307,0.0250134418306741,0.0280152748079023,0.0339328394140706,0.0593461643250284,0.018859485396385,0.0251924394486994,0.0349799833122122,0,0.0487722996533459,0.0292177031848844,0.0281636215215466,0.0437213830626517,0.0163205245430976,0.03295089829914,0.0181049388193283,0.0678251610141054,0.0476924044212397,0.0453777473657922,0.0205870748400863,0.0329046296231792,0.0611464590545653,0.0422749320756065,0.0298946242243411,0.0239527925976223,0.0592102291667031,0.0286982768176803,0.0340691924467813,0.035328429493658,0.0465340604557485,0.0401436747703608,0.0353371564935983,0.0557034013383459,0.017517936625531,0.0311959178663646,0.0229400066479166,0.0241277465284999,0.0123238726729975,0.0400447117387682,0.0302862450199718,0.0224690437866586,0.0474266004215753,0.040995560776036,0.0384282487120852,0.0320177345761177,0.0390389554301398,0.0186240261907961,0.0248512741941779,0.0195213439038293,0.0339024579254993,0.0199687554315012,0.0310834230795464,0.0212610081510251,0.020643800379186,0.0254238792094728,0.0252090819259783,0.0116792785252715,0.0209717194252708,0.0173554966729679,0.0224308583140279,0.0157253489159301,0.00737722938974978,0.0148924672891605,0.0119427727547641,0.0133319004944416,0.00584348937498819,0.0320912224244019,0.0335237490087725,0.0159094446964154,0.0199890096166608,0.0206470104424757,0.037085911849733,0.0222947642262209,0.0365581683466199,0.0125737107716212,0.0109661026552642,0.0211171209313516,0.0290823773002664,0.0293529715224712,0.0139875047003295,0.0279798991663885,0.0224307056088434,0.0337576994353167,0.030534860538039,0.021316804825755,0.0188406532525063,0.027960035278107,0.0313250830223792,0.0247778980924356,0.0373617027562446,0.0561288654816671,0.0233329851594255,0.0255493476398979,0.0291613769681176,0.0177801339394562,0.0137808276126123,0.0606823598824184,0.0380925743426545,0.021663920991647,0.0442123365989538,0.0368599457086403,0.0230043555411137,0.0354052565274895,0.018488556908297,0.0207847359907046,0.0411402220655728,0.018963969183492,0.0300286512541102,0.0230638262374471,0.013678779951578
0.013852014622916,0.0181931996822189,0.023077714766759,0.0290225044221122,0.0184901949859533,0.0341765315263746,0.0213999188350489,0.0127542797152235,0.0138761950535592,0.0487722996533459,0,0.0216255243493007,0.0365880880966158,0.0281182397202627,0.0307691125120759,0.0190973108534443,0.0212703843879881,0.0355287212733474,0.0323078113944552,0.0262536588533435,0.0295341700443093,0.0163865857190057,0.0244775441263423,0.029815667142216,0.0417347065522367,0.0328164407622586,0.0549376707776468,0.0365037224881711,0.0229029751817599,0.0246542381838168,0.0285603247379954,0.0384030837195683,0.0436002506329548,0.0305546970852767,0.0196130229113143,0.0203879569516324,0.0286834757727216,0.032649699568766,0.0215692094768811,0.0294464519652145,0.0326071611213432,0.0197331969357757,0.0416553910193099,0.074148741244334,0.035846059142186,0.0271191708418121,0.0533052251115366,0.0429955243377956,0.0312509891867352,0.0183967393970076,0.0331950041541581,0.0217417525130547,0.0373157351206549,0.0387781761393435,0.022135178657343,0.0392386978184235,0.0309856734840744,0.0207991115574658,0.026257534452716,0.0288102860578579,0.0347118488267139,0.0315391096833102,0.0337296562036837,0.0178004524295017,0.0283656924023403,0.0248911708942851,0.0377185663379483,0.0294374948645936,0.0351498783452083,0.0184940208656573,0.0253318105770585,0.0280132064533163,0.0354379023855548,0.0185631265122971,0.0333060646813755,0.0223978774230494,0.0293386413066203,0.0231116033113699,0.0277197632638145,0.0331841644461654,0.0390108790856396,0.0186153256125367,0.0306196314931362,0.0448426416671759,0.0226175641423777,0.0289976743739082,0.0423761423136293,0.0554315828052696,0.0464173856921855,0.031327125692629,0.0175761903452937,0.0479250233254914,0.0278788233557192,0.0219175880853982,0.0262686435937063,0.040847923816013,0.0193215136576094,0.0264171743836811,0.0504489898337266,0.00920518645544587,0.0287168786899935,0.0297682938505069,0.0348935523283872,0.027442902671356,0.0169236190885523,0.0141146020355257,0.0164647659043212,0.00863786819902092,0.0222140480794249,0.0279926600252263,0.032543171945608
0.0145159157768779,0.0534210139645437,0.0549774916719423,0.0297645815429744,0.0342934230017099,0.0390665010936312,0.0375266286611002,0.0437130479912666,0.0102443464466864,0.0292177031848844,0.0216255243493007,0,0.0275468639576256,0.0384322187881923,0.019426120955155,0.0175285078777077,0.0190459339715562,0.0537081181697918,0.0234071400660007,0.0276203221313309,0.0142319662061147,0.00569190053076286,0.0425828196895973,0.0284643766725902,0.0178110722221542,0.0691282433128335,0.070732387003686,0.0498163112891415,0.0686182453245906,0.0359451624648278,0.0610065760533273,0.0853612878025404,0.0544986081690523,0.0654467570866446,0.0141534382691339,0.0688523303795368,0.0237063484542395,0.0468992962526274,0.0386788981769654,0.0249445703314854,0.0244796282755183,0.0342683663349084,0.0688137850423491,0.0396976918266565,0.0276188781021653,0.0192374668184971,0.0269290727219695,0.0362825069016039,0.0202878569058465,0.0321722376918616,0.0616676461998266,0.0351848792584992,0.0177230584023688,0.0635393846716882,0.0521957147367823,0.0550182417924542,0.02529278275953,0.0669045859730065,0.0322366582098867,0.040394941587794,0.0774696841487193,0.0551728563342268,0.0570906537455841,0.0357734774169842,0.0602650939239629,0.0569284757045537,0.0479765872676308,0.0706131509168294,0.0236385762396014,0.0559544293667614,0.0499344496045487,0.0268276133643571,0.0629489135728337,0.0209671206130288,0.0495170386463902,0.0245830595724108,0.0235196626724028,0.0551955785266186,0.0164507900829202,0.0189414109189578,0.0587174194524965,0.0416354239997961,0.0497831560485145,0.0418138222809792,0.0487701658944251,0.0256953712837122,0.0431528456397718,0.0361202518978617,0.0315198070408239,0.0210382376835077,0.0318387046307258,0.0163672597328116,0.0303916580750216,0.0641160564323591,0.0333059746734374,0.0316299102806819,0.051124874697835,0.0520726915796463,0.0477188389946665,0.0139952852676876,0.0416184070328695,0.0148054636286668,0.0387138324834818,0.0182395020116808,0.014571003282504,0.032075239399385,0.0298165042484756,0.0288941749519004,0.0263162275657328,0.0160028127141925,0.0306246523733351
0.0192361554289427,0.0351498781948083,0.0326159686669448,0.01980698132892,0.0189526696426794,0.0450494151123402,0.0266912773692346,0.0356368741103959,0.0199927186983572,0.0281636215215466,0.0365880880966158,0.0275468639576256,0,0.0549091553610946,0.00464358155921905,0.035745231391549,0.0129431752398205,0.0568709604440164,0.0453792965676725,0.0430967331371182,0.024850753104838,0.0053301039732532,0.0557027137508755,0.0586522538996038,0.041913274739067,0.0236045737099127,0.0951970751948126,0.0447719126635506,0.0601075003509774,0.0198382448834929,0.0704918430933428,0.0542946195560746,0.0731677388588089,0.081548782294032,0.0199927386839267,0.0516074564128747,0.0228612064308669,0.0824298751107735,0.0187523357874242,0.0346704782098072,0.0148981393873683,0.00639788767189135,0.0751084718996299,0.0560497923211959,0.0190117087014683,0.0145818521855172,0.0543173996763021,0.0297512810091599,0.00774274434264151,0.0543953698256413,0.0280867107915868,0.0169438664092837,0.0240332042318589,0.0483972810364056,0.0498213371816922,0.055130995062433,0.0250331559703327,0.0464879117703637,0.039509156348001,0.0261348183472453,0.0551109593405374,0.0444803427468903,0.0450853602552755,0.0315763282975492,0.0423911264730327,0.041845917828884,0.0350533655042558,0.0511047902338146,0.0209301832990016,0.017660145628446,0.041833993575882,0.0243379129759906,0.0718519636427094,0.0232555951543795,0.0344615981787658,0.0220365995003254,0.0141362676848186,0.0527096447301584,0.0106190016437424,0.0396284434940796,0.0192111801417028,0.0570959726474789,0.0536660539076617,0.0408013447372615,0.0379065586814764,0.0239748504679363,0.0434541036368288,0.0252975137461897,0.0480564642633379,0.0510475378205485,0.0365171609221476,0.0387931907096714,0.051823214833771,0.06130253704067,0.0240365725555866,0.0441941674378447,0.0252071633610576,0.031886552116286,0.0254723307475614,0.00940145560947741,0.0485044141126802,0.0204384057427422,0.0272818455997941,0.0127517178667639,0.0216687243687762,0.0258250639457709,0.0270800902638409,0.0117403025102577,0.0160667765839172,0.0306283306617226,0.0176338989912959
0.0115718754602668,0.0641652702170941,0.0820806745217778,0.0437775496776311,0.0389641848949351,0.0216683408138311,0.0474702040631448,0.0632173887519212,0.0462470625432921,0.0437213830626517,0.0281182397202627,0.0384322187881923,0.0549091553610946,0,0.0597531430091233,0.059548951230838,0.0198034043245376,0.0713202791684459,0.0121760599520742,0.0254965590280485,0.0481666275579546,0.0521946112621317,0.0341378423823481,0.0687436356636344,0.0595572371315185,0.0560464623300096,0.0494490525719454,0.0846979067409061,0.0516737552465008,0.082415961269353,0.00915896299731019,0.0208821447297985,0.0435263032772083,0.0884432494652486,0.0222224367071278,0.0468118203717576,0.0467653961589151,0.0391589879672181,0.0929072409201495,0.0191345644586244,0.047843648937375,0.0537821173172705,0.027451578523723,0.0458850824950747,0.00609988627299681,0.019067765432766,0.0244355967293953,0.0560258423106979,0.0618866640460592,0.034593082248963,0.041042820395666,0.0342175749331999,0.0226842557541196,0.0474938360362056,0.0562958512863761,0.00244907166951482,0.0438715279940084,0.0558704779303769,0.0107056080490875,0.0159299891443019,0.0381900561550303,0.0319186658401059,0.0240221230964469,0.0194575872877464,0.0399118975508025,0.0339217168130676,0.0303933481945197,0.0360147125434894,0.0222713538464642,0.030425554813815,0.0275387361634803,0.0368794259457983,0.0226804425961642,0.0360948049033883,0.0180628774128505,0.0216972469414867,0.0238563141297218,0.0673640780719088,0.0294745707527414,0.0714120574020316,0.0697572850130283,0.03930012722914,0.0454428280112995,0.0297000114997288,0.0335247340249717,0.014537768401737,0.0313569371566437,0.0617562105026698,0.0492495588954711,0.0492988703592907,0.0336171057015491,0.0466003049373063,0.0439274703323555,0.0514577545887059,0.0544132496734624,0.0691610033771929,0.0119001439598331,0.0131704999534009,0.0717369157954476,0.0219620138475105,0.0284011206591349,0.0588035853291929,0.0564586913157537,0.0496481080983748,0.00448792431542848,0.038503930344123,0.0182400361705503,0.0453174002073374,0.047647273742563,0.0597463665463204,0.0246060506658034
0.026808490139767,0.0308765081250411,0.0223221200591685,0.0160673616948518,0.00111778529596926,0.0591155084529226,0.0334587876970474,0.0275490362849155,0.0102484653157242,0.0163205245430976,0.0307691125120759,0.019426120955155,0.00464358155921905,0.0597531430091233,0,0.0415994679998177,0.00515863154619781,0.0572992529595364,0.0291266346802524,0.0579777941112112,0.0253987405899286,0.00796607358137676,0.0401077941688004,0.0483077238712196,0.0348345567564858,0.00891048566800631,0.0570549109570523,0.0142732946533505,0.0366602931264122,0.0141110632901434,0.0597618742312083,0.0455538279004479,0.0524545598392451,0.0397057305433731,0.0196747538432174,0.0419518116514284,0.0449595397124556,0.01768002682605,0.00193982162550791,0.0411131247686275,0.0359049090190537,0.0151729850194706,0.0561607825683771,0.0341732140667214,0.0443342344543905,0.0354886703174996,0.0270714014852203,0.0183613190423737,0.0166471469597822,0.0223163063230433,0.0410948380085348,0.0102382260497615,0.0309452090500048,0.0458460954935993,0.044296548630745,0.0566752117451173,0.0276309685019092,0.0419506674276347,0.0210461168164776,0.0378460608081884,0.0548555992253385,0.0475673287863575,0.0341391249401343,0.0431696696236696,0.0435626595419413,0.0471454980273246,0.0129068251717153,0.0459808474489711,0.0418653383727949,0.0175771668360095,0.0444710169483616,0.0111369026613677,0.0451026589493199,0.0242395083685398,0.0453759237523925,0.0253959289720292,0.0211322719574289,0.0481744939446912,0.0166889824853451,0.0161253928474482,0.00629366202854613,0.0224023478336121,0.0264823309861064,0.0338849539389711,0.0372503595866835,0.00838874023561225,0.0192863452284259,0.0210737017085877,0.0186304199982211,0.0201928398932649,0.0210171428783935,0.0331981943712282,0.0433062032855394,0.0494228286822042,0.0330234280358439,0.0158006853344143,0.0142809277874234,0.0471319038222972,0.0168340854503322,0.00620921146106441,0.0419191843513585,0.0545846520285387,0.00876411678790595,0.0302407487648584,0.0204560097995099,0.0294042282765404,0.0564777271037445,0.0228128769239426,0.0210077878928222,0.023235688906399,0.0245021003621715
0.0142610367246369,0.0582811375461136,0.0715133605191554,0.0281718864558729,0.0191227321590593,0.0348111048143257,0.0444738578452124,0.0516433216531786,0.0208629978327709,0.03295089829914,0.0190973108534443,0.0175285078777077,0.035745231391549,0.059548951230838,0.0415994679998177,0,0.0205815472276647,0.0727518501292737,0.0263445643559377,0.0500222237706401,0.0209049314616614,0.0166706031166259,0.048770398431943,0.0422061473643723,0.0298707243652514,0.0492601516085236,0.0761338489792037,0.0781860682108497,0.0739943510864705,0.0607740330447366,0.0600603779540785,0.0485691977617778,0.0638613111238861,0.0910905378757055,0.0163152977664289,0.069564038875625,0.0430111050940001,0.0383320078367521,0.0694614302776771,0.0245817939816537,0.0225472800936477,0.0444550120180433,0.0675345729979686,0.0458096697655367,0.0198064668395385,0.0078097834133066,0.0314075549864034,0.0309268796711102,0.0186380774721928,0.034982447466936,0.0513081944082795,0.0236764293514376,0.0307408678625178,0.0532662834030763,0.0639145069927494,0.0427119756046153,0.0239655047994162,0.0620621485012117,0.0202241925722565,0.0261366646569794,0.0676290286774682,0.0493493347220922,0.0435977696445779,0.0304774298385038,0.0538190490973469,0.0521503975271637,0.0277985054126581,0.0640302101442786,0.020805735873645,0.0372299050830303,0.0474755645991888,0.0205212698976032,0.040245059193486,0.0255383607703826,0.0451226621267351,0.024880403428639,0.020031223011361,0.0598005079710609,0.0151866497359052,0.0402683183887389,0.0537362042232821,0.0362274117355026,0.0481337585600067,0.0214750249311541,0.0407782577185051,0.00848647815321538,0.0347396737669369,0.0384117466893048,0.0374589895996828,0.021003525880458,0.0299835465973265,0.0196490350567326,0.0244291651450324,0.0683684606903903,0.0512019376906976,0.044729210172098,0.0107273403093618,0.0315600916020422,0.0442932237976507,0.00981873711669413,0.0371416485530873,0.0239353233996677,0.0281880610714419,0.0122209212535105,0.0125937897641973,0.0316832987335648,0.0164747871737498,0.0296017006624805,0.0264304695556095,0.0270702988820302,0.0244943569450658
0.0340471760190648,0.0180516275513668,0.0077671124165845,0.0367134804435427,0.0247496009843055,0.0140033875079609,0.0172796373713743,0.0208495296917128,0.0270650358198755,0.0181049388193283,0.0212703843879881,0.0190459339715562,0.0129431752398205,0.0198034043245376,0.00515863154619781,0.0205815472276647,0,0.0234570678238508,0.0422378207939398,0.0099777525602215,0.0140048144827631,0.0196483914054309,0.0234924031365358,0.0216624153407219,0.00872199443743278,0.00993721638111554,0.0609914062138751,0.0227327991604718,0.0281653845391709,0.0159629315970133,0.0268489401265681,0.0328429531530157,0.0261781812848347,0.0208992551849093,0.0231342777316994,0.0262543436418292,0.0127369360158923,0.0254644646584454,0.00849452011621367,0.0302159021032509,0.0120066670115418,0.0138467603186089,0.0535093243613965,0.0498655006467417,0.0387263234831356,0.0140266079729153,0.0471361538741461,0.0198719081293435,0.00761976068648469,0.012860001215554,0.0182651851988251,0.0108825504230958,0.0136486945828172,0.0152261719957403,0.0214044687937552,0.0410968910358164,0.0387464057497526,0.0293606615663035,0.0329427606246841,0.0412058790325063,0.0330150425960946,0.0395245893240215,0.0263548262294659,0.0377217102283346,0.0348397130682726,0.0349458148077004,0.0100365698392872,0.0520279012727184,0.0148737135814314,0.0189301485819361,0.035001073952494,0.0145383781101454,0.027041393593018,0.0252600636089904,0.0480707283628124,0.027145975055235,0.0330300421936042,0.0282784304103751,0.0371552891707059,0.0398790558335395,0.012140917600302,0.0482437345619925,0.0406399585876426,0.0286994676505872,0.0271802180514036,0.050107918891575,0.0299799375655472,0.0092034785943356,0.0187126166036636,0.0260442500693786,0.0198417840361633,0.0183439181434609,0.0159654776918362,0.0234507166712984,0.0187105879290766,0.0155530421893478,0.0340081589493079,0.0181085514788405,0.0198239231559384,0.0183197829976016,0.0515713695914952,0.015066090565252,0.0125635251749251,0.0193045555665699,0.0325568618085801,0.0240319713398942,0.0338457737210157,0.0194332784496196,0.0276133274015094,0.0178809046014084,0.0218589442363879
0.042341039819482,0.0437440624373527,0.0431088916697102,0.023675349114626,0.050561539098272,0.0657214696749708,0.0251286197173398,0.0122075237247227,0.0655849067573221,0.0678251610141054,0.0355287212733474,0.0537081181697918,0.0568709604440164,0.0713202791684459,0.0572992529595364,0.0727518501292737,0.0234570678238508,0,0.0576688416347725,0.0745737922335837,0.0488000361780877,0.0667739706970365,0.0443772096251746,0.0884548323991804,0.0876674359868439,0.0498036547763952,0.0541057030676071,0.0480833674835876,0.0397671025182145,0.0449816847936648,0.0798674985703693,0.0417344703402951,0.0228867971113891,0.0392790027643604,0.0298041854094897,0.0521919685637739,0.0384409016716338,0.0435193975162454,0.0534965908467444,0.031630681835523,0.0605374613235941,0.0402768073423015,0.0460377928613078,0.0464636617588565,0.0210030292543083,0.0731158850585167,0.0366164141914383,0.0489360382634372,0.0756160627412029,0.0475471900853026,0.0570039981628705,0.0858228570865647,0.0442634046564657,0.0339769311772551,0.0474530145527484,0.0588316663484171,0.0259083355719005,0.0347955727128474,0.02987773130916,0.0530492472741414,0.0526278689334336,0.0404449229666066,0.0577596905942017,0.0277457862797549,0.039696641797623,0.0395103590101336,0.0761001544777103,0.0410064789394096,0.0291332204828749,0.0454132661192989,0.0328633391339807,0.0853017223467885,0.0761627723502479,0.0360362359509867,0.0268969045227108,0.0347336060017916,0.0413873986227479,0.0272301505909105,0.0506404697592532,0.0788748790102865,0.0611110541145283,0.0333014719109046,0.0410197862351909,0.0425481783038031,0.0426820167254999,0.0325479655226339,0.0539818323204321,0.0719271906257661,0.0682249679764972,0.0631787129378083,0.0491848348010747,0.111064340209888,0.0577726386293066,0.0320734288441708,0.0325320458157452,0.0664893745721593,0.0387106588850786,0.0593103728577334,0.0566722482288875,0.026486074396205,0.0425979152794494,0.0739774106085779,0.0743028806134231,0.0500174665810156,0.0268350711677616,0.02278657042682,0.0531501024207983,0.0207705310396121,0.034621912603244,0.0619532621087726,0.0637004428036099
0.0469089906908011,0.0642210967095423,0.0446200855780195,0.0365912961214245,0.0307779604695905,0.0240184466405527,0.0179512038577388,0.0334922082044983,0.0474830352989836,0.0476924044212397,0.0323078113944552,0.0234071400660007,0.0453792965676725,0.0121760599520742,0.0291266346802524,0.0263445643559377,0.0422378207939398,0.0576688416347725,0,0.0144142944985348,0.0324859618034326,0.0495309995397006,0.0180184544310655,0.0214893154628309,0.026596593969291,0.0511960662801427,0.0250477938660674,0.070717559760974,0.069487419926153,0.0688443790136063,0.00968631749600595,0.0184837844461278,0.0374932330063309,0.0449024697972264,0.0139160957773832,0.0764574537532648,0.032189804186891,0.0247345548251241,0.0427904889778085,0.0265620390223832,0.0483961072376933,0.0332586600860303,0.0404427011583081,0.0244010337815679,0.019317668100297,0.0467732420208514,0.0263554420750021,0.0192077927631302,0.0596818373654827,0.0503827882186163,0.0497950463485507,0.0559191909331727,0.0236776376600805,0.0341830876452842,0.0543148010796022,0.024419298017788,0.0217186349749087,0.0541028483364922,0.0150500923452227,0.0587287657638831,0.0551087813193241,0.0392571019307541,0.0553744094196662,0.046325537202392,0.051185495788542,0.0536341002331117,0.0450062519589006,0.0445214443450484,0.0312724188163614,0.0605810322322617,0.0239453015160115,0.030348846825064,0.0202687379347066,0.036779070304552,0.0411656572397337,0.0294010128417126,0.0634334159461866,0.028992474324928,0.0219928692172789,0.0451810357412864,0.0462459548058957,0.0258420277628027,0.0340306815935008,0.034938474576554,0.0306096399510502,0.0346083707665005,0.0313926090864825,0.0346870813423426,0.0465200027749764,0.0436136122710642,0.0316579818493236,0.0330236552590303,0.0454567587426544,0.0224103232366885,0.0276952543161698,0.0325703479828458,0.0358632669263432,0.0398703633811643,0.0414413751627522,0.0185992977521284,0.0373927956283064,0.0328257257533561,0.0316076860831639,0.0211532031050674,0.0183665295842214,0.0175336781043774,0.0274749846402782,0.0314313242746061,0.0349375473079392,0.0391106357073409,0.0553168019065876
