0,0.0629255912490972,0.0144184826026755,0.00624493159695048,0.00787748342661839,0.0151347077871545,0.0122126658444435,0.0811910725030677,0.0564130022414086,0.0150545821906261,0.0240194815064065,0.0244508065447438,0.0159516692383447,0.0722980743581389,0.0249438643354457,0.0303956870332039,0.0118923627715792,0.0320325756572203,0.0596380504612358,0.0543864830258668,0.0718157219968292,0.0247104654323248,0.02482328558126,0.0335137943786628,0.0465843631103155,0.00355859271369251,0.0570955491861137,0.0541441176462182,0.0321994897546489,0.0433680061290793,0.0429936078030215,0.0141027469519674,0.0158971310491533,0.0366844956007529,0.0174414924840553,0.0315122361987004,0.0303510145708761,0.0732556212266458,0.0222927965778958,0.0481623046931809,0.0871757615269194,0.047486802950553,0.0115849083951466,0.0497286562498249,0.0341634521503376,0.0548108901541946,0.00947790067129389,0.0345833216019867,0.0586334432993147,0.0275226831077025,0.0481982250584998,0.0481116500974064,0.0274663609167525,0.0695158234698762,0.0539514620798001,0.0720427443744895,0.0638715894060535,0.0297649977081698,0.0541698477279356,0.00837380398065033,0.0223879515510706,0.00959611048139042,0.010880129963101,0.0122161897107024,0.0226087028578843,0.0170388694155656,0.046325058683639,0.0118819201660668,0.0300250827711251,0.0283819328857444,0.00926339681420836,0.032348243111569,0.0222548672063255,0.0316947202476546,0.0307438131930339,0.0241053197370985,0.0471285289731785,0.0359920470838961,0.0511998408635932,0.043163073739539,0.0578565681970123,0.015756534292452,0.0555366646258845,0.0415384456746191,0.0288673263437041,0.0834524992395551,0.0396348041236509,0.0257128469230896,0.0351713365691791,0.0324790673018709,0.0128545909747214,0.0421094062837009,0.0397414553582569,0.0164554383817613,0.00947326605476746,0.0231327129595833,0.0181967678280644,0.0144054909225881,0.0331555138420588,0.0211026111265224,0.0390558023672604,0.0242905443104756,0.0413799583831143,0.00505619744844257,0.0560371131942206,0.0164266190852551,0.0105229504691979,0.0097188077045377,0.0691988998752613,0.0255754300801103,0.0564201968645015
0.0629255912490972,0,0.0608811782986591,0.0780887457135497,0.0499367388880033,0.0557750129050329,0.0393163924486914,0.0414936520383278,0.0666812176749373,0.0388417945994488,0.0193935193686618,0.0534603555416666,0.0257871197446307,0.0470985366187335,0.0711448687759791,0.0195266282468357,0.02509191500093,0.0429955871717391,0.0894162571848614,0.0071071679204048,0.0885806256073223,0.01148025847412,0.0758098465198268,0.0248362350923091,0.0304046773517132,0.0649774752505014,0.0224013039900175,0.0290425656668787,0.0519204621386254,0.0685346236920136,0.0673958897692022,0.0165344187246648,0.0764412129314029,0.0367599998978114,0.0562221385529419,0.0747358412969446,0.0753839525051243,0.052880062007325,0.0173997069533033,0.033537831146358,0.0285050798878777,0.0168215380232527,0.0287325869881461,0.0407426665989507,0.0511428731755017,0.0607653854576848,0.0720539274305045,0.0148599270203861,0.0324168732272995,0.0239771534189644,0.0812762620477913,0.0617285996753471,0.0236838789016266,0.0105152335927239,0.0558225481520936,0.0254316364477735,0.0837848628974389,0.104331894402599,0.0258728376124192,0.0133140103009224,0.0363175628664091,0.0198746501381975,0.0508598161420418,0.0662894046694234,0.0448731702517725,0.0534267402486596,0.0898424716398286,0.0692455347491414,0.0515312700238026,0.0482645950006227,0.0879234864508783,0.0145991494449879,0.012487321390726,0.105767061905971,0.0908709703774663,0.103823425765274,0.0801047421175626,0.0187202826836316,0.0681545993145456,0.106248487975324,0.0699764694208872,0.0722828940700128,0.0123996419070593,0.0479682363191337,0.0868963264532001,0.0397880232437268,0.0826252794307014,0.0678547636474172,0.0545815465483732,0.0130240139314304,0.050235709846534,0.0182336253558091,0.0169560299123834,0.0488353509245791,0.0224270845636149,0.0135135891108631,0.0385522832955692,0.00591001462314977,0.0373870823811228,0.0265605642648959,0.0132660727793857,0.0508796610053607,0.0147599687580884,0.0157676273955842,0.0338386692608943,0.00609524812533149,0.0310841998582059,0.0531162254859121,0.0160000330274379,0.0171807627493223,0.0489275397175347
0.0144184826026755,0.0608811782986591,0,0.0142740439015757,0.0124424569282019,0.0253701426076222,0.0290122660502384,0.0295149976019017,0.0739147722183659,0.0160687036173542,0.0274222039620531,0.0214545376769863,0.0288181522200497,0.0366737722100534,0.0121928583619278,0.0102626817184381,0.0333619847796927,0.0260965110141356,0.0175774247756242,0.0703024247935637,0.0431886441328321,0.0132819183494886,0.0168211759702487,0.0561079576055636,0.0598617735599851,0.0302447384710982,0.0578200993653643,0.0571364134872641,0.023201269410561,0.0142661465793894,0.0133866381036738,0.0314229384852727,0.00553309013789865,0.0542885263315847,0.010270337972329,0.0188326155660764,0.00676820057157316,0.0671475137897795,0.014511945088254,0.0194635263660997,0.0595618637408906,0.0415327936594227,0.0159245637603687,0.0628276548405894,0.0177002490151611,0.0199824358204298,0.0141027076812792,0.0225143278330379,0.0467090913513114,0.0364889845328246,0.027124769098186,0.0325010210071223,0.0502904639856579,0.0618534157588168,0.0417936038645177,0.0574205707856697,0.0404291100328626,0.021033812482964,0.0356104786150901,0.0167708865121858,0.0218506714380293,0.00829184630466139,0.0154615661110937,0.0229521637983007,0.0278905711254321,0.0190702129700755,0.037426643695852,0.0164020741614552,0.0233943463679425,0.0261728183706592,0.0357764380520856,0.0159137613976192,0.0267413676969251,0.0247328040493974,0.0193758590107096,0.0231702168181025,0.044899870559971,0.0474695012171979,0.0366169755774434,0.0324095689125204,0.0197729213703421,0.017469611976351,0.0746456252893591,0.0203123584770865,0.021735411159438,0.0291317670931175,0.0265269206451417,0.0158424730302713,0.0325156004651684,0.0339713868207425,0.0172343339865496,0.0314472241590976,0.0242389307640681,0.0138304912735819,0.0220584721753183,0.0165147624409315,0.00519845464729282,0.00760720482163916,0.0400229738816023,0.028208954807031,0.0268784049292132,0.0260559921702103,0.0357640626186292,0.00466589835502229,0.0176944493529495,0.0158429244911849,0.0117836456591782,0.0166905445429717,0.0315987154086434,0.017166319917073,0.0376170842616008
0.00624493159695048,0.0780887457135497,0.0142740439015757,0,0.00859400376788929,0.0122187433619142,0.00763117384297704,0.0598724879285176,0.0800968844587443,0.0121116072862355,0.0164541605094439,0.0156820311964524,0.0334005061789153,0.0479064042752523,0.00537571124149871,0.0156720871791642,0.0198007669896781,0.0410206157793806,0.0255350210434831,0.0658392310138364,0.0619356967938538,0.0270923810318749,0.016427307453091,0.0426263422470883,0.0523903077155609,0.00677184064705116,0.0707114507435934,0.0602222695761802,0.0142568675016447,0.00656912391228097,0.0111800721290071,0.0209621913446552,0.0126904545621157,0.0529058034548273,0.00292443319382328,0.0215725728395525,0.0165098566468998,0.0779075278961315,0.020572136455639,0.0718461800999905,0.0990251723705891,0.0373055087596162,0.0118351541697526,0.0643326766564065,0.0541718510958219,0.0473763806061396,0.0124147727333094,0.0251853792399392,0.0604972330775817,0.0278910794763416,0.0450556206328306,0.048243130904284,0.0376590304237893,0.0655625171281827,0.0455343820749615,0.083377708699313,0.0586710943947413,0.0186342806356233,0.0580585254235353,0.0100400470803931,0.0223900955108731,0.0186147325910352,0.0127846930183838,0.0127437959614269,0.0189097267632598,0.0108195342756445,0.0389896080886633,0.010648007839633,0.0244095881479917,0.0221587337940284,0.0168622369667901,0.031515289992091,0.0196545597939951,0.0215162535818684,0.0226732469999072,0.0256333489248324,0.0379695540112945,0.0394595455711204,0.0458990926132468,0.0313824260527966,0.0356772734680334,0.0232643198195994,0.0681952358664437,0.0364843458050714,0.030097638666235,0.0488695631721408,0.0259718206877868,0.0527285871165105,0.0316269435265873,0.0411367255843911,0.0255264777164676,0.0408083499386794,0.0356254518267695,0.00904096957895848,0.00859053798500126,0.0165244610199332,0.0184072977149905,0.00823791289557279,0.0325742604908665,0.0372961810451185,0.0387262043975278,0.0220840630521192,0.0361801916378804,0.00902504906735938,0.048974681180041,0.0126926301244567,0.0111742671662541,0.0100608153024856,0.0646967801950768,0.017700288564846,0.0482858075963321
0.00787748342661839,0.0499367388880033,0.0124424569282019,0.00859400376788929,0,0.0077014804679088,0.0089190943581465,0.0385201806769139,0.0507037882973589,0.0109491532292723,0.0186893547297838,0.028198820815839,0.018662249164559,0.0381155016413719,0.0204315840060823,0.0283946550333109,0.0182680929900979,0.0292651817023906,0.0129199356314261,0.039558403141603,0.0356056030463245,0.0199256263800714,0.00829367017439624,0.0260421936821476,0.0290338513233611,0.00369588927368914,0.0655270199309921,0.0383913721022015,0.0156337975736203,0.00568837039155777,0.00818693080234903,0.011901830625163,0.0220264407814791,0.0305515408417211,0.0156971941452814,0.0200736511453059,0.0195716057218904,0.0581016685627684,0.0231298538477855,0.0534694004930803,0.0862028289577059,0.0207323568938763,0.0152475677520681,0.0448876358204918,0.0334830310107334,0.0351092351781969,0.00272987476047796,0.0173105324701744,0.0429684774451757,0.0219907525283688,0.0409353418109283,0.0414387650249126,0.0339126146713423,0.0575177820814057,0.0279831993683161,0.064400462572316,0.052228578773131,0.0289511767338201,0.0386104967551589,0.0144011404986336,0.024802808793641,0.00818729668929466,0.00775778809152958,0.0190489385354526,0.016427686235425,0.00614188420431059,0.0419997184719422,0.0223356499128703,0.0282536524636177,0.0391391949763737,0.0103035026454523,0.0236308441705614,0.0372158903198159,0.0333045446956602,0.0301592084914749,0.0270323430325713,0.0278098562426932,0.0242111483019547,0.0428427914060868,0.0410380210308755,0.0436093003746166,0.0139861928525633,0.0496230587723874,0.0273425444814965,0.0261751261332777,0.0808858260215184,0.0315336928162363,0.0184067015810747,0.0358813461826697,0.0349756963969618,0.0171598815756748,0.0265650131637092,0.0354892621446716,0.0128549746317306,0.0140993964656085,0.0172745262766511,0.0163312603905855,0.0137876655615814,0.0368340978077124,0.0285021383490799,0.0361833037501123,0.0240647070919542,0.0352458052977722,0.00464510767799458,0.0564625296577034,0.0117471589314101,0.00835225586917448,0.0155706041658705,0.0763881854144326,0.029005536703226,0.0398120218222799
0.0151347077871545,0.0557750129050329,0.0253701426076222,0.0122187433619142,0.0077014804679088,0,0.0114722883565381,0.0204873812934704,0.0183432056023958,0.0158161788303809,0.019235416308133,0.0123383380983618,0.0200024172168954,0.0197168396230522,0.017686426697822,0.027786243216488,0.0161852856372296,0.0671170687306664,0.0254955679971321,0.0517441317386005,0.0540836811925583,0.0127164541136402,0.0365459713851213,0.0552644699822117,0.0510553063120305,0.0323059914780052,0.0475076473707593,0.0223732713251966,0.0133913737205876,0.0208365188705214,0.0126343235520594,0.0308845814554261,0.0279168272406955,0.00305658350900853,0.0172368404063371,0.0313388382078797,0.0246322964749762,0.0571215915225564,0.0215440305197987,0.0366929045046574,0.0623205867389586,0.0390629240687038,0.0330800244563105,0.0441507829492519,0.0174155171425535,0.0289814714389684,0.0264233913687977,0.025422057334051,0.0690904400269173,0.025817748449324,0.0311555260392008,0.0335672606710117,0.0112938073856453,0.0506775788805439,0.0566404663784585,0.0555249940941533,0.0478485621179402,0.00630839030094359,0.0135257145653648,0.0115087838438976,0.0367774600261625,0.0166610988254054,0.0270984608649264,0.00611983403476051,0.0279232542656072,0.00689097972367493,0.0295554198931971,0.00394697875725836,0.017145116575542,0.00131683022508405,0.0149815252576153,0.0167443623388243,0.00990678755747046,0.00713746667607575,0.00303720820492666,0.0159924065821797,0.0571373090169756,0.0476973142808385,0.0617371674311331,0.0114840139412774,0.0155273972039023,0.0140928215587751,0.051174646193334,0.035581380640175,0.0301262580880168,0.0619763970406647,0.0127587139139252,0.0185100207903838,0.0432091795704321,0.0421492324012379,0.00735022138139312,0.0392900677752196,0.0546295633150744,0.00951766411467233,0.0121594452398815,0.0376173162738711,0.0127243224250866,0.0193476935306854,0.0156811560958945,0.0290909994882138,0.0308222474204807,0.0148085582316105,0.021489763776514,0.0204509312950963,0.0586169228777204,0.0186210248485863,0.0208561862705622,0.017668925858917,0.051039049347579,0.0210156786346687,0.0438358593858205
0.0122126658444435,0.0393163924486914,0.0290122660502384,0.00763117384297704,0.0089190943581465,0.0114722883565381,0,0.0234979818816545,0.0462156299562559,0.00940338294752774,0.0328157104808525,0.0211195044671421,0.0204343783982721,0.0143684267764579,0.0310910102142495,0.0401340061854947,0.0128250436397222,0.0479772502115422,0.0505867760988923,0.0412530823685581,0.0748668971210009,0.0242548236417056,0.0429156908503564,0.0376991960804987,0.0464237401723746,0.0174056540875044,0.0539628612862678,0.0276225069363513,0.0446812555770708,0.0331482314411469,0.0256360817087834,0.0215710025803663,0.0191136002489629,0.0258754699642669,0.0126695992057768,0.0529518420884929,0.0312762001648027,0.050485922889036,0.0105903311170826,0.0498817451940207,0.0746728012234902,0.0549581257877653,0.0266273114308502,0.042493289028285,0.0313143293113589,0.0473414682057183,0.025029317816859,0.0162814987096028,0.040879621097803,0.0159555653139954,0.0475089409632886,0.0407169348874724,0.0325620994162668,0.0590932208619333,0.0346528629663964,0.0603280113204427,0.065714779042263,0.0271802922016765,0.0403833426118397,0.00967409309438452,0.0171545078164668,0.0132795548116458,0.0123316256202376,0.0150040437279362,0.0261611651964337,0.0243960322165334,0.04740923974802,0.0200729713937963,0.0194779869514682,0.0351419728203488,0.00846071415591043,0.0187877394938643,0.010321539074562,0.0341907900895176,0.0417796700218236,0.0256071393299857,0.0474566973575447,0.0384354494041898,0.0763131769164148,0.0480935565711929,0.0624931385660931,0.0227707736793432,0.0476873997035796,0.0441579720462058,0.053177721082676,0.088723898003354,0.0346049812337349,0.0163549637395791,0.0437556212564614,0.0287751878533509,0.0186802969984878,0.0508384606501284,0.0262212759981744,0.0152921847053272,0.0158641655958923,0.0258814050135479,0.0203340487586216,0.0149147411565695,0.0293031126231864,0.0202653314459453,0.0350666164539726,0.0226905594036031,0.034481179545301,0.0125772792168519,0.0761734606592914,0.00974799356812975,0.0142698050576294,0.00735446182188745,0.0855267540375893,0.0348541124949659,0.0382867349454435
0.0811910725030677,0.0414936520383278,0.0295149976019017,0.0598724879285176,0.0385201806769139,0.0204873812934704,0.0234979818816545,0,0.0364411928895008,0.0249239531303687,0.0270533849651317,0.0386490665240894,0.0130093992738964,0.0145671320532226,0.0674084278406986,0.0353041052098381,0.0182012537946888,0.0157488011945634,0.0866503334920655,0.0331998606947557,0.0868419726728032,0.0125339978919053,0.064563730764119,0.0269973565114949,0.0404814345127328,0.0254420882638064,0.0240627716438358,0.0191799168145073,0.0608669454997339,0.0911597130302669,0.0792430987015678,0.0244094154657737,0.0236561837064203,0.0298025523754288,0.036791356915533,0.0655641647555228,0.0675885791800687,0.071107811314239,0.0185183757758662,0.04435576492121,0.0618085564094094,0.0458949251045929,0.0149321828924044,0.0457492765342466,0.0335919298293844,0.0384872772390145,0.0445338406365054,0.0286693632200199,0.0334827578923672,0.0226248182558905,0.0592128149141154,0.0526391064889633,0.0242586760233155,0.0500432803481414,0.0221391073300956,0.0712283997926107,0.0808005892504856,0.0494375927058897,0.0524681788158238,0.00414666673409953,0.0089315810868278,0.0134583897403328,0.0143706915569852,0.0191232739744815,0.0100750468882757,0.028059949928143,0.0586509959739995,0.0264778373711654,0.0338631850834892,0.0208700961805429,0.0327184063011934,0.0290458523640151,0.0146323752758243,0.0495634092202313,0.053592826258575,0.0420138004855749,0.0575564383732295,0.0234759411959843,0.0740749039972002,0.0620433346879286,0.0686635743773828,0.029368296931209,0.0396688676451598,0.0471945533502217,0.0387799415168169,0.0758432287998617,0.0390111814984651,0.0154796394311528,0.0424829520746692,0.0262851190610941,0.0172859762385043,0.038135240983175,0.0146999317047853,0.0287659626707393,0.0126453881999583,0.0325864699318575,0.0325751714061566,0.00714966030975109,0.0297224110572725,0.0177970451708886,0.035066338297048,0.0181428069019414,0.0359495767104909,0.0128381495814646,0.0581205218713911,0.0178590872244151,0.0200444464960235,0.016058591538581,0.0498248505627597,0.0255896721534261,0.0602329116606166
0.0564130022414086,0.0666812176749373,0.0739147722183659,0.0800968844587443,0.0507037882973589,0.0183432056023958,0.0462156299562559,0.0364411928895008,0,0.0233857835669898,0.0372986696845383,0.0463745744031684,0.0250987203243453,0.0478122586703559,0.0582324515117249,0.0310540352339686,0.0336553168087834,0.0277041829990597,0.0689784891784001,0.0731496930933814,0.0964768089417168,0.0111724591219123,0.0839546450039315,0.0773331390208535,0.0655658522993712,0.0508388534532529,0.0250041772604829,0.0471788240835558,0.0583561038612602,0.0551578663576728,0.0663220063336334,0.0344521051994579,0.0345846476464603,0.0312945410244937,0.0296501316115139,0.0805357228623214,0.0248724455918253,0.06923260962264,0.0270924285536933,0.0293716347228271,0.0552900708293185,0.0351139760212938,0.00617496004213897,0.0359689530542328,0.0390803437060766,0.032236134331828,0.0587299547732476,0.0353671498964617,0.054483843272589,0.0312642602684176,0.0781372623202632,0.0628653982587412,0.0247545508932154,0.0525352228412114,0.0423143954164533,0.066469137089905,0.0975199426815001,0.0560905263977819,0.0420054854544156,0.0207696115343835,0.0163109471590735,0.00768548841281426,0.0317785632321141,0.0360054576832596,0.0260886115882431,0.0453735962118603,0.0677827241191602,0.0306859054312364,0.0336241512879381,0.0213251886229984,0.033554073449829,0.0169216883203018,0.00228258450002257,0.0542309553652056,0.0474692613207402,0.0597134246183776,0.0538583606102285,0.0426230570062477,0.0990010473994862,0.071101897012118,0.0557974058993176,0.0508936305033935,0.0880330263325645,0.0620050949178929,0.0404284441678082,0.0657425215487661,0.0150808466095872,0.0334637697795048,0.0586171310625475,0.0208236452489792,0.0425998559756866,0.066688196864906,0.0252602236216161,0.0320630563862227,0.0188093090031504,0.0415242839041418,0.032527140599575,0.0127767269895872,0.0473133735632681,0.0222821462881159,0.0180670971322186,0.0336156002261741,0.038162641948683,0.0285690306837703,0.0578325366852653,0.0274430678555256,0.0438671947087903,0.0451235143768803,0.0442306706228983,0.0166473859666764,0.0658820003536094
0.0150545821906261,0.0388417945994488,0.0160687036173542,0.0121116072862355,0.0109491532292723,0.0158161788303809,0.00940338294752774,0.0249239531303687,0.0233857835669898,0,0.0124340008565731,0.00344017622829678,0.0389483559324155,0.0182684999326068,0.0122748091246766,0.00681562194131465,0.0333548336614329,0.0454518068779785,0.00480267023359997,0.0249625527795314,0.021609709365344,0.0170338857497607,0.00519021589530781,0.00900175548916421,0.0230325647589198,0.0198865058543606,0.0372134349844051,0.0446540112621307,0.00384724803835563,0.0134401934444644,0.0147970317751877,0.0142788270509486,0.0173198934638764,0.0150504434720644,0.0097865457154206,0.0105937912231035,0.020819658418812,0.0432553137161829,0.026815647672888,0.0458880005765023,0.0578293084425544,0.006474563188817,0.0209676691980701,0.00908353046392094,0.0303872945488076,0.0259957575054848,0.0166661934617153,0.0108668155133697,0.0576319517741723,0.0228307337786151,0.0218905107669061,0.0241583985042734,0.00728338800787617,0.0371792983923516,0.0381589885379519,0.0369789602055847,0.026842560872888,0.0116729475214633,0.0209661787366754,0.0147301220895032,0.0497882605352394,0.00575898870006423,0.0270625075054461,0.0133345181888844,0.0312507519692083,0.0227130597569396,0.0224188196708727,0.00951701974926811,0.0213795378545822,0.0124490929765898,0.01461542601094,0.0294869537675639,0.0176945056829484,0.0157431388327442,0.00972784189613727,0.0141019156424731,0.0132054730122715,0.0249342330173058,0.0240855930606961,0.017778905129715,0.0183493495189852,0.00963030554491777,0.0315496012650526,0.029646975334678,0.0262921690946359,0.0446119079238804,0.0198132786512319,0.0247701782264633,0.0104661924237814,0.0254751577628036,0.0198840442712202,0.0243310168321237,0.0246403182202781,0.00638283301394601,0.0145531530111963,0.00753955658856416,0.0263661973757059,0.02851665847293,0.0137079332909588,0.0153859786668644,0.0248007203983829,0.019701181935238,0.0115659843342102,0.0183368171141408,0.0389451827059559,0.0102588438554151,0.00430898874642431,0.0269432337405881,0.0527698073552119,0.0260893946785458,0.0301989636665675
0.0240194815064065,0.0193935193686618,0.0274222039620531,0.0164541605094439,0.0186893547297838,0.019235416308133,0.0328157104808525,0.0270533849651317,0.0372986696845383,0.0124340008565731,0,0.0208060154688253,0.0412838900085799,0.0306172231527945,0.00855727803279874,0.0141768013003956,0.0219823015606592,0.00974820694049175,0.0133011014163759,0.0425097791127512,0.0162366523639433,0.014661613690413,0.0127599478636904,0.0620829694415687,0.0341703233439634,0.0232715309532988,0.0429713869621843,0.0231464800557251,0.0283024842780325,0.020871852906049,0.0215479249786869,0.0162422131068593,0.0188844965114399,0.0237145281461153,0.0221030630728586,0.0135487148702086,0.026245826570123,0.0073354824142874,0.00710252969596898,0.0495726031211822,0.0314269694202949,0.0186758332290211,0.0204706628150042,0.0258662197029067,0.0342679922628979,0.0356186253221724,0.024606153619356,0.0431449596957125,0.0103837411259249,0.0175822742512103,0.0203252700853679,0.0339931365239407,0.033456270469123,0.0300854260635484,0.0256709504298566,0.0286939453688519,0.0282875008276849,0.0105362071618023,0.0341107814283336,0.0203139997396989,0.0285247540603565,0.0191756112609351,0.0232758022787827,0.0284068652528175,0.0205648538429608,0.0275643052754681,0.0241915682607095,0.0231130181547989,0.0294489989387197,0.0206152954038984,0.0198826816142636,0.0450456542440869,0.0200762012048478,0.015325770665082,0.0276403882888614,0.0127819884160202,0.01672851190269,0.0304299863467925,0.0183592979086926,0.0162249090422357,0.0378474325893568,0.0221908158547029,0.0344051417711428,0.0303091398425202,0.0272898972006824,0.0422538408113594,0.0258851863512595,0.00828694766069228,0.016756599717974,0.012919138064378,0.0206299689710365,0.0337530134594359,0.0410868796617309,0.0376362753880749,0.036570724836274,0.0251917133092531,0.00772943908076546,0.0213539529014496,0.0268015113166885,0.0317172552891142,0.0199030532129583,0.0270048108754746,0.0385605663272187,0.0369320426084056,0.0132627634855045,0.0266058762026703,0.0457200635559855,0.0195687488869741,0.0512458249245911,0.031158779132271,0.0222984709484635
0.0244508065447438,0.0534603555416666,0.0214545376769863,0.0156820311964524,0.028198820815839,0.0123383380983618,0.0211195044671421,0.0386490665240894,0.0463745744031684,0.00344017622829678,0.0208060154688253,0,0.0153995737555965,0.0478830437005002,0.0411362112097045,0.0212293073440672,0.0233516629059463,0.0319901619275379,0.0148413532731206,0.0448616070428639,0.0351946181617095,0.0148346652648558,0.0105513246147058,0.0172627304244513,0.0314982762731768,0.0224884929384898,0.053950688533064,0.046363925756322,0.00607761585119381,0.0165825276265727,0.0236024047875507,0.0171715490925011,0.0404431721117939,0.0299513524705215,0.0206371158409168,0.0101254790381135,0.0227662973319032,0.0497427551768205,0.0216109429817995,0.0336420904734113,0.113112758420723,0.0383667389133805,0.013063398629279,0.0471444894500703,0.0293961279933639,0.0334847274969396,0.0199396174109974,0.0123740591472294,0.0848151970630776,0.0221077185455952,0.0440146414423153,0.0403477074662306,0.0319450506446836,0.0720095256370803,0.0392833420997708,0.0710762836268442,0.0576004214154259,0.0295657380109595,0.0508503580085517,0.00900205802644471,0.0491957356081582,0.0106098670200821,0.0313163562354095,0.0145277980198482,0.0420277767676442,0.00654149440675642,0.0381496461105988,0.0253673764528702,0.0280986279763754,0.0339836697340687,0.020577559988074,0.0270139449311832,0.0234092002248174,0.031656311501043,0.0228674980674788,0.022302033716236,0.0206010096272659,0.0218146861203102,0.0257639831786751,0.0351102293480637,0.02547180092453,0.010888201385051,0.0500969867243516,0.0297928629536035,0.0306787279686566,0.0649616966180997,0.0278609303843159,0.0242844800221461,0.033579013086064,0.0203190071964098,0.0187078136418187,0.0155920804528961,0.0330241897525832,0.004964943113076,0.0222632609131403,0.00562805938804235,0.00988274185629477,0.0087817908743275,0.0257320725540823,0.0253676496257329,0.0276200836173316,0.0250672061931132,0.0350778927004578,0.00976146277153548,0.0530865230736206,0.0178865981780158,0.0121172854922638,0.025432552878969,0.0742901919127137,0.0262044567676437,0.0522425153546905
0.0159516692383447,0.0257871197446307,0.0288181522200497,0.0334005061789153,0.018662249164559,0.0200024172168954,0.0204343783982721,0.0130093992738964,0.0250987203243453,0.0389483559324155,0.0412838900085799,0.0153995737555965,0,0.0120812197235043,0.0323801117650009,0.0257352536654316,0.0395841772308812,0.0234219322042521,0.0236115293419847,0.0225329205659934,0.0537745668060784,0.00844224863104114,0.04113383590697,0.0354337027699983,0.0135657597135187,0.0540901899006624,0.0333722695867569,0.0106725005957073,0.0220163331003404,0.0219304364085412,0.0177380327540698,0.0207441553539627,0.0207795234046066,0.0199441038266046,0.0146704682121549,0.0371334160899795,0.0192826380171625,0.0639604174119193,0.0121919845387639,0.0246565462441037,0.0166069626315088,0.00537104567699473,0.00886282582345892,0.0508431244159652,0.0108831004436444,0.00955178134312176,0.0222314553564456,0.0113750306889549,0.0220279337582904,0.0183685484611904,0.0373751165372389,0.0345504205289234,0.0265935396577581,0.0575434066391152,0.0342656732346528,0.0340986354428909,0.0410485560009966,0.0357628536845252,0.0225499679847247,0.0224706760247195,0.0112161104645531,0.0218074974676879,0.00911041858300318,0.0311094499147415,0.0206028720902088,0.0137257513593324,0.032755949258839,0.00535226487627727,0.0150665251495418,0.0247106272153638,0.020382183677255,0.011717709074228,0.0220706028813421,0.0238742422059076,0.0110662556434226,0.0246049344161266,0.0357996123779159,0.0590733573507533,0.0448736900241487,0.0268288134304083,0.015167371730325,0.0218213920956183,0.0308827584618845,0.0148068124091327,0.00505478030245826,0.0426347568867325,0.0164509387403902,0.016273791616452,0.0298149046954753,0.0403960213766682,0.0158680438300923,0.0184749109855512,0.0135361092364453,0.00990843184266252,0.032413968899716,0.0179856364089317,0.0109470738939179,0.00153291274649945,0.0156175655862374,0.0221255200376571,0.0100709848325446,0.0205676318133241,0.0383570045822456,0.0142966277981087,0.0404214693182493,0.032073600408072,0.00675182456703714,0.0194317424182183,0.0397586262115163,0.0172754527677397,0.0320718214137593
0.0722980743581389,0.0470985366187335,0.0366737722100534,0.0479064042752523,0.0381155016413719,0.0197168396230522,0.0143684267764579,0.0145671320532226,0.0478122586703559,0.0182684999326068,0.0306172231527945,0.0478830437005002,0.0120812197235043,0,0.0810689987841976,0.0396992723486507,0.0182133439884717,0.0242496620291124,0.0959734420205457,0.0550361662153925,0.0993833210870697,0.0131524535781582,0.070637238566345,0.0406993198323717,0.0521819939646871,0.0216195089321193,0.0333435065674496,0.0327325633107776,0.062948584466709,0.0773279836031028,0.084714353741416,0.0239818879302222,0.0236643267488301,0.0332853830145649,0.0258727384429743,0.0716811012172953,0.0682329222736479,0.0830364215249239,0.0111191986773551,0.0353221702101912,0.0726682258820702,0.0486923759269501,0.0164729033086526,0.0562880525490647,0.0226434487118449,0.0378005909767279,0.0459054477518781,0.0240564158629313,0.0385220259174613,0.0226225677228225,0.0712349602933377,0.0624616010816801,0.0358561942592192,0.0663152980876786,0.0271716824970238,0.0756800554856541,0.0963028117736102,0.0588749767775871,0.0577334963777616,0.00648473586198615,0.0158709894745029,0.00873097386222693,0.0173344625498312,0.020503331112261,0.0199447042097975,0.0312607547139968,0.0736294265817335,0.041271741599561,0.0364318704973339,0.0303872335610166,0.0246923040038935,0.0300506734556145,0.0165219865962306,0.0638888574170585,0.0762964550264553,0.0504712645563218,0.0688787036619267,0.0316477654058562,0.0794686080757138,0.0775305969941962,0.0920687276272847,0.0244647383591866,0.047519400404543,0.0516190016607505,0.0495735988010694,0.0960877555406424,0.0473095389162781,0.0102935851547967,0.0565619022880987,0.0326716260283667,0.0114227973962531,0.0407983750666597,0.0164269211422507,0.0302483291355909,0.0149270551422042,0.0337521142043823,0.0276001592659553,0.00478786381479752,0.0371503925812696,0.0160671265075398,0.0380180939501898,0.0134012383340617,0.0482904790557546,0.0123736257222539,0.0604808870999781,0.0177191907056624,0.0151291819810056,0.0098289375493989,0.0623048412073537,0.0285928877795911,0.067118141154643
0.0249438643354457,0.0711448687759791,0.0121928583619278,0.00537571124149871,0.0204315840060823,0.017686426697822,0.0310910102142495,0.0674084278406986,0.0582324515117249,0.0122748091246766,0.00855727803279874,0.0411362112097045,0.0323801117650009,0.0810689987841976,0,0.0188948938305201,0.00906196444066767,0.0382668611741711,0.0283369025942424,0.0682065127846687,0.0493265320550707,0.0228930153591454,0.00889744566914867,0.0363900979799332,0.0498430465370769,0.0177886588705884,0.0543479675943103,0.0676582779438579,0.00977151189604075,0.0127323295354403,0.0165817461115957,0.0117241913186462,0.0243736035280274,0.046542757015979,0.0139228777036442,0.0115130596455584,0.0275857943147194,0.077182805457533,0.0220414014656738,0.0332448079989297,0.107544176131614,0.0486043636154469,0.0117908551587204,0.059864196198849,0.039991919707788,0.061428672928538,0.00437930829082964,0.0471051853600228,0.0581734553175734,0.0252649230350956,0.0440161391619796,0.0522582581270103,0.0328756381680641,0.0788783342947484,0.0608978434542423,0.0708048430333415,0.0625821169449824,0.022020014145958,0.0461855834013084,0.0181353568907074,0.0273432112094395,0.0107257015410216,0.0165481240118137,0.0138540046447441,0.0312149891995109,0.0103897193401885,0.0472294655525835,0.017299792724008,0.0288015971836914,0.0293698352189179,0.0191957104401261,0.0377200822635095,0.0207298317928116,0.0322860096244292,0.0321742958618693,0.0204411955011545,0.0380114288679908,0.0329444773378179,0.0189668523091062,0.0452476573897015,0.0567055911250633,0.0166056765866693,0.0837496119840799,0.0228425325158882,0.0427529671535576,0.0691459408327578,0.0638693258191911,0.0345608984649636,0.0202703744523772,0.028034537511848,0.0138671921097832,0.0400250635411157,0.05365786124652,0.0226934795940835,0.00853228164521658,0.0161529837681775,0.00528261454539414,0.0219050347391659,0.0383250318512878,0.0190068630521777,0.0413402350906981,0.0243088933185606,0.042838940565679,0.0116334252292436,0.0391145172511517,0.0135670226634738,0.0150850542449001,0.0345021490349166,0.0597870886297176,0.0222775503517394,0.0689629643269326
0.0303956870332039,0.0195266282468357,0.0102626817184381,0.0156720871791642,0.0283946550333109,0.027786243216488,0.0401340061854947,0.0353041052098381,0.0310540352339686,0.00681562194131465,0.0141768013003956,0.0212293073440672,0.0257352536654316,0.0396992723486507,0.0188948938305201,0,0.00669677149764168,0.0150569346333709,0.0154065915545786,0.0418461089051542,0.00563545050697074,0.022571490249712,0.0152264286172205,0.0459731627048795,0.0193288881065896,0.0213455596238879,0.0482815366016027,0.0494238643668493,0.0280118988241257,0.0268960396380429,0.0227340143726579,0.0149619313033616,0.0291735352911396,0.0315339457157411,0.0321971927863766,0.0175360161765549,0.0189138817719375,0.0166644815209149,0.0219334893576281,0.016856336154555,0.0711150971259667,0.0416330896012688,0.0305302409548386,0.0350139788693026,0.0371901372774701,0.0403565875169727,0.0169065389474739,0.0490819990460577,0.0309046403917225,0.00784634447113931,0.0245924951726077,0.035015013682966,0.0283264830209667,0.0558639673848199,0.0422655266304198,0.0490928805232498,0.0281589368991697,0.0253075739492823,0.0215880332724007,0.0286355404518657,0.0311164663368348,0.037056092079686,0.0359179973640081,0.01683904307688,0.0368585521738552,0.0320512445107008,0.0241473949819968,0.0248812712093749,0.0256132823777897,0.024145650670738,0.0219062503716825,0.0375116470099148,0.0154247798243674,0.029057836411564,0.0225016679543418,0.036608294068949,0.0223690045556624,0.020990133123308,0.0159532194923929,0.0209621230525838,0.0114313324470805,0.0323867944413187,0.062060548070124,0.013058167973393,0.0346713397732622,0.0117756588594056,0.0353831854331422,0.0240316520458313,0.00474612722488948,0.0164988364919751,0.0225972160908421,0.0321133459239015,0.0477755194098236,0.0235490234144401,0.0196017993409915,0.0187536466359477,0.0207078254514836,0.0137043364304117,0.015401721351433,0.0267825535164176,0.0375290897735753,0.0326419276889424,0.0447273941289032,0.0177197528279026,0.0160668376596211,0.0373114508468109,0.0351831078850764,0.0323586761761384,0.0525280838980007,0.0212906998476416,0.0165126949530927
0.0118923627715792,0.02509191500093,0.0333619847796927,0.0198007669896781,0.0182680929900979,0.0161852856372296,0.0128250436397222,0.0182012537946888,0.0336553168087834,0.0333548336614329,0.0219823015606592,0.0233516629059463,0.0395841772308812,0.0182133439884717,0.00906196444066767,0.00669677149764168,0,0.0210225668067176,0.0230474298733889,0.0113142665463753,0.0155390547107488,0.0122577231670435,0.0208871763686431,0.00949875106841357,0.0219315905949518,0.066392950708603,0.0206887827408367,0.0207183712417605,0.0221708754238521,0.0128182863662118,0.0126506341789763,0.0239001744125749,0.0236700600927326,0.0183202757987575,0.0153800033431811,0.0223329827239494,0.00862886351013899,0.0455725516579798,0.00556425948932932,0.0123644059581111,0.00814447600225888,0.0132497601780609,0.0198506775179723,0.022999790148027,0.0200753032425165,0.0228810787621583,0.0440394211125048,0.0250896661995893,0.012616900495497,0.0172279556010265,0.0299228403017658,0.0219238770443535,0.0127720717445296,0.0119466871044885,0.0427937901247192,0.00939034297858888,0.0245131303984978,0.0356912454613165,0.00996337666801129,0.0327106218769385,0.0297178737250717,0.0161978195881416,0.0234459989405622,0.016784859687545,0.0610683229320505,0.014236921136937,0.0268006283404244,0.032640121428818,0.0133182755746343,0.0236326668325243,0.0291560818519605,0.0329055473393838,0.0232143281005771,0.0407335425307981,0.036016409210453,0.0370425595895571,0.0261711587461561,0.0184551358768894,0.017212783200947,0.0315510243736832,0.0329971618566195,0.0068690045866419,0.0096086041759753,0.00491507168232259,0.0349261042114091,0.0286629730448731,0.0422921093386526,0.0299185536788694,0.0238795604208853,0.0495829815323641,0.019534088564813,0.0116834426516405,0.0239201662557309,0.0280604760415989,0.033924424630274,0.0126388217178259,0.0110596137423953,0.0241633265722666,0.00756305567596123,0.0104123302831972,0.00375850467661891,0.0193980371588344,0.0149881567462346,0.0378143322759256,0.02497757066851,0.0224020108487091,0.0187895687670035,0.0230992588276805,0.017207989306851,0.0233125915216655,0.0271581319357139
0.0320325756572203,0.0429955871717391,0.0260965110141356,0.0410206157793806,0.0292651817023906,0.0671170687306664,0.0479772502115422,0.0157488011945634,0.0277041829990597,0.0454518068779785,0.00974820694049175,0.0319901619275379,0.0234219322042521,0.0242496620291124,0.0382668611741711,0.0150569346333709,0.0210225668067176,0,0.0575121849378008,0.0383781670503886,0.0594489106234633,0.0103575756799009,0.0516042401116382,0.0493480457880427,0.0358784751449214,0.0510469196654337,0.0188764105880541,0.0030406072559165,0.0449155138089522,0.0402925588103944,0.034219794686624,0.0659807121426028,0.0167409371781785,0.0113005289930725,0.0147881925786507,0.0567853531185918,0.0222919596402142,0.0566779777360013,0.0310266353669869,0.0133643504242827,0.00869786597989225,0.0248947421067289,0.031555494256849,0.0477056461877198,0.0202895330880511,0.0284615989677852,0.0614664251597536,0.0214999312533962,0.00824382589509319,0.0274174165799803,0.0624932768933343,0.0586434904605908,0.0226164035704943,0.031841676592144,0.0380819131224008,0.028997186221629,0.0569691642371355,0.0551323474935637,0.0230211856512474,0.0321716919928238,0.0589782206182252,0.0293866338882613,0.0254718301108863,0.0448148601418528,0.0161032315738526,0.0436523176237825,0.0612252503009872,0.0360017061603252,0.0448238118596279,0.0356707119630958,0.0267498814322954,0.0337170166910101,0.0577585444622151,0.0685767489478947,0.0528283964285133,0.0710509655381536,0.0705530329947636,0.0457894638929235,0.0893904795077754,0.0726674972826842,0.0456203260070152,0.0660400900158939,0.0291435665030972,0.0267030202317909,0.0302619727112501,0.0696321654110605,0.0825327094615703,0.0399132905916075,0.0572761615134136,0.0684242795893855,0.0234257299304832,0.0355862495753579,0.00685225542256029,0.0129625420798182,0.0163250044080421,0.0301798994645803,0.0255693617105145,0.0101332426026234,0.0430694201670341,0.0339067475506231,0.0267294931001472,0.0417334361828507,0.0401406980490479,0.0489143698090927,0.0371096325943982,0.0165198270501301,0.00839579143003076,0.0301286514381514,0.00632685154697447,0.027364527341077,0.0353621379540853
0.0596380504612358,0.0894162571848614,0.0175774247756242,0.0255350210434831,0.0129199356314261,0.0254955679971321,0.0505867760988923,0.0866503334920655,0.0689784891784001,0.00480267023359997,0.0133011014163759,0.0148413532731206,0.0236115293419847,0.0959734420205457,0.0283369025942424,0.0154065915545786,0.0230474298733889,0.0575121849378008,0,0.0685950546483563,0.041934309889127,0.0303303443563673,0.00659633032984116,0.0317888478017938,0.0553503022532496,0.0406448800023889,0.073674446313563,0.0920635383420295,0.0120874060036311,0.0273588037049454,0.00703396169284816,0.0163942568944547,0.0610722781155771,0.0335728535047379,0.0348355367294619,0.0221405121439356,0.0231489222455323,0.0854366583956137,0.0446271697190089,0.0495199469487382,0.135305736506992,0.0427409953391812,0.0143299356228866,0.0452495053027558,0.0617551181335768,0.0809082235675198,0.0220095114877579,0.0428493119145047,0.114970081431583,0.0425679650601218,0.0508872343729501,0.0532246435774319,0.0208289500663298,0.0878329551647471,0.0979918428423623,0.0876949355613853,0.0619074530849608,0.0356027077570244,0.0515947466723616,0.0207562058011929,0.0462144035131543,0.0110133117815671,0.0610451863809249,0.0170360448273495,0.0543859336737869,0.016907237780835,0.0385529951034299,0.0389325916014616,0.0288945907368224,0.0322673831232957,0.0462733099317131,0.0387222656404795,0.0224494324266588,0.0404098995094552,0.045005663073135,0.0426525838740325,0.0312811764493633,0.0503620717827704,0.0464653262201666,0.0441074126942938,0.0412631131455562,0.0227065203214502,0.0703568750024702,0.0317169522712246,0.0453374454531396,0.116068834494378,0.0559299029692724,0.0464848046760414,0.0343982292496599,0.0429187494620856,0.0262086575812991,0.038527736615705,0.064548500165615,0.027758038876635,0.0168915128417364,0.0135881206338331,0.00756415101016888,0.0162649333716864,0.0348912618953539,0.0324716711727327,0.0395737069629888,0.0437103012329418,0.0339670009858026,0.00810726589999471,0.067517913701299,0.0118916268885391,0.0207412133754384,0.0610381841451505,0.0908064910582107,0.0204213984912729,0.0682573094102787
