0,0.018295059351948,0.0271199110625865,0.0511936704493975,0.029170085953273,0.0352634643610366,0.0452457411885741,0.00696342570219287,0.0114328616474504,0.0343460899011266,0.0315644921590213,0.0419352768147481,0.0485382498905568,0,0,0.000830478439994268,0.0166691274845995,0.00985589976813869,0.043661249282072,0,0.0135512083700902,0.0135750875509556,0.00174593478135283,0,0.00247338981562942,0.0403956821873806,0,0.0199934319802828,0.0624921952097811,0.0362361223346207,0,0.0202304469538518,0.0261001040887598,0.0436253322284374,0.00542120036203367,0.000675237437311664,0.035965246546746,0.0226305871890246,0,0.0265301459225158,0.0156911982012489,0.0795403351008928,0.076496206562187,0.00592974637628383,0.082528003979487,0.0703018619938975,0.0537491430131509,0.0131835867851397,0.0321192673851151,0.0353492661651813,0,0.118353778240223,0.0502882148812761,0.0573803316081142,0.0594264164663088,0.0394289864266141,0.0616070501743917,0.0180531242651589,0.0522818678826922,0,0.00120550350582526,0.0162129743795124,0.0696705643527431,0.000687929228061638,0.0119125404260554,0,0.0729722229103329,0,0,0.0302613037028374,0.0287402827155603,0.00720059536286402,0.0103422928533617,0.0243530350341893,0.0766253614254962,0.0426542197929984,0.0587104453485549,0.0566201661921244,0.00975171674616441,0.113366348299788,0.00725823927965273,0.0161589185242693,0.0493715009216633,0.0311743732939815,0.0616240248639476,0.0165799739132773,0.0360462270612959,0.0217260446893212,0.0971907683910701,0.00177850608534489,0.00982344253836624,0.0160040776748038,0.0537360704842246,0.0535210002919754,0,0.00245266359872518,0.00384971246868726,0.00105308897299668,0.0120141514087821,0.0614138458659195,0.117453605559813,0.0108506239793257,0.0409542455570137,0.00721870604786208,0.00941562317164791,0.0630212221134163,0.0039327098294159,0.0197644118618183,0.0262931727580916,0.0303459604885041,0.0719487367872537
0.018295059351948,0,0.0382454422934749,0,0,0.0176897970463179,0.0112415798751107,0,0.033359207489092,0.0443093175238707,0.0394359489323192,0.0208664097481833,0.0531469912083574,0.00587431014875618,0,0.00699162578401158,0.0616335221008738,0.030870205951445,0.0300307710249948,0.00402980292669235,0.0162075032245701,0.0247082294622328,0.00922773201174159,0,0,0.0150687030985924,0,0.0124409958198232,0.029031546040899,0,0,0.00433225922890627,0.00807054991765929,0.0695114410058442,0.0312793940727125,0.013172468970943,0.0359137373876514,0.0147313264985382,0.0528425113932729,0.0157754481836921,0.00961582062269826,0.0481190161712268,0.0494160531343335,0.0444657433914842,0.00364212175469465,0.0409657163510637,0.0300329281004451,0.00788731671910128,0.0234182786809834,0.0602325796555698,0.0159508639468746,0,0.0897662081629006,0.0459845542731229,0.00813519452504139,0.0135548280136765,0.0317786697230551,0.12854875171304,0.0114050308639716,0.00660839469912655,0.0328439009400471,0.0847742182338077,0.00356210511610197,0.00421078525222519,0.0352332235936926,0.0110336601791761,0.0680484739699923,0.0291942492501723,0.0984985909941807,0.0951700040407243,0.123451000352035,0.117574761408359,0.0201380363989914,0.000824359653123901,0,0.0476392247408749,0.0981260029901104,0.0695496503789072,0.0585406845509532,0.0694421523379948,0,0.0396621699321577,0.0559559434986824,0.0497778682627805,0.0331595944326128,0,0.027581330260045,0,0.0772744328272821,0,0.0136426061856882,0.0139410997673621,0.00900615908514966,0.0326479494740966,0,0.0177928555934561,0.040601245512346,0.000227498121810906,0.0427458098530939,0.037844809697585,0.0658150497304441,0.0108849133884999,0.0696006624176225,0,0.00726081658528498,0,0.013200153558345,0.00949457270638589,0,0,0.0297368653419185
0.0271199110625865,0.0382454422934749,0,0.109676356064991,0.0504547011192617,0.0718304047289414,0.0944403816609231,0.0194579936898815,0.0190766155745383,0.0359201116967397,0.0449267043993653,0.0621851023861761,0.0882294315676748,0.00303612027671116,0.00127987067407429,0.00296392359387886,0,0.0303856445715967,0.10243562903403,0,0.0185280526582282,0.00245432103671283,0.00744022141574336,0,0,0.067040979019268,0,0.109730622212365,0.100571198451271,0.0149645487137476,0.0476210308358543,0.07096692080838,0.102208402018457,0.0850882249729577,0.108504915986911,0,0.0851053050794375,0.0337397572337853,0.0202346722763071,0.0966840431421157,0.0369377214491393,0.0356667616085393,0.0927476050787319,0.00482881846190932,0.086458050373685,0.060682672043662,0.0964271805367736,0.00332164504339747,0.00314752371413274,0.0324955007523553,0,0.125070508763514,0.0925246692461121,0.116962188296521,0.106875827547919,0.0617764318266611,0.0325380017476556,0.0252224740020629,0.0562985769711938,0,0.0350104225296907,0.0477975940322538,0.0322054587212372,0.112028192167283,0.0355580566270196,0.0394303264083389,0.101279370148983,0.0243037625361725,0.00795284852057145,0.0124918955895364,0.0570416025011532,0.0292912052412461,0.0426359241605013,0.08375757480388,0.218093755518971,0.0396390716781789,0.0502003561952524,0.0859780465690956,0.0834813767739886,0.137577032967071,0,0,0.0382329107896498,0.0590443610508115,0.151270437343115,0.00854552797161122,0.0030150916512746,0.0271270738111549,0.0966347381858798,0.00731668164872637,0.00276293176836983,0.0436050204205532,0.114585797398999,0.0941158370462854,0.00822265835086915,0.00304839417697857,0.0284408215294182,0.111192903069132,0.0253051758690711,0.0907163844217555,0.144984161162263,0.0398789243708373,0.111528630097793,0.0567428489631911,0.0847860398875424,0.158043955734554,0.141169886870766,0.0983553394485535,0.0581762248086839,0.0670391602029805,0.13587461302917
0.0511936704493975,0,0.109676356064991,0,0,0,0.0111815872948912,0,0.0634061686489676,0.0397067497230851,0.0124872785885327,0,0.0219742157465368,0.0221620854732437,0,0.0176137165204535,0.100923065598729,0.00507175113932133,0,0.00776404048346281,0.00805916422654572,0.0306701797302702,0.0101459358425352,0,0,0.023262904704402,0,0.00673857153072565,0.016120663445752,0,0.00900347752446854,0.0402049406531021,0.0313491059020714,0.0446922231436729,0.0645818210896464,0.0218125657597558,0.00834719199233747,0.0183160802093833,0.094869793202097,0,0.0484070911741579,0.13768008267429,0.0697557880605482,0.0490685186697555,0.0017804467717273,0.0325198184322161,0.00628094349078595,0,0.0127825089429244,0.0498700113576351,0,0,0.0287344395762431,0,0,0,0.0707498970478949,0.135265667322279,0,0,0.0247419143372648,0.0336656089915432,0.00836314140206676,0.00231970907680748,0,0,0.0397588245051059,0,0.0831848304758334,0.14932159725153,0.0826687861408901,0.0676082553066694,0,0,0,0.0220570656155967,0.112528835648046,0.0516341427672099,0,0.0836723267449181,0.00730514677104797,0.0669373740091781,0.102747261123315,0,0.0105268227682598,0,0.0532176513626196,0,0.10381607601548,0,0.0257013540983837,0.0331439591972083,0.000153421481586735,0,0,0.0165389700342337,0.0984880565865556,0.0377683153564649,0.0581985381887995,0.00615512836191925,0.0954843113411922,0,0.00666138550722474,0,0.0200733257364025,0,0.107282088317895,0.0129358879961396,0.00614103238945372,0.00170466259964944,0
0.029170085953273,0,0.0504547011192617,0,0,0,0.0107214758078043,0.00146058699010697,0.00157892048296288,0.0218673085686811,0,0.00226725332034232,0.0059415278376223,0,0.00756005689650306,0.00578924231113074,0.0365810997014065,0.00193850024775249,0.0166206845565748,0,0,0.00455059536181362,0,0,0,0.00760774073843054,0,0.020553287630761,0.0135836304039875,0.00886805980215564,0.00611879323998545,0.0270406295701462,0.0187692005778585,0.0278276241315282,0.0355897485771532,0.000461420466526622,0.015347021416036,0.026898128948094,0.0547830305003254,0.0220791268103211,0.0328567678314682,0.0869240154664185,0.0492032026496248,0.045639405296957,0.0241769742618771,0.0268533534071146,0.0159018890945424,0,0.0258535306684075,0.0351076892264216,0.0025994731834747,0,0.0186578116241807,0.00232014038479786,0.018049158513979,0.0224247744357458,0.047490929558859,0.0557264212368603,0.000560548480967468,0.00599691321182711,0.0380312099040152,0.0153443672455958,0.00418437857902727,0.0234428734566563,0.0101414740639019,0,0.0281632054469026,0,0.0291108692295158,0.0667528399979515,0.0485986280070466,0.0368278133915608,0.0085742838791028,0.00505364235816633,0.0260584203778914,0.00990890757167638,0.0539361348572299,0.0502315050015507,0.0206454100496171,0.0565670063403765,0.00848693070014114,0.0224284578687292,0.074333015082452,0,0.0656336180768809,0,0.00855403777030571,0.00159118128014478,0.0654208355431879,0,0.0250649345894481,0.00619040792686114,0,0.00289492084706911,0.00471521799140727,0.0080529093390266,0.0580017076357713,0.0163696527408199,0.0376654325056825,0.00815031482719984,0.05159521402219,0,0.035627214816364,0,0.000892371376506389,0.0443310588430031,0.0355845028712268,0.0121033446766052,0.00194342062449593,0,0.0185703926405368
0.0352634643610366,0.0176897970463179,0.0718304047289414,0,0,0,0,0,0.0676945511640872,0.0315539409016601,0.0290798620170566,0,0.0692055257083106,0.0145374668385296,0,0.0254714335587646,0.0656375806041344,0.0223929332128683,0,0.00100162471415048,0.0081873510459253,0.0383116408559548,0.0098174317634253,0,0,0.0435208717120416,0.00997396670995721,0.00768959117527927,0.00961808654017427,0,0.0339879319176051,0.0465806369182799,0.0246476317492405,0.0704024054542609,0.0441960079903197,0.00191612824879895,0.00474524971696869,0.00963475422442474,0.110054534023231,0,0.0165229468392078,0.0964087759684741,0.0456213583783722,0.0372836907960001,0.00246264908287237,0.0546426829829867,0.00497878846950618,0.00493518435049432,0.0385222756445444,0.0591962322834907,0.0119582698683123,0,0.0444171965700286,0.00286516846065847,0,0.00145883881528451,0.0466668413859246,0.159787257886737,0,0,0.0213455779040112,0.0673285626454372,0.0168233351353596,0.00944950771008591,0.0280191407467463,0,0.058258610755073,0.00915571101674422,0.125192429462518,0.15016308357317,0.0995755532961064,0.100012721597431,0,0,0,0.0349274063928646,0.137177132762683,0.0480591370511044,0,0.0658547217302371,0.00896486255020147,0.0845987358810145,0.0833129042262433,0.0212195170445628,0,0,0.0950605041525941,0,0.105948376873709,0,0.0194605771848652,0.0284498735929623,0,0,0,0.0187758058503961,0.079803946214059,0.0334042900455581,0.0525633046373119,0.0212870034156213,0.0578384359031408,0,0,0,0.000455293461632259,0,0.0718400666528422,0.0198245854054276,0,0,0
0.0452457411885741,0.0112415798751107,0.0944403816609231,0.0111815872948912,0.0107214758078043,0,0,0,0.0499393551945651,0.027456387605279,0.0239064678043448,0.0278437945073449,0.0408919020043134,0,0,0.0412264867639643,0.0750516883455601,0.00882224642369577,0.0390843666761568,0,0.0092488673406652,0.0283842260429136,0.0111919100658241,0,0.00468079001802222,0.0246114297132653,0,0.0216543753878967,0.028614899038003,0.0149730997470611,0.00249218654639502,0.0364082868496926,0.0441694146248404,0.0828272053382808,0.0577248370019613,0.0032491014624968,0.0101097816463365,0.0247465447798895,0.0967599734366265,0.00719136202000239,0.0368775018931541,0.142137791391117,0.0628682403565444,0.0318963905948807,0.0487758438891413,0.0797100535021546,0.0255650115354562,0,0.034686738761966,0.0826742251719409,0,0.0212611985959221,0.0532434925742138,0.0180113621536409,0.0254614633015463,0.00769304245265411,0.097995617570524,0.133173586698584,0.0103010121229268,0.00688574188722639,0.034567971875622,0.0446483124707787,0.0579833063479036,0.00137670785388746,0.0280147717480297,0,0.0650343778528606,0,0.0739182029431068,0.1431815832518,0.129506161740166,0.0620715955047106,0,0.00273335238000164,0,0.049702199173365,0.147947001606636,0.125960984927519,0.00693642679872612,0.114590404984261,0.0212960792055165,0.0753186697015344,0.125791639565146,0.0438290352134289,0.0651938497948756,0.00572043065736674,0.087367071830635,0.00186717773346582,0.114423868362147,0,0.0331382720277712,0.0357671862645187,0.0395143249076733,0.0154606956128255,0,0.0289939346724081,0.0708865975125929,0.0252571443233406,0.0488473919287206,0.0728273288526285,0.136139503197353,0,0.0285904648629124,0,0,0.0264007680595105,0.0749151040016732,0.00244671230345774,0.0221001484784326,0.0319461263689591,0.0453115361765877
0.00696342570219287,0,0.0194579936898815,0,0.00146058699010697,0,0,0,0.0164051270803344,0.00234731851968652,0,0.00177396081957081,0,0.0143639223338992,0,0,0.0526636557769707,0,0,0,0,0,0,0,0,0.0319953829056952,0,0,0.00429530933303151,0,0,0.0205436681536456,0,0.0385476581494767,0.00462075355389555,0,0,0.0286617095925721,0.0469536248494752,0,0,0.0291821786593644,0.0144699156435205,0.0226352180559716,0.00758063065916075,0.0123655466764268,0,0,0.0173510849125966,0.0322473603509865,0.0153519494223871,0,0.010229317613789,0,0.00226261743639615,0,0.0132132391950194,0.0702203356051609,0,0,0.0471488223226815,0.0195792001253084,0.00386541293273746,0,0,0,0.00747331733337315,0,0.0529240384316256,0.0562402718652912,0.0387778442117525,0.0628744997690614,0.0159342624647558,0,0,0,0.0353559842175012,0.00892870871155149,0.00420887358561413,0.0194088995341546,0.000275701317174443,0.019506207484619,0.0367441745619197,0,0.00602790201677209,0,0.024903770835541,0,0.0166406898099289,0.00146562189518395,0.0207504420769623,0.0134163726486449,0,0,0.0175654679680648,0,0.0351206998617104,0,0.00800146942352473,0,0,0,0,0,0,0,0.00857343360908097,0,0.00101969596470806,0.00152943107959617,0
0.0114328616474504,0.033359207489092,0.0190766155745383,0.0634061686489676,0.00157892048296288,0.0676945511640872,0.0499393551945651,0.0164051270803344,0,0.0465948288717442,0.0478176852688022,0.0234991684100659,0.0823692328032952,0,0.00593344495843055,0,0.0798617876231017,0.0360124702811884,0.0441283689650465,0.00884502925263709,0.0360230756878959,0.01421201978802,0,0.00942959659546724,0,0.0474117156361173,0.01996461088382,0.044240894640091,0.109689165493623,0,0.053009949315425,0.01265784643193,0.0163502809664975,0.12229592572181,0.0108188402836009,0,0.103178645625931,0.00630934792275545,0.0576005106856475,0.0607716876851851,0.0139075680117468,0.0650497079147668,0.10184450867222,0.0437155133399244,0.0693964552862323,0.0750081038298065,0.0873087350157902,0.00611012114912973,0,0.0794136337067586,0,0.0475739629848792,0.131157180890123,0.0961215282111892,0.0700924733268766,0.0409961612528076,0.0485507110345672,0.102615965762161,0.0372604211628145,0.000495248671132676,0.101350702775277,0.0863040939312162,0.011609704088123,0.055677980318545,0.0453740026568909,0.0577928998301372,0.119487472743276,0.0556496734170319,0.0674994501418714,0.0696062713035273,0.114609428660167,0.100760085752403,0.074378915680586,0.0898321716419423,0.133025035220165,0.0611528364250784,0.0876885222808575,0.0950451744641697,0.11435313557791,0.172221298910535,0,0.00863374456028969,0.0755567482680635,0.059270081030277,0.160128247681789,0.00543174631833993,0.00960242515073858,0.0171046155235139,0.123904944368061,0.0089595107712494,0.0217374311950899,0.00577540464572267,0.0355882401430529,0.099024387873626,0.0189100470441589,0.00943024382493437,0.00896313322227078,0.0748201934422743,0.0473849155216273,0.0860023010210135,0.131706748280653,0.053206454470667,0.129040901963697,0.0234917729165697,0.0602804459685975,0.0609862776894118,0.0208664747888782,0.0715161227342243,0.0386255852995946,0.0147240074530249,0.1082040869828
0.0343460899011266,0.0443093175238707,0.0359201116967397,0.0397067497230851,0.0218673085686811,0.0315539409016601,0.027456387605279,0.00234731851968652,0.0465948288717442,0,0.00476220199530777,0.00993911000530964,0.0183788545602817,0.0175518791409524,0,0,0.0225331622006565,0.000842184660217993,0.0337095671111303,0,0,0.00917077536306225,0.0163221349754856,0,0,0.054855429136886,0.0162347246307054,0.067882683716081,0.0314807350026866,0.00988834271566811,0.0686300347019925,0.0691892771692313,0.0667656368402277,0.0117313836413558,0.0840768361659299,0.0263274843324474,0.0535884421769269,0.0199161341589725,0.0318747918330216,0.0376758113956326,0.0258338043136752,0,0.00683839272272372,0.0239868832608351,0.0116427153447664,0,0.0382475929952954,0.010864304681727,0,0,0,0.064866065711561,0.0361369366068775,0.0521753665176079,0.0259990800356734,0.039824317562053,0,0,0.028437521534051,0.0056559067261468,0.00905551278111712,0.00584823073872783,0,0.0899055263969181,0.00264876909908387,0,0.0284384994198004,0,0.00506338326596773,0.0076733963677558,0,0,0.0200421495494545,0.0251842804797887,0.123093564795226,0,0,0.0215807554511282,0.0265276521950588,0.022266458763506,0.00178202351088935,0.00682999818912698,0,0,0.0650366698578945,0.00839126654545198,0.0111614683826813,0.0251805561739382,0.0126531138018304,0.00585790970063159,0,0.026469728694353,0.0362406305092194,0.039162334656544,0.00222287954007483,0.0101859499580765,0.0774394942111154,0.0856443205827187,0.0229691596065616,0.0182311349045549,0.0315571252594799,0.00245599422309067,0.0462557939566589,0.026709652576248,0.0387521712307195,0.0931369727735885,0.0913089644375044,0.0588617176670774,0.0105564092695433,0.0180848266873428,0.0537156293865809
0.0315644921590213,0.0394359489323192,0.0449267043993653,0.0124872785885327,0,0.0290798620170566,0.0239064678043448,0,0.0478176852688022,0.00476220199530777,0,0.0133918794946597,0.000987238608623474,0.00125633510775449,0,0.00570133022664459,0.0280073612990568,0,0.0166422338203647,0,0,0.00420671159111796,0,0,0,0.0481256848708055,0.0140537004342123,0.0244852591892882,0,0,0.0479262489072304,0.0341072408926484,0.0217308914469767,0,0.054255205507435,0.00818757851336127,0.00263765610653328,0.0275588250115325,0.0486219123330326,0.0179527220557702,0.0319911046599555,0.024010220549451,0.011194392053998,0.00817217128213247,0,0,0,0.00422899457868031,0.0141122182119641,0,0.00237432348373598,0.0136801991915706,0,0.0036709608284238,0,0.0220263015791217,0.0131835254090456,0.0498054947091521,0,0.00036447506583071,0,0.00530856218361101,0,0.0272593679929957,0.00496207065359331,0.000341042447273239,0,0.00476719067892534,0.0432910152887735,0.043335408691883,0.000768587028687887,0.0136409853701638,0,0.0102732761308798,0.0437252316479368,0,0.0153165753037275,0,0.00631689516996156,0,0.00721199404966914,0.0220329630873759,0.00375255923613977,0.00494087073962287,0.0106981637530125,0,0.0268284726440943,0.00396803683774736,0,0,0,0.0211568630392665,0.00557687150005561,0.0113500752313592,0,0.0115031746599569,0.0468732358542927,0.049442941458165,0.0105932014247795,0.00499083068995304,0,0,0.00975134616854603,0,0.0206390657459468,0.0168874274815779,0.053867388621429,0.0424007554043533,0,0,0.0127693105549564
0.0419352768147481,0.0208664097481833,0.0621851023861761,0,0.00226725332034232,0,0.0278437945073449,0.00177396081957081,0.0234991684100659,0.00993911000530964,0.0133918794946597,0,0,0,0,0.02864211879746,0.0291819461838121,0.00609146694502495,0,0,0.0020081913335234,0.0138737425294139,0.00904114161511308,0.00488969755243516,0.0201500443050077,0.0107707796371206,0,0.0112577090450377,0,0.0116260239908913,0.0165387382938822,0.0201679863396138,0.0323315918463566,0.0276832933946828,0.0406786059531118,0,0.000516050086584434,0.036030435017991,0.0549225567487879,0.00614209361914731,0.02963305870521,0.0838232863804145,0.0277610004252087,0.00964498492726939,0.0102259917443698,0.0401523302805113,0.000740400462630046,0,0.0264230153974468,0.0436030493150472,0,0.00599658869831634,0.00738053022120914,0,0.0125840525183619,6.7179522434765e-05,0.0639208859355395,0.0503062532901619,0,0.020709776315065,0.00602421808778585,0.00334839309377064,0.041411643295319,0,0.00259417119945496,0,0.0185248963178777,0,0.0144466630791007,0.0619358076487133,0.0438681949143366,0.00686516963131796,0,0,0,0.0235333074346679,0.0608767987889532,0.0473652243327678,0,0.0437467708308491,0.0174769430238189,0.0261917024256648,0.0586863847334953,0.022547299712796,0.0079303286288355,0,0.0459858623114737,0,0.0391402684714169,0,0.0198481074161085,0.016543669039427,0.0108051972716442,0,0,0.0125184761062903,0.0366833395423472,0.0229481821797221,0.0212163557735264,0.00382574197570706,0.0535728568827618,0,0.000822501817828948,0,0,0.00799644036632521,0.0468852408251805,0.0130737608845591,0.0119745893246797,0.0228351529626283,0
0.0485382498905568,0.0531469912083574,0.0882294315676748,0.0219742157465368,0.0059415278376223,0.0692055257083106,0.0408919020043134,0,0.0823692328032952,0.0183788545602817,0.000987238608623474,0,0,0.0228003697496005,0,0.0280191785387764,0.0765857348323793,0.0041254974419812,0,0.00252798183073884,0.00227006386515211,0.0309919883483709,0.00673543039802505,0,0,0.0269590430375575,0.0021393273795317,0.0276333633740986,0.00694715254902221,0,0.0659654634484044,0.066392276654737,0.044892161093571,0.0505771855740734,0.0680052298391434,0.00297172474360288,0,0.0389618701112475,0.11405971459511,1.55463082915219e-05,0.0412417263650459,0.114599260720812,0.0414390558482407,0.0323746187271863,0,0.0413304286629796,0,0.00098259415494288,0.0536011734896604,0.0628961415788098,0.0160026985767409,0.0228159107628104,0.0107373822616784,0,0,0,0.0634942790670819,0.167991978667336,0,0,0.0169395732282906,0.0342143249337129,0.0145841187433919,0.052608404485905,0.00743354922331623,0,0.0193243787601796,0,0.119129504506745,0.162534201133062,0.065619461254849,0.0609678372136352,0.0101060755843117,0.0210162761047824,0.0348841307075986,0.0364636452193119,0.123279553110656,0.00814785219922828,0,0.0384752666264287,0.0224482941685168,0.0796261328416855,0.0648436300509436,0,0,0,0.0853025366755237,0,0.0830254809237693,0,0.010797876380274,0.0355105828691145,0.0126756006141221,0.0135721256125559,0,0.0285938113893219,0.0943814014001461,0.077197951513324,0.0488350342104991,0,0.0268679587800946,0,0,0.000708723308603859,0.0360740898871936,0.00130537936918556,0.112707771931028,0.0756756942154063,0,0,0.0294083990401012
0,0.00587431014875618,0.00303612027671116,0.0221620854732437,0,0.0145374668385296,0,0.0143639223338992,0,0.0175518791409524,0.00125633510775449,0,0.0228003697496005,0,0.00272368779797107,0,0.0361840488960325,0,0.00709968843086002,0.0070286577398756,0.00608835308104564,0,0,0.00733205684749881,0,0.0232560590840566,0.009345772297141,0.0170246995624575,0.0500575575901141,0,0.0200173138324165,0,0,0.0675629393429709,0.00192457298343563,0,0.0462610463343535,0.00111538067142327,0.0336320347396633,0.0179900611519217,0,0.0348835617185743,0.0481283374079013,0.049553327668667,0.0271544582971753,0.0168935966667515,0.0555875499889628,0,0,0.02872342410658,0,0.0229949755176297,0.0701801064119537,0.0290900136779568,0.0328121468070116,0.0133095856338881,0.0221723702401095,0.0429462171058601,0.0166831913157011,0,0.0722918255114422,0.0359420261473067,0,0.0317139693420023,0.00413470787119578,0.00287292287818318,0.0731902638925286,0.00493178371972172,0.0205095510329342,0.0379139219773982,0.065261237943632,0.0660159267210608,0.0330045326706331,0.0256112145774797,0.0803448741664435,0.00674422864007985,0.0425605510846378,0.0787142863115856,0.0453530630386456,0.0965850457643161,0,0.00765385474672029,0.0752899311607568,0,0.114950774063816,0,0.00131903194159281,0,0.0919012181495117,0,0.0306203313097618,0,0,0.0298890745135322,0.0106058836207511,0,0,0.0365555248575558,0.0258735450738354,0.0193704388464915,0.0727285419483833,0.0082775307608551,0.0712753477109416,0.0341780219876428,0.0108037127281335,0.0742732713009545,0.00068345518401947,0.0211487643849371,0.0273460666324783,0.0235146296342854,0.0370775850181804
0,0,0.00127987067407429,0,0.00756005689650306,0,0,0,0.00593344495843055,0,0,0,0,0.00272368779797107,0,0.000312832702425949,0,0,0,0,0,0,0,0,0,0.0122837038446924,0.00899500075300752,0,0,0.00942125580033226,0.00471128265517495,0.0260004521538206,0,0.00343416698291249,0.00280540996577309,0.0130232938431201,0,0,0.0102529662782177,0,0,0.00379884392004043,0.00128250503264576,0.000984002464852605,0,0,0.00221754673412963,0,0,0,0,0.0131360297963051,0,0,0,0,0.00176377391108946,0,0,0.0198004011100683,0.00827954956468145,0,0,0.00753847781229575,0.00041636411171834,0,0,0,0,0,0,0,0,0,0,0.00880928553684933,0,0.00430993665626495,0,0.000191702598892307,0.0150215256190502,0.00227347206886413,0.00874379388414555,0,0,0,0,0.00815612475566973,0.0114583711224944,0.000829979427886471,0.013198623349128,0.00532945079779885,0,0,0,0.0110858480568052,0,0.00627068155904426,0.000776460011547258,0,0,0.000218787337029507,0,0.000507646333378227,0,0.0283673853582471,0,0,0,0,0
0.000830478439994268,0.00699162578401158,0.00296392359387886,0.0176137165204535,0.00578924231113074,0.0254714335587646,0.0412264867639643,0,0,0,0.00570133022664459,0.02864211879746,0.0280191785387764,0,0.000312832702425949,0,0,0.0328198638887982,0.0446040565536225,0,0,0,0,0,0,0.0285090516398352,0.00366745452633787,0.0377431730487739,0.0335067436179739,0,0.00714834509267628,0.00230768785741119,0.0120403989179301,0.0509305909681509,0.0331585926883643,0.00667671937386688,0.0333197893990113,0.0345427327018252,0.00792984846376359,0.0399679505329418,0.0248045144178892,0.00101277338170226,0.0402450137611046,0.00102754736871478,0.0463874803210726,0.0402139002961682,0.0168030623394822,0.0189289624300038,0.00852705505318223,0.023466814812212,0.00549194014796515,0.0271587858460691,0.0531665174291565,0.0438152499500296,0.0546523916929162,0.054154507693781,0.00831473280777155,0.0299951154657668,0.00984081589910971,0.00261709183933193,0.0471607503365237,0.0541897067178823,0,0.044814742389393,0.0389179757503316,0.0376818074720121,0.0560265402627852,0.0356944237380181,0.0302823886470789,0,0.0317783156698225,0.0305767696045151,0.0135958683892125,0.0514624532172372,0.0845227618221311,0.0272806153268292,0.0159651230305061,0.031049486613911,0.0492875997771277,0.0570406591637969,0,0,0.00880261331433329,0.0357838052700625,0.0859371731749819,0,0,0,0.040874430683606,0,0,0.00286535477696388,0.0306466901505066,0.0322933153335999,0,0.000207871124424807,0,0.0394285309003546,0,0.0418280288958769,0.052402172733886,0.00113011010302716,0.0636071982058529,0.0135122057933797,0.0260313255107315,0.0504692601666861,0.0165818319228206,0.036056893166121,0.00744696872477593,0,0.0427960324797992
0.0166691274845995,0.0616335221008738,0,0.100923065598729,0.0365810997014065,0.0656375806041344,0.0750516883455601,0.0526636557769707,0.0798617876231017,0.0225331622006565,0.0280073612990568,0.0291819461838121,0.0765857348323793,0.0361840488960325,0,0,0,0.0139386743382719,0.0723546492086656,0,0,0,0,0,0.00220996198403544,0.011633290236548,1.16274939841807e-05,0.108185998855788,0.103882933863176,0.0120811212769272,0.0635021233283013,0.0415476929690907,0.0674356135807762,0.0456485155443829,0.100805877223628,0.00226775147620624,0.0655598134024687,0.0152245481726716,0.00368631664445194,0.0820008046043226,0.0287920002494152,0,0.0191822119591372,0.00111359935215213,0.0531135877602526,0.0182624696853694,0.0974081039975487,0.00421813305378636,0,0.0016481840996695,0,0.0980586521579126,0.0641820498769657,0.0987830845198874,0.0753818827558818,0.030545316060009,0.00346182881312575,2.72504330130403e-05,0.0339708352978358,0,0.0474745930830668,0.0319208855080712,0.00846219874653619,0.128027340662647,0.00251335907961221,0.0292852687016075,0.0648905994378455,0.0090247276172833,0,0.0120771897143621,0.0593608874931335,0.0262536397175889,0.0657037104687163,0.0890819301254651,0.199553706042921,0.000827022438228919,0.0300389843586235,0.106673688236508,0.101745228521204,0.102494647435913,0.00484011236144779,0.00247833592455086,0.0474520428768273,0.0179835819022371,0.176827137781671,0.000226511021183905,0.00492260569258407,0.00167142896930356,0.0981121892544011,0.000866190007101397,0.015904734610131,0.0309808125766196,0.0975493755689303,0.0839644802023757,0.0139961161567142,0.00699741957141712,0.020967021167641,0.13394572104284,0,0.0772955064390763,0.120657766059583,0.0160639621955836,0.113831597173475,0.056750069098662,0.0915226703695718,0.136942667846704,0.138230479420454,0.0980675945499354,0.0599317206442692,0.0654138422609075,0.120309882526597
0.00985589976813869,0.030870205951445,0.0303856445715967,0.00507175113932133,0.00193850024775249,0.0223929332128683,0.00882224642369577,0,0.0360124702811884,0.000842184660217993,0,0.00609146694502495,0.0041254974419812,0,0,0.0328198638887982,0.0139386743382719,0,0.0196946983624838,0,0,0.00941618016822887,0.00633314399839074,0.00420305878928728,0.00938723664400792,0.0250445348688336,0.024679261583336,0.0296050696788047,0.00478501102540709,0.00933280625042376,0.0491330279434247,0.0389532388106479,0.0168227269897773,0,0.0501748048328784,0.0223289827374541,0.0159224150457718,0.0465889493543802,0.0473244297861316,0.00605275685660495,0.0213476686373083,0.0306128520767355,0.0285019123523069,0.0239808554326255,0,0,0,0.0331499339567591,0.0362597710279621,0.0122273407301833,0.029814280497881,0.034282578756153,0,0.0102085351434652,0,0.0334270347164793,0.0260196628307124,0.0606851139281499,0.00320760144066881,0.00913807735924337,0,0,0,0.0395408150736603,0.000405460768124572,0,0,0.00704735243632423,0.0586787993323156,0.0452896324999715,0,0.00222963715042376,0.0131157825859755,0.0189767240890007,0.0448946794780688,0,0.0211979023424511,0.00425455334560573,0.0141712452527092,0,0.0106362931383031,0.0164918173051274,0.00985507506196207,0,0.0209610703848138,0,0.0175901117374169,0.00420053388960014,0,0,0.000692906799984582,0.0324843522558129,0.00955205186063341,0.00456989655874893,0,0.033664676407909,0.0411264569308659,0.0439520643151012,0.0198551894121797,0,0,0,0.0246174184035863,0,0.0171674037822402,0.0166902243681859,0.0287944611460433,0.0259851418759787,0,0,0.0184074823032741
0.043661249282072,0.0300307710249948,0.10243562903403,0,0.0166206845565748,0,0.0390843666761568,0,0.0441283689650465,0.0337095671111303,0.0166422338203647,0,0,0.00709968843086002,0,0.0446040565536225,0.0723546492086656,0.0196946983624838,0,0.00813905572022135,0.0166923339530324,0.0321858974235279,0.0222743469094566,0.000909598028124803,0.00916154623064133,0.0307387441807839,0,0.0313969658900163,0,0.00849932623029157,0.0181018798366944,0.0483894915088012,0.0459920130844021,0.0698110970473884,0.0824278709361933,0.00160025230981003,0.00837150775386091,0.0823952938388497,0.105519091316966,0,0.0485458694010444,0.128379048187675,0.0589429252630047,0.0456206702500542,0.0234354289280536,0.0673837228783938,0.0160003117427651,0,0.0510905156738609,0.0791812822992056,0,0.00532098065975234,0.0410123981043056,0.0151216157248402,0.00516187390946679,0.0118287035286348,0.0930861670916989,0.115585922495089,0.00632132609824757,0.0121611352960179,0.0440609435025585,0.0351112115196272,0.037425814937777,0.0139826993219583,0.0253561549030439,0,0.0545148874246202,0,0.0630006320076368,0.118566186279758,0.0954069007571419,0.0523883323595341,0,0.00347639301428719,0,0.0430977387118904,0.107578328314595,0.085822800618536,0,0.0742302019041184,0.0139612775243439,0.0531895784900447,0.0945473911755966,0.0222958170575566,0.0439504521655527,0,0.0535019563141793,0.00702253576955244,0.0849432533065549,0,0.023076654107506,0.0453480430702982,0.00662995393466782,0.00197371088800148,0,0.032665715262398,0.0901420143920783,0.0442988728511197,0.0595329113237971,0.0231977802139007,0.0863827243223991,0,0.0264072595469845,0,0.00193137237978374,0.0182581710393114,0.082505410110229,0.0206557150958684,0.00549281030914118,0.0341836365767378,0
0,0.00402980292669235,0,0.00776404048346281,0,0.00100162471415048,0,0,0.00884502925263709,0,0,0,0.00252798183073884,0.0070286577398756,0,0,0,0,0.00813905572022135,0,0,0,0,0.0111496988335618,0.000513296880516704,0.0106398179701367,0.00589342256312433,0.0243850050223915,0.0159528309308689,0.0102845469043003,0.0257027803714606,0.0143780660116695,0,0.0278523293618787,0.0239490552051132,0,0.0183433968190152,0.00332710562818009,0.00445337567688052,0.0100162724556407,0.000962142634281796,0,0.00662071436336157,0.0505182636782754,0.00220857380383727,0,0.0319393843910297,0.00591589853114008,0,0,0,0.0247473406324135,0.0304044072020087,0.00829115767812729,0.0141232821137495,0.0127474195024988,0.000351016113790166,0,0.00755536933064405,0.0118343017138752,0.024031474339541,0.00536484474034427,0,0.0316053940182993,0.000367497539132833,0,0.0290407711266684,0,0,0,0.0111322285227567,0.00981077729426515,0.0109389479302857,0.0126815017181539,0.0674847809020775,0,0,0.0364827631258862,0.0177312163656069,0.0377040992754502,0,0,0.0210940739340774,0,0.0716960292969775,0,0,0,0.0362901443622909,0,0.0135978253570769,0,0.000138903338538991,0.0095342441843829,0,0,0,0.0424603323822446,0,0,0.0250845889040263,0,0.0423787005928472,0.0192981369988573,0.00644683215113547,0.0626881986914134,0.0160844718784728,0.0182203021624394,0.00722563344946214,0.0127593547517872,0.0146454731909506
0.0135512083700902,0.0162075032245701,0.0185280526582282,0.00805916422654572,0,0.0081873510459253,0.0092488673406652,0,0.0360230756878959,0,0,0.0020081913335234,0.00227006386515211,0.00608835308104564,0,0,0,0,0.0166923339530324,0,0,0,0,0.014141828410257,0.00887445576118923,0.0122912125156634,0.0118994009763368,0.0417521630752452,0.0109110843904704,0.00276179506686467,0.0545630706513356,0.034736140897279,0.0213173787970345,0.0266974389345731,0.0614364945537463,0.0102514043718032,0.0227224446753874,0.00632760837405023,0.0197820873965436,0.0242474871128988,0.0196919473895328,0,0,0.0394775952708548,0,0,0.0258021178926184,0.0157467697911533,0,0,0,0.0273452349172079,0.0330607318795932,0.0146290652036218,0.0155571420243048,0.0224385957689894,0,0,0.00218115569767195,0.010533515642715,0.0141586257681674,0.00155684760182084,0,0.0562895748282808,0.00314223594462993,0.000521029562140657,0.0244191462864627,0,0,0,0,0,0.016983503043533,0.0246224552193502,0.0838007240034766,0,0,0.0198100703443611,0.0237127099232765,0.0172900841900833,0.00396369627519999,0,0,0,0.0586960775392393,0,0,0.0124738214208913,0.00560942608199753,0,0.000369621083213165,0.0212939694052115,0.0062720662317895,0.0221403552760915,0,0.020792033235334,0.0265452567291177,0.0733545231344933,0.0211838230620748,0,0.00902518195956087,0,0.0445259804816958,0.0110810030776667,0.0178938319647778,0.0548473960704974,0.0503048981327735,0.043861853071472,0,0.000516801870167113,0.0185752083730595
0.0135750875509556,0.0247082294622328,0.00245432103671283,0.0306701797302702,0.00455059536181362,0.0383116408559548,0.0283842260429136,0,0.01421201978802,0.00917077536306225,0.00420671159111796,0.0138737425294139,0.0309919883483709,0,0,0,0,0.00941618016822887,0.0321858974235279,0,0,0,0,3.64323672479043e-05,0,0.0441303624276922,0.0169833465648458,0.0497664360409454,0.0481456764144461,0.0132271296689397,0.0619873813939823,0.0509985177688068,0.0386819823224784,0.0269924265086538,0.0495399284038563,0.00549688297739295,0.0971293520092405,0.00995846984057108,0.00955896487955813,0.0355694507576792,0.0142133972478322,0,0.0378586381158805,0.00524201843476514,0.0231786625869009,0.00145590272121322,0.0535145814411871,0.0100039182074218,0,0,0,0.0702377061261282,0.065040365603081,0.0574386837165053,0.0329174792459238,0.0470530414883914,0.008765263853686,0.00196934534833947,0.0545220158684024,0,0.0182084839132396,0.0331531515997154,0,0.0573062681560175,0.0145921217901706,0.0132604935281517,0.0737917597512227,0.0161359898456738,0.00456854743929752,0,0.0135628895574072,0.0176834304406182,0.0263799187245603,0.0288708695351434,0.111450002600475,0.00359782946465796,0,0.038225518343214,0.0358268921639654,0.0711173908639184,0,0,0.00802613399415227,0.00249321600549308,0.0942404166782582,0,0,0.00564997655096952,0.0697527640802848,0,0,0.00331269114615102,0.0184867678085187,0.051187474940653,0,0,0.0138784177629996,0.0559822235542285,0,0.0339139837949751,0.0591753190663798,0.00463733100688868,0.067977224854139,0.0262326784428279,0.0204664387058915,0.0881139507925422,0.0489549532667375,0.0545263052532575,0.0118753406539728,0.0132266969203755,0.055678273769241
0.00174593478135283,0.00922773201174159,0.00744022141574336,0.0101459358425352,0,0.0098174317634253,0.0111919100658241,0,0,0.0163221349754856,0,0.00904114161511308,0.00673543039802505,0,0,0,0,0.00633314399839074,0.0222743469094566,0,0,0,0,0.00588053117614854,0.0125641253338557,0.0326398372491267,0.0149742943859141,0.0265871989689607,0.0074512659710147,0.0160390307006372,0.0231675981544238,0.0139604901265215,0.00789465335359212,0.00543928141936306,0.0385747785025599,0.0235630142155312,0.0359100722857519,0.0263546825492915,0.00759416358823631,0.0205440612739223,0.0167475340851984,0,0.0368703147005892,0.0387446575044046,0.0190390226002901,0.00166969240841327,0.0200254005089224,0.0248642753310214,0.0018010458391418,0,0,0.0304413830686349,0.0199265973220738,0.0184233127202209,0.0210674163542046,0.0469079997519006,0.014794130710045,0,0.0214366415941551,0.00928976354961687,0.0104377509491258,0.00806931932354374,0,0.0259380094241992,0.0119069876752905,0.0032011349220874,0.0210506460483202,0.00643618289593622,0,0,0,0,8.7577331813623e-05,0.0201019231047047,0.0755201351457523,0,0,0.016809853376916,0.00831980753077667,0.0252157608305599,0,0,0.000186657806634405,0,0.0578044739951776,0.00338834392994323,0,0.0113906703358127,0.0249863707589242,0,0,0.00139175368897162,0.00581379229874895,0.0108991380426613,0,0,0,0.0274562794794185,0,0.00634189534640832,0.0243558448389123,0,0.0390619519224677,0.0035194671064881,0.00705213665320682,0.0524035910360133,0.0185495906822378,0.0188753275991145,0,0.00419158341089504,0.0197474159221714
0,0,0,0,0,0,0,0,0.00942959659546724,0,0,0.00488969755243516,0,0.00733205684749881,0,0,0,0.00420305878928728,0.000909598028124803,0.0111496988335618,0.014141828410257,3.64323672479043e-05,0.00588053117614854,0,0,0.00750165255923401,0.00336931477195574,0,0,0.00407281355863609,0.00887049634166192,0.00932133125550922,0.00320531350266898,0.00275662724255906,0.0105942950316727,0,0,0.00257891120884691,0.00966838523336924,0,0,0,0,0.0254602454147294,0,0,0,0.00457299467114087,0,0,0,0.00180515349507379,0,0,0,0.00211222826990441,0,0,0,0.0144254708832127,0,0,0,0.00134025696888058,0.00407163219448101,0,0,0,0,0,0,0,0,0,0.013091527093586,0.00114815978354421,0,0,0,0,0.00218979297822444,0,0,0,0.000726980346539986,0,0,0,0,0,0,0.00955436799092296,0.00275803692455573,0,0,0,0.00292828073008544,0.00835777463122353,0,0,0,0,0,0,0,0.0180472948688965,0.0109617313921592,0,0,0.0109913454163486,0
0.00247338981562942,0,0,0,0,0,0.00468079001802222,0,0,0,0,0.0201500443050077,0,0,0,0,0.00220996198403544,0.00938723664400792,0.00916154623064133,0.000513296880516704,0.00887445576118923,0,0.0125641253338557,0,0,0.00989160269743118,0,0,0,0.00509141101714914,0.00113362632652263,0.00654403316049024,0.00213176393271662,0.00521684814499629,0.012159557409254,0.00195038933571795,0,0.0196109737616178,0.0137025945133938,0,0,0,0.0010657193759566,0.0397677107534713,0,0,0,0.00338338134386679,0.0034960892023607,0,0,0,0.00097466115718429,0,0,0.00217829349360854,0.00715424719951211,0,0,0.0123197477451302,0,0,0,0.00155209096506821,0.00158765648693006,0,0.00224131792594267,0,0,0,0,0,0,0,0,0.0110521711936775,0,0.00152135784743784,0,0.00262781123462149,0.000982338157814838,0,0,0,0,0,0,0,0,0,0.00671115723796264,0.0086668252442139,0.00377629604599446,0,0,0,0.00490454506077168,0,0.00303376215765099,0,0,0,0,0,0,0.0106228361521932,0.00329039153741032,0,0,0.00918211782752234,0
