0,0.0252547581583127,0.0455689817926636,0.022460724019193,0.0240765651505847,0.0729761403144395,0.00758059623121582,0.018526425342827,0.00736010009391236,0.00368361478118169,0.0168679525676544,0.0282729800804518,0.0344384321648094,0.0104422806681492,0.0252886248805647,0.0297691615637307,0.00330336886255336,0.0397466521741743,0.0124160470734141,0.00522281289296647,0.0153540991399366,0.0164773916543045,0.0380922421706614,0.00692174970097153,0.00388237743462809,0.00592007190378683,0.0130670762546805,0.0345255253674003,0.0216845730320123,0.0205948707321846,0.0220199490385447,0.0231725017192506,0.0308017510155007,0.018131791459393,0.0068978910508598,0.0409445340533909,0.0243196474901398,0.0191274732021985,0.0262948372479246,0.0329909160122152,0.0584058158086157,0.0246483776486904,0.0280621231014498,0.0315153634765283,0.0346057427689272,0.0572348516665716,0.0160848059589218,0.0290871714665691,0.0226932304172264,0.0146236310113985,0.0226305133130703,0.0360709247759734,0.00657486726042038,0.0172913627276753,0.0386544367175441,0.038921964792809,0.0494373583478871,0.0143919077534226,0.0418759653843523,0.0179579777999355,0.0271698417448081,0.0170121651752685,0.0166838705179459,0.0170130866664752,0.0355853303513523,0.0161446534246463,0.0161934981902015,0.0188800630635893,0.0334808050459238,0.0301952304950701,0.0247789852646175,0.0316562660716544,0.0188484867844179,0.0102053596468908,0.0202217499711148,0.026677502951428,0.0298564373743376,0.00960713850733366,0.0232549071222677,0.0440977953710905,0.0165771876606679,0.0400163067799082,0.0106951230664873,0.0204611455174194,0.0479422490664533,0.0409630693357072,0.0464495366219811,0.00898226406894042,0.0212630640770764,0.00773423659104199,0.014720576810908,0.0762576933857933,0.0728161034740377,0.0426074241842574,0.0262228225304121,0.0613826662881072,0.0135964119322549,0.016081163605423,0.0143863262271238,0.0133877806722458,0.0311546812915444,0.0397555304824102,0.0113970455755854,0.0411127385076593,0.0121312956510308,0.0224673074281337,0.0232982003329867,0.0218625009753644,0.0211389350870227,0.0511880331521551,0.00664027212191856
0.0252547581583127,0,0.0271354445660395,0.017788818765403,0.016541229595516,0.0250467406924371,0.0108636503099461,0.0105831013151063,0.00653995018725887,0.0143598718031013,0.0159966851505465,0.0175475718461677,0.024308935943745,0.00771131998588798,0.0190180443608933,0.0158151288061086,0.0207502281283413,0.0190013765730079,0.0299016561806315,0.00507824074917402,0.00853798387322762,0.0191855670462243,0.0367342001991378,0.0104361055034103,0.00837148589059817,0.0258346227677704,0.0334007431853718,0.0223536025664424,0.0241182047716989,0.013965102675968,0.018874259278892,0.025955781195392,0.0141924593608864,0.017315793205001,0.0240542010988181,0.0416220294963313,0.0126327715490097,0.0141838433636357,0.00963694925228899,0.0219626359698751,0.0214325643581107,0.0120485074917517,0.0267203524684064,0.0138817506107422,0.0252608792837904,0.0286935340776735,0.0219627806429737,0.0288298879776882,0.00758925752765381,0.0218249271885606,0.05297772865079,0.0300607949629018,0.0101114400364287,0.033553220411114,0.0475686244237469,0.0215134735464728,0.0268464640800734,0.0293412271435855,0.0334876117926728,0.0154376446885435,0.0299870462921747,0.00603350337833302,0.0156896413130479,0.00626000599634372,0.0246801450367911,0.0518138171243364,0.0372269284284879,0.0221913189268763,0.0200585871689709,0.0127940842268106,0.016951864982112,0.0294413349134313,0.0144371605019078,0.0101262295038804,0.0206014053262541,0.0234668954119326,0.0198721098761744,0.0150323843497724,0.0140079344048191,0.0292792686659775,0.0102432201236825,0.035905244275027,0.00969289519598805,0.0294593739006439,0.0162690424521646,0.0169055949655877,0.0200730618007796,0.0188430680756516,0.00709662057405876,0.0455482582040331,0.031236714009244,0.0168260223203514,0.0304488146475238,0.0206654215921527,0.0287269580365452,0.0152130425478208,0.0187546189881601,0.0226239868003809,0.0178508655841297,0.0113723169508235,0.00323354779164593,0.0149893137531395,0.0138725168272372,0.02121162178963,0.0153391149210227,0.0190793289390096,0.0136016112018973,0.0220947314699948,0.0169654373040716,0.0255637172876016,0.0383237809041898
0.0455689817926636,0.0271354445660395,0,0.0190974777983045,0.0123211759155866,0.0327582004135912,0.035096526967083,0.038348359550342,0.0135157694604414,0.0455000091824408,0.0436935478830265,0.0185196490182152,0.0219153245106936,0.028232548065806,0.0132094559781929,0.043983382881544,0.0244999193865084,0.02020733817476,0.0167378942233102,0.0173435956824504,0.010050508916468,0.0446317907461175,0.0306620381073238,0.0178804395077036,0.0177911083659978,0.0267838823356083,0.0334222988790831,0.0373895690827692,0.0407119215324568,0.0295260506554033,0.0289045608813192,0.0255645827330407,0.0583877742735139,0.0141766055217335,0.0201052606706765,0.0261113286066424,0.0087834065258399,0.0335953532215151,0.0410230823472121,0.0315513337184859,0.0432603651152901,0.0179547406662948,0.00941916239346279,0.0396814431320306,0.00535090428472876,0.0304329574301738,0.0426375593567741,0.0447359353672598,0.0407889438095114,0.00927830723498356,0.0211570958796548,0.0245559314378188,0.0333408467979291,0.0332704909863923,0.0102309561362235,0.022483070675445,0.0406812237469642,0.016875767732864,0.0252794653222121,0.0336311733210956,0.0195475908318686,0.0368049854678227,0.0140627480864429,0.0407925507599802,0.0322449620817965,0.0456465812033805,0.00861927607870546,0.0436038119812351,0.0133413265474181,0.0419986749986193,0.0191355012080583,0.0266033697729855,0.030534696469097,0.0159261633635707,0.0143942657763056,0.0212509510913456,0.0316488716341208,0.0196048182821585,0.046808126303335,0.0226376480167072,0.0326436381138149,0.0185584476705872,0.0435117544573311,0.0177246315186136,0.0476654055619414,0.0235634097182789,0.027356819886777,0.0385746795541416,0.0388612108191578,0.0276981092358789,0.0211261715854476,0.030260496342879,0.0198825228658822,0.0320835486655503,0.0217832703960067,0.0281884447652096,0.018450218625687,0.0302795084798097,0.0441056213742671,0.0505016837343841,0.0267415754814653,0.0144524422757009,0.0399272059761459,0.027276565893017,0.0369735598602376,0.0374234490524392,0.0494464123563982,0.0269019709797341,0.031407390341157,0.0311927413853033,0.0294620902705742
0.022460724019193,0.017788818765403,0.0190974777983045,0,0.0114608025544717,0.0254447404186893,0.0383766912978797,0.0166514907346518,0.00490138486139626,0.0183807577189848,0.0268043192834916,0.00548730315914707,0.00856629251464202,0.0186125830544821,0.0230190421751949,0.0343630585541832,0.0399774557785008,0.0138596404420486,0.0116692483366012,0.0177195418616954,0.00982335057850411,0.0204383630897685,0.0140053476514397,0.0199315191799962,0.0167583571279448,0.0286280191661133,0.0416454546909062,0.0182624571630191,0.0278449603702198,0.0186893176913788,0.0223480691429387,0.0186485977090108,0.0241711128322802,0.0155767024259697,0.0252973605902524,0.0220892274657826,0.0152946317517993,0.0231013341650088,0.0278614072834742,0.0205395567396222,0.0154428722940272,0.0146617224382341,0.0078205533867853,0.0288634431545021,0.0034550052591111,0.0105633557912051,0.0554841905125476,0.0308371706193377,0.0417563364580819,0.0172998811689072,0.0173941711188497,0.027236266460674,0.0203232477417457,0.0290270641756785,0.018331985220804,0.035200943810091,0.0359130626280497,0.0176061601459427,0.0197992449270543,0.0200668836863799,0.0156733725921584,0.0255545415622847,0.00841157882925585,0.0290202231388997,0.0287435871991898,0.0401770700531924,0.0127045854766611,0.0364257853651356,0.031805343580377,0.0220427142038173,0.0212259666856751,0.0251649038129739,0.0254421997450625,0.00830442507005207,0.0163272261945026,0.025438059376835,0.0299008412228753,0.0216606909068488,0.0451570622319899,0.0351677458013173,0.0158170707939433,0.0271370117751555,0.0286761312173117,0.0283141883798307,0.0445544099148839,0.0196782856578051,0.0327001624338477,0.0278771614655778,0.0201032010845374,0.0206093329643749,0.0176450002925197,0.0369259877824911,0.0268741867247559,0.0239396785635851,0.0269237829259609,0.0300532548537515,0.00842092064506157,0.0324784761389802,0.0228671900792008,0.0311484429794394,0.0133136014278101,0.00659241779164348,0.0342490201209646,0.0155895450126343,0.0275085999319016,0.0143808221801237,0.0380960290525771,0.0128005574997074,0.0165027995757858,0.0182271431571405,0.0194173672153959
0.0240765651505847,0.016541229595516,0.0123211759155866,0.0114608025544717,0,0.0284554500326776,0.0165349501801091,0.0233315116235999,0.0164532649970486,0.0243953342344666,0.0163936156169992,0.0155339644643106,0.0137655887062632,0.0158089297142502,0.0101922377540268,0.0720475346801712,0.0209829557768359,0.0255903806452228,0.0580493963689969,0.0170216636527568,0.0130532060717558,0.0379749822876207,0.00749396187393736,0.048014020247825,0.0322687837966253,0.0187822484486904,0.0141102400059835,0.0260973011403599,0.00860664960762479,0.0209414996041281,0.0213268800628523,0.0185222169110285,0.0134275436531133,0.0269931498086744,0.0206990439104072,0.0359925342682145,0.0278412335465791,0.00829438581227168,0.0133745936977325,0.0189336697960495,0.0183754620567104,0.0137438412468581,0.0136924966536914,0.00928076546286128,0.052695777806688,0.026970785718145,0.00456837918406403,0.0148743517218521,0.00829606118159822,0.0221527456861314,0.0223289923421316,0.0345498514352227,0.022413004444212,0.0172800208792946,0.029846478255522,0.0140986429576354,0.0157688625490374,0.0269888045108495,0.0179053994740212,0.00923382322751486,0.0138119749586905,0.010047065361034,0.0195865598583283,0.00233567017723333,0.0158864054591328,0.0151486612236116,0.0131984646865319,0.0076080997001054,0.0215406514002396,0.0113835912317417,0.0189626603990003,0.0288292863593164,0.0145350407737021,0.0180187982891708,0.0223431717828574,0.017645227414512,0.0184560642574721,0.0136529119622771,0.00914833908691176,0.0190158069636001,0.0149865691467129,0.0244194246750343,0.0139608586947438,0.0106097025426036,0.00664395939488016,0.0188181860722083,0.016147570655957,0.016240432868951,0.0110701790905683,0.0168826057039202,0.0228736894083705,0.022930449933275,0.0194876705106487,0.0133204532052363,0.0540651891065609,0.0177168947310465,0.00897130521183135,0.00967255949481034,0.0132699339308565,0.0166338820150685,0.0246757485507006,0.0241234911222051,0.0105632491409608,0.0112956932674207,0.0121553399173671,0.0165300867710439,0.0128814140569761,0.00863087509668961,0.0207831304308591,0.0152027634879723,0.0106950184866335
0.0729761403144395,0.0250467406924371,0.0327582004135912,0.0254447404186893,0.0284554500326776,0,0.0310384775591922,0.0410067538743643,0.0153963638276738,0.0330784433403458,0.0843237142779891,0.0455281424328298,0.0427193207413781,0.0186188644669301,0.0108390628416426,0.0593489370814637,0.0132279137080287,0.0169713145923091,0.0217265847924779,0.0108661238374056,0.0107349646079725,0.0685512449443185,0.0735373023506582,0.0194109217648284,0.0130657908003239,0.035424298516,0.0406332627631908,0.038470818611905,0.0286532733877132,0.0451364554689424,0.0178859638609309,0.0495964558359445,0.0365993162637874,0.00404624336791819,0.0201294370160269,0.032011221799754,0.0234805957509773,0.0198426683512525,0.0212953060408238,0.0520380150925943,0.0311038965005146,0.0307737945945894,0.038270641437264,0.0220358914202043,0.0102673910933533,0.0201439985285395,0.0518267063874645,0.0672380231196741,0.0191781011765215,0.00264854842698577,0.0393042882429736,0.0469565945169951,0.0424117827578437,0.0220906632025469,0.0193252752680168,0.0355615203768552,0.0323302274058022,0.0223107293281298,0.0601939982379333,0.0135354230609771,0.0326002542624667,0.0194887649719809,0.0145003593339454,0.0199342480006338,0.0610615855354467,0.0580072565890813,0.00790547180494533,0.0400474688231503,0.0366911934711561,0.0169122428709422,0.0441467843251657,0.0647510243561818,0.0323344909895367,0.0287513684610111,0.0439537403032758,0.050950248897137,0.0546113597178866,0.00599411784072899,0.027159987101508,0.0122648294439596,0.00881103083090438,0.0653392481825271,0.0365748332490359,0.0166636832328059,0.0448573079018314,0.0516472626693354,0.0384227744423287,0.0512866485802473,0.0252038457285271,0.0394579269350564,0.032168693698523,0.00872770812847948,0.0407685726933197,0.0461680999440859,0.0256532201004522,0.0154619050037453,0.0172681591557397,0.0297482376174282,0.0740677745914106,0.0445813125338674,0.0330833364855966,0.01712191053841,0.0378088852126226,0.0291558416486412,0.0398915896129135,0.0565938265683452,0.0432963703201063,0.0393745153250722,0.0531588089972128,0.0487312424705864,0.0237031192511362
0.00758059623121582,0.0108636503099461,0.035096526967083,0.0383766912978797,0.0165349501801091,0.0310384775591922,0,0.0175552348662386,0.0296690713152333,0.0156283895743345,0.0205306549003643,0.0138007728183812,0.00805461996034338,0.0236333377112277,0.0277519076081955,0.0107315807850556,0.0193802337739506,0.0136685570749076,0.00468064322164165,0.023033291778279,0.0434841485276346,0.0069794769834726,0.0164934877536312,0.0142004563506656,0.0057331227060556,0.014721690861355,0.0172319847154087,0.00700057974624753,0.0135780783851262,0.0216147707445373,0.0133146500796354,0.0124545865230854,0.0259760428847727,0.00973512790235305,0.0103298130460445,0.0121854656749941,0.0170082303642464,0.0281688493290099,0.026775768308335,0.0173327128346747,0.0130859721338726,0.0344135737368408,0.0283580140734186,0.0337261615574974,0.0139727745138325,0.0105617450901393,0.0438247726855814,0.0177918811793323,0.0491557803935486,0.0258818588298853,0.0150577959379701,0.0157019826072685,0.0221252471415163,0.0465285923397422,0.00713178849971485,0.0257990965772973,0.0166480333280339,0.0167506934426699,0.0157446256271876,0.0458029285970263,0.0221233124845304,0.0454713420849505,0.0120491522405495,0.0430299228550094,0.0244037253902834,0.0217001915639676,0.0167425522623284,0.0258825080003773,0.0343978263615355,0.0235096698122547,0.0191346285968272,0.0191417429899479,0.0349245447480273,0.033576311959365,0.0277978156454797,0.0298363880208004,0.0297717607562414,0.0109261009025331,0.0346474978997827,0.031157584595654,0.017945853596858,0.0220114398785468,0.009297276648108,0.0113098453428853,0.027435204603194,0.02361236123035,0.0372144857620622,0.0209551234214744,0.0102600211652597,0.0124091065806364,0.0142785696125318,0.0254856660168272,0.0467344166656409,0.030780518148682,0.0164669313983493,0.0333122403446933,0.0310071050720866,0.0176495447955684,0.0173035778652845,0.024199077031986,0.0118182661754657,0.0259995529412819,0.0217287437391459,0.0407663469646625,0.0215017688582097,0.0122447233879579,0.00853100479271788,0.0117182802571816,0.00909734686472462,0.0115447810522944,0.0105388277847451
0.018526425342827,0.0105831013151063,0.038348359550342,0.0166514907346518,0.0233315116235999,0.0410067538743643,0.0175552348662386,0,0.0154202848116768,0.0155254879361124,0.0303859285923501,0.0255705809670393,0.0298769501057197,0.0132543744030805,0.0502943989456919,0.00912948172807141,0.0128250573790692,0.0295809033391215,0.0179658066047974,0.00683359567057413,0.0192119942495144,0.0164551737151073,0.0324234400452415,0.00591497655889523,0.00529143775292471,0.0088984835867392,0.0204738209775488,0.0419687604016738,0.0370282453955671,0.0276440497224216,0.0164472155351021,0.020346160096136,0.0358546872097128,0.0152772190127758,0.00570935481812026,0.036250608106193,0.0231972685946667,0.0248674961078423,0.0282389808012013,0.0323638756808326,0.0443469996799873,0.0307033727408381,0.0221659936559733,0.0295958064395394,0.0230053847866863,0.0484614091983268,0.0288238733985691,0.0346112852397334,0.0252936201795919,0.0193705245694229,0.0137231948508804,0.0233048648944301,0.0176434281655053,0.0101893686717069,0.0278164859078233,0.0292137979376699,0.035164732850547,0.00824746764965781,0.0312378961433916,0.0184987911274212,0.0131547915000756,0.0167269277562955,0.00912436487330353,0.02831947537085,0.0348062091219768,0.0297398256602833,0.0121446871763874,0.0392252331214693,0.0255980832811596,0.0388038303657128,0.0371078819312524,0.024332519467464,0.0302198317212299,0.0129547165684877,0.0222698869400148,0.0303813450237693,0.0321135365959014,0.00709165680104636,0.0272601237743161,0.0241762821792143,0.0190247815414269,0.0368947210650915,0.02391321140659,0.0432136217233112,0.0288419882901314,0.0360997041933067,0.0417197637660151,0.0126882346491087,0.0195577279927193,0.01269161662679,0.0175488080093154,0.0613540096636834,0.0457224466088033,0.0359489178163035,0.00905039855504704,0.0710130444155784,0.00773850357176336,0.0145112156511345,0.0159813205630821,0.0304686581770698,0.00851218570024271,0.0428673311680215,0.0236795833978061,0.0274834873040679,0.0108181291666217,0.0287149994248332,0.0203889905488537,0.0307966398422496,0.0276379608894683,0.0330783241591876,0.00748204940764091
0.00736010009391236,0.00653995018725887,0.0135157694604414,0.00490138486139626,0.0164532649970486,0.0153963638276738,0.0296690713152333,0.0154202848116768,0,0.00793721305926849,0.018555006570065,0.00488730272907691,0.00439260790127845,0.0353490565019856,0.0454922426757186,0.0295754133952502,0.0326279450125665,0.0180629806675319,0.0126890870487582,0.0266684843062694,0.0121601252436409,0.00827170889997483,0.00856491855151293,0.0131624111600356,0.0104891545575761,0.00850064325045275,0.00989386758304181,0.00867979370963876,0.0190070911518684,0.0153230767408222,0.0111533245028081,0.00580773789391174,0.010047518338517,0.0129602798938016,0.0110441940933014,0.0159378217112301,0.0158744325882965,0.0125330056837164,0.0254720822290185,0.00718490486422869,0.0123642850525395,0.00893136099136115,0.00616807998355835,0.0138835388531345,0.00822836244017417,0.0100789601026836,0.037237057971605,0.00914284037484633,0.029314746482347,0.0198271075025806,0.0107789665483163,0.0178263604234873,0.00974882313617978,0.0271675942277435,0.0117840020345002,0.015451502642636,0.0205159762692042,0.0138167694286314,0.00630230450811219,0.0220829956334169,0.013710492957866,0.021455610572475,0.00855954205011761,0.0240750211242364,0.00929541114504251,0.0231049214219944,0.0146762441561485,0.0215412132217913,0.0175719252895448,0.0180599624713111,0.00891752134624418,0.0135571665322695,0.0117669803852164,0.00824754248747513,0.00887864138051049,0.00802077392811873,0.00984931835187966,0.0169401528709732,0.0209609830888506,0.023433741780689,0.0117292334458214,0.013987792262687,0.0119482074167179,0.0309031043826771,0.0291995716133014,0.00841096147133363,0.0168777762290105,0.0108209483925587,0.014989829036175,0.0175376676609202,0.0192017606261267,0.0323065885262078,0.0195319099694587,0.00936689689235433,0.0200836403764287,0.0287270734867311,0.00561532873942856,0.0247808308470198,0.0124190272196095,0.0106692102355963,0.00463374143656848,0.0183322204737854,0.0209561111273471,0.0139570782347289,0.0131919405451913,0.00250000009536261,0.0176879649070198,0.00695218863834423,0.0104718683996359,0.00926828206372505,0.00783778797994393
0.00368361478118169,0.0143598718031013,0.0455000091824408,0.0183807577189848,0.0243953342344666,0.0330784433403458,0.0156283895743345,0.0155254879361124,0.00793721305926849,0,0.02992079785249,0.0126885723349586,0.0138897394119735,0.0260065164419016,0.0499794410605537,0.0318164460024831,0.0253829740651124,0.0272818207536654,0.0250425042545192,0.0139151096297077,0.0148208982636925,0.00873354373002045,0.0218760143227906,0.0102716723852675,0.0148636746808887,0.00621324649283607,0.00894406266059325,0.0178396049586785,0.0248471701429227,0.00988461283909449,0.00795667426211289,0.00876664130501617,0.0211664030621042,0.0180273847040501,0.00737200811720383,0.0291438333123236,0.0178397542092591,0.0237483692935043,0.0306087253029841,0.0209190227094079,0.0387957282909236,0.0141218240418914,0.0290651880868265,0.0267464170278416,0.0216799793392178,0.0364338263653406,0.0371998076880844,0.0139197599163925,0.0228426797098199,0.0172033069241155,0.0138069042483061,0.0129050384172459,0.010930126900513,0.0304811950824659,0.0239326178272426,0.0181743935046422,0.035949761152226,0.0148010708185516,0.0200839319264256,0.0268025423032261,0.0200327741495352,0.0173513713408985,0.0152387349379034,0.0321471231815183,0.0156622812551999,0.0367194805279141,0.0245511473496266,0.0285072833935326,0.0137180540619185,0.0354735256639253,0.00794655460229704,0.0118688354237792,0.0134406053343612,0.0106485692305186,0.0109350289924199,0.0139788139600958,0.0111538475571337,0.0182910440273407,0.0231941677295812,0.0233125119965569,0.0313337158026325,0.011723173676835,0.0146062376624931,0.0349922000997027,0.0345482984137362,0.0145959151728203,0.0200043700924677,0.00698431403843332,0.0219494192476207,0.00822481107840862,0.0256306022119312,0.0371874043606877,0.0315859864316977,0.019523549002221,0.0268713845648938,0.0428353417069563,0.0120106799652265,0.0224846254335272,0.0111370302723295,0.0121592026964521,0.0140585936782937,0.0339808496052106,0.0210076155942249,0.0252514644194893,0.00944559709315894,0.0127205679454996,0.0175750667885135,0.00926472718710313,0.0147395328601359,0.0145298831875783,0.0106396958023543
0.0168679525676544,0.0159966851505465,0.0436935478830265,0.0268043192834916,0.0163936156169992,0.0843237142779891,0.0205306549003643,0.0303859285923501,0.018555006570065,0.02992079785249,0,0.00796045325635211,0.00868549767645082,0.0254393575874829,0.0163150118598105,0.0565777891981304,0.0178190619673578,0.0332652506913166,0.0071658136566315,0.0189322729234232,0.0171733658352577,0.0226867312503624,0.0261824634751607,0.0144577533637018,0.012978989056088,0.0186864427830478,0.0221793247172096,0.0106185094057048,0.0193206198352304,0.0185504695359058,0.0175688786072075,0.0130709646944277,0.0428461639457883,0.0102323632317573,0.0105600593602428,0.0109331791462653,0.0188724374528237,0.0327973589579512,0.0288555216733826,0.0213975981081046,0.03880932330178,0.0437742347104678,0.03938496811093,0.0624238292719516,0.00918945302915483,0.0212164431598332,0.0634253978846993,0.0192599725075999,0.0705815913762203,0.0127761240706067,0.0185906246327999,0.0161446524029836,0.0212848462700271,0.0389047486202439,0.0142214109499722,0.0606722445612486,0.047991225795571,0.0206754793230288,0.0256197092191683,0.0255412338500909,0.0269638959214486,0.0283522318929875,0.0108745805619506,0.0319867289301963,0.0424054450787684,0.0390735313674345,0.0110744907024559,0.0269748360326946,0.0442320593406035,0.0302986772952299,0.0198904127512989,0.0291609114389346,0.0341958769990548,0.0347460086863711,0.0506764391954182,0.039934189743469,0.0501818962246374,0.010807889498839,0.0702888356511994,0.0330184394723633,0.0264827147426662,0.00784536350775811,0.017430194781142,0.03226521966257,0.0385004099546015,0.0273607494264178,0.0507055596462123,0.0372316707552813,0.0225757703932667,0.0179049829575189,0.0211152993889435,0.0364810810704966,0.0595842021043172,0.0576337263935409,0.0164326125525306,0.0524406272945535,0.0139854022192415,0.0146939056116577,0.0275254171684994,0.0360656003052544,0.0145786698757605,0.0361885037056031,0.0259913327794173,0.0339354444569106,0.0243425070031451,0.0208306566298566,0.0226191927925012,0.0112206754638469,0.0142364456936587,0.00798358102842979,0.0134839591157338
0.0282729800804518,0.0175475718461677,0.0185196490182152,0.00548730315914707,0.0155339644643106,0.0455281424328298,0.0138007728183812,0.0255705809670393,0.00488730272907691,0.0126885723349586,0.00796045325635211,0,0.0138820107169023,0.015735045772202,0.00750838954162881,0.0442519528704772,0.0145133532721762,0.040095927093469,0.0195110437792553,0.00930665388532486,0.00405656461909507,0.0323077872186272,0.00804030619902271,0.0180230599525521,0.0115897551730723,0.0139899834067411,0.0129682297832466,0.0121661399123485,0.00451189808635159,0.0277317580642772,0.0220429832110005,0.0201348154271636,0.00972783629591733,0.0159376813121369,0.0178279409541446,0.0145954664684418,0.0228469799655518,0.00163995471513541,0.0293008203082289,0.00770528961750675,0.0352521212489364,0.00762217503171594,0.00990384877519168,0.00897519978902456,0.0261564729877434,0.0302862043643895,0.015100948063393,0.00466150364007561,0.00734157559837347,0.0104600456651698,0.0214463836514169,0.0245989702667453,0.0132730603939993,0.0190705335465374,0.0159513167896859,0.0170999053813146,0.0342927416916957,0.0232871855643299,0.0112756581098616,0.0210069710549972,0.0186043878511902,0.0193706368458852,0.0226223431984589,0.0093172206603384,0.00782357255389476,0.0172496354497351,0.0145274364954035,0.00523433512524089,0.0147741192554937,0.0118027676172997,0.00941208849965869,0.0258640508560738,0.00448535759069124,0.00803846596645971,0.012930399453701,0.00520016397101182,0.00778238801375028,0.0139498767780114,0.00861035731107183,0.0326497683588831,0.0098510685480503,0.0135626487407554,0.01479066209979,0.0114439043018016,0.0408998076877099,0.00900043789347894,0.0181151715793014,0.0048045318816086,0.0185555656931611,0.0119856889078492,0.0115625180677646,0.0459865108337515,0.0393419053258886,0.0122377254147929,0.0344208793824892,0.0343073549801166,0.00817802415920748,0.0104629201864184,0.00746898088996024,0.00938687539076083,0.034480910757176,0.0176613496269707,0.00564014701133283,0.0112400161812705,0.0273629470547316,0.0138750828618185,0.0182048351180407,0.0159316486458211,0.0116936377114524,0.0176543334353228,0.0116358901802526
0.0344384321648094,0.024308935943745,0.0219153245106936,0.00856629251464202,0.0137655887062632,0.0427193207413781,0.00805461996034338,0.0298769501057197,0.00439260790127845,0.0138897394119735,0.00868549767645082,0.0138820107169023,0,0.0138309887480387,0.00799476788301575,0.0357842426449411,0.0121318352502379,0.0333813667815421,0.0206781241967683,0.00448307916728399,0.00394585910041649,0.0412829045381078,0.00951176002486088,0.0142223328437574,0.00879706188260506,0.0144007776056002,0.0128868774241072,0.0084459519059379,0.00331827691419017,0.0278009419475174,0.02145531317478,0.0203391142899683,0.0112693543262618,0.016393844288498,0.015356172796672,0.0110319129078072,0.0240248592518916,0.00338509950160395,0.0319064374104609,0.00552987866525817,0.037368076843242,0.00712459416102722,0.00964247229394343,0.00917777587360065,0.0273379333868471,0.0334828349586101,0.0129500538537956,0.00650502355061083,0.00773423038634325,0.011099592206587,0.0206868627154121,0.023125590580104,0.0116940775900948,0.0196722335229257,0.0152874440274488,0.0143317681132051,0.0325487207109826,0.0228994645393254,0.0114212428618771,0.0198736206955286,0.0200092206563163,0.0208756293827042,0.0212422169447509,0.0100516861236006,0.00834668301228992,0.0150666890521541,0.0133277835135083,0.00632008227151696,0.015109618221206,0.0116441196012777,0.0111054965076635,0.0243286153748548,0.00649544246749716,0.00471401714260831,0.0118044824497053,0.00520151605784473,0.00609003000301166,0.014037282187162,0.0091963668936118,0.0310678361749784,0.0108660333699065,0.0136499180144528,0.0111654507007132,0.00969071350633397,0.0448273930257014,0.00776048098049977,0.016562268242055,0.00305258992239182,0.0162463414038758,0.0153103306892893,0.0123725169231042,0.0425033260748327,0.040149498891398,0.0132509957349929,0.0371853624223141,0.0322054619312064,0.0117145156482171,0.0119970748333544,0.00681294259544435,0.0086603977476661,0.0381247173411905,0.0180839281393204,0.0069102927311976,0.0156870798664525,0.0289931254504066,0.0112413807675866,0.0159248205532041,0.0180154577335227,0.01048050411701,0.0147793885123849,0.0158406329678091
0.0104422806681492,0.00771131998588798,0.028232548065806,0.0186125830544821,0.0158089297142502,0.0186188644669301,0.0236333377112277,0.0132543744030805,0.0353490565019856,0.0260065164419016,0.0254393575874829,0.015735045772202,0.0138309887480387,0,0.0501439611086345,0.0134052661375463,0.0235531888653162,0.0104145714097399,0.0188668485171157,0.00694279260007028,0.0250105192210666,0.012991281425327,0.0192188433318617,0.0102041232247677,0.0108030772190193,0.0118798889325915,0.0144330925377139,0.0251965852708572,0.0123976392812345,0.0221022996000864,0.00362224069584565,0.0158452406393157,0.0223218782114018,0.00812064224636993,0.0035188900434385,0.0228969328170045,0.0227679412513533,0.0183711032278679,0.0178687555111383,0.0265201033959876,0.0182297685996839,0.0275819547420168,0.0225603203657279,0.023621988499476,0.0248002529248779,0.026958873903351,0.0249720131898587,0.0254937442827701,0.0236439106120173,0.026349418774616,0.00991197587257408,0.0168553794290732,0.0245241726424159,0.0177234382490034,0.0256317637912723,0.0212694981734793,0.0208654271601885,0.0116437443236868,0.0212087225788308,0.0167967035358193,0.00918594072215509,0.0235777774161061,0.018151216865291,0.025881780079707,0.0251732201013639,0.029299502540556,0.021333758343548,0.0381824400069558,0.0235018120780357,0.0279476478001366,0.0301447348111607,0.0188196237287992,0.0300221925418801,0.0142248512072903,0.0244166337380844,0.0263638342651209,0.0266394375472743,0.0105533821942151,0.0228418982452129,0.0197062498458254,0.0182679057479318,0.0287520783106427,0.0226406118851086,0.023169804467204,0.0171948121771043,0.0249548175899569,0.0308755208783157,0.0147882098920104,0.0120152908759697,0.0145887578108595,0.0122608981181659,0.0306617988213982,0.03207322479882,0.0235603841337654,0.0172675919566882,0.0410076320100757,0.00633788163035087,0.0140352352698866,0.0149654207688396,0.0260993847219494,0.00960570679444779,0.0309124521239326,0.0258969815984884,0.0209464704207308,0.0115885490789395,0.0195910721236309,0.0120457997362082,0.022542455091381,0.0207560168559114,0.0175549702480908,0.00507568325097152
0.0252886248805647,0.0190180443608933,0.0132094559781929,0.0230190421751949,0.0101922377540268,0.0108390628416426,0.0277519076081955,0.0502943989456919,0.0454922426757186,0.0499794410605537,0.0163150118598105,0.00750838954162881,0.00799476788301575,0.0501439611086345,0,0.0568790525977889,0.035789535071417,0.0182508646007431,0.0101861306565947,0.0312169079238217,0.0330821656575773,0.0265184417675947,0.0117771531108771,0.00908178999411526,0.0112811399825466,0.0368268393013773,0.0311588909316369,0.0192269467802934,0.0207076854679771,0.0322179228280051,0.0142997430996155,0.0242030678865837,0.0209431624195422,0.0150496451502282,0.0201140016016421,0.0146744939487147,0.0101033800167061,0.02254875777793,0.0141023070102944,0.0222735486665798,0.02603315154564,0.0300769026485547,0.0191995329343533,0.0330494885053323,0.0194519623633098,0.0254818102253311,0.0328129790933632,0.032045446661828,0.0294372393378204,0.0143765860248434,0.0138240150760147,0.0195891254751881,0.0314437997052099,0.0356836137104535,0.0373272974298976,0.0250361676148364,0.0295672191820015,0.0118685467356716,0.0247392223215367,0.0253789888280453,0.0113989224216866,0.0246369524134752,0.0251081216380871,0.0268226056285988,0.0298330630430503,0.0342270649152109,0.0260274468244579,0.0324973966176783,0.0221087210616921,0.0257496231684382,0.0372140600864177,0.023780574751923,0.0367148820712907,0.0244346345829709,0.0306632464155048,0.0319555457595929,0.0314477490029712,0.0205148659561722,0.03240651115531,0.0184062932706492,0.025462524587443,0.0272033417293135,0.0277527319361445,0.0260038606526261,0.0263321117111468,0.0234578958917166,0.0289557361311722,0.0324207938716156,0.0194291578180168,0.0190198385026459,0.0169755071698188,0.0233368011467182,0.0148606505243654,0.0243677284577712,0.0168813085075244,0.0345772589120259,0.00515120095678299,0.0144446943580672,0.0231795118530239,0.0357862903751039,0.017195958747495,0.0289145758888072,0.0381033810199265,0.0171241034446223,0.0366404906722376,0.0197762188674833,0.0116236827329437,0.0337687317217595,0.0206311903287255,0.0104105527816936,0.0173155415510835
0.0297691615637307,0.0158151288061086,0.043983382881544,0.0343630585541832,0.0720475346801712,0.0593489370814637,0.0107315807850556,0.00912948172807141,0.0295754133952502,0.0318164460024831,0.0565777891981304,0.0442519528704772,0.0357842426449411,0.0134052661375463,0.0568790525977889,0,0.0169962413753364,0.0463844770115747,0.0233531694252608,0.0161973730943053,0.0320535841859542,0.0310413146580024,0.0488003607280217,0.0314375391619417,0.0236889050722061,0.0475344908788183,0.0502539428703408,0.0265918228616677,0.0118409265513295,0.0276477999435102,0.0203071865543261,0.0493604842224817,0.0416901094715505,0.0414297129614846,0.0377096677416621,0.0356417335754217,0.0179080814901432,0.048821693946375,0.0286384045490338,0.0297114637847552,0.0406896585885985,0.0460414211527938,0.0230388923566688,0.0417291746217417,0.0383747176597459,0.0277548931717891,0.0470128320026187,0.0451539077135287,0.046414025431493,0.0387955749489734,0.0152584966156591,0.0325896997046783,0.0398586538564871,0.014546407047401,0.0307865457772818,0.0520964818247424,0.0592942074930441,0.00761446335359039,0.038397336108453,0.0152937573926232,0.0138555249095229,0.0253255286016129,0.01251743369148,0.0351393881066213,0.053902419758998,0.0281203324211169,0.0255442758356518,0.0469636721311976,0.0537407611339389,0.0234707032864319,0.0614024105857336,0.0326378980694304,0.0508796952229467,0.0208825738170816,0.040728335656484,0.0491471661729479,0.0515551409822807,0.0127140515668466,0.0510515179052568,0.0324550828199055,0.019016918526846,0.0695318210458967,0.0148946477203691,0.0233185744778827,0.0191942944198574,0.0475210010574953,0.055480652869847,0.0379326367822332,0.017630217844583,0.0242006660011258,0.0112028786583728,0.0403267601857532,0.0474849837828043,0.0512256759502102,0.0360551840393299,0.0463199308077655,0.0124769962380276,0.0085724151663807,0.0486677268178783,0.050640173735526,0.0110331396855611,0.0322348115337212,0.0367186158191786,0.034497677592149,0.0158250505741381,0.0394690541845906,0.0135456431990212,0.0449498811558787,0.0283818769460914,0.0393187595148752,0.0137519497612417
0.00330336886255336,0.0207502281283413,0.0244999193865084,0.0399774557785008,0.0209829557768359,0.0132279137080287,0.0193802337739506,0.0128250573790692,0.0326279450125665,0.0253829740651124,0.0178190619673578,0.0145133532721762,0.0121318352502379,0.0235531888653162,0.035789535071417,0.0169962413753364,0,0.0172497316196286,0.0200090546846895,0.0246341849255061,0.0329037883263771,0.0215858101420838,0.0125994736433036,0.0240325384624007,0.0274077176354911,0.0334939579241657,0.0248906433410508,0.010743992835744,0.0116024925571452,0.0108063350629055,0.0280932937014209,0.0194028041762402,0.0171918781564194,0.0516210964410908,0.0355490545444914,0.00806684891296225,0.0164709036143453,0.0207477255101105,0.0134199193103092,0.0183763516071565,0.0138253244549031,0.0300087710243491,0.0424537775722928,0.0274354142199858,0.0352715072121918,0.017143773241053,0.0273336839381416,0.0193513690018725,0.028013546924587,0.0428899449620535,0.0124206644515525,0.0129749017178674,0.0233050596878889,0.0213713860646116,0.00373144022404397,0.0209760238630341,0.0123378172695969,0.0112452282013579,0.0123578681394717,0.0162632415410604,0.00673631466440998,0.027738893996893,0.0149120696045189,0.0263634073065301,0.0208754394934216,0.00996840130294215,0.0244160914447695,0.0185128780339561,0.0272987750691922,0.0198893591207806,0.0309475809337054,0.0165266650326073,0.0296903907163802,0.0270515725388104,0.0332759334751929,0.0254339370043121,0.0275755866005278,0.0128428310870259,0.0262129384305523,0.0288511237045825,0.0166199876311148,0.0295441022988989,0.0122101980979544,0.0162118972250795,0.0230717622805963,0.0199878944006013,0.028821149567231,0.0220481500734707,0.0154896229561444,0.0154095071050536,0.0205985864892842,0.0118989642931068,0.027465203972059,0.0224505550128694,0.0249836522999487,0.0225070059172971,0.0355513560829546,0.0219377765512142,0.0166858940089317,0.0222431152565244,0.0126280244183357,0.0201258249082358,0.0272299682414152,0.0272780452096756,0.0163760617753539,0.0158225958625016,0.017733885012346,0.0133581128127125,0.020720556952169,0.0176646032810853,0.0244171867582547
0.0397466521741743,0.0190013765730079,0.02020733817476,0.0138596404420486,0.0255903806452228,0.0169713145923091,0.0136685570749076,0.0295809033391215,0.0180629806675319,0.0272818207536654,0.0332652506913166,0.040095927093469,0.0333813667815421,0.0104145714097399,0.0182508646007431,0.0463844770115747,0.0172497316196286,0,0.0463094091152175,0.00562083351659809,0.0115748137299511,0.0564762621994554,0.0210090338223198,0.0295726055262759,0.0203544296525347,0.0215070211051106,0.0212072383231952,0.0259317518788427,0.00927143097797348,0.0431741088006332,0.0146295492278993,0.0350381113000605,0.0253483807748768,0.0111428815456144,0.021054851687008,0.0220249267039502,0.032081438394406,0.0193703003022257,0.0295061701749055,0.0239323718057092,0.0154301528958004,0.0258465795481661,0.0169352268195689,0.0161000572031664,0.0227573483706191,0.014391899072252,0.00699274059055236,0.0258915342061822,0.0184702382647874,0.0116499183633385,0.0250503964358262,0.0328768713119797,0.031902721133072,0.0159002279387942,0.01186739419342,0.0219910335823286,0.0115544683189864,0.0217676685871284,0.020728697312037,0.0175089718893942,0.0186160467466522,0.0241239631648437,0.0183104715642947,0.0119032723176167,0.027100866369214,0.0243629922777951,0.0135676304430807,0.0235313203083612,0.0234855574846759,0.0205301060024863,0.0334695607641775,0.0372992622582144,0.0255868024244638,0.0207455250987216,0.0283297083598239,0.0256088923949535,0.0280788870761545,0.0209190648292312,0.0207853098323647,0.0177882278821504,0.0190893797039804,0.0379208671923978,0.0236687401358781,0.00674287483385717,0.0163628865516036,0.029347180109357,0.0261875448894345,0.0250096800444675,0.0199810045741669,0.0270717757364918,0.012964665231361,0.0155407254762943,0.0221481847447778,0.0216221343106067,0.0474480073675906,0.0232366640301204,0.00909974083361473,0.00737221610831479,0.028221574374567,0.0342239214615579,0.0282648352965539,0.0184148882220204,0.0220881231569856,0.0120755986705394,0.0280499719053031,0.0331922390189242,0.0195653912741899,0.0298473307878356,0.0265679273578398,0.0241670581353789,0.0170260826106864
0.0124160470734141,0.0299016561806315,0.0167378942233102,0.0116692483366012,0.0580493963689969,0.0217265847924779,0.00468064322164165,0.0179658066047974,0.0126890870487582,0.0250425042545192,0.0071658136566315,0.0195110437792553,0.0206781241967683,0.0188668485171157,0.0101861306565947,0.0233531694252608,0.0200090546846895,0.0463094091152175,0,0.0121135533281377,0.00926461392287594,0.0143556999642633,0.0117735765914468,0.0171325856015192,0.0133292971931851,0.0267162472067679,0.0222696914719173,0.0094622575617484,0.0135108112862532,0.0111393687808159,0.0268958914072451,0.0136394979453365,0.0075397962347048,0.0490625424850775,0.0321494137253063,0.0289668879128324,0.0189942948177384,0.0114111980700132,0.00475708268487385,0.00523301597277298,0.0190494001571103,0.0103095865385581,0.00521246913683688,0.0070101541388817,0.043223978374608,0.0216812580565447,0.0107977304654756,0.0111741738143489,0.00550042430643088,0.0310426685492294,0.017518858633336,0.0201890643542544,0.01303905875016,0.0105228928019777,0.0361276883557108,0.0151908791493645,0.0337289819772976,0.0108002553465011,0.0144123565687757,0.00515398092753297,0.0140371267798405,0.0201222155649126,0.028145271863545,0.00514754541568286,0.0124090972969762,0.0137688667285266,0.0333284449970305,0.00711892900204123,0.0167136511441577,0.00705400804024352,0.0174036979238135,0.0119323649968572,0.00982286441682785,0.0084357301438977,0.0100335987361248,0.00917125068019192,0.00924643499037573,0.0199363013116636,0.00910558911569084,0.0214499928758431,0.0151296253362549,0.022933122662209,0.00664175801115009,0.0265976858581654,0.0322492833059847,0.0132459568017961,0.0135534071731651,0.00551306476940286,0.0123823620337241,0.0239072086048819,0.0238162003282517,0.0457014079895246,0.0145308295871534,0.0108786881738225,0.0420518320560506,0.021259827487546,0.0254779882112714,0.0161739310783356,0.00637221924359825,0.00789114885833267,0.0335615962034695,0.0143317542981905,0.00717828595518959,0.0081873195686267,0.0216056369338984,0.00745686223743501,0.0102392813371428,0.00812287553006655,0.0152506979259078,0.0144975321301297,0.0219029847497673
