0,0,0,0,0.00515556459211988,0.0164634306258164,0,0,0.00594388812403254,0.0150122092977975,0.00180872130884457,0.00698635330800959,0,0.000206795300425917,0,0,0,0,0,0.00244308676553717,0.00215165204075249,0,0,0.0056119752920437,0,0.00211457600411886,0,0.00279491188318837,0,0,0,0,0,0,0,0,8.27887057013781e-05,0.000322421244964326,0,0.0014769042826156,0,0,0.0210323744506523,0,0.0150342954802348,0,0,0.0137878038741983,0,0,0.0119337379569396,0.0266005401091245,0.000675764591790741,0.0320926617741539,0.0306785723172898,0,0.00603264682592261,0,0.00891077673941929,0.0193444717049003,0.0119445507584639,0,0.00324993624957601,0.0101009583482676,0,0,0.00651115880661914,0.0208298430166081,0,0,0,0.00125082459874058,0,0,0,0,0,0,0,0,0,0,0.00411087020313367,0,0,0,0,0.0040497138764973,0,0,0,0,0.00162991468726114,0,0.00341313962097838,0,0,0,0,0,0,0.00242168317083916,0,0.001710329374563,0,0,0,0,0,0,0.001994270169248
0,0,0.00675594515166999,0.0049573512919377,0,0.00254215915304056,0,0,0.0098838216909884,0.0126349426855288,0.00303584086623519,0,0,0,0,0,0,0.0248057655965862,0,0,0.017466657676418,0.00858234751012368,0,0,0,0.00773487090533698,0,0.0049791485505258,0,0.00430571317409926,0.000134782246411052,0.00647142033995704,0,0.00170765181738099,0,0,0,0.00384042551855343,0,0,0.00244173476223863,0,0.00757197775676903,0,0.0071281755160119,0,0,0.00915612159904221,0,0.00584244656815866,0.0224299483221364,0.0117810477293409,0,0.0293824652798328,0.0234841961609879,0.0235422570656324,0.0110504719499038,0.00308670752614178,0.0137441099797808,0.0113681729851723,0.0140135711352731,0.014886216973487,0.0100422968670479,0,0.00522692153809915,0.0073190609974176,0.00389492022514603,0.00636197383888552,0,0.0183289047634902,0.00152950061414041,0.0099165378758218,0,0,0,0,0,0.00705624121450833,0,0.00700047169176098,0,0.0125838990235373,0,0.0464552828620026,0,0,0,0.00325895217989401,0.00744520105570255,0.00535417125181673,0,0.00246597223387091,0.0105271870398846,0.0214014586436269,0.0110903395470745,0.00448194466543617,0.00537628745397488,0.00963459942043214,0,0,0.00714784588872046,0.00197457752749114,0.00217936104321488,0,0.0100462247627206,0.00454722842027553,0.00148412768445284,0,0.0035674337478887,0.00624848071526497,0.00878858436871051
0,0.00675594515166999,0,0.0153827143400642,0.0025766327808668,0,0,0,0.0135786220748824,0.0212428130233059,6.25773094331724e-05,0,0,0,0.00200647390473263,0.0129644142921853,0.0182780282545268,0,0,0,0.00284729776426401,0,0.00232313031906114,0,0.00754821031386281,0.0188016488997994,0,0,0,0.00955460078957548,0,0,0,0,0,0,0,0,0,0,0.00381991085097538,0,0.00384733096678334,0,0,0,0,0.00342827409106288,2.93103190425669e-05,0.00320043803376586,0.012185117738556,0,0,0.0113899791936772,0.0117927021460574,0.0193520906799943,0,0.00470747504517559,0.0211623341930458,0.014986383669266,0.0129534071382109,0.0174093505590742,0.0238678038507015,0.0200488709241794,0.00707379663024633,0.00863986650541099,0.000627289903050751,0.00369998046487936,0,0.00227676649883122,0,0.00633768614082338,0,0.0110982972478039,0,0,0,0,0,0,0,0.00131540196963265,0.00293561624269253,0.0264088713214333,0,0,0,0,0,0,0.0031711273648161,0,0,0.00709551961162422,0.00108730143301809,0,0,0.0206595280537036,0.000663694282315953,0,0.00280544710230528,0,0,0.000499346202314002,0.0133214162850946,0,0,0.00210315581369296,0,0.0118801522896205,0.0057159147502424
0,0.0049573512919377,0.0153827143400642,0,0,0,0,0,0.00745989300651614,0,0,0,4.55643826908896e-05,0,0,0.0185937630016756,0.0279031205192312,0.0216083682733759,0.00110069443566178,0,0,0,0,0.0132790778596714,0.013218377790694,0.00289261689977869,0,0,0,0.0264810075131473,0.0295819130452498,0.0239070412207101,0.00498662191005478,0,0,0,0,0,0,0.00613795154346251,0,0,0.00289235346851567,0.0192847797043042,0.0551822630199415,0,0.0121209333715178,0.0137604486688598,0.00883460965901499,0.0020641021034157,0.00708058177480434,0.000838254378954555,0,0.0601998645280408,0.0463742858499089,0.0116180155754313,0,0.00890156382915345,0.0471952257979058,0.0775604001253071,0.0482532094974549,0.0178368912035133,0.0546502125056978,0.0910978159432084,0.012819837502749,0.0258266807675315,0.00954923168009978,0.00228665000830536,0.000503269258889574,0,0,0.0586102979882634,0,0.0105658789090449,0.0245595334312158,0.00124787709612484,0.0301383243738761,0,0,0,0.0178725979882473,0.00358215732062529,0.0206602595660691,0.00507691891248335,0,0.0259642281724562,0,0,0.000522238962537688,0.0140510641029066,0.00271419228410152,0,0,0.0477272967883126,0,0,0.0133358658368284,0.0224572889884349,0.0199526961887453,0,5.37269066235033e-05,0,0,0.00603825952577464,0.00197330926276291,0,0,0,0,0,0.0282141585108624
0.00515556459211988,0,0.0025766327808668,0,0,0.007289695751365,0.00506330291840079,0.00304523146228598,0.00785512975000288,0,0,0,0,0,0,0.060542607185032,0.0101472703744415,0.0128415868895057,0,0,0,0,0,0.000631207067703228,0,0,0.00458280621631512,0,0,0.0295396891625364,0.0155873116388625,0.0279608987888619,0.000762013552802757,0,0,0,0,0,0,0.00755784767871425,0,0,0.00241546732030385,0,0.0471327076912419,0,0.0156838684501223,0.0232852400564323,0.00606774776262917,0,0.0150251239162902,0,0,0.0763734949973855,0.0676860896127736,0.0316115537115614,0,0.00721743861224624,0.0609643292302587,0.0922514336986604,0.0751243299789172,0.0312933618571194,0.0694289536386152,0.0920034646425569,0.0244823401249905,0.0285330873467769,0.0264989810936993,0,0,0,0,0.055720579970464,0,0,0.00284685755809744,0,0.0211601966119865,0,0.00427231704246225,0,0.00161618031664936,0.00049056724747201,0.00912500912284245,0.0182785486047446,0,0.0119733074067023,0,0.00331470045078138,0,0.0110470828576897,0,0,0,0.0525772428715942,0,0,0,0.0188459001849152,0.0117639772177023,0.00737572850951895,0,0,0,0.011660212709684,0,0,0,0,0,0,0.0268633817019505
0.0164634306258164,0.00254215915304056,0,0,0.007289695751365,0,0.0255872066976564,0.0107072298235508,0,0,0.000610417112550712,0.0173379568421298,0.0144468916832695,0.0246840502841538,0.0171156217933736,0.0898611878066847,0.0251098580657726,0.0135509154699577,0,0.0181529086134068,0,0,0.0200218781226361,0.013848878192552,0.000768524816320606,0.0146187278813466,0.000868008603672536,0,0,0.0298168904335089,0.03060209529427,0.057955025718573,0.00376186842227285,0,0,0,0,0,0.000514126379298303,0.00875886148315048,0,0,0.012337356391253,0,0.0611464719677869,0,0.0327665017794157,0.0260210904762457,0,0,0.0129541606975983,0.0156642392765666,0,0.0698677482209664,0.075268847145864,0.0358644762944861,0,0.00737045834696843,0.0415443078822648,0.0938355602541591,0.0939816688109521,0.0269244018089763,0.0575789494859418,0.0789075390739026,0.0298262738144505,0.0233240011253231,0.0561918699925017,0,0,0.00771312537515859,0,0.0538234801958375,0,0,0,0,0.0160142365613482,0,0,0.0116432848942608,0,0,0.00202513136443463,0.0104515263201533,0.00737783135068919,0.00351981519995837,0,0.00165338965150162,0,0.0218901932687042,0.0173738523569437,0,0,0.068812384340341,0,0,0,0.00365246588301512,0.00984928484602779,0.00392740723613316,0.00370562694018107,0.00397142616956844,0,0.00672696297617992,0,0.00543501513829972,0.0107579566755834,0.0163758800738492,0,0,0.0192855591773302
0,0,0,0,0.00506330291840079,0.0255872066976564,0,0.00263271971604148,0.00182536088787239,0,0.011551549057085,0.0312958497903759,0,0.0169284470082705,0,0,0.00147945998758744,0.00891438051267077,0,0.0223637812736081,0.00787151081893921,0.0048115948917769,0,0.0120290059311988,0,0.00698020791251527,0,0.0337433881810799,0.0121286844132179,0.0197014233346736,0,0,0.018047477788105,0.000121010813855625,0.01371977676867,0,0,0.00477045113779854,0,0,0,0.0362124293980876,0.00425227940302667,0.0226642091488727,0.000400623169549296,0.0230600186740778,0,0.00427225885859551,0.00935907416453235,0,0.00887937180418539,0.0315741659550525,0.00104830978507433,0.0364143059586687,0.0296898172170566,0.0278281684130465,0.0223726874410986,0.0185666007361976,0.0493420780595245,0.0230535047300592,0.0281278743344752,0.028138399409966,0.0454541204167534,0.0212051599596523,0.0102488132456932,0.0280279775665759,0.00409461632531444,0.0260488023927706,0.0128914040986346,0.00419337202904411,0.0168656071844961,0.0309571389056128,0.00962653839615848,0.0146076814413435,0,0.00619469111199219,0.0173605092673697,0.000146175399692991,0,0.0107645595072226,0.00575152322129785,0,0.0226336368640593,0.0454794112981716,0,0.0201979593613432,0,0.00166842516155873,0,9.37146963313791e-05,0,0,0,0.0226068085509633,0.00584688207911877,0,0,0.0297502485970727,0.0036741169847149,0,0.0224280857663908,0.00868823180991788,0,0,0,0.0154368115258982,0,0,0,0,0.0272562520938775
0,0,0,0,0.00304523146228598,0.0107072298235508,0.00263271971604148,0,0.0340805997454413,0.0139256905380964,0,0,0,0,0,0.00212433788760477,0,0.000780718704328625,0,0,0,0,0,0,0,0,0,0,0,0.00912120911002798,0.00101240732298451,0.00326231440660927,0,0,0,0,0,0,0,0.016951603605188,0.00458463128764201,0,0.0128353157865162,0,0.0136775234131171,0,0,0.00977549249108049,0,0,0,0,0,0.0251810762380421,0.0121580524604961,0.00662987263490862,0,0.0108058220014819,0.0168691256330242,0.0122990184331321,0.0051524003229209,0.010181774191847,0.0126579800727141,0.0107322240539201,0,0.00868308900284026,0.0022907093124724,0,0,0,0,0.00325683379917691,0,0,0,0,0,0,0,0,0,0.00103162386557899,0.0144367955944775,0,0,0.00244479707027054,0,0,0,0.00333606499964966,0,0,0,0.020567368118122,0.000729687300412328,0,0,0.0110584100544345,0,0,0.00332044519013477,0.0012947011673412,0,0,0,0,0,0,0,0,0.0211946660102487
0.00594388812403254,0.0098838216909884,0.0135786220748824,0.00745989300651614,0.00785512975000288,0,0.00182536088787239,0.0340805997454413,0,0.0126656129273722,0.0255547962642521,0,0.000746270984075402,0.0038077869505752,0,0.00687121543054809,0,0.0122896801831782,0,0,0,0.000713406345263746,0.0135353237351874,0,0.0192893610165327,0,0,0,0.00365303918575757,0.00045972789352531,0.0154475663334761,0.0160533069014481,0,0,0,0,0.00683006313269021,0.0102060725568361,0,0.000466802623162481,0.00402524515073839,0.061248760618219,0,0.0626610759996235,0.0100140578862459,0,0,0.000585940145723638,0.00470118296786422,0.0213031748588815,0,0,0.033190242933169,0.0117075175754384,0,0,0,0.0129424057989833,0.0413309888456637,0.000876951291595598,0,0.00355508955906986,0.0286902602719283,0.0256693699067049,0,0.038984642446625,0.00223872361490176,0.0177281333545951,0.0124622510152758,0.0188261379412885,0,0.022807385826694,0,0.0211780704231741,0.048507753616864,0.00998771084851832,0.0335447284986861,9.96538697033729e-05,0,0.0385007262293637,0.0481598587355407,0.00939947470630638,0.0731888661134099,0,0.00749930662552967,0.0508618425300618,0.0120401323965351,0,0.0444793318094801,0.0193078500928903,0.0140428757984875,0.000855707493310398,0.000211585358553764,0.0333429175289418,0.00323394208394346,0.00836913801863816,0.0539259413738086,0.0471329021469345,0.0174719628318588,0,0.0257438642004404,0.0325810693613454,0.0113064088456577,0.0390739489662524,0.0236400078259537,0.0413269564119016,0.00548713035645078,0.00634190230380314,0.00294975175434352,0.00199243825341336,0.0380240274903683
0.0150122092977975,0.0126349426855288,0.0212428130233059,0,0,0,0,0.0139256905380964,0.0126656129273722,0,0,0,0.0228403476360131,0,0.0143555850584769,0,0.00254451732403097,0.018978772394542,0.0145127704286289,0,0.0157715525580054,0.00471414764334601,0.00599320070000907,0,0.0068466888210846,0.00420948288098621,0,0,0,0,0.0126307259594668,0.0104882187484309,0,0,0,0,0.0116108708611631,0.0044498635152939,0,0,0,0.0607806221236511,0.00620669425331717,0.0930609574679292,0.00499910162538078,0,0,0,0.0187161071037947,0.0189188375419519,0.00171449852321503,0,0.0319489944200348,0.00266772918842533,0,0,0,0,0.0327648296297532,0,0,0,0.0226108038054486,0.024368787179185,0.0011087617949944,0.0393413976170405,0,0.0788328060851334,0.0333500071560362,0.00477254513611106,0,0.00682054582483108,0.0028353738391025,0.0290718663644623,0.0543422187761614,0.0113489147298357,0.0285577060524699,0.032559711107828,0.0310921474371705,0.0611632642787713,0.0426951090749645,0.0198071612085548,0.0789789916501315,0,0.0156882571818424,0.0452952968028134,0.016902152735168,0.0084193501893296,0.0846492181872624,0.0394099434299383,0.000482880757163383,0.0324360871019116,0.0241079419243265,0.015853973791625,0,0.0226728794237109,0.0796239204950651,0.0330481994438599,0.0406939425949594,0.00454816064482939,0.0295007015465465,0.00104049982585024,0.004987720551065,0.0409031946066939,0.0451469818228471,0.0217974242527205,0.00450379579231854,0,0.0382610118978588,0.0185228887743432,0.03474073772802
0.00180872130884457,0.00303584086623519,6.25773094331724e-05,0,0,0.000610417112550712,0.011551549057085,0,0.0255547962642521,0,0,0.000273640375203702,0.00922232411335443,0,0,0,0,0.0185530252273671,0,0,0.000103179648181341,0.000310461337188538,0,0.000850214629426256,0,0.0064798748723269,0.00400216666966088,0.0284388564717624,0,0,0.00648486203952579,0.0079937853007951,0.00466193383689884,0.00141982078078359,0,0,0,0.00306648701329282,0,0.00448689648850753,0,0.00680093765478151,0.00892945304137041,0.00687639365296485,0,0.00107235701765389,0,0.010146875461711,0,0.00118837101524481,0.000960084242644149,0.0175601328463864,0,0.00662610141130973,0.000176152792366494,0,0.00763284690666392,0,0,0,0,0,0,0,0,0,0.000357269142268383,0.02807075114255,0,0,0,0,0.000129209101270059,0,0,0,0,0.00374641444905033,0.0120946233742289,0.0276299143568506,0,0.0110043082384224,0.00364108800116416,0,0,0.00140889613491311,0.0103879961615212,0.00595576744311322,0.0136237174592802,0.0155963824367552,0,0.0172316682358354,0.00768861265459263,0.0132060359599901,0,0,0.0158796109260866,0,0,0.00670733216451557,0.00698072298757118,0.000969018822753289,0.00238746880142845,0.00289598343239911,0.00702100305743267,0.00409885329781245,0,0,0,0,0.0106696147687713
0.00698635330800959,0,0,0,0,0.0173379568421298,0.0312958497903759,0,0,0,0.000273640375203702,0,0.0120994736786154,0.0201485162848686,0.0199311713936127,0.0652500095242339,0,0.0106769886104624,0,0.0264071709072172,0.00079498363175564,0,0.0271642862011092,0.0241577466800938,0.0204809768033821,0.0247883817341902,0,0.0056049218885015,0,0.00472830593287757,0.034046979726588,0.0564788969035664,0.0068577626650896,0,0,0,0,0,0.00306211220002164,0.000415549534749765,0,0,0,0,0.0633212542393056,0,0.0373426299613153,0.0143057770893357,0,0,0,0,0.00889905044552172,0.0550655298203074,0.0515077536495217,0.0203314839447237,0,0,0.0219338572056648,0.077225964664153,0.0713489932991354,0.00809015679620501,0.0370095565689865,0.072260440254402,0.0135374500288322,0,0.045820326340958,0,0.00243638307401817,0.00369085500570226,0,0.0276169628272939,0,0,0,0,0.0160000904831049,0,0.0174623681348591,0.0120055093631406,0,0,0,0,0.0137492986387889,0.00127806576755472,0.000390484155050926,0.00969716034971307,0,0.0138919855338663,0.0209803919103146,0,0,0.0369533372520421,0,0,0,0,0.00898181408668574,0.0167475867709714,0,0.0117438553834946,0.00975588447665215,0,0,0.0083386023442007,0.0106747705156635,0.0307123947591957,0,0,0.00522513866634514
0,0,0,4.55643826908896e-05,0,0.0144468916832695,0,0,0.000746270984075402,0.0228403476360131,0.00922232411335443,0.0120994736786154,0,0,0,0.00201551747488076,0.00314300364087698,0.0127508941720376,0,0.00891061103532643,0.0350916272107122,0.00367424078675739,0,0.0135086129606166,0,0.0239135968693722,0.00372458613339332,0.0128568719039249,0,0.00476188307107464,0.0107697466714253,0.000509426716449894,0.00203170556510378,0.0137699784130779,0,0,0,0.0152972583925438,0,0.000987622942666946,0.00830702295263344,0,0.00584107215508215,0,0.0234375023583742,0.00555860174277417,0,0.0201508108773205,0,0.012298305479666,0.0323814088572199,0.0401492518333134,0,0.0335911887283915,0.0325832217292926,0.0260634607512489,0.0296959387642416,0.000779023897795211,0.015274880909279,0.011010162842451,0.015035618059466,0.00789544384144666,0.00898629375900122,0.00119755193332438,0.00286463899128084,0.000826778665628951,0,0.0273738083386029,0.0116335074834158,0,0.00997035239316252,0.00877628668759254,0.00296303736370374,0,0,0,0,0.00813423071970783,0,0,0,0.0188059592611387,0.00300010099309557,0.0331631521910448,0,0.000619823900306974,0,0.00339485543020892,0.0018478596118503,0,0.00305651681795207,0.000221962428524076,0.00640483058057754,0.0135745010490587,0.00549333750095501,0,0.00251320623124024,0.00988535860286566,0,0,0.00934465520328606,0,0,0,0.000718373468300199,0,0,0,0,0,0.00283613854395365
0.000206795300425917,0,0,0,0,0.0246840502841538,0.0169284470082705,0,0.0038077869505752,0,0,0.0201485162848686,0,0,0,0.00541070158693476,0,0,0,0,0,0,0.00266246333649882,0,0,0.00496886579141248,0.00490836622273467,0.023183616209303,0,0,0,0.0338220316708626,0,0,0,0,0,0,0,0.0145292149736358,0,0,0,0,0.0122578154265755,0,0.00729814630489539,0.00315525937501658,0,0,0,0.00104549254746158,0,0.0240253483976975,0.0186187371325672,0.00890806724721381,0,0,0.0234443150802672,0.0205985958448092,0.0192084078104316,0.0119186818333961,0.0232069067703163,0.0225415051444281,0.00445868256728361,0.00286196259977432,0.0113705984966267,0,0,0,0.00323126830162921,0,0,0,0,0,0.00471291631006327,0,0.000653320864554834,0,0,0.00100132043991178,0.00705076020978981,0,0,8.50531981108791e-05,0,0.000659391464868912,0,0.00441125353791349,0.0124683083457063,0,0,0.0175764363603592,0,0,0,0.00879755647311065,0,0,0,0,0,0,0,0,0,0,0,0,0.012485953298694
0,0,0.00200647390473263,0,0,0.0171156217933736,0,0,0,0.0143555850584769,0,0.0199311713936127,0,0,0,0.000177407437720288,0.0142237777896121,0,0,0.00234295268460684,0,0,0.00748388786396322,0.0153415675116125,0.00133673805307874,0.0388404333743852,8.0011982587219e-06,0.0312495279293873,0,0,0,0.00748910858166789,0.00161367300003222,0,0,0,0,0,0,0.00251203364070516,0.00133951250688284,0,0.00145629315206562,0,0,0.0021024776983376,0,0,0,0,0,0.0251294974925933,0,0.00117994992729661,0.00434469798142923,0,0.020117306900679,0,0,0,0,0,0,0,0,0,0,0.0213789392589074,0.00848672465301008,0,0.00695223425729843,0,0.0116842013691186,0,0,0,0,0.011801059182448,0.00648659011175437,0.00831589648865525,0,0.0148306066011859,0,0,0.00117129600077186,0,0,0.00935696052535822,0,0.000348060876629026,0.00562606355985634,0.0120609270287042,0.0162219107445897,0,0,0,0,0,0.000125925897172759,0,0,0,0,0,0.0116845762197136,0,0,0,0,0,0
0,0,0.0129644142921853,0.0185937630016756,0.060542607185032,0.0898611878066847,0,0.00212433788760477,0.00687121543054809,0,0,0.0652500095242339,0.00201551747488076,0.00541070158693476,0.000177407437720288,0,0.0123559855835006,0.00409054182731048,0.00457594718403852,0,0,0,0,0,5.58787010037172e-05,0.0186458917709525,0.00588172413823666,0.024642312286936,0,0.0111707647338976,0,0.0235942203279329,0,0,0,0,0,0,0,0.000266529546004639,0,0.0116036787914066,0,0.0265374936587859,0.0311746474631802,0,0.00367923645968523,0.020682800107201,0.0132548092224424,0,0.00425696798917412,0,0.00806212893273084,0.0573830408487562,0.0419778907608107,0.0192126117040057,0,0.0101522333046431,0.0662968549108515,0.0619734666148692,0.0531859506884683,0.0325724917251955,0.0759008878630292,0.0795110630287266,0.0254084530023925,0.0267328109870262,0.00879019375172534,0,0.000844904712547566,0,0.00488155076172246,0.0462649780128601,0,0.0154420582136119,0.0218024380808607,0,0.0332271960171414,0,0.00945536340204863,0,0.0166830048814638,0.00513928536049052,0.0180512131890717,0.0112112090849094,0,0.0261343379807635,0,0,0.00526117468362167,0.0178794351999734,0.0021785278467448,0,0,0.024986617450446,0,0.00327207923639814,0.0118619648722883,0.036010443291354,0.0385875629228756,0,0.00944979716178251,0.000599503207986333,0,0.0194635134276407,0.0142800941667244,0.00378354333963849,0,0.000890135936370606,0,0,0.0234463483026805
0,0,0.0182780282545268,0.0279031205192312,0.0101472703744415,0.0251098580657726,0.00147945998758744,0,0,0.00254451732403097,0,0,0.00314300364087698,0,0.0142237777896121,0.0123559855835006,0,0.0170461787402155,0,0,0.00611455056687506,0,0,0.00319795449521213,0.0094651544671585,0.0094148433683079,0,0,0,0.000979301384806899,0.0117006690166745,0.014638003544877,0,0,0,0.00157660616995199,0,0,0,0,0,0,0.00167886490591518,0.0121282663693627,0.0379672949397449,0,0.0100199556552373,0.00531864054107391,0,0,0,0,0,0.0371265789952537,0.023077442077346,0,0,0,0.014370495802407,0.0390653663229573,0.0333857977583463,0.00439721552882822,0.0233943272010944,0.0469726860322537,0.00325642501197517,0,0,0.0127094067939638,0.00493412228254108,0,0,0.0211684038924709,0,0.0072849759214898,0,0,0.00634539936261973,0.00755773901718414,0.0160974231303259,0,0,0.00152730463711659,0,0,0.00232644842166808,0.00223747300839181,0,0.00629768792459335,0.011530875177178,0.0098225018995487,0,0.00553217248513087,0.00680262961359088,0.0163830950312317,0,0,0.00803887683772208,0.000860915428190317,0.0201713311855061,0.00290277183900435,0,0,0.00689545124494373,0.00163867483071326,0.0220059167221515,0,0,0.0228051264326487,0.0208075590273987,0.00786492453688555,0.0104457453915155
0,0.0248057655965862,0,0.0216083682733759,0.0128415868895057,0.0135509154699577,0.00891438051267077,0.000780718704328625,0.0122896801831782,0.018978772394542,0.0185530252273671,0.0106769886104624,0.0127508941720376,0,0,0.00409054182731048,0.0170461787402155,0,0.000354327893947966,0,0.0221470170164293,0.00796328762003531,0.0195450253439709,0,0.0112662972881868,0,0,0.00291542240604587,0,0,0.0063717447247433,0.000671072866961714,0.00124604215097857,0.00116726091739695,0,0,0,0.0167559598880142,0,0,1.92895243486061e-05,0.0172840192134873,0.0164942949672657,0.0457250305123087,0.00548798965065052,0.00144124287663613,0.00224107966234465,0.0152183596349984,0,0,0.00895220105205318,0.012249980306004,0.00499878615268092,0.00132751788120577,0,0,0.0223396947662282,0.00345380515995125,0.00920765674078217,0,0,0.00931900526920313,0.00615092163613211,0,0.0171270987389199,0.0150254926524471,0,0.0822612144239575,0.0287259092743224,0.0202346816925924,0.00587141284118554,0,0.00951642570075018,0.0213750184601294,0,0,0,0.0247971962365424,0.0262395480680261,0.0147824480875962,0,0.00823406239142422,0.00521000049603429,0.0322820439379383,0.0166634981690803,0,0.0167443663777072,0.024689037867472,0.00211734126799694,0.00849627978839174,0.0164705030974251,0.0295585442948075,0.0178753060163076,0.000925574115583375,0.00959115393077987,0.00529312223095487,0.0365706411281675,0.0404534290135591,0.0135737143200498,0.0218310308857052,0,0,0.000407601285941936,0.0164119020105585,0.0056882829172017,0.00569805760710169,0,0.00889839602046907,0.00652056733789368,0.0131782968592111,0.0129247886384727
0,0,0,0.00110069443566178,0,0,0,0,0,0.0145127704286289,0,0,0,0,0,0.00457594718403852,0,0.000354327893947966,0,0,0.0138952096548496,0,0,0.011041909782203,0.00134057689313657,0.00501560675980147,0,0.00170165655578193,0,0,0.0123644054987408,0,0,0,0,0,0,0,0,0.00223743165329726,0,0.0111747288411449,0.0190295899213814,0.0311242912287179,0.0230075724355755,0,0,0.00714478506115178,0.00866119432933333,0.00287647905911227,0.00922149450158062,0.0207952709435134,0,0.0472166712580739,0.0410377218479103,0,0,0,0.0350127753399385,0.0467220727926417,0.0350393714544521,0.0121926606532157,0.0294769588371463,0.0534530875006048,0,0.021951809603275,0.00249040204437903,0.0133347752119975,0,0,0,0.0218081155098663,0,0.0024887299918671,0.0206935492820504,0,0.00866295136050317,0.0156648355536616,0,0.00759896939004454,0.0105648113067054,0.00961461123649558,0.0033407016116497,0.0421570441368562,0,0.0120602721157447,0,0,0.0158204977664517,0.010958665509795,0,0.00559288426426348,0.016608803454865,0.00276307397955038,0,0.00284395292910395,0.0385616966135245,0.0230080603459895,0,0,0,0,0.000278875716564721,0,0.0190987604925291,0,0,0.0025434497212228,0,0.00262233456052549,0.0030533481038606
0.00244308676553717,0,0,0,0,0.0181529086134068,0.0223637812736081,0,0,0,0,0.0264071709072172,0.00891061103532643,0,0.00234295268460684,0,0,0,0,0,0,0,0.0170792725892066,0,0.00577056527089518,0.0348967779956513,0.0130728408391301,0.0521160730499373,0,0,0,0.0531427688378123,0.00254988539740381,0,0,0.00320151127504772,0,0,0.0130653020308257,0.0141475091449183,0,0,0,0,0.0100063772182284,0.00468726249089118,0.0261263076906655,0,0,6.73274988061142e-05,0,0.00741712553474666,0.00760190547522645,0.0109282772031605,0.0129977486218757,0.0146724741485601,0.00666368837058706,0,0.0145567591475984,0.00860953442243502,0.0155910944061035,0.00364223846711682,0.0148415584610422,0.0087181717311294,0.000828196181416253,0,0.0137981148536402,0,0,0,0.00409121883645252,0,0,0,0,0,0.00284661669571306,0,0.0041823866339114,0.0129858171701824,0,0.00289529762094703,0,0,0.00716510211844739,0,0,0.0030685515225768,0,0,0.0207774165668624,0,0,0.0123937303788895,0,0,0,0.00201749539100655,0,0,0,0.000550500012563463,0,0,0,0,0,0,0,0,0
0.00215165204075249,0.017466657676418,0.00284729776426401,0,0,0,0.00787151081893921,0,0,0.0157715525580054,0.000103179648181341,0.00079498363175564,0.0350916272107122,0,0,0,0.00611455056687506,0.0221470170164293,0.0138952096548496,0,0,0.00769098965995069,0.00516086146370532,0.0135889270120292,0.00720296335334269,0.022993664990983,0.0318766964317035,0.0270301477168619,0.0281578240487173,0.0241973729258669,0.0317318287712314,0.0204668351594226,0.0238275648273886,0.0467992255588705,0.023160711798407,0.0290119901842197,0.024450171461117,0,0.0206307824116554,0.0324617498053948,0.0157358692354132,0.0196109639988563,0.00704942992648234,0.00486911523873831,0.037209378955401,0.0270246587824429,0.0297517454823751,0.00974895504334396,0.022831424422027,0.058073572581883,0.0547465980108864,0.0276883550888312,0.0361204943587313,0.0205783208704524,0.0241432918353486,0.0335400991100296,0.0103631085620929,0.00741488101785213,0.0148734533452165,0.0110138212868688,0.0118592802417646,0.000587334278764461,0.00744410610621767,0,0.00312985508959648,0.00751648936160415,0.0164652206049563,0,0,0.0060766597000654,0,0.0214660354838651,0.0055681365209805,0,0.027664203178162,0,0,0.015643535835355,0.00854930929342145,0.0194273412858311,0.0161036016409603,0.0212845194653433,0.00937676127320486,0.00407790235685671,0,0.0214235265373588,0,0.00988956519325369,0.0255526990029752,0.00182469597044505,0,0.00280667658105412,0.0112781456787108,0.0422662324528197,0.00385895160551774,0.0229253508031828,0.00575106330484431,0.00831930515617965,0,0,0.0116343091717142,0,0,0,0,0.000118764616111479,0,0,0,0,0.0114512808900842
0,0.00858234751012368,0,0,0,0,0.0048115948917769,0,0.000713406345263746,0.00471414764334601,0.000310461337188538,0,0.00367424078675739,0,0,0,0,0.00796328762003531,0,0,0.00769098965995069,0,0,0,0,0.00990600177696952,0.0076256754409098,0.0150964280672785,0,0,0,0.0062857030482363,0,0.00153745327106896,0,0,0,0.00586107009712716,0,0,0,0,0.00149429603474965,0,0,0,0,0,0,0,0,0.00179441998578262,0,0,0,0,0,0,0,0,0,0,0,0,0,0,0,0.0144603427963477,0.0122695434058133,0.00700016799275243,0,0,0,0,0,0.000817901875894336,0,0.00944463730476574,0.00473545544443479,0.0109338547987527,0,0.00165634706591343,0,0.00793642214388901,0.00705148519666055,0,0.00377112116179585,0.00698274498119247,0,0.00371352005353593,0.00414944555137375,0.0106652669970363,0.00947546803573248,0.0228043040702379,0,0,0.00180728868955633,0.000942067103879889,0,0,0,0,0,0.00181431439681141,0.00563170396198232,0,0,0.000417768705997598,0,0,0
0,0,0.00232313031906114,0,0,0.0200218781226361,0,0,0.0135353237351874,0.00599320070000907,0,0.0271642862011092,0,0.00266246333649882,0.00748388786396322,0,0,0.0195450253439709,0,0.0170792725892066,0.00516086146370532,0,0,0.0249832812667226,0.0127823277867203,0.00215606267460818,0.000878609915000938,0.0264941775502568,0.00581656473384056,0,0.0109610795147498,0.000289282835694881,0.00690512025088478,0.00536705598706275,0.000129654638168449,0,0.00282763969321507,0.00319290083939452,0,0.00423894272708693,0,0,0.00779047863189071,0,0,0.000293349118907389,0,0,0,0,0.0026668237288446,0.0283746281748792,0,0,0,0,0.0199272501919222,0,0,0,0,0,0,0,0,0,0,0.0291490723134251,0.00474120274996483,0,0.0123800570752475,0,0.0133722970885743,0.0100469470851598,0,0,0,0.00896592681247851,0.00115503035442145,0,0,0.0040162016649784,0,0,0,0,0,0.00720615094666819,0,0,0,0.0201657806131388,0.0112839675373619,0.00447605969045002,0.00292346591920669,0,0.00310261493973046,0,0.00445892677281683,0,0.001446184310014,0.00157809208711003,0.00955724160789397,0,0.00736377342584618,0,0,0.00425487863967901,0,0.00278942525388543,0.000719783662706588
0.0056119752920437,0,0,0.0132790778596714,0.000631207067703228,0.013848878192552,0.0120290059311988,0,0,0,0.000850214629426256,0.0241577466800938,0.0135086129606166,0,0.0153415675116125,0,0.00319795449521213,0,0.011041909782203,0,0.0135889270120292,0,0.0249832812667226,0,0.0196372121698987,0.0315846126261017,0.0247029541955768,0.0399161720092883,0.00615341149900552,0,0.0318377543680052,0.0477873337756812,0.0033235622811835,0.0199188614771103,0.000156550668131968,0.0142799530165849,0,0.00312719526548735,0.0302616530573053,0.0115516552546051,0.00634957442992696,0,0,0.0387180978181557,0.0241492645770391,0.00078782162650651,0.0246984291101926,0,0,0.0027246442757286,0,0,0.0134319535343466,0.0138970992766783,0.0179312144536835,0.0246075485668876,0,0,0.0471476094390347,0.0158005422536175,0.0272755748810739,0.00434269258627756,0.0425936627233768,0.0289381175829536,0.0119907095586623,0.0135417290701092,0.00532472683799622,0.00352643248870169,0.00639093503218863,0.00297051445021848,0,0.0126114824100632,0.00513919848066877,0.00892788679302885,0.00516272205029712,0,0.00893593619891759,0.0325737385112991,0.0224619027605523,0.00199299773543446,0.00151683249170765,0,0.0124348905486399,0.00168100552189584,0.0123432367944547,0.0138430740606949,0,0.0220627238613394,0.0439289569718571,0.0095420042037644,0.0241577587265305,0.0247435113040814,0.0250448205444227,0.0398457886946193,0,0.00938104813336085,0.037064728027219,0.0314325134224624,0.00976323388265758,0.0122335933327454,0,0.00048177822202493,0.0118780212170711,0.00609765177363032,0.00592325772644451,0,0.00432759551780349,0.00904745883669273,0.0166156826025766,0,0
0,0,0.00754821031386281,0.013218377790694,0,0.000768524816320606,0,0,0.0192893610165327,0.0068466888210846,0,0.0204809768033821,0,0,0.00133673805307874,5.58787010037172e-05,0.0094651544671585,0.0112662972881868,0.00134057689313657,0.00577056527089518,0.00720296335334269,0,0.0127823277867203,0.0196372121698987,0,0,0.0439086508449359,0.0281181669801314,0.0106890030529971,0,0,0,0.00651183698272964,0.0244797620560449,0.0219075191781286,0.00331429777661379,0.00563598780501024,0,0.0117034895067056,0.00639678799639664,0.000652010313707097,0,0.0105257229975181,0.0294679314949327,0,0,0.00195454019941998,0.00315358987803562,0.00053752228843069,0,0,0,0.0102025585112687,0,0,0,0.00375239319259157,0,0,0,0,0,0,0,0.0064663229297017,0.00347913745740677,0,0.028143818383431,0.00569502146523017,0,0,0.00528572753617628,0.02103035861229,0.00686053603332836,0,0,0,0.0360559675635125,0.0421297901366155,0.00831012717064988,0,0,0.00205549914800312,0.00614628991487297,0.0025951189842103,0,0.0125786549603313,0.0226371855913628,0.027489041548928,0,0,0.0447479775860656,0.0269081164099684,0.0263023542115749,0,0.00113670735731622,0.040791249110326,0.00625727415087765,0.00283204078197585,0.0129595779422797,0,0,0.000624494552882373,0.0338555762084014,0.0204677473244511,0,0,0,0.0153110542027094,0.0232932254387604,0
0.00211457600411886,0.00773487090533698,0.0188016488997994,0.00289261689977869,0,0.0146187278813466,0.00698020791251527,0,0,0.00420948288098621,0.0064798748723269,0.0247883817341902,0.0239135968693722,0.00496886579141248,0.0388404333743852,0.0186458917709525,0.0094148433683079,0,0.00501560675980147,0.0348967779956513,0.022993664990983,0.00990600177696952,0.00215606267460818,0.0315846126261017,0,0,0.034998270518166,0.0310961958865694,0.0238649867502361,0,0.0113688838559426,0,0.0202824048321331,0.0478114869099211,0.0278248444862134,0.0231315627597053,0.0106336655516635,0.021806868250865,0.0200172770016208,0.00667685008081282,0.0107760026342125,0,0.0101572071959054,0.00823117021264141,0.0211610644208564,0.0328362946708323,0.0346949217987894,0,0.0141150615604947,0.00230533035398946,0,0.027780086754948,0.0193045186885982,0,0,0,0.0386890508903594,0.00560627465982983,0,0,0,0,0,0,0,0,0,0.056230002976771,0.0200089802774827,0.00669701156663715,0.0171101753266887,0,0.0354204049688694,0.0295512962939725,0,0,0,0.0152902223715428,0.0102295993729596,0,0,0.00625297249545418,0,0.024430578107232,0,0.000614405796492453,0,0.00219060013996762,0.0148807809006912,0.00587620751891683,0.00474542164555347,0.0224686932304527,0.0102935118352405,0,0.00316591243550963,0,0.00522725946545472,0,0.00334259170986338,0,0.0106902671314923,0.0185423714514369,0.0242384839515298,0,0.0168665618811597,0.00865715086243524,0.0114216077630517,0.0299157821102372,0.0376231720530603,0.0290394372679202,0
0,0,0,0,0.00458280621631512,0.000868008603672536,0,0,0,0,0.00400216666966088,0,0.00372458613339332,0.00490836622273467,8.0011982587219e-06,0.00588172413823666,0,0,0,0.0130728408391301,0.0318766964317035,0.0076256754409098,0.000878609915000938,0.0247029541955768,0.0439086508449359,0.034998270518166,0,0.0259075316057627,0,0,0.010093248605908,0,0.000968198217963746,3.80804610292627e-05,0,0,0,0,0,0,0,0.0415240269532536,0.0129701249622554,0.0144065614580891,0,0,0.0203549542959583,0,0,0.00024772838053415,0,0.00141754754780346,0.0355605485431037,0.000968123731090728,0.00588712731039742,0,0,0.00200112291851407,0,0,0.000361905810800977,0.00208632860414553,0,0,0,0,0.0230495601151883,0.0211515514585198,0,0.00447132110977601,0,0,0,0,0,0,0,0,0.0152637712558578,0.0510551614236837,0,0,0.025786744766893,0.00210937473520151,0,0.000396381935788548,0.00741857325773858,0,0.0204221110472459,0,0,0,0,0.000763518046446052,0,0,0,0,0.0106087791997394,0,0.0197283190234249,0.0213449534578564,0,0.0161847936284964,0.0311676253988592,0.0296555829653496,0,0,0,0.00448280722768011,0.00510977275299892
0.00279491188318837,0.0049791485505258,0,0,0,0,0.0337433881810799,0,0,0,0.0284388564717624,0.0056049218885015,0.0128568719039249,0.023183616209303,0.0312495279293873,0.024642312286936,0,0.00291542240604587,0.00170165655578193,0.0521160730499373,0.0270301477168619,0.0150964280672785,0.0264941775502568,0.0399161720092883,0.0281181669801314,0.0310961958865694,0.0259075316057627,0,0.00207831828317013,0.00380917184295123,0.0282371050255437,0.0196836808952516,0.000564222215184239,0.0332025817728346,0,0.0148796340266806,0,0.0147193072637458,0.0369146548663035,0.00048921518542131,0.0265475196360157,0.0179931985018774,0,0.011383797024744,0.0354328281819561,0.00133980935953328,0.0425706601333672,0,0,0.01525349892244,0.00238330861594384,0,0.0417303101291041,0.0241799395633969,0.0297786666230182,0.0323423450051816,0,0.00397008545482027,0.00632245830341606,0.032510462249102,0.0461389851438247,0.000639816386021487,0.0102767093347848,0.0180304424824186,0.000304404044364755,0,0.0606582926799193,0,0,0.0209506325054122,0,0.0101818115632929,0,0,0.00133680045489331,0,0.00729404080415263,0,0,0.0390363005183286,0.001820441348898,0,0,0,0.0202954656700764,0.00876103332609269,0.013733362845771,0.00356335750063324,0.0175738996918959,0.00612863100759798,0.0205877485356499,0,0,0.0226274077776004,0.00851621269169386,0.00309665960472217,0.013944269411542,0.0126389074294429,0,0.016523796748134,0.00850158920772598,0.0335590020021197,0.0298228396567066,0,0.00224068393222801,0.0281096599452272,0.0272267230973611,0.0375375781153138,0.0129253416867143,0.00361998827090044,0
0,0,0,0,0,0,0.0121286844132179,0,0.00365303918575757,0,0,0,0,0,0,0,0,0,0,0,0.0281578240487173,0,0.00581656473384056,0.00615341149900552,0.0106890030529971,0.0238649867502361,0,0.00207831828317013,0,0.0474411289421068,0.0071645814171253,0,0.010567638922723,0,0,0.0082889327015737,0,0,0.0431945937115915,0,0.0129181848129923,0.0070596203865959,0.0306501517509653,0.0243870543200207,0.0458444625711978,0,0.0374179879063863,0.0203957071893133,0.0407774699318772,0.0107524788847794,0.00824883007354149,0.00436845374245078,0.0115357575035103,0.123737850017414,0.12545628010421,0.0802816474481027,0,0.00489721823440406,0.10260140827347,0.125634860513214,0.133092202386353,0.0806730092259623,0.106640849608511,0.118295534768807,0.0513032477109395,0.0459527639246332,0.0995991522679319,0,0,0,0,0.0686687290425615,0,0.00665387978176671,0.0179102417970012,0.0023418878052818,0.0372442685479761,0,0,0,0.0200359978637635,0,0.00721075086514813,0.0621395807761422,0.000913326238605763,0.0329772389133258,0,0,0,0.0140088980767746,0,0,0,0.018794891218903,0,0.00365573980444725,0.0244608537806498,0.0485922333316168,0,0.00710363818922928,0,0,0.00373283224377994,0.00274349945194766,0.00881772553264222,0,0,0.00240016267288268,0,0,0.0240365779047023
0,0.00430571317409926,0.00955460078957548,0.0264810075131473,0.0295396891625364,0.0298168904335089,0.0197014233346736,0.00912120911002798,0.00045972789352531,0,0,0.00472830593287757,0.00476188307107464,0,0,0.0111707647338976,0.000979301384806899,0,0,0,0.0241973729258669,0,0,0,0,0,0,0.00380917184295123,0.0474411289421068,0,0,0,0.0693502999989331,0,0.0200745692750545,0,0.00429951155755758,0.00752221632160473,0,0.0283130589036386,0,0.0711619741720189,0,0.109478488414358,0,0.0669972989722248,0,0,0.034539854582355,0.0143481472343636,0.00936260875784355,0.0201460416382225,0.0327539003224028,0,0,0.0211088974157416,0.0321598769157015,0.0128008627021467,0.0814135386075349,0,0.0116509189353737,0.0249535232888075,0.0773320577615168,0.0417498312444563,0.0310690907274702,0.0694225245854681,0.00842991792627406,0.057244502011299,0.0106058694610202,0,0.0161088151061136,0.0228538653332957,0.00719508322608592,0.0642622740083584,0.0248572722447372,0,0.0226007242063204,0.00850535431349785,0,0.0335192359737714,0.0204337664422727,0,0.0563276304800537,0.0480493794225723,0,0.03843234708764,0.0118693384483331,0.00760860231274087,0.0235137999946033,0.0160976567989738,0.000570621965064174,0.00277871861522227,0.00744325369902562,0.0164397189786695,0,0.00285917425301878,0.0638011098281821,0.0615846595520236,0.0231288743550564,0.0137243837023269,0.00874139781568024,0,0,0.0141197166643731,0.026299304978348,0.0125084462099432,0,0,0,0.00241094893042263,0.0342774829409458
0,0.000134782246411052,0,0.0295819130452498,0.0155873116388625,0.03060209529427,0,0.00101240732298451,0.0154475663334761,0.0126307259594668,0.00648486203952579,0.034046979726588,0.0107697466714253,0,0,0,0.0117006690166745,0.0063717447247433,0.0123644054987408,0,0.0317318287712314,0,0.0109610795147498,0.0318377543680052,0,0.0113688838559426,0.010093248605908,0.0282371050255437,0.0071645814171253,0,0,0.0327562171779458,0.013971408491891,0.0046930555994843,0,0,0.000972693676201397,0.0147151658354698,0.0123127255908313,0.000889112431134905,0,0.0300225690923318,0.00357744260914577,0.0853247062863605,0.00287154537187112,0.0117343252257594,0,0.0191178935196551,0,0,0.00451860252763125,0.0111606140415079,0.00674807513137077,0.0161639516755231,0.0207437768662581,0.0206594950924737,0.0118410721611041,0,0.0745099060374597,0.0119175692023247,0.0186995139692632,0.0155630715078946,0.0614999981579301,0.0315243706330365,0.0251136847869105,0.0462638949331572,0,0.0816809691987642,0.038660820052225,0.00430158988454429,0.000102171528471568,0.0274622683941759,0.0106354797842426,0.0346268385026221,0.0252520080839581,0.0119551522234194,0.0251777673301646,0.0379783299271313,0.0194986676109121,0.00657307215910251,0.0246696805843368,0,0.0524495492819782,0.0287899443540707,0.0131784959550858,0.0369150196312313,0.00578652647575348,0.0279079145102185,0.0717733803448164,0.0244898058188953,0.0242138130978856,0.0274825081697055,0.0257660779628295,0.0678425885209407,0.00121265111771696,0.018636634759116,0.0650382274792772,0.0465182157106891,0.0248114633092279,0.0161204885253761,0,0,0.000530651285348087,0.0167054257706454,0.0199319379644578,0,0,0,0.0120110334871826,0.00303765510054045,0.0104546552788848
