0,0.0523325204881832,0.0887467338111126,0.106401892587833,0.0512796188444378,0.0487391578224869,0.188459550954147,0.102001692553069,0,0.000683207242204552,0.112108675074971,0,0.118718902506843,0.0703081711831241,0.0242991718640555,0.00958240350887874,0.0488213864845922,0.0297703643023441,0.0192321236181989,0.0579960289143518,0.000706111260843352,0.104081180964267,0.0326545473151155,0.0248734932511073,0,0.00406332183552151,0.046468313514477,0.0432174111021965,0.179479432385545,0.0126714775865254,0.00366683347727779,0.105897417626888,0.00263603892863329,0,0,0.201434292207147,0.0776768026025191,0,0.0242237483347593,0.00194120001742981,0,0.12967071176366,0.0233291361909669,0.0732478962667872,0.0200962361982088,0,0,0.147519703128577,0,0,0,0.0409092527526273,0.0715844979664651,0.0211946200175757,0.0655439282374339,0,0.072048505151725,0.0817221580194977,0.083027581319328,0.0722984567309695,0.108291309586835,0.0939661306530925,0.108931320027741,0.0795899681808449,0.0883045991193049,0.0434208902615824,0.14742898097008,0.0742053220816284,0.0837704381896642,0.151792699494877,0.0943752555184067,0.0418177299510502,0.068291809423324,0.143646136444253,0.0850041976951216,0.113492349636713,0.0357861831124773,0.0718571260568132,0.0502964211454582,0.0558778801056585,0.149548598380414,0.0929150808592825,0.00800305194793218,0.00397922971609191,0.0880570348571904,0.0492793925471911,0.0103448171484339,0.0224001383932835,0.00474389440684517,0.0329265373247912,0.117927087279512,0.0792732278064841,0.116991187691448,0.0557579827024756,0.0711026866734236,0.0253390277298143,0.0659273671438079,0.00212042620236701,0.0872302311163769,0.116375155139019,0.00125925857301054,0.096631230464095,0.0593900604685493,0.0323641410587978,0.0116280570568394,0,0.13981978043758,0.0205755618917925,0.00744173799737027,0.0279658730438644,0.16241001508694
0.0523325204881832,0,0.0489892897265716,0.0350839363664388,0.0222568538936293,0.0170682832800253,0.113114563309462,0.0206883446055473,0.00684561451099136,0.00145334349086637,0.0760574577429734,0.00344962529221054,0.0543391642245728,0.0210983245180695,0.00828158568166861,0,0.0382741780203782,0.00406862365596877,0,0.034661054931757,0.00170629040619042,0.0546671955500791,0.0316991046198001,0.0171242947493105,0.00371350339944899,0.00152456637430189,0.0053185176311371,0.0179705286632272,0.101143377834353,0.0257251539561382,0.00361928997219326,0.0620269340816075,0.0113109232796454,0.0178266590033793,0,0.137068474244956,0.0199879947408532,0,0.0334259109084999,0,0.0248852354775775,0,0.0551456451442273,0.0586020566646272,0.00776990214791203,0,0.00638730099328903,0.0283071752260653,0.00302182118675184,0.00089452455077728,0.011673356462872,0.0512470514453071,0.0223199138035061,0.0086706508230124,0.0148899830739613,0.00259006458444911,0.0787952183331524,0,0,0.0317631957968884,0.00195000116239458,0,0.0326069930569374,0.0390088422309657,0,0,0.102851084490537,0.000128854021901743,0.115772755058848,0.115875940122866,0.102250994544048,0.0574401161460702,0,0.065279542674143,0.129069635569076,0.146598019783601,0.0976861771912029,0.00931987097440264,0.0179163795443383,0.0104549089414915,0.0478683683802437,0.132472680461738,0,0.0493935368424183,0.0678175430270826,0.00268718761819758,0.023332723828082,0.0818562131807256,0.0695775895153268,0.0529601365515407,0.0458907875745748,0.0392514146704301,0.0806698438492885,0.0676749630916863,0,0.010087658655012,0.00644546247244215,0,0.0634797560820278,0.124463381224916,0.0411190884342747,0.0454139876622114,0.0148811846848286,0.0433333684688642,0.00831665843123056,0.0370681868540996,0.11084433677076,0,0.0155200548872678,0.0227451255557351,0.0872267586196912
0.0887467338111126,0.0489892897265716,0,0.0540996117026739,0,0.116918274498822,0.0134316400513578,0.0824604133025467,0.00685219531308748,0.0276226954168773,0.00958612307356154,0.0461715392348766,0.00457688846266737,0.0384784514354689,0,0,0,0.0186653311392384,0,0.0133690239712902,0,0,0.0620016993489029,0,0.0349607402713208,0,0.00992154276205569,0.0226901539150681,0.0134435121171382,0.0972449706794682,0,0.0816574775743156,0,0.0351019670991323,0,0.0633884555637244,0,0,0.0112699280445961,0,0.114953900141296,0.154772263484622,0.0510085412808856,0.0568447214944215,0,0,0.00832542087799951,0.0313758049497568,0,0.0109591996274423,0.078742261127754,0.047966209947398,0,0,0.00534231352166229,0.0563640751632592,0.0791819176526106,0.16410403835559,0.034187133451764,0.0240330059035945,0.100275897549323,0.13723655934471,0.0158715203964042,0.00959484457081835,0.123246471868468,0.171859536656363,0,0.0865486390137905,0.00683284292650262,0.0779154948151326,0.121404277264229,0,0.0792820718782549,0.0373726607908139,0.0503247651717841,0.0554052324744476,0.0454586473147965,0.0547163130844751,0.00852033838155652,0.0369243534698865,0.0217026304774013,0.0577200159893847,0.0303960524185167,0.130506571044635,0.00889387724254732,0.0537979000972052,0.105054737241831,0.0366686320682844,0.0978457242989202,0.0359263253606325,0.0782302531247797,0.0202731692469809,0.00503385125264817,0.0845631361428064,0.0261016183071023,0.0194084095478112,0.0821725977735126,0.0142231131331828,0,0.0462244355675343,0.117416264695318,0,0.0347497515904572,0.0343817536410667,0.0184400204592656,0.0996211484163024,0.0327684585429782,0.0437170334096238,0.00199971753582243,0,0
0.106401892587833,0.0350839363664388,0.0540996117026739,0,0.0354946266685351,0.0870260089993872,0.0813412284760249,0.0548075722735382,0.0102256177238955,0.0735324287229109,0.0773105453735336,0.0277663170166408,0.0493472389496083,0,0.0121180170124735,0,0.00542006357579005,0.0227601345586925,0.0295680114933027,0,0.0071225136176367,0.0650646005237599,0.0393443724194268,0.0101859908400574,0.0294960223447417,0.0157632629341989,0,0.0669696618921535,0.0556283148394221,0.0600470416541321,0,0.137908051697758,0.0419965581446978,0.0299237935625345,0,0.142751088725318,0.00971307936569239,0.044142228356164,0.0826878619123647,0.0199176880930882,0.0809926390236579,0.029434852471527,0.0939083490177609,0.131645996476358,0,0.0155395157493206,0.0130555284803312,0.0555286412429304,0.00666480075525641,0.0342290936502881,0.0423279581324987,0.0711521183613541,0.00480131442151572,0.0111950176016337,0.000791337902264805,0.0634023389648732,0.104191118893437,0.0539109045879459,0,0.0801486886623076,0.00565022502528663,0.0220337133594973,0.0235130445231016,0.035477350549169,0.0153189011106968,0.0794876813340272,0.066873564466888,0.00539487410323615,0.0945856472852154,0.114840189012309,0.1483946776784,0.0323659526141842,0.0124453039864651,0.0127051033542913,0.116020359809644,0.141226964710305,0.0779242608659245,0.000195919120396657,0,0,0.0190910916266045,0.120046837077843,0.00703245042723459,0.0817916638764347,0.0542854440286347,0,0.0636524621762037,0.0768398542857575,0.124747332345767,0.0415078178358243,0.00668539814359046,0.00952365001680089,0.0515371128065215,0.0697670041086958,0,0.000245343769022061,0.00803872270476744,0,0.0141890997374162,0.110798746307385,0.11931917342343,0.000681001595084091,0,0.0487822389580956,0.0118348820597952,0.0789371036210913,0.112469357013949,0.0126690136625939,9.47523187796023e-06,0.00174504125791289,0.0536082573115974
0.0512796188444378,0.0222568538936293,0,0.0354946266685351,0,0.054942654073428,0.0105450253186508,0.0378894554034101,0.00831798892124908,0.00379213004586651,0.0111620480618295,0,0.0287288379076318,0.00790985790302107,0,0.0104825446322662,0,0,0,0,0.00846651595172375,0.000226657652093652,0.0443897468489926,0.00706086872418553,0.0503103040154957,0.00416606877991996,0,0.0273262893105001,0,0.0295641686764466,0,0.077894401581815,0.0468857007890173,0.0120690445721182,0,0.0194162919754496,0.00206273412194197,0.0312021181997927,0.022565548573173,0.0197496330065286,0.034184285752482,0.0316704097546451,0.00814520304320437,0.00987846236660065,0,0.00482984625777565,0.0106786019331085,0,0,0,0.0495676221213464,0.0360346550592594,0,0,0,0.001589744363928,0.0243349547135782,0.0119474339514769,0.00243714000520978,0.024228245478357,0,0,0,0.00436252209218486,0,0.0352658510596275,0,0.070018557671452,0,0.0351495364876967,0.0482161516239833,0,0,0.00530466787582025,0.00805759032405759,0.012619053862132,0,0.00728044464437907,0.0115525141726338,0.000468796711077995,0.00252240586763666,0.0106386062216164,0.00884868962548256,0.064350266022266,0,0,0.0441973997682114,0.0469570365922406,0.0274768192856554,0,0.0558857171028745,0.0111665339022787,0.0148320906616382,0.0597707033972411,0,0.0216335943461225,0.0440554835240425,0.0235969744227915,0,0.0411624674986794,0.0208021905623517,0.00497954189153989,0.00150998137419735,0.00588881013117397,0.0343968723613182,0.0184348055149659,0.0102318424463644,0.022306827851698,0,0,0
0.0487391578224869,0.0170682832800253,0.116918274498822,0.0870260089993872,0.054942654073428,0,0.160819782043219,0.0226035613368965,0.0223019229142436,0.00939840622917774,0.129891517218729,0.0319187227669986,0.100865565812082,0.0568175317598394,0.0616072952629424,0.0396442229447472,0.0465336500807425,0.0645328494023437,0.0128363439687377,0.0681907000908524,0.001895730844666,0.104736012211578,0.0712096983671129,0.0298830846280793,0.000806469596319723,0.00272735104458303,0.014831760401924,0.0978985086213246,0.138910302145344,0.0327573915652998,0.0152504643685705,0.126940935594309,0.0123978421272654,0.0467740674303868,0,0.183837475014338,0.0458548222659044,0.0116721282134694,0.0830834482734113,0.0047912075976313,0.0513516099370658,0.0378948124186205,0.0621026177660645,0.107670663396186,0.0179861270705832,0,0,0.0836767637475276,0,0,0.0223584885460021,0.0666062114772729,0.0572203371773956,0.0194496071224618,0.0686255252792562,0,0.103671901213756,0.0141365713369837,0.0251506535283895,0.0978097218518718,0.0674833981725558,0.0240453315336823,0.121815471854316,0.077062441496431,0.0272183346051743,0,0.143669701465943,0.000724576452618998,0.0973392288098954,0.165352732457862,0.143998814033227,0.0656181413165536,0.0333230001015218,0.0865292249339533,0.129334648556887,0.15290367204297,0.0810924421891907,0.0341791202006964,0.0449452444054206,0.00972151800593324,0.110191953632737,0.138426160559768,0.0147064191698031,0.0578822342990468,0.115173603737075,0.0201240504992511,0.0465115311428337,0.0541845951401408,0.0758527047317593,0.0550643542702897,0.117120444488554,0.0692891925756261,0.135578552861799,0.104435705780596,0.0468076620024526,0.00671808813908636,0.0284255205701728,0,0.103274840649666,0.149350618102599,0.053690525967573,0.077159773717705,0.0303348058781602,0.0450667931957417,0.013310737000235,0.0223326737625457,0.118358859625302,0.0104042335011878,0.00231458782399835,0.0440590068691127,0.14023242755195
0.188459550954147,0.113114563309462,0.0134316400513578,0.0813412284760249,0.0105450253186508,0.160819782043219,0,0.153149920901689,0.0105655565990249,0.0427802592229856,0.0260461364249,0.0281375106675906,0.049439260304089,0.0755874540435249,0,0.0272623409279868,0,0.0282422173704805,0.00117578714833596,0.0433044669484397,0.00109387747458294,0,0.0887891907580392,0.0133920353303539,0.0432978592975168,0,0.0443299739590232,0.0160643406054945,0.00216948786771513,0.142057620168694,0.0461793789813761,0.126289494097029,0.0278655036585303,0.0264943089911683,0.0181937164228898,0.116698082063059,0.0434584266142979,0.0294882653337989,0.0281038365417589,0.0541843253504763,0.188722967453395,0.211502451202859,0.0551642880579255,0.0708231392586364,0.0168990784445334,0.0158820761007996,0.0169878213808704,0.107798192015986,0.0216126011072369,0.0230493068352248,0.205723761282734,0.136163380002293,0,0.00178696489151576,0.0227227701231398,0.0759620549456718,0.183013484179829,0.235754311110684,0.0945584500623691,0.0759450390498883,0.176423398420976,0.222984962470435,0.0365491478389505,0.0100650136137402,0.191054089928461,0.243900326464644,0,0.194241473331422,0,0.137236859915859,0.217559189016596,0,0.104479564900042,0.155846254624449,0.0458708891450073,0.0699738287656686,0.0214830450190079,0.102199151115076,0.0218007932370427,0.100867198717747,0.10335347775518,0.0678518090757477,0.0574923022152624,0.179861913703281,0,0.0579060883116285,0.144247243180604,0.0500134957190235,0.107987162165105,0.0247552058666132,0.143268471131806,0.049959455066955,0,0.151227860809006,0.0786213809510123,0.0421688793904211,0.094386832335356,0.0202010413515938,0.0144624363147958,0.0810493847224418,0.191776501954114,0.0631518349867905,0.063979594822194,0.0206841924525107,0.0102786173744188,0.198218038613011,0.0496872778852777,0.0450310713485464,0,0,0.0047401712571326
0.102001692553069,0.0206883446055473,0.0824604133025467,0.0548075722735382,0.0378894554034101,0.0226035613368965,0.153149920901689,0,0.00770009932466304,0,0.11513319984863,0.00238891008425213,0.0949494279129488,0.0400847149476712,0.0169950401809719,0.0109895397755841,0.0643374286188997,0.00945207985229266,0.00123300057484303,0.0480174097065445,0,0.0800707621019268,0.0539233569619242,0.0184624635474444,0,0,0.00928125687929715,0.0457251256565835,0.145500128122863,0.0640533491182018,0.00859842457118083,0.10638670513981,0.0231854927119882,0.0187434078554507,0,0.177892607703347,0.0382269283368521,0.00698152555074798,0.0454727737990749,0.00080136700654602,0.0370423711566258,0.0155444410899854,0.0560515727871766,0.0870904143736713,0.0164060875150722,0,0,0.0841515900376457,0.0014747950943523,0,0.00993491681577787,0.0647459005632905,0.0433768665854131,0.0213536443758742,0.0324926041161686,0,0.0954386038630942,0.00811199245523196,0.0253292153037113,0.0759538983084125,0.0405274247635345,0.0121468634724797,0.0654671460247163,0.0669160645161423,0.0111761165787055,0.00373534105599405,0.13869916994345,0.0147287152765711,0.114192962709012,0.171718032372021,0.150982475373984,0.0593353042386559,0.0146457716640985,0.0919860415947062,0.136685728822701,0.161472857775337,0.0875405591979879,0.038600255448398,0.0345098440186888,0.0204223432602771,0.0926168689289118,0.14594689817334,0.0152211384482232,0.0755300741128544,0.0958559605926464,0.0106266734292176,0.0516145819196652,0.0815764645504319,0.0779432065225846,0.0611569639912172,0.067545639188877,0.0577547405274974,0.10748821753615,0.0958007828314632,0.0246287125622273,0.0119512085203143,0.022847068285518,0,0.0885516800181464,0.145676105818654,0.0578173584748632,0.0603716152263872,0.0300541937043396,0.0544427030239739,0.0084084673243125,0.0350055282439013,0.145912141826573,0.00266024343399747,0.0132126473499803,0.0356570024278454,0.118311720250859
0,0.00684561451099136,0.00685219531308748,0.0102256177238955,0.00831798892124908,0.0223019229142436,0.0105655565990249,0.00770009932466304,0,0,0.0261365010203679,0,0,0.00962485242545214,0.00313836451539606,0,0.0187262048667623,0.0108460689928232,0.0024782182397282,0.0100203411720022,0,0.0171921263486582,0,0.00143580834175852,0,0,0,0,0.0262836122593908,0.0142929898856625,0,0,0.0320297104783279,0.00959472021779645,0,0.0246158925860982,0.00535037330887588,0.0179717088065073,0.0220490114819756,0.015058168791589,0,0.0160198406116798,0.00205722855153333,0.012784834624037,0,0.0138087177514651,0.0391996915367024,0.0197518759043729,0.0253996821424346,0.0108332989176167,0,0,0.0213403258754501,0.0212438780832371,0.0029565615882364,0.0137432853894043,0,0,0.0128825754305686,0,0.00343495250887239,0.00028169550295786,0,0.0257370655975229,0.00499097502717683,0,0.0157133656929191,0.0382747870248804,0.0375021656872071,0,0,0.046814188007702,0,0.0355821937464039,0.0219317466982162,0.0224635289708229,0.0117511743019834,0.00243662322821776,0,0.00198576230955239,0.0261789096407924,0.0177689552466151,0,0,0.0205786900926514,0.0154173261983484,0,0.0111822775071245,0.0210392212859026,0,0.0310059653896739,0.00892312681495596,0.0283952612757654,0,0.00527333747027829,0.00979303882121826,0.00340009084777912,0,0.0190767898945231,0.00584190667145792,0,0.00417230074336677,0.0188527887217769,0,0.00793424690145353,0,0.0284736234700754,0.00709534407519687,0.0194015991387582,0.00791100216969955,0.00229594769520592
0.000683207242204552,0.00145334349086637,0.0276226954168773,0.0735324287229109,0.00379213004586651,0.00939840622917774,0.0427802592229856,0,0,0,0.0140983204226423,0.0110528622826061,0.0524798836497394,0,0,0.0177546611882778,0,0.0294045290172218,0,0,0.000126314668775759,0.0437110856309229,0.00207324720354554,0,0.0147827380581672,0,0.0386977946698776,0.00879291030746658,0.00774732995058426,0.0132906758082848,0.0235001283933432,0.0158199682899774,0.000624640121651635,0,0.00247216961605224,0.0182216031696267,0.00823830210993044,0.00141075614184005,0,0.00483273521001586,0.0209085713716668,0,0.00712735730590122,0.0123095251340333,0.00639350951927666,0.0131323023548688,0.0175804058020057,0,0.0094895774144927,0.0149977283302627,0.0238944025426423,0.0305215678179472,0.0486573067923229,0.021833877417366,0.058091243112709,0.0215184166232948,0.0426675990102021,0.0196065065304509,0.0359982133024532,0.0296533375009474,0.0540324350191428,0.0146933226976709,0.0608191983825034,0.0481003764406132,0.0470894511594719,0.00433127591157696,0.0256740397951286,0,0,0.0217957235037439,0.0235745552153949,0,0.0167790754938189,0,0,0.00646517539838918,0,0.00592178763753034,0.0116197697364428,0.00557800185701924,0,0.00156570819659218,0,0.00653313120022207,0,0,0.00306379205347076,0,0.00252469355207099,0,0.0397656614163266,0.0252332643221682,0.0112226504161492,0.0213757512372973,0.0249820547356446,0.0730306063939861,0.0177635175634281,0,0.012779675108926,0.0671451940746024,0.0150747541424348,0.0355005652668365,0.021317473406411,0.0474892861765507,0.0300731448663686,0.0107240115677852,0.0249732928994758,0,0.00399943624419906,0,0.0461788741927902
0.112108675074971,0.0760574577429734,0.00958612307356154,0.0773105453735336,0.0111620480618295,0.129891517218729,0.0260461364249,0.11513319984863,0.0261365010203679,0.0140983204226423,0,0.00216548455225089,0.00581416633344864,0.0478999229272732,0.00295823853391011,0.00948083465003895,0.00654548423553533,0.0429127919445153,0,0.0183032432201463,0,0.0185395714972194,0.0657127078977975,0,0.0501610237141207,0,0.0290541728350505,0.00179138148727952,0.0226764909740749,0.0953503121506863,0.00384766154946526,0.0664238624687363,0.0264157444358173,0.0197188065898448,0.00552025355288573,0.0424796343577055,0.0558304630224407,0.0101512018090649,0.0207632993525351,0.0365894684123908,0.130867466716456,0.196670555185469,0.0069300003902348,0.0344390398660397,0,0.0143584155713135,0.0254612870946036,0.103573380907222,0.0265951766518806,0.0159969252403031,0.144883630539159,0.061028983997184,0.0209818536104297,0.010000405777114,0.0186517719959242,0.0333340452670342,0.0708498065066407,0.160689665047735,0.0727066077161704,0.0163374969761104,0.10313541261133,0.133918803216018,0.037858691877988,0.0314868293029841,0.126253386390626,0.180172964181665,0.0326313620044262,0.245081684318509,0,0.0662932428132082,0.116242069459109,0.00385698034840912,0.0924036144733525,0.215526255585961,0.000234640379696883,0.00492000178271223,0,0.100650514493958,0.0577667808265194,0.0870167605553137,0.112084869949481,0.00774059667998345,0.049876033117977,0.154157805209204,0,0.0508263462356026,0.107222352500533,0.0477090640203604,0.0641461134125746,0.00787881146509802,0.161205403936869,0.0739969994671056,0.0312873729803455,0.101297012432046,0.0495248496799694,0.0937805248467318,0.11501296586596,0.0271314188386105,0.0404033664100089,0.0148227208943382,0.0786913598340605,0.0890802691224276,0.0653830496967022,0,0.0236168410502397,0.105668261851485,0.0202572267775716,0.0539435436125859,0,0,0.0337769234130742
0,0.00344962529221054,0.0461715392348766,0.0277663170166408,0,0.0319187227669986,0.0281375106675906,0.00238891008425213,0,0.0110528622826061,0.00216548455225089,0,0.0128942398384549,0.00161604695439007,0,0,0.0111744125978131,0.0482784758268707,0,0,0.00647708720509348,0.0153382580506529,0,0,0.0360606348924143,0.0156013929761945,0.0682630820860144,0.00366465094572481,0.0120684977170143,0,0.0217175586202857,0.00987483404050283,0.0102732144033595,0,0.0166774986307402,0.000989462854303021,0.0875161018349164,0.00710193586995563,0.000564360312065793,0.00943031465879541,0,0.0660149188934151,0,0.00304943440939365,0.00860389203985921,0.0067949375535679,0.0288459980058643,0.039263650147868,0.00257763892849107,0.00908308247883779,0.00476343347419692,0.00647198343679444,0.0269597912402766,0.0158269449434888,0.0335899642975432,0.0359712572980005,0.00309864425997728,0.0662102718969656,0.0416589403769996,0,0.0643157676268408,0.0570164382509861,0.0640080412166424,0.0173342002396283,0.0809083288573915,0.0520002213219783,0.0404440434456141,0.0476108700795155,0.0016758804105954,0,0,0.000631374917902289,0.0562158200210403,0.0479927764252583,0,0.00120511655547921,0,0.02053296233915,0.0416840780890063,0.00399835780704977,0.0386244893816895,0,0.00345089316473462,0.0197089012541285,0,0.029646237274615,0.0285716391354183,0,0.0117213261754406,0,0.0384870853231217,0.0358003066464386,0.027033095271921,0,0.0368835194857788,0.0166022902264206,0.059490174315586,0.0131674900583944,0.0466139967047772,0.00192090690738853,0,0.0234820648648709,0.0212643296962359,0,0.0299315393071026,0,0.00202116122445561,0.0147877124186606,0,0.00863282249066818,0.0468160613796896
0.118718902506843,0.0543391642245728,0.00457688846266737,0.0493472389496083,0.0287288379076318,0.100865565812082,0.049439260304089,0.0949494279129488,0,0.0524798836497394,0.00581416633344864,0.0128942398384549,0,0.049308257048735,0,0,0.00481985419624129,0.0427668293141278,0,0.0332566125666905,0.00483147064031511,0,0.01446980494405,0.0289526958827267,0.0276174272586555,0.00834986314769218,0.0422444349070226,0.0135270185436111,0.0465872857010589,0.102098230175275,0.0432536635216108,0.017708038563388,0.0109673868665602,0.00205431626898857,0.00859237479800304,0.0120881368278328,0.0505662416898492,0.0135798159183886,0.00232213053796138,0.0575720720291764,0.118533872848123,0.181082953058379,0.0141704470217732,0,0.000502593569398764,0,0,0.117996078472848,0.021767277474961,0.00850508016855252,0.173635805728599,0.0891281281590405,0,0,0.022015031548604,0.0388186300633811,0.102094700582846,0.189757825314483,0.0835241458168288,0.0218155354633708,0.153984654285978,0.192292723166808,0.0577293242210892,0,0.15763112771179,0.180999770258533,0.0105831793045095,0.147114347979034,0,0.0271053198514243,0.0940026366701641,0.00826768816279485,0.107139741853689,0.158638345557953,0,0,0,0.0957460112275729,0.0255237111395887,0.101135328409108,0.10942449667674,0.00222438413995865,0.0305369634847381,0.0826610287623187,0,0.0315974562190312,0.0741322987469462,0.00304493379038361,0.0300650841091461,0.00687368583996648,0.123159037319424,0.0551021230390755,0,0.0725116206583954,0.0734599779800883,0.0234360871334573,0.0851783735090871,0.0111468627372601,0.0209484231598606,0.00353634929109507,0.12534624757676,0.0657003412965109,0.053471380855055,0,0.00512912232288993,0.134760147754554,0.0103612032787925,0.0311338991304625,0,0.012433124152252,0.0583122124226352
0.0703081711831241,0.0210983245180695,0.0384784514354689,0,0.00790985790302107,0.0568175317598394,0.0755874540435249,0.0400847149476712,0.00962485242545214,0,0.0478999229272732,0.00161604695439007,0.049308257048735,0,0.0026740200306168,0.00184687837263701,0.0347486423312736,0.00113484475076526,0,0.0230628693903709,0,0.0210638026445626,0.0479924596003432,0.00567583284037901,0.00871117731537576,0,0,0.022542961747998,0.0792958869664869,0.0840420298326362,0.00284574489379309,0.0656569238288257,0.015020487001536,0.00498745086280703,0,0.098411528565241,0.00361373681638059,0.00475496994441926,0.0103523070729646,0,0.0250654842871266,0.0216118977760406,0.0356383204118559,0.0494107580448726,0.0103566834701157,0,0.0022588399125024,0.025215249424418,0,0,0.0187085252949448,0.038542152310043,0.0123360372157325,0.0169776890867167,0,0,0.0491449170711485,0.0103756601419304,0.00788623421360543,0.0582967366650973,0,0,0.00308924441446958,0.0308262992180816,0,0.0296299119197621,0.0491281690962717,0,0.0450670859986912,0.120131412321376,0.0969120182889371,0.0294274705565563,0.00822746862406904,0.0151303812881605,0.0763801954237245,0.086489103898453,0.0414366120093963,0.024074963382668,0.0090951516708526,0,0.0104834044344077,0.0835069905606435,0.0334256206109352,0.0852632038103514,0.0465242317609593,0.00965285097823155,0.0768468185273479,0.0667855374308778,0.064268823056766,0.0580872403201875,0.00758319323836491,0.0247276013205276,0.0419966254192599,0.0791446850102905,0,0.0100204587349896,0.0250929372217414,0,0.0193302089176989,0.0979969089258978,0.0522180406322854,0,0.00301171905383776,0.0574964977121955,0,0.0427627091025479,0.0735740732133796,0.0164314909483212,0.0243590413784807,0.0285095940933373,0.0412452630785251
0.0242991718640555,0.00828158568166861,0,0.0121180170124735,0,0.0616072952629424,0,0.0169950401809719,0.00313836451539606,0,0.00295823853391011,0,0,0.0026740200306168,0,0,0,0.0723897663909666,0,0,0,0,0.0147837646752231,0,0.0344519745651063,0,0,0,0,0.035557889896412,0,0.000671808749511019,0.00119873404111002,0,0.000982311469136507,0.00695965971779991,0.019721052615517,0,0,0,0.0165654332275819,0.0768420901100121,0.00919310720545586,0.000183114684074091,0,0,0,0.00575060094048293,0,0,0.0276197855275944,0.00821392856718833,0,0,0,0.00412382097949887,0.013511509228467,0.0780103828934327,0,0,0.0342146778648742,0.0469884895786562,0.017444693222089,0,0.0379416376569069,0.0863531415402718,0,0.0716245604711237,0,0.0294982067918498,0.0389516136236568,0,0.0717038451160004,0.0626764913278415,0,0,0,0.0597249208119428,0.0667258459845402,0.0129791047837011,0.0171941429734514,0,0.0507723725849297,0.059607115279426,0,0.0247274849312738,0.07198642670771,0.0105197667885615,0.0183169045984126,0.0409514808440485,0.0658530051841211,0.0501581747134479,0.0235307662905519,0.0307299109331003,0,0.0226208338776539,0.0607822089843592,0.00083903547124678,0.0178529105149952,0.00647462802423934,0.0325453473351537,0.0170184004516205,0,0.0241529949370529,0,0.0296053609993484,0,0.0456756895428609,0.0162177184289836,0.00915632350928874,0
0.00958240350887874,0,0,0,0.0104825446322662,0.0396442229447472,0.0272623409279868,0.0109895397755841,0,0.0177546611882778,0.00948083465003895,0,0,0.00184687837263701,0,0,0,0.0198022955187793,0,0.00123003376621218,0,0,0,0.00483222885387205,0.0139575374846474,0,0.00822736536930625,0.0102114193357921,0.0438219779245693,0.0243394736340401,0.00152201240200317,0,0.00910777979826807,0,0.00580157805344087,0.0149713282581192,0.0217060020377025,0,0,0.0367807064502454,0.0479319615324995,0.0843248028265589,0,0,0,0,0.00602408844380313,0.0762330003907231,0.0244086143252551,0.00885231194447695,0.0610305102518686,0.0185243103936402,0,0.00432518852626864,0,0.00282759623874692,0.0353568960445226,0.0835014026496839,0.0423198992585954,0.0108496677590719,0.081316612033408,0.101011510923217,0.0206507970647608,0.0189377143002624,0.0795491703923191,0.0838397260904591,0.0319379529582033,0.125216381968079,0.0136898152416288,0.0129885965654452,0.0217725148799467,0.0069411139490799,0.0258278146049912,0.13681330118978,0.00137469042950344,0.00562443009305674,0,0.0334692817086768,0.0169537174935981,0.0201894546721057,0.0818550183380012,0.00016773694558254,0,0.0045356823765504,0.00846145443555264,0.0197649807764173,0.00829919772029876,0,0,0,0.062242758813341,0.00788668673022198,0.0374423643271518,0.0111767501698101,0.030353070019459,0.00474537646373099,0.0214579542222921,0,0.00621159990477333,0,0.0470513948820475,0.0239597274912481,0,0.0141502332736764,0,0.0175265733036933,0.0131813639773435,0.0031018611116168,0,0,0.0215318670379792
0.0488213864845922,0.0382741780203782,0,0.00542006357579005,0,0.0465336500807425,0,0.0643374286188997,0.0187262048667623,0,0.00654548423553533,0.0111744125978131,0.00481985419624129,0.0347486423312736,0,0,0,0.0187270494398271,0.0188345580939895,0.0214742360549117,0,0.0416751147755537,0.0177138471837468,0.0344064592254451,0.0141941519428528,0.00433780001887267,0.00344033690171211,0.0089014374118594,0,0.0401199886764627,0.0240914373033085,0,0,0,0,0.0149908514780965,0.0392139439597671,0,0,0,0.0178224795780814,0.0775227785723815,0.00353218131101261,0.0121030519738869,0,0,0.0120602861491557,0.00924537077338044,0,0.00727962117316416,0.00802365461450567,0.0162520527516264,0.0168140904982438,0.0209113430232283,0.0213490926019374,0.0255594889610643,0.014972498795131,0.080972809666642,0.018369513824801,0.00251079860073651,0.0424094867208145,0.0349204467310201,0.0371500393553998,0.00913028040071883,0.0472069279156823,0.0707758294296584,0.00515840135060325,0.0278095150289093,0.00105427303454639,0.0335132879767555,0.0475997833236343,0.0368137860049096,0.0851031693219653,0.0117219461120993,0.0192728715160346,0.0249539427886066,0.000427923882324179,0.0559123596551485,0.043607193683999,0.0329571480063006,0.000220938415078545,0.0329820845549019,0.0618149933165139,0.0711687495052038,0,0.054539935471923,0.0797683141985973,0.0395862915192441,0.0402806122915293,0.0473143621076492,0.0193107493396676,0.0530293684508513,0.0153445675294118,0.0200900460970247,0,0.0235733827410543,0.0607064024292744,0,0.0256094615957498,0.0150413043907739,0.0440493090905183,0.0710195483187272,0.00880945402178489,0.0168376243215649,0.0405885450232742,0.0207881687637621,0,0.0123284564887779,0.000303064600189329,0.0018062350731452,0.00675207841429285
0.0297703643023441,0.00406862365596877,0.0186653311392384,0.0227601345586925,0,0.0645328494023437,0.0282422173704805,0.00945207985229266,0.0108460689928232,0.0294045290172218,0.0429127919445153,0.0482784758268707,0.0427668293141278,0.00113484475076526,0.0723897663909666,0.0198022955187793,0.0187270494398271,0,0.000371210617514904,0.00745298700010214,0,0.0256342323726158,0.0629413410958001,0.00378364195225248,0.0703946138820689,0.0047695875800286,0.0300033112994392,0.010645169448499,0,0.0503304450036953,0,0.0660208217522826,0.0178635551042312,0.0701164247359937,0.0138266305662652,0.0399032895641487,0.0297411582582112,0.0218983813891736,0.0376847714815849,0.0131358270519373,0.143780827314047,0.0614190228554622,0.0520629676520738,0.0547499578247177,0,0.00627929690157837,0.0311792920570025,0.0100959428792433,0.00443139692826024,0.00815791468340842,0.0762214453217608,0.035719213541805,0.00387190761373518,0.00515718588833065,0.0137421653836071,0.0278414779894608,0.068513701670704,0.0945078462009547,0.0387790429056363,0.0134286719920706,0.0326732890905415,0.0843952284123387,0,0.000274017496147103,0.0836813095816712,0.137949796228955,0,0.170031373691581,0.0150636250094435,0.0575765403863328,0.0777482567532209,0.0072292509407994,0.0286318480576082,0.0535807774741253,0.0521207521268086,0.0579548565686008,0.0730994136053614,0.00562979369837282,0.0054829033076427,0.0123048418916769,0,0.0581201809125376,0.0285215775452508,0.114128744483111,0.0160798108929371,0.00565308323347755,0.100763974179983,0.0472355935316408,0.0755401069485139,0.0319984168759275,0.0356676532906649,0,0,0.0933446351878563,0.0208391294660593,0.0719290377857723,0.0200684756627706,0.00103852149108144,0.0140339656767288,0.0980782185672129,0.055353759160772,0,0.0276510718487384,0.0117837031003779,0.0201404274881579,0.0717515250999284,0.0266112216019549,0.0201220400621068,0.00208770588252593,0.023531936168631,0.00447165264372118
0.0192321236181989,0,0,0.0295680114933027,0,0.0128363439687377,0.00117578714833596,0.00123300057484303,0.0024782182397282,0,0,0,0,0,0,0,0.0188345580939895,0.000371210617514904,0,0,0.0174237579658301,0.0138315303927941,0.00616225399070078,0,0,0.00206158777332922,0,0.00278777297972608,0.0160583448808431,0.0206823699814772,0,0.00945559747378179,0.0133421853087326,0,0.0102028948608502,0.0192163331868096,0.0155297386088922,0.00486921067475749,0.013263375903527,0.0117297005176101,0.00527581601159564,0,0.0226985865607982,0.0102411977252205,0.000458391981041853,0,0,0,0,0,0,0.0172154261036594,0,0.00144786957084212,0,0,0.0223970596325064,0,0.000429402484578303,0.000841937917244329,0.00199869857455035,0,0,0.00746758104868999,0,0,0.0201678781132669,0,0.00720950131442829,0.00827613162905595,0.0157616026707099,0.003482881614249,0,0.00474836185758928,0.00506062071553221,0.0135527447111323,0,0,0,0,0,0.0089629208236001,0,0.00130648674573283,0,0.000642011885821666,0,0,0.000966296356045159,0.00603385903626312,0.00774475747610849,0.00458456174629509,0.0178027498021642,0.00969120276269162,0,0.0109786441173795,0.00892281767873328,0.0247545618572767,0.0065671324962684,0.0218467105396539,0.00694817884412465,0.0108711804244082,0.0113873914239356,0.0281340048814605,0.00880503005525323,0.0267816117403147,0.0228916247608334,0,0,0,0
0.0579960289143518,0.034661054931757,0.0133690239712902,0,0,0.0681907000908524,0.0433044669484397,0.0480174097065445,0.0100203411720022,0,0.0183032432201463,0,0.0332566125666905,0.0230628693903709,0,0.00123003376621218,0.0214742360549117,0.00745298700010214,0,0,0,0,0.0409340739469484,0.00286770156954171,0.0192779653388072,0,0,0.0165257036033541,0.0611172964431102,0.0736846131354563,0,0.0514673110292295,0.00870835109141866,0.00232789851732555,0,0.0679846495011753,0,0,0.00112137389787889,0,0.0154363475910511,0.0422826404064472,0.020942299186786,0.0289072307118428,0.00306274517422987,0,0.00252397129494129,0.00672310470492294,0,0,0.012192833389287,0.0197205564828517,0,0.00292882812459649,0,0,0.0270497858426581,0.0283291372969426,0.000557422991892794,0.037681763968062,0,0,0,0.00915441410761507,0,0.0478232576949869,0.0278184561266527,0.00678869907275156,0.0224910936028261,0.110274901987107,0.0835036028655741,0.0180551945771274,0.026176145697285,0.0041101076225024,0.0556533595800394,0.0604134190915276,0.0218981057215079,0.037069573032383,0.0175022743787477,0.00190799308856195,0,0.062887467900353,0.051780222298315,0.0932929066096255,0.0256388992926221,0.0165038235586455,0.0923251706819212,0.0616449600134635,0.0529170691742571,0.0713747201893224,0.0108690442851357,0.034052494507581,0.0293068451951904,0.0711892831313806,0,0.0165246500966055,0.0496468454049942,0,0,0.0795448501780021,0.0476338049002913,0,0,0.0435184552059326,0,0.0359489500014639,0.0487195246744043,0.0334052724468345,0.0193048409971138,0.017865071244888,0.00807499156678039
0.000706111260843352,0.00170629040619042,0,0.0071225136176367,0.00846651595172375,0.001895730844666,0.00109387747458294,0,0,0.000126314668775759,0,0.00647708720509348,0.00483147064031511,0,0,0,0,0,0.0174237579658301,0,0,0.0243615008752436,0.00974793366462004,0.00122747687542026,0,0,0.0102598990804239,0,0.00296464625015086,0.0486234424047262,0.016847381659192,0.0293615793134821,0,0.00870248259471998,0.0257735531020677,0,0,0.00177522721193489,0.00159420815629719,0.0253234350569574,0.0430162026483815,0,0,0.00607727473701424,0.00740978943122413,0.012023530186463,0.0225584467821617,0.00210934147424212,0.0460156512011783,0.018204083633885,0.053039094000843,0.0206280653672908,0.037147253044707,0.0182432046479715,0.0270902771330028,0.00654436023420094,0.033348925397525,0,0,0.0386440756991794,0,0,0.0172958379099679,0.0374193156672132,0,0.00012304872501623,0.00138185826211144,0.0573793943480517,0.00669165778438355,0.0058284023272293,0,0.0178898384578074,0,0.01110843099517,0,0,0,0,0,0,0,0,0,0,0,0,0,0.00616426838054481,0,0,0.0207864334379684,0,0.0218866668742101,0.00985959074568926,0,0.00620222153362165,0.00458060956562176,0.0039800377964521,0.0139477812879642,0.006149740691497,0.0102156024111731,0,0,0.00342048274090427,0.0367126434810187,0.0192498148796127,0.00995394238912166,0.00138365888826116,0,0,0.00850253131189819
0.104081180964267,0.0546671955500791,0,0.0650646005237599,0.000226657652093652,0.104736012211578,0,0.0800707621019268,0.0171921263486582,0.0437110856309229,0.0185395714972194,0.0153382580506529,0,0.0210638026445626,0,0,0.0416751147755537,0.0256342323726158,0.0138315303927941,0,0.0243615008752436,0,0.0785793991439305,0,0.0275644578606049,0,0.030118429849061,0,0,0.0906577377134229,0,0.0377235840054952,0.0298955607818612,0.0292352495290294,0.0200471043577995,0.0596712809512119,0.018379442504014,0.0319962182509212,0.0334545382047564,0.019044045603436,0.131707977359252,0.117087270433133,0.0570902398874136,0.0712089949741605,0,0.01915878017606,0.0404473665361114,0.049475344484943,0.00669760282348563,0.0237328146858332,0.104825721700426,0.050523396211042,0.00967589359815175,0.0375058712249865,0.0267815710220232,0.0791268662448889,0.0819457025541944,0.149661408661046,0.0670568179985858,0.0189608126453637,0.114097739647913,0.130989249514185,0.0167258856776333,0.0128841705356921,0.132131836572189,0.170946562135227,0.000513720725925024,0.110584199163894,0.0272703405130289,0.0807390761165536,0.132400250318263,0,0.0771693521080623,0.0456318853919216,0.0774487539837075,0.0839001055444838,0.0533947935600657,0.0581069977163505,0.0402177160579049,0.0402238076988869,0.00859542571533858,0.0890255591800949,0.0578160895022465,0.144219175459016,0.0230926685689612,0.0565510640220781,0.129505201392215,0.053177235734201,0.130861613140166,0.0523262739497894,0.0671977242867309,0.0414111425025751,0,0.103748883607934,0.0402779626954699,0.0525634021745971,0.0670871806810654,0.0190892448879931,0.0131078551429204,0.0580093454026696,0.101348396755672,0.0081431970746965,0.0382029274641324,0.0149122441720352,0.0105370824271411,0.131130005950135,0.0243213991648178,0.0339545194466301,0.00144786067661528,0,0
0.0326545473151155,0.0316991046198001,0.0620016993489029,0.0393443724194268,0.0443897468489926,0.0712096983671129,0.0887891907580392,0.0539233569619242,0,0.00207324720354554,0.0657127078977975,0,0.01446980494405,0.0479924596003432,0.0147837646752231,0,0.0177138471837468,0.0629413410958001,0.00616225399070078,0.0409340739469484,0.00974793366462004,0.0785793991439305,0,0.0163964496936247,0,0,0.022460090751877,0.0290288694363527,0.090972232410868,0.0333685825006161,0,0.00954959663455528,0.015445815493671,0,0,0.0314251618273043,0.0105754765282342,0,0.0192515506544145,0.0358671892459983,0.0169415464139265,0.128634704229408,0,0.00974655531711199,0.000753693645647786,0,0,0.0952281030194339,0.00676832924568532,0,0.0199362195363744,0,0.00191776233245862,0.00523726000444045,0.0360286414865556,0,0,0.113823772469584,0.0330677626060684,0,0.0997786468968326,0.0952825091496728,0.0690134556048881,0.0100703049716997,0.0814945671498095,0.0955075742113965,0.0595245795201604,0.0900001857682933,0.0228935030477764,0.000772337447421048,0,0.0279540661991538,0.0721678243685159,0.141536266147591,0.00646423850992612,0.00778469203964495,0.00813610540054508,0.0927388831884429,0.0523926116313873,0.0694030935281014,0.119721483434504,0.00126791799580336,0.0281258094093401,0.00960150302630795,0.0290695565004265,0.0596239941150929,0.0302364371165408,0,0,0,0.112652421248529,0.0827902255188628,0.0318386915771495,0,0.0323646766754372,0.0211146843999484,0.0900910928740265,0.0119724719941416,0.0782610591250127,0.0266033274252274,0.0325839214380574,0.0872467709237056,0.0379333493446536,0,0.00568152890993203,0.0306430825393445,0.0169544102128557,0.0254339962956767,0,0.0168944530259374,0.0716179839839938
