0,0.0557906978967054,0.0754720769131115,0.00438968784785071,0.157246020848851,0.0338240234996619,0.0484547784895753,0.0452156926567116,0.0920105262304348,0.0220884284978402,0,0.0194240657755592,0.0850620759006702,0.0221949827839763,0,0.0803139738137084,0.0790728444169461,0.021177266016775,0,0.0178810362105877,0,0.0855222157099406,0.026311943452523,0.100920359714238,0.0443077431023976,0.0666099360710614,0.0352376095482647,0.0111524411682282,0.0105035522056596,0,0.0753235581135964,0.0178421783605359,0.0357783101372256,0.0414719550422514,0.0739892593404368,0,0.00308513567192219,0.016772865761069,0.0605271127074035,0.090550646273872,0,0.0513872147578858,0.0119020921921231,0.0876096603253714,0.00866185483919355,0.0131463369712206,0.0575260180117112,0.0535340567453824,0,0.0308514144281278,0.0758513832792253,0.0797886897151716,0.0198117647475934,0.137026534048327,0.145617579483766,0.0871532054011619,0.120318593325176,0.00294586068733299,0.047534869415534,0.108313757053159,0.00575997217652613,0.0763774124270409,0.0716390386527782,0.0412478925733592,0.0430804743205887,0.14892574076149,0.000514885766737812,0.111630165602795,0.111558298005841,0.010901304539821,0.106703215172785,0.0600345154999897,0.0541507065463024,0.00794219971736316,6.39598735925906e-08,0.0235535133245421,0.077715979529367,0.0572678306844784,0.112085651140796,0.00215867288301606,0.03736385829712,0.0256642501528085,0.000888960560873618,0.0897503183246959,0.00953636502664062,0.0239323015970035,0.0602236480372762,0.0914846611764345,0.0140914205116888,0.0389514599248752,0,0.0458049319294226,0.0177189426153232,0.0548388299915925,0.0241764270300578,0.102550546910505,0,0.0280787499682461,0,0.0118533727329795,0.0230835085454518,0.0571091226979081,0.0756041605415181,0.0851107908296326,0.0522551828136738,0.0686244476186004,0.0405908124054044,0.0436883351236351,0.0119491903435378,0.0304311569821601,0.0629947984307622
0.0557906978967054,0,0.0979414670139048,0.0435946763867475,0.160187677302818,0.0226015599872244,0.014470139629272,0.0365610285464978,0.113926681177114,0.0124547505076843,0.0621291074363204,0.0103835806552825,0.114078664062672,0.0123939716146946,0.0121028694211835,0.140574178856183,0.0711186625083769,0.0602988960851427,0.0104636892713444,0.0252711062194181,0.0103491228187654,0.0425448907143682,0.0551968113057933,0.0879189511472876,0.113894644402365,0.100777094360888,0.0773021030670293,0.0633430242456995,0,0.0629990079963889,0.126973421882172,0.0487143428346678,0.0530903508700668,0.125819973126041,0.0663318148888565,0.0816053893199842,0.050543198882145,0.0154124125163429,0.0542344144768269,0.14629596711731,0,0.0966914995107056,0.0225276553268108,0.129239998619529,0.0979540589477142,0.111945378713018,0.107262971394715,0.0311979865227343,0.00485395560492343,0.109043544188258,0.164567000415965,0.155031091035706,0,0.155486591225483,0.118500117161301,0.0814107487114299,0.15509595812576,0.0578195982362468,0.151276078253262,0.173187670622382,0.00412729390536971,0.154426971103142,0.0107812855282155,0.14191253242627,0.117490697802957,0.195134025181437,0.0275098789833635,0.0786645611861574,0.136780595847249,0.0317151033518221,0.158230758923983,0.157265322595844,0.0260025411296699,0.0784280997099336,0.130286631200117,0.150976127081476,0.14401934953571,0.0902299841805583,0.184935661599366,0.123750595057678,0.153828179933896,0.0300003435730119,0.0051781197936874,0.14392810429312,0.06670213124166,0.118838352603289,0.149590378625121,0.100040912650431,0.115457758895139,0.0258122521339022,0.0427610365717298,0.0928693669395644,0.0918291244452113,0.0958759513064503,0.105140194287377,0.146712945511939,0.0512352864491812,0.0467115624631244,0,0.0761370102330838,0.0755890777198138,0.0952650819370515,0.116485043547882,0.163157754838166,0.0764216585514208,0.0669877269712237,0.118682338819521,0.10381587529884,0.0155401798799856,0.0814545894471504,0.157750109825869
0.0754720769131115,0.0979414670139048,0,0.105362923704623,0.0173174958554711,0.12878220530901,0.0611344442818493,0.124750874653666,0.0337468758692009,0.0659610417204414,0.110008015199442,0,0.0859412283449918,0.0603892198006284,0.00197224774684752,0.127873236856692,0,0.051877754425502,0.158281333795942,0.0459421777696756,0.096505433790879,0.0683229764709376,0.0478533261200976,0.136602306844356,0.0475746143419774,0.0388112586979531,0,0.161872726481834,0.0602770982561522,0.13760318302425,0.0107760921173784,0.0212105264014957,0,0.14126412079299,0,0.188321723783561,0.114951333057127,0.158166294426219,0.0406813085193402,0.136001872829601,0.0340807942893952,0.0303046389405691,0.0168744147576566,0.0376486089318311,0.196545043273297,0.182801725063083,0.0557636415526577,0.0291064730904906,0.10387614129975,0.129544698201941,0.129509084180929,0.104747563952768,0.112608200762093,0,0.0870579671509694,0,0,0.193123341250482,0.128476623682615,0.0509571542543538,0.12049932053816,0.112748483857158,0.194464382874109,0.1878584977335,0.143642930659944,0.00219115484312913,0,0.122660898242106,0,0.198470543091425,0.0625647953286604,0.141761082696003,0.10603498710368,0.135928066596584,0.204603678394992,0.171874829706089,0.0403625593626833,0,0.0857338943253922,0.204443692291713,0.165950842057611,0.0238621428283236,0,0.066832262881345,0.185552553574364,0.133366257229769,0.156010426281971,0.0535579605065961,0.145194316698614,0.0522956443169472,0.0717724606888783,0.0803259267847898,0.117190631261447,0.0328471390697498,0.0960410916716912,0.034673900224921,0.138050415153113,0.000275497420002156,0,0.117199234486904,0.0848421005657894,0,0.0317041975069222,0.098556408753935,0,0.00632424641324174,0.086155445202573,0.00657976796770125,0.0109375735473257,0.090190840683651,0.114658919818244
0.00438968784785071,0.0435946763867475,0.105362923704623,0,0.193811346285725,0.0174171359124438,0.0696556324109595,0.0742816491307975,0.0817730948479231,0.00297210474521579,0,0.0195372354481661,0.107572146131086,0.0400880639738445,0.0136518243454917,0.151856473331803,0.123355420125688,0.0210561554699571,0,0.00947151427190754,0,0.116494392507787,0.0341997365232941,0.131928019030622,0.0891409013318149,0.0853448125671339,0.0641506133725346,0.0165300149084897,0.00247603047364889,0.0152991508657937,0.103673139934855,0.0235488813956078,0.0254730581341611,0.0958498877141829,0.0887098605792172,0.00732048962310679,0.0276400230603829,0.0168328790166503,0.0700518651568972,0.160743592856586,0,0.0776451443587701,0.0232420764264043,0.116533708145791,0.0492978554400801,0.0447143966602594,0.0982811386328336,0.0760211284668871,0,0.0877927007650521,0.153570837526794,0.161333602519932,0.0100202163981067,0.200725089556994,0.19257992736503,0.124964792665261,0.187573831574607,0,0.0875763753004478,0.190154631452353,0.0035175925652286,0.153601279179067,0.0889999884579393,0.0966787472263875,0.0947552753423678,0.245522916815993,0.000713738415545543,0.159480905587523,0.164123100838333,0,0.179323046225433,0.117835059003348,0.0702213136402693,0,0.0182716443938971,0.0711807252687108,0.126093401398936,0.101172971259929,0.187158942619178,0.0228258198856462,0.0946733847212818,0.0206796799504485,0.0014864395674199,0.11412551159142,0.00571259110947368,0.0519101023180085,0.125850831930522,0.0818650421726945,0.0450559472659622,0.0316735749275067,0.0350423296950252,0.0470703042453501,0.0285105415944025,0.0716015294942533,0.0538450983332006,0.129556388303754,0.00376312787408736,0.0591960724112476,0,0.0131807890887882,0.0517615610219018,0.127107041742258,0.124552814000271,0.144278262211235,0.0540943526006476,0.119503090464429,0.0605210243588806,0.114661304340486,0.0136609967362662,0.0537187480767787,0.0975966420776307
0.157246020848851,0.160187677302818,0.0173174958554711,0.193811346285725,0,0.220142394431535,0.11123304448369,0.174322965181933,0.123454805277669,0.0858641584651371,0.155849698137744,0.0198657383962227,0.195229755086514,0.0656763705305398,0.026798667427355,0.242220364211407,0.00873047273209086,0.123080246690935,0.223800241469933,0.101110126026728,0.15485887504504,0.0876193599854744,0.147776070080439,0.168247463324055,0.158798277049519,0.167705286695821,0.0418080825245736,0.241979923719221,0.132469816633968,0.253221378815151,0.079082122470384,0.0418590446457846,0.00268551455208618,0.267619022014186,0.0190901822936591,0.321007590933109,0.179978366496538,0.207109534188814,0.0590280783893495,0.241588584035484,0.0215708942722309,0.0804092589362904,0.116848339269968,0.131226946640282,0.346252907070845,0.278607301865305,0.158773843954068,0.0309786975495685,0.153328848439602,0.265278916995377,0.270635634024998,0.250247434969941,0.125524859567687,0.0732948378493027,0.0825431228133695,0.019950397961015,0.0865300988940328,0.289928041012433,0.191969300234588,0.244067410996822,0.182863787000119,0.259454956606707,0.267409117214105,0.289933089126428,0.26328775956308,0.161261986495201,0.00626514038598737,0.222865280616291,0.00178894262290384,0.285566121975407,0.215927423572403,0.253282338734833,0.156623703371495,0.22055752265123,0.295544346793955,0.268672129596474,0.119520033332021,0.0356318381702048,0.239655692422531,0.309197460496101,0.284538250115178,0.0611914392439394,0,0.150980300691095,0.2611017452651,0.201283751239962,0.274505065088942,0.118324044663598,0.202738126176857,0.084946140055099,0.163856081421846,0.156189535511763,0.195367232861849,0.0795800894940882,0.161702863115917,0.13856699719287,0.162802725131909,0.0710725338793316,0,0.197258502950534,0.138199532648993,0.00455239735568619,0.138944798536494,0.204234639687848,0.0455897895229294,0.00325863830504214,0.231507641169041,0.0592539313579672,0.036813785213808,0.140384210570359,0.239007062772954
0.0338240234996619,0.0226015599872244,0.12878220530901,0.0174171359124438,0.220142394431535,0,0.0585598494297613,0.0730041581825383,0.143742784187034,0.0196662873121291,0.0483633634186134,0.0427728061354897,0.177687321353597,0.0324091987295593,0.0215970053804495,0.209065658392297,0.128108754019893,0.0543461993601525,0,0,0,0.118104752450077,0.064149886254239,0.12462277191141,0.12581412649685,0.120649972050972,0.0849928614615903,0.0673056683218324,0,0.0719865315773562,0.141376731732732,0.0437002266073558,0.048676605503664,0.164902090450911,0.119863925144892,0.153905655654215,0.0420936818860536,0,0.068830161907717,0.214792500536489,0,0.117519738629247,0.0318739548051785,0.169965629403049,0.133160555479778,0.137211377054882,0.162594656999772,0.0916809464905468,0.0132485364251316,0.138126288995602,0.208048797490925,0.195542027206379,0.0156514448960354,0.239552981761303,0.208921498908025,0.160306236463598,0.198406664038722,0.0661617620675375,0.19490623674411,0.214006267911831,0,0.19662911248942,0.083533501337399,0.190716522127681,0.167859342784928,0.266092864482249,0.0104929154471144,0.157493169981046,0.185416691483951,0.0177572684610756,0.206436368908691,0.222256054916233,0.0876770788663684,0.0549520776025315,0.145195048158794,0.178722721873911,0.177073008816351,0.115168132800516,0.224490638729648,0.159187572169059,0.20866574783854,0.0410878773830619,0,0.16965828096876,0.047922526713769,0.141301219212447,0.19863774542328,0.129880216499431,0.121264207831076,0.0386546812190125,0.0561706574406476,0.137144264968973,0.123492474009032,0.108761932466155,0.123830326612185,0.179531951381391,0.0253898650321624,0.0702898145076464,0,0.133126905279912,0.0841389779735963,0.138189114368932,0.142922699955061,0.229262298851116,0.102163569627788,0.113277144255656,0.127245065319239,0.144912034499635,0.00692517487447215,0.0847529378206526,0.207620865473436
0.0484547784895753,0.014470139629272,0.0611344442818493,0.0696556324109595,0.11123304448369,0.0585598494297613,0,0.00170769623889795,0.117124379150205,0,0.0706614015217036,0.00383067654730829,0.110387181781893,0.0228861156582836,0.0213769419971069,0.160142665921032,0.0801142155635954,0.0737859574878273,0.0351669537544712,0.0246634558727146,0.0147462230400324,0.0380858725039719,0.0506876086828139,0.0329156475999041,0.118864254934877,0.088419122187803,0.0444498663204021,0.117665223707454,0.0121032204110625,0.0787682894428869,0.100158624423319,0.0414346911437441,0.0394741341456011,0.115554629759858,0.0697183550256455,0.10932214611386,0.0532007102864141,0.0462051662956414,0.0187313966698226,0.145512115564161,0,0.0853359764000947,0.0470934753049706,0.125280596213851,0.0896786791390692,0.123225312470895,0.123107389703121,0.0428134861586969,0.0124855135499752,0.113706913539969,0.1486201908232,0.143561755638056,0,0.156077917985206,0.118312596110313,0.0909957042051734,0.127596185274938,0.0896581018323871,0.145373255910013,0.13226999073833,0,0.129787204992148,0.0150547297548683,0.140862940611601,0.125868558934804,0.194655739983277,0.0143525102858674,0.0778454618177445,0.102359282362738,0.0566716566932244,0.146962828182845,0.160367396775863,0.0221582366258004,0.0689367158982089,0.135166363400102,0.145073412710546,0.139891805914568,0.0700360136311426,0.167022513659496,0.144926110845021,0.154537668484726,0.0494538397442345,0,0.118722765685227,0.0828098458797363,0.128301803085698,0.14785314061564,0.0965301401639122,0.116459435531884,0.00517594665515898,0.0497882344545365,0.153596251246443,0.180741453669757,0.0920122623653755,0.116886022019792,0.129263474360246,0.0790074417078256,0.0397988069150596,0,0.134853545939629,0.0629289997506848,0.0722141580100873,0.111668738489834,0.197015850863229,0.0706823871857259,0.0649076746480741,0.103666668735704,0.105222156149396,0.0118127333694175,0.0553449687315294,0.127921270441056
0.0452156926567116,0.0365610285464978,0.124750874653666,0.0742816491307975,0.174322965181933,0.0730041581825383,0.00170769623889795,0,0.0865957521386527,0.0160016520803809,0.0878386637618149,0.00228502741149226,0.144959536588176,0.00608959207358788,0.0227964233833586,0.188690739101018,0.091745128447615,0.0880505638082003,0.0876809061611313,0.0200415536543565,0.0818734958510756,0.00820800122562645,0.0915537205296616,0.0333872776536124,0.105002936109239,0.117221712162797,0.0810474556417695,0.0919080058532231,0.0109758802741738,0.12902696645051,0.102308368474493,0.0398399603310941,0.0533232998534486,0.192717936391273,0.0859560074653347,0.146832458702788,0.0584567092019792,0.0657229156063649,0.00343852903481153,0.204059908383669,0,0.155524654693385,0.0451506795056047,0.125491251791597,0.17554115021655,0.15360530994164,0.148757707770529,0.0295372806430283,0.0140678861777634,0.139894406095434,0.203269331162983,0.167269945781479,0.00222196602294168,0.184259586816099,0.10145357817123,0.128651443639872,0.176106315886575,0.158939220103508,0.19896769496594,0.223972680183139,0.0443179432555498,0.233101928355268,0.0640590232566885,0.229745737293776,0.216479279245138,0.233385749935558,0.00554928457544845,0.0137943386377209,0.162304770613078,0.083236288740987,0.166691723870683,0.164860265319752,0,0.134428627359985,0.204215677754805,0.202315287811837,0.154428925876916,0.128701618479786,0.208685839775452,0.192442178146665,0.158733677140264,0.0253042767073002,0.017475777342256,0.142725404948195,0.144337962302856,0.154640651908117,0.193516890866096,0.0946600507359984,0.145085479925275,0,0.0922977100133173,0.107120863769112,0.138067844360339,0.110529332345576,0.161621901809597,0.119576640901484,0.0710864030410386,0.0954505410423778,0,0.139781554484053,0.11551540619779,0.103447225018391,0.100853519261039,0.17123791290754,0.084025296063761,0.0698117787203501,0.129438033150735,0.123798662130834,0.00872484039343513,0.0931833187382046,0.151568618034265
0.0920105262304348,0.113926681177114,0.0337468758692009,0.0817730948479231,0.123454805277669,0.143742784187034,0.117124379150205,0.0865957521386527,0,0.0505311750640688,0.0276818834216982,0.0357823196395253,0,0.0580502177218067,0.0087699002090038,0.029075669755508,0.0316987339210876,0.00231329582863372,0.0895908421418635,0.0933797905488535,0.0394138899925236,0.119840559491608,0.00609810252749,0.110427506630065,0.0354428243562635,0,0,0.10568335604815,0.0936661871161726,0.0979043456566193,0.00676903299341568,0.00312738343292138,0.0154472732161382,0.00966531413034926,0.0439586778491364,0.131528672293114,0.1429096343641,0.102530780358128,0.0713016696626863,0.0401966501121555,0.0100632183103709,0,0.0067664785879316,0.0214785142081552,0.0590215730973194,0.0501602177919804,0.0316785739026086,0.0653242816139558,0.0497537386921229,0,0.00524505952923981,0,0.0774930546558432,0.0864004390902176,0.136180038452805,0.0340833723091584,0.0737387418607243,0.157455006244837,0.0250803107672333,0.0145071804104637,0.0882105021858551,0,0.149222002337455,0.0487393064141182,0.0288202258261644,0.0811998958134513,0,0.16460595630896,0.0609530513157428,0.144645868800406,0.00619859342748584,0.0796380464395996,0.121377320799885,0.120564157292686,0.1146359914057,0.0343550497062144,0.00228113556157404,0.00164501497132458,0.0103799765794236,0.114536661827396,0.0616686550831471,0,0,0,0.122780927930901,0.00714581110903185,0,0,0.0201937864056899,0.0566886024847947,0.0328132282987587,0.0351669839614543,0.0924439806047334,0,0.00815457210586391,0.0195774262596308,0.044404546691409,0,0,0.0536278734160457,0,0.0424514956727001,0,0.0339131807066507,0.0132609155116577,0.0297568466508926,0.0280299454582792,0,0.0103987391455808,0.00451469135300778,0.0482239546174572
0.0220884284978402,0.0124547505076843,0.0659610417204414,0.00297210474521579,0.0858641584651371,0.0196662873121291,0,0.0160016520803809,0.0505311750640688,0,0.00680248119044799,0,0.0856726177478539,0.0196846128053422,0.0167395925862639,0.0453911653124409,0.00862547923843569,0.0429045642107306,0.0127194624501024,0.0076517890121955,0.00284815654390386,0.00382127345116584,0.00513048619128771,0.0330182386039167,0.0567442161171495,0.0524266723223174,0.0241650497197855,0,0.00990064992216958,0.0382726364594307,0.0584516567047722,0,0.0513453625122479,0.0216157835252143,0.033270855386571,0.0277097319512249,0.0318845633296926,0.0148677922890596,0.0128564953553486,0.0729640105979092,0.0176635855284356,0.0343760739882841,0.0172238134335042,0.0193642969738648,0.0154218205477488,0,0.0546490641799511,0.0170494785380364,0.00484281293973062,0.029641906217729,0.0700458705677603,0.0712480733660468,0.00233391295789662,0.0813245060635401,0.0500472244818459,0.0492536353568425,0.0767215618917756,0.0308709899054938,0.0491578683096669,0.0694834343854528,0,0.0513787723243646,0.0110966975957974,0.0489060709089701,0.0403128914070957,0.0715140745968503,0.014465291526973,0.0313328650384201,0.0503655865361816,0.000179922789004503,0.074915081660686,0.0550754594198475,0,0.0294940465278031,0.047806949315499,0.0192778493814813,0.0404218807126577,0.0562677266130297,0.0750664593646547,0.0378796757668751,0.0285648705546727,0,0.0178451979687898,0.0384465042541498,0.0171670806968274,0.0249994872387232,0.029351357918642,0.0552923265187374,0,0.00413223017312688,0.0278830473334033,0.0569999188667615,0.00674454601052685,0.0248873951736469,0.0226156491211443,0.0387996168523123,0,0.043373323679503,0,0.063288211087604,0.014333649144864,0.0405610150140114,0.0453745354272066,0.0571796025037516,0.0622029991245694,0.0176562010097422,0.0374435449043259,0.0116439150169263,0,0.0214111957861451,0.069910412426419
0,0.0621291074363204,0.110008015199442,0,0.155849698137744,0.0483633634186134,0.0706614015217036,0.0878386637618149,0.0276818834216982,0.00680248119044799,0,0.0510802325465816,0.112669532645007,0.0261386743487032,0.000103749910913292,0.031747511952251,0.0486235088462941,0.00578661608645145,0,0.0252861219618304,0,0.0790867532668266,0.0137775702373042,0.128710949284633,0.0198731410787442,0.0620061846187676,0.0419647980116933,0,0.0162523090155352,0,0.053534041129021,0.0169516366979813,0.0381995297814401,0.0439828619688731,0.0605660822626264,0,0.0119496326328263,0.0427340232935451,0.0614407918686029,0.079461656019852,0,0.0683851406787007,0.0207026477046388,0.14391368041933,0.0107534330317606,0.0148098456502049,0.0748067660758523,0.056015688346125,0,0.0434813446865632,0.0892129300088968,0.0786425222130508,0.0130058829965712,0.179014416166311,0.176651137732171,0.0908994500622151,0.150480602118783,0.000447902033808542,0.0403127062767394,0.159824175901932,0.000618889642192295,0.0989030986533922,0.123541843159838,0.051066946260282,0.0601403639338914,0.180506239824962,0.031481369397774,0.153207538517443,0.149525160657823,0.0153722985028757,0.102424319932456,0.0417504262484444,0.0805875824853874,0.00161989640091265,0,0.0517743256017395,0.14452061011293,0.0854830369908837,0.146222064926883,0,0.024389059263292,0.0150492836054021,0,0.126296395166558,0.0107950725872566,0.0694176254822983,0.0929894541567797,0.0880664067875652,0.0428156532457774,0.045771655286798,0.0101829934877802,0.00776145870692297,0.00472389425622065,0.0585040682866771,0.0784836234558399,0.109176500717459,0.0234325274470788,0.052427199178151,0.004069290908032,0.00272234135584473,0.0594250905693395,0.0970100133435995,0.0416727493223906,0.0795355269223316,0.0474731082985587,0.042271648227015,0.0170590698612453,0.0789667850298587,0.0119643171870746,0.0306540692033746,0.040559405514743
0.0194240657755592,0.0103835806552825,0,0.0195372354481661,0.0198657383962227,0.0427728061354897,0.00383067654730829,0.00228502741149226,0.0357823196395253,0,0.0510802325465816,0,0.0479831355364618,0.00608599896257885,0,0.0612972155846071,0.00713248444278702,0.0397904703505008,0.0315437764531631,0.00464095863135518,0.020297605550967,0.00390407443286738,0.0108499102927276,0,0.0299083068774784,0.029865544545843,0.0178235251369529,0.0713276874451888,0.00432456186116869,0.0414262462404564,0.0271583198414891,0.0160422116967922,0.0265011088410523,0.0384113885399714,0.0195075826059095,0.0612499045299672,0.0256955850614444,0.0623526501993865,0,0.0467648306267604,0,0.0301896478238112,0.0163541344819158,0.0406249486644211,0.051249974179586,0.0618284560616138,0.0606053319095698,0.00699029158487839,0.012443999898094,0.0498951842702118,0.0548178102721032,0.0516062425743347,0.0153275870188551,0.0507220172902923,0.0277781991212656,0.0224091243738663,0.0337169239028194,0.0593903475336858,0.0653901788358676,0.0506758714874909,0.00759324265900281,0.0522607667563373,0.0300933300967685,0.0695559883702061,0.051603980027171,0.0566276603883705,0,0.0165217825919888,0.0163256030968554,0.0480653248860887,0.047883908210283,0.0593716492044831,0.000434871474251607,0.0251808180653044,0.076181836576374,0.0796885960455598,0.0605133990612026,0.0195441889368064,0.0703829296187029,0.083185901101359,0.0683544759254746,0.023583620021311,0,0.0534240509351847,0.0593646615014028,0.0795327775446386,0.0781925392240424,0.0496350114837853,0.072638725423102,0,0.028888284124062,0.0833977325530463,0.0807872422026017,0.0417726915887554,0.0784305962434192,0.0427783141950859,0.0823825719116713,0.0138832854472281,0,0.0702602033060185,0.0436248397246723,0.00547498525438944,0.0300295520009286,0.0829590927468817,0.0197156732945553,0.00318888318499255,0.0519901204206397,0.00881801893425059,0.0178775218525509,0.0261510152600755,0.051655458482699
0.0850620759006702,0.114078664062672,0.0859412283449918,0.107572146131086,0.195229755086514,0.177687321353597,0.110387181781893,0.144959536588176,0,0.0856726177478539,0.112669532645007,0.0479831355364618,0,0.0871567431448767,0.00680806338097445,0.0502140058873519,0.0486058438335512,0.0390686024332918,0.143745326123202,0.0565870754699566,0.100902292064326,0.163079868405394,0,0.163847926730407,0.0286022604320189,0,0.00284412938471384,0.165600528498574,0.0919562344780623,0.162247918567315,0,0,0,0.0351973736350554,0.0525492738668611,0.204844063881306,0.159822255969493,0.166087392940242,0.0722375229843234,0.0615456704360962,0.0606496002026198,0,0,0.0240346452274957,0.105601752394295,0.106003993326038,0.0324066823454579,0.120576989880399,0.117158577621528,0.0353532287018656,0.0223070617438232,0.0128951784906757,0.15332955568646,0.181201654897241,0.216068149276584,0.0976859006490195,0.155734343100932,0.21963523401215,0.0730036129592115,0.0579862180648124,0.125381913370627,0,0.208328616109286,0.0944435935894701,0.0454621126940309,0.136963265493242,0.0111025788849712,0.205768464551583,0.121223475570556,0.196916524618946,0.0195370710491934,0.0868985328226347,0.168737668547023,0.127028661392234,0.163575128492612,0.0873035846543717,0.0118830083416456,0.0379366496843178,0.032169237443319,0.179075444105505,0.103241736770763,0,0,0,0.186070983862526,0.0527930186380957,0.0306652418338656,0,0.057541572626736,0.0851135551408903,0.0348067433069364,0.0588761499041475,0.111156327068936,0,0.0434795115603819,0.0141399583443304,0.122940972597714,0.00892399507242918,0,0.134663956496779,0.0167864632431288,0.0922703308179376,0,0.0534589689883788,0.00246762167474889,0.0336894843712485,0.0266749160088898,0.0116160941191768,0.00811801475695585,0.0115307831094957,0.0891763266681478
0.0221949827839763,0.0123939716146946,0.0603892198006284,0.0400880639738445,0.0656763705305398,0.0324091987295593,0.0228861156582836,0.00608959207358788,0.0580502177218067,0.0196846128053422,0.0261386743487032,0.00608599896257885,0.0871567431448767,0,0.0488034823294697,0.107136147648639,0.0103014942193903,0.00989393433669143,0.0480515692741341,0.0118856216019558,0.032047683139833,0.00538589256176866,0.0348160983199325,0.00504259710404707,0.0491895328404028,0.0914140449522794,0.0435980327071349,0.0642302381547298,0.0186247377726468,0.0504304002173471,0.0455746759111792,0.0325606233055033,0,0.095661012316043,0.0417117639993068,0.0922438158633964,0.0306957821616606,0.0276028262222665,0.0206894410537404,0.136902135538769,0.0221560856371638,0.0549440707428345,0.0720083940903558,0.0653978858369365,0.112517761489617,0.091551807902353,0.127910081671593,0,0.0331107075545366,0.113389903004662,0.147111267656545,0.14232228254159,0.0173290351923864,0.111861916282546,0.030997567176027,0.0489707253677875,0.126565069973723,0.101705279413925,0.0857414733465914,0.134432975807179,0.0620808372417775,0.130702233948332,0.0302543357565355,0.140375700621616,0.139819284376976,0.143969357513034,0,0,0.0497748654952434,0.070230859376622,0.135968306874892,0.127566554057253,0.0125287527210974,0.0573007313622595,0.116702161363515,0.121544843661018,0.0986033131556851,0.127791063170237,0.172679627226485,0.116183267125931,0.1155739128597,0.00954761476931874,0,0.116077238389196,0.0835475970044254,0.100500897270953,0.111787866828091,0.044188425109992,0.10968333753692,0,0.0585972970462329,0.0524518982818772,0.107783641514238,0.0924758010100809,0.0858853630405858,0.0906331175799751,0.0175190457005058,0.0579411775850794,0.0130194592349441,0.060347453281329,0.0686397366466627,0.0516296883984068,0.0649433330773622,0.142533110441918,0.0180917792360991,0.0241532426931109,0.0774347890363737,0.0718705467987953,0.0194904843879639,0.0767696840784325,0.0849441094516896
0,0.0121028694211835,0.00197224774684752,0.0136518243454917,0.026798667427355,0.0215970053804495,0.0213769419971069,0.0227964233833586,0.0087699002090038,0.0167395925862639,0.000103749910913292,0,0.00680806338097445,0.0488034823294697,0,0,0.000136217963433182,0.00683788046400638,0.00955714185544601,0.0101831259320827,0.0189892309159895,0.0350320968006469,0,0.0368241272171517,0.014718428401687,0.00943270711389257,0,0.0365397210250252,0.00977096828785374,0.000129252065953243,0.0249884147339001,0,0.0270919916070433,0,0.00999062746589211,0.0248449524687285,0.0133633419427146,0.0003179317052444,0.00567889346245303,0.0365393979864441,0,0,0.0125567821128407,0,0.00321273866588143,0,0.0308610981214134,0.0101709917332802,0,0,0.00932928647731958,0.0034025288454126,0.0112227323607525,0.0351483892437697,0.041644531378515,0.0181055786834854,0.0297679668784649,0.0553850579192074,0.00382771764448597,0.00332296704024404,0.0420533711628635,0,0.058016742726974,0.0212719515213805,0.0332412159353763,0.0197096619478541,0.00227895378073147,0.0828981301557376,0.00850935295537578,0.0179517137361086,0.00408457562231254,0.00915194426860511,0.0162275149150138,0.0250929857858468,0.0222333077811497,0,0,0.010086088526816,0.0119737990838845,0.0244085943116338,0,0,0,0.00148895114062438,0.0352776995198601,0,0,0.00215244602749148,0.0114452742889213,0.0166199050828978,0,0,0.0392705994864836,0.00444272829632755,0.0159218399811346,0.00237200226611722,0.00056020067198657,0.00328011771260231,0.00107422679231491,0.00641545701679314,0,0.0214059145670982,0.00447096837789502,0.0362781648155288,0.00523600163142837,0.0283364785523616,0,0.00546690188407394,0.0103675797670782,0.00118272123245226,0
0.0803139738137084,0.140574178856183,0.127873236856692,0.151856473331803,0.242220364211407,0.209065658392297,0.160142665921032,0.188690739101018,0.029075669755508,0.0453911653124409,0.031747511952251,0.0612972155846071,0.0502140058873519,0.107136147648639,0,0,0.06286998200206,0.0357530432119553,0.126174890933347,0.0916947606500367,0.0791853208488121,0.189264592807852,0,0.191128164875362,0.0457634118792981,0.0266480292249412,0.0160706532866444,0.129131417330475,0.106786251069482,0.148229570725777,0.0392814178041857,0,0.0133867233082921,0,0.0530642327578493,0.211546910322612,0.157429743219139,0.15360266295879,0.105316967124787,0.0217193592513945,0.0109449086719126,0.0154875957584923,0.010972246087443,0.0515865464055699,0.0385840852104446,0.0338423410346208,0.0486168696246868,0.12831019371152,0.0583637601701548,0.0123822045733124,0.0127754959783579,0.0385850751671914,0.119576214040717,0.196919302826201,0.244142998859143,0.103485851167475,0.202902597931896,0.214461863726434,0.0233713460104836,0.137487156276684,0.0959623925893053,0.0433908820276751,0.22158486418827,0.0263194194157215,0.0205025626931021,0.208649334461702,0.00643304564639723,0.298680598915757,0.159940912926511,0.181050543039072,0.136779993214228,0.00836973146077211,0.19763954176904,0.150668512502017,0.125211315775456,0,0.0862228551389866,0.0812165165982878,0.127195434738703,0.136461670104362,0.0172111663656062,0,0,0.0462933048908193,0.161767774554805,0,0,0.0200683477282231,0.000513225489578661,0.095245266269911,0.00639391040585259,0,0.100470482590898,0.0298223215366957,0,0.0809670537195558,0.0817841423191614,0.0482685476789375,0.00999060275842297,0.0627338970278787,0,0.156921372024019,0.0365594136396416,0.0233049828051189,0.0285525743162133,0.076417532766924,0,0.0594606931186872,0.0264246341860228,0.00307629437015127,0.0192757706208402
0.0790728444169461,0.0711186625083769,0,0.123355420125688,0.00873047273209086,0.128108754019893,0.0801142155635954,0.091745128447615,0.0316987339210876,0.00862547923843569,0.0486235088462941,0.00713248444278702,0.0486058438335512,0.0103014942193903,0.000136217963433182,0.06286998200206,0,0.0554797465074975,0.10624785911316,0.040998036362775,0.0482356957225781,0.0754508980130614,0.020967951256277,0.0873263394320173,0.074134505942629,0.0560354474352702,0,0.0836420464985213,0.0833701281084441,0.113559159796496,0.0149615167442773,0,0.00167298876351921,0.0518636733763706,0.00648888626836374,0.139694087010141,0.144735946178671,0.0989816730524178,0.0354774801545409,0.0715015949100058,0.0028718766254381,0.00624523461278949,0.076356034503322,0.0104779183671361,0.0950760198067751,0.0726732519705602,0.0216292707289425,0.0589156978103815,0.0528506624211178,0.0625043606683929,0.0504433795721344,0.0444053334389302,0.0707966587668762,0.00585806628122704,0.107988190299403,0.00648869567249862,0,0.150210143694848,0.0448627421294693,0.010711125747022,0.0332279839262234,0.0473642881465537,0.116318777130939,0.0928589548967065,0.0828077332875628,0.00594405158255548,0.0144706813757186,0.14149138802762,0.0243719143949057,0.113162113733128,0.0289167044900727,0.0699871094491506,0.135996160586931,0.0880145718745179,0.105972484703211,0.0452857871697241,0.00820605094840559,0,0.00794088229609324,0.112008722887079,0.0614261077194014,0.0325653373050981,0,0.0263104403669025,0.100729177235228,0.0341608672722169,0.0530362578488098,0.0253185765071275,0.0337302174364217,0.0258584720634122,0.0105258622568598,0.0729652786755462,0.0598787015827117,0.014853847856336,0.0255812678089186,0.0289749835930864,0.070479612767624,0.000633690403517223,0.00889073054972948,0.082579774375675,0.0197427665741682,0.00256911565262449,0.0353043827996672,0.0241727946898877,0,0,0.0381126008125114,0,0.0179709307595408,0.00502855714544257,0.068470035462583
0.021177266016775,0.0602988960851427,0.051877754425502,0.0210561554699571,0.123080246690935,0.0543461993601525,0.0737859574878273,0.0880505638082003,0.00231329582863372,0.0429045642107306,0.00578661608645145,0.0397904703505008,0.0390686024332918,0.00989393433669143,0.00683788046400638,0.0357530432119553,0.0554797465074975,0,0.0176565633980194,0.0442373702768355,0,0.089752749450214,0.0139321573228377,0.0836314623427339,0.00755777398928465,0.0558005141962191,0.0339742365763343,0.00997007020897253,0.0275555817129101,0.0499461352775587,0.0215064134735684,0.0343683597245355,0.0151916783463918,0.0215072805510858,0.046346465526457,0.00183569082591385,0.0105250747237435,0.0511131433817271,0.0669909207226382,0.0288241750520226,0,0.0534090566282078,0,0.0811265452435763,0,0,0.0254517330448026,0.0421015632827148,0,0.015905324327384,0.0530562011683384,0.0461957750152549,0.0268969188910182,0.119254771499393,0.136755972652716,0.0621796940280466,0.102097370916521,0.0357523317324262,0.0327352434855386,0.0959912822922343,0.00287648049158457,0.0577262023255576,0.0810152504381332,0.0164541528388479,0.015318969631069,0.11769415739422,0.00796703344337617,0.100210960913202,0.0906417805907901,0.0599169464219414,0.0684671372762032,0.0234311816408965,0.0447012484481615,0.0281128983407069,0.0121205509550316,0.0199938722781502,0.089482490974108,0.0473317196265671,0.0923106663484708,0.0122087937918956,0.0146295756439446,0,0,0.08723787900414,0.0415814240764388,0.0217948388260723,0.0310860801921513,0.0494649597785912,0,0.0302701380671203,0.0137768136777553,0.0152342340198866,0.00271060738691613,0.040648306388538,0.00594002166216447,0.0700189173557464,0.013184770565922,0.0265390975803904,0,0.0163952611830332,0.0366132391252443,0.0377947844447474,0.0156889082078069,0.0429867650149869,0.0373161874322408,0.0381301922808472,0,0.0361301437445872,0,0.0116886482169414,0.023282431628781
0,0.0104636892713444,0.158281333795942,0,0.223800241469933,0,0.0351669537544712,0.0876809061611313,0.0895908421418635,0.0127194624501024,0,0.0315437764531631,0.143745326123202,0.0480515692741341,0.00955714185544601,0.126174890933347,0.10624785911316,0.0176565633980194,0,0,0,0.0751275336735849,0.0652731531368736,0.124364004084158,0.0662876140557513,0.126361359415253,0.0985666973831779,0.00631885515123519,0,0,0.0909386252724284,0.0421697238359952,0.0321671339363546,0.164735027662384,0.0616974025499609,0.0369924713466689,0.0108539158575697,0.0131956835687559,0.0384016259772366,0.146583855860781,0,0.10254649097289,0.0497138928917421,0.13943988543793,0.108005773936114,0.0803295542478927,0.112004519598129,0.0490775988549489,0,0.165233984189075,0.180602432562242,0.169262499269651,0.0162388842995823,0.216841255351012,0.182977268865192,0.118181678889262,0.208932213140715,0.000991027933654191,0.100039005669366,0.229019496684577,0.0150544527621936,0.18296454796643,0.0963533279168502,0.134576139268964,0.130831097292262,0.267741611557309,0.00348565344594808,0.146831864826007,0.154004340009827,0.00346248199213179,0.19973135841066,0.124445832597391,0.0214600637732837,0,0.0609758997797656,0.13349150620732,0.179032495551268,0.123438728462283,0.222297897129384,0.0602622995905727,0.104603933486394,0.0408025119527975,0,0.155241793470843,0.00327563554481827,0.0902420275952646,0.190355052654464,0.108070184103377,0.0560462721034961,0.0274494812806022,0.0214988481955213,0.0803831744258891,0.0313303664441805,0.112373444804718,0.0749288895117385,0.169243133144608,0.00308355039551428,0.0939295640045715,0,0.0347736896355539,0.0647867952040322,0.137907881850157,0.105380832989057,0.156869330475278,0.075303152181345,0.074293460358765,0.0655374866338306,0.0976732791471664,0,0.0475022241950453,0.0999062674829428
0.0178810362105877,0.0252711062194181,0.0459421777696756,0.00947151427190754,0.101110126026728,0,0.0246634558727146,0.0200415536543565,0.0933797905488535,0.0076517890121955,0.0252861219618304,0.00464095863135518,0.0565870754699566,0.0118856216019558,0.0101831259320827,0.0916947606500367,0.040998036362775,0.0442373702768355,0,0,0,0.0254461990958265,0.0164367290210223,0.0521644211053295,0.0884489178605705,0.0599681259555364,0.0332141269983093,0.0381029214541375,0,0.00996441637121745,0.0937304185205263,0.0213943131051436,0.0465021634794799,0.0533295746662719,0.0317689136697159,0.0247425245732675,0.00986818553098117,0.00133903840769278,0.0399161646378808,0.0882154531471027,0,0.037552125821147,0.006404850661184,0.0770431207412925,0.0191349505868885,0.0321360129666874,0.0587212937164667,0.0213236111040454,0,0.0478306901018456,0.0872375326836778,0.0893087794117389,0,0.0932011566044497,0.0833460752990037,0.0493896208181514,0.100078056025258,0.00675701640764875,0.0710288572889945,0.085275193985529,0,0.0638121985217604,0.0217018656586774,0.0543244288091484,0.0432864804570649,0.121013186253056,0.0105617477808255,0.0725289162427773,0.0648385743670735,0,0.0972569436406957,0.0918694232958577,0.0236487648168429,0.0105865214561603,0.0452791708589802,0.0609123563140599,0.0777908527909925,0.0468378259582148,0.107087034996547,0.0469203670389895,0.0774515202186246,0.0214933847839131,0.000722623997812386,0.0791803682175544,0.00774650403669255,0.0519788292988985,0.0644024301059078,0.0640982656968677,0.0478032652574584,0.0180144951928397,0.0095518132797746,0.0773590123597737,0.0703151388141157,0.0609605727964799,0.0462695422687407,0.0807046864714406,0.0308990802005641,0.0196613290373843,0,0.0403139399829876,0.0278244826925034,0.0464241633327194,0.0763001024043603,0.125175681528765,0.045980017462264,0.0443273140497071,0.0670356833230202,0.0442445701082875,0.023318936678772,0.0392773652925226,0.0771923445335106
0,0.0103491228187654,0.096505433790879,0,0.15485887504504,0,0.0147462230400324,0.0818734958510756,0.0394138899925236,0.00284815654390386,0,0.020297605550967,0.100902292064326,0.032047683139833,0.0189892309159895,0.0791853208488121,0.0482356957225781,0,0,0,0,0.0608520058033956,0.0320079001572708,0.0928715482492053,0.0190655556402422,0.0863511147647747,0.0685183256026374,0.00140589974737453,0,0,0.0481905183749439,0.0346024748575467,0.00518540355055481,0.0990166008204275,0.0559861602316052,0.0306837784096815,0,0,0.0510654883503608,0.108288180569917,0,0.0707144912092746,0.0616528800449039,0.148048202116392,0.0733733455743557,0.0488423558249704,0.15150138994967,0.0329079533868353,0,0.109525033855336,0.161037544551403,0.128715314901266,0,0.204294730764896,0.136804432583585,0.102015826395728,0.176601021740125,0.0223521536416167,0.104051923382842,0.192064970899493,0,0.164811252344313,0.0489856162332953,0.156170297955988,0.168295439966191,0.213226507660363,0.0287272428373013,0.072521919259834,0.127681722524447,0.00736762804234394,0.145674737188484,0.0922527766693647,0.0415388175726326,0,0.0581069524866553,0.136784049029031,0.154168533977772,0.128109809136705,0.198441205921753,0.0549622017919119,0.0758075389240454,0.00557673277671947,0,0.135954098091522,0,0.101730011727395,0.131884821857265,0.0573471865606751,0.0924166411402208,0.0305154506588074,0.0489477377037721,0.0341534569171846,0.0502009089438711,0.105763850197897,0.124199784101259,0.12197446146429,0,0.0824648386628911,0,0.0291981762109277,0.0642975543621894,0.138705053422727,0.0497079171693436,0.12684193485155,0.023587531602686,0.0624836164220232,0.0523283821326842,0.1302063104506,0.0235930817231137,0.0459126890162229,0.0524889583076161
