0,0,0,0.0635610768659723,0.0183383950366464,0.036744335427665,0,0,0,0,0,0.0154200379536099,0.0163175451099957,0.0194174247445074,0.0085476029747475,0,0,0,0.00537616242854137,0.0220988338908774,0.034168776798853,0.00242532119698865,0,0.0361113811733015,0.0420617387243084,0,0,0,0.00446616662634215,0,0.0221948866340291,0,0.0239375427230371,0,0.0199597063701455,0,0,0.00448687338451069,0,0,0,0,0,0,0,0,0,0.00268990661892372,0.00785755603293479,0.00356734830205786,0,0,0.00881423016717694,0.0264817719423623,0.0119576101900874,0,0,0.00514225253627797,0,0.019372725059854,0,0.0055217865424532,0,0.00267637777041163,0.000444115104344999,0.00607995706648186,0,0,0,0,0.00996700005859305,0.0120036023971628,0.00558001260389018,0.0113390233576674,0,0,0.0449001033871545,0,0,0,0.0188669229997178,0.0111710344950679,0.043416746565923,0.0190882629526878,0.0086595430000521,0.00837721447808107,0,0.0285277782375495,0.0450640834804843,0.00873168163854059,0.013130003310384,0.0158817144151951,0.00685583487710762,0,0.00351039539690783,0.0108602133650762,0.0282497030072573,0.00235947257540859,0,0,0.0112229820647878,0.0103044889728777,0.0161866485848161,0,0.00238446164268854,0,0,0.0426026389896699,0.00284901596389759,0.00291072836774915,0
0,0,0,0.00355909787641332,0.0217847567027016,0,0.0205460045250271,0,0.000399678074666489,0,0,0.00412462704460047,0.00586980222549978,0.0295752648365721,0,0,0.00324447757312743,0,0.0118367351257285,0.0359099122761408,0.0396767144066659,0.00487734538478718,0.00831601499154117,0.036863355272369,0.0360741929821533,0.0215161221184352,0,0.000419240395064876,0.0137124209852733,0.0139321497151143,0.0173729256964355,0.00751866556642661,0.0169392373396269,0.00789925838867573,0.0314233414568137,0.000502210221518119,0.00883503855184593,0.00173485123075608,0,0,0,0.000709087410655069,0.00718639614241969,0.0185234890990496,0.00881986331808789,0.0200324224034738,0.00354259755911966,0,0.0359518303983854,0.0163086851123803,0,0,0.0199069317338531,0.00993786406280061,0.00478927721461139,0.00564153714093444,0.0243028523312357,0.0261195763108196,0.0162451446779781,0.00732078875756872,0.00603660326307434,0.0148216245011397,0.00944660512201614,0.0144808362553097,0,0.0254289867916171,0.0104680026059225,0.0141365174791884,0.0158617402926239,0.0206080627625478,0,0.00849479836682268,0.0371302256633573,0.0161912713542298,0.00454591687285895,0.00718853879279026,0.0514272067958857,0,0,0,0.0391212539243881,0.0247677086116871,0.0336062865212221,0.0072517319659707,0.0328570007168559,0.0377577510081192,0,0.0392817048233552,0.0507448530374692,0.0180734738797262,0.0127549342024307,0.0296577008723671,0.0349757321127965,0.0160902390729497,0.0111751838768865,0.0043705928355144,0.0108956627705776,0.00593861948827552,0.00545830994902288,0,0,0.0184832080597303,0.00462733774402683,0.0109174359121529,0.0164153263177163,0.0140532299309244,0.0119014817995021,0.0610803702735519,0,0,0.0209694727202575
0,0,0,0.0209568210320643,0,0.0451438646652877,0.0595508234334247,0.0296716241836564,0,0.0268300475040035,0.0174600543815173,0,0.0034166230741414,0.0188843469388208,0.0270394926435289,0,0.000907100436093855,0,0.00698002910071226,0.0179580915677435,0,0,0,0.00468188536151307,0.0184606443138695,0.0250316687623974,0.0168001086978517,0.014181802386996,0.00156508824624291,0.0243346450678274,0.0136361946054839,0.0220160581692733,0,0.00912341322242284,0.00652581084396533,0,0.0176515295857521,0.00500840270263129,0.0245211865004602,0.00554053672673652,0,0.0476946016669122,0.0293964358169027,0.0457725927757814,0.00240038042138089,0.0336892643351734,0.0205156686112467,0,0,0.0174098405234921,0,0.0462367473446028,0.0264174369076172,0.000277632432170439,0.0247196808017777,0.0252457811477182,0.0109285434961952,0.00767494899753814,0.0147582424220033,0.0391444900441724,0.0140079338265051,0.0106014187495804,0.0101979040401296,0.0195963251609695,0,0.0313803693409572,0.0431499196442051,0.0356932195103688,0.0371460488064429,0.0348161388849943,0,0,0.032779702048082,0.0111675564996433,0.0453774406363834,0.032454544695129,0.00962685136011917,0.0267773674216472,0,0,0,0,0.00108911551159378,0.000599381509562684,0.0235659061796336,0.0107773264203143,0,0.000925696982193998,0,0.00305691540567417,0,0.016851679393375,0.0346595109829159,0.0382925786485394,0.00437677007205883,0,0,0,0.0425866010798639,0.00682784472236133,0.0207573805742991,0.00162937155874884,0.0291439069685931,0.0242665208295416,0.00788725382799087,0.0311744277420957,0.0314748482542379,0.0208143598525586,0.0516578398126893,0.0327119203061456,0.0115911330169251
0.0635610768659723,0.00355909787641332,0.0209568210320643,0,0.030034241086936,0.0701707164497761,0.0734624314904389,0.010209640831655,0,0,0.0374105026281755,0.00666136347858622,0.0112135659185508,0.075496360168304,0.0108730143937102,0,0,0.021513537528063,0.030242997321074,0.0695366062332489,0.0581373535932043,0.0194939623899982,8.12585330336431e-05,0.0442966508680228,0.00066803671448757,0.025586197749735,0,0.0253807076328586,0.066895046526729,0.0575639895202185,0,0.0664481037012228,0,0.00695699931744624,0.00796995725383642,0.0287251030626751,0.0149321995599698,0.0138388523431638,0.0504371419314318,0,0,0.0581208453937115,0.0754863999590238,0.0967022677696715,0.0139927837098174,0.054895515891031,0.0189132987569478,0,0.0605233829756051,0.0782765076947298,0,0,0.0784600705898406,0.00917264315140705,0.0359434257663724,0.0876860048933087,0.0706283310881242,0.0693976731463616,0.0555179033802453,0.0225376244964366,0.0266831868987354,0.0535634362680194,0.0693616857062247,0.0408074497756445,0,0.0988699689786059,0.0765141844499509,0.0468836282349448,0.0419896448483677,0.099375570745652,0.0146499592286109,0.031337466958157,0.0754821183417381,0.0501138847081301,0.0697826641356131,0.0476587954806018,0.0571230598991411,0.000692706876310573,0,0,0.0305842073580855,0.0611039895439362,0.0118963624084807,0.00659771686362575,0.0644634354687327,0.057453529538818,0,0.0664662060934203,0,0.0193077355914504,0.0153467329949458,0.0567399051898406,0.0886714492838921,0.124101087968277,0.0570457658938628,0,0.00511599805935462,0.0357733966857735,0.0405632826726544,0,0.0465926440139939,0.0282499433756186,0.0401626001976173,0.0230144839625405,0.0191851057241909,0.0644727928109784,0.0659296329704467,0.0798613388834967,0.0139035607403888,0.0391716867222066,0.0508640287682786
0.0183383950366464,0.0217847567027016,0,0.030034241086936,0,0.0247919254565816,0.0430821026714237,0.0167805619210574,0,0.0332144316848233,0.0324690142181289,0.014022007671944,0.0312381213525935,0.0369283454853931,0.0426112789442681,0.00934044016907117,0.0233634814466634,0.00424920772950924,0,0.0386087805563525,0.0447822094890243,0.0249421471940316,0,0.0172299869197125,0,0.0472199244431702,0.0097764076880388,0,0.0415266318770679,0.00266885337049453,0,0.0278251930147659,0,0.00352632907063023,0.0023258247402412,0.0161319221842482,0.0330632086488455,0,0.0428265474873263,0.00790649487941538,0,0.0235947837554946,0.0451482981382976,0.0579570301824514,0.0300097814806784,0.0240887325390168,0.0034124295199798,0,0.0218893784751458,0.0288426857684096,0,0.0303627801635,0.0283505718932913,0.00429838464425548,0,0.0160215611797682,0.0521041124752776,0.0515324702727195,0.0431862435169975,0.0109128022682066,0.0104476639057571,0.03966203745557,0.043222741321721,0.0325711747137854,0.00913488803543133,0.0516109522519007,0.0430746553626752,0.0339491895704004,0.0447388385171573,0.0373842023207068,0.00242698079193138,0.0097763568123231,0.0458189799443095,0.0177642777149055,0.0445150507284072,0.0305150330364247,0.00574300672542201,0.00674146635815092,0,0,0.0445072688110109,0.0603661868199852,0.00208534672285871,0,0.0563552097787201,0.0590245477746134,0,0.0333143574051132,0.0123062897985381,0.0186152838840799,0.0238705487235441,0.0550255642226833,0.0549677182197608,0.0631873496108971,0.0279884484812544,0.0133305985665816,0.00696065285370251,0.0503504008818306,0.0322655004562815,0.000213509207943559,0.023707771470927,0.0382781181641675,0.0389541986997614,0.0041712895469538,0,0.0245741329830966,0.0525203008894686,0.0239069648415612,0.0285420204989488,0.0182803154773731,0.0460853064391291
0.036744335427665,0,0.0451438646652877,0.0701707164497761,0.0247919254565816,0,0.0587010084899698,0,0,0.0608493421748507,0,0.0404992694027907,0.0284577449153523,0.0624302746417917,0.0324162845572547,0.017233816322528,0.049576593260839,0.0348331038484735,0.00395622464260389,0.042158542676647,0.037520418090502,0.0325964430296489,0.0243658999181421,0.030771681357417,0.0013205879828219,0,0.00193189117588738,0.0125310020213454,0.0206752249564484,0.0200150359027318,0,0.0195301578474173,0.00374639273122526,0,0.00288009185267625,0.00668967124628136,0.00382306269533196,0.0179352384005872,0.0221396147517752,0,0,0.0408983681668062,0.0247073763550248,0.0952750211168809,0,0,0.0152765015002019,0.0198202811341869,0.000966781467386749,0.0647058886784472,0.00245837987620341,0,0.046413364551333,0.0543810979603551,0,0.0606494267341491,0.0549957236986104,0.0537219186327437,0.0694385435633747,0.0363116262745439,0,0.0833867104783894,0.095424147062411,0.0168930919485853,0.000922478195437802,0.110307667303035,0.0824207915428167,0.00556764013742557,0.0346692996970975,0.0848073866140005,0.0653356765302357,0.0519071954374248,0.034520795836708,0.0707265700299784,0.0810753794135111,0.0364318599084957,0.0879807815091022,0.000276884392681649,0,0,0.0120428894382551,0.0566655509368728,0.0187249722547963,0,0.0396479872329261,0.0367631421851462,0,0.0530621429363488,0.00985874944478001,0.00623077230002123,0.00239732273445267,0.0372896863518347,0.075569495926274,0.0867584575795574,0.0519758010136125,0,0.0107529700239301,0.0213471961583032,0,0,0.0261750507165807,0.00799071949736383,0.00463075012153576,0.0167033652145048,0.00151717973930552,0.0390851015113057,0.0393296779547079,0.0762927773115218,0.00873315484093287,0.00979252356457802,0.0454237226115948
0,0.0205460045250271,0.0595508234334247,0.0734624314904389,0.0430821026714237,0.0587010084899698,0,0.0841527190269994,0,0.0948520409185842,0.0549631572557914,0.0592471892681573,0.0825126333227387,0,0.097793892521052,0.0269360976551771,0.100300882682089,0.0265277300342861,0.0213683322231822,0,0,0.0105747535680706,0.0112515107762367,0,0,0.0271196437074991,0.0542602580895646,0.000540854483331115,0.0104729160900481,0.00794733225513445,0.00447043133765524,0.00771597277314333,0,0.0252342038742522,0.007894668484178,0,0.0229488350973687,0.00982735394841437,0.0150721566349783,0.0675750107942621,0,0.0243527895095731,0.05311908098978,0.0132743295311682,0.0526156589192667,0.0384571951171404,0,0.00196296186490061,0.016068161251249,0.00455696868825153,0.00749663512798825,0.12214292435793,0.0252367186404226,0.0708344978467535,0.0140464364491332,0.0200069745416343,0,0,0.00585943041171596,0.00376182308261448,0.0371380515816611,0.039210815060615,0.00942047440788516,0.0254348451151881,0,0,0,0.0499308582665878,0.0164476979553318,0,0.038598784966696,0.0560067220125626,0.0130933010262033,0,0,0.0122880218113608,0.0578978933634244,0.0651187004899539,0.0167080374888396,0.0242870775304873,0,0.00472013122856635,0,0.00447035066427173,0.0238321470131083,0,0.000484562437036174,0.023098409158276,0.0268817915226329,0.0105115020937934,0.0194265792432319,0.00630366340805262,0,0.0115430841043338,0.00308740886213422,0.00798621169808449,0.00890885446611409,0,0.0747812127154876,0,0.0206776204033425,0.0190596866287668,0.0608523161955813,0,0,0.0246349239995207,0.0363593150179941,0,0.0799546956170206,0.0669182345518377,0.000183584117261094
0,0,0.0296716241836564,0.010209640831655,0.0167805619210574,0,0.0841527190269994,0,0,0.060194232648454,0.00184216394072701,0.0102496583885162,0.0333415047420285,0.000831307313343531,0.0341982972673197,0.00807609357962118,0.060309927267801,0,0,0,0,0.00247475347187128,0,0.00981256552156986,0.0032895726650788,0,0.00142700249329343,0,0,0,0,0.00434901929145479,0,0,0,0,0.0251004856017016,0.00451176855949859,0,0.000433160119268234,0,0.00443372392124475,0,0,0,0,0,0,0,0,0.00589399889422011,0.0474632859397723,0,0.0218563564097666,0,0.0492289920757726,0.0113042184922738,0.0248131846083988,0.0324927522972555,0,0,0.0413392759195686,0.00505722307500215,0,0,0.0208667740949888,0.028873162932475,0,0.0192066704300558,0.00509814360036407,0.0032078772722137,0.0257411699624176,0,0.0330432507903787,0.0185325490465579,0,0.0435990359890362,0,0.00403951739381147,0,0,0.00582668005321713,0,0,0.0174966598328864,0.0178594808837675,0,0.0294446850823321,0,0,0,0.0202090337615423,0.031065713046379,0,0.0317981583157547,0,0,0,0,0,0,0,0.00226572070060212,0.0415537207656041,0.0114573263182068,0,0.0046857511522068,0.0378814132429953,0.0150723726614918,0,0.0324856479889509
0,0.000399678074666489,0,0,0,0,0,0,0,0,0,0.00245839287280191,0.00375097890371934,0,0,0,0,0,0,0,0,0,0,0.0102520458757526,0.0239741918784354,0,0.00632993287175615,0,0.010338560153214,0.00533853088759617,0.00960248704547664,0,0,0,0.0167533664734962,0.00635923482700983,0,0.0108984549347709,0.002049537939965,0.00882518945281274,0,0,0,0,0.0240052353973602,0,0,0.0131880994304849,0.00069151032084357,0,0,0.0184803279280278,0,0,0,0,0,0,0,0.00023505863584256,0,0,0,0.0064861985214959,0.00993632521408088,0,0,0,0,0,0.00947941872984608,0,0,0,0,0,0,0,0.00338683274343584,0.0154993793288981,0,0,0.00382996778757284,0.0462311071329468,0,0,0.0180858080601127,0,0.00129885087048722,0.00595425307434863,0.00282214943398987,0,0,0,0,0.011806648354717,0.0105205843522614,0,0,0,0,0.000292103885074309,0,0,0,0,0,0,0,0,0
0,0,0.0268300475040035,0,0.0332144316848233,0.0608493421748507,0.0948520409185842,0.060194232648454,0,0,0,0,0.0211382700608017,0.0368582005636861,0.0265641868254323,0.00441376543920136,0.00513892545877816,0.0320472682696835,0,0.039983096869018,0.0389421656116905,0.0417629037880594,0.00695047119973732,0.0279941114818159,0.0395488541055458,0.0486477697274059,0.0085424031932805,0.0323913132138052,0,0.0149138296898328,0.00849991486609117,0.0714992241791884,0,0,0.0195888442806418,0,0.0187311650305318,0,0.0792018936761026,0,0.0015306027285239,0.0531243755973603,0.0350995509497888,0.0612436939554545,0,0.0384712642250526,0.0401132267031333,0,0,0.0219214871645747,0,0.0574994920069362,0.0338441613618818,0.013405679209546,0.020265816055274,0.121151867705365,0.0807261206093574,0.0721766038959508,0.088207567308094,0.0577836092522045,0.00105885310332821,0.0773624884522619,0.0869618932584443,0.0174247208012155,0.0171465398225195,0.0764279815902337,0.100113531001876,0.0475197643918952,0.0644768495615279,0.0769672022972125,0,0.0363166331303529,0.0513831658478701,0.0232857636865892,0.0879041099560461,0.0699712958610188,0.0513207402517344,0.0411895226646584,0,0.000691085905844992,0.0423469437407428,0.0552762683961502,0.0101989179183004,0.013105801979041,0.0554266836198013,0.0676710119109016,0.0172268203060532,0.0287560359409104,0.0141279728809422,0.0202194479106594,0.015854124417329,0.0458264253802197,0.0829522593536764,0.0774248478989282,0.042466987672011,0,0,0.014681886898867,0.0321733919126724,0.00437860790246432,0.039529735307474,0.0220289663644296,0.00171184271438108,0.0207838777403866,0.0137809123350041,0.0341951985087796,0.0593780438292105,0.0360807507237704,0.0188637381714817,0.024986604782437,0.085326163736278
0,0,0.0174600543815173,0.0374105026281755,0.0324690142181289,0,0.0549631572557914,0.00184216394072701,0,0,0,0.0125383303255837,0.0274855129420712,0.0354140310289527,0.000613019329273656,0,0.00812799119210604,0.0107639888320716,0.0343677412516211,0.0435620613324824,0.0450385426683937,0.0372636813952062,0,0.0412537181817074,0.0298220737353164,0.0132025385383784,0,0.00327082226851519,0.012695264108889,0.00445819861062608,0.0147989705683645,0,0.0137419937429979,0,0.019771437895566,0,0.0104676093696802,0,0.00154379192288904,0,0,0.00641584153611987,0.0123574868236495,0.0172071369239876,0,0.015587644360974,0.00070122132374758,0,0.0132590988504116,0.0184432225885518,0.0087460045048748,0,0.0467198965569855,0.0373216721888055,0.00150154209874935,0.0399857079793989,0.0218226894137952,0.0381799195003934,0.00850532734770132,0.0155361164098174,0.0013420982206625,0.0209248292409427,0.00663677426937174,0.0337044774179478,0,0.0433335433320964,0.0102015347511407,0.0251192762140824,0.0344688357349806,0.0319265280666182,0.000639201310264087,0.0199549018901927,0.0498471436551067,0.0122324776745025,0,0.00852833554206139,0.0551719327485475,0,0,0,0.0362793019367892,0.0316326727119316,0.0177890411202493,0,0.048898059803512,0.0330511859769091,0,0.0590773203260019,0.025966357509787,0.0236143657088729,0.0311981933932236,0.0452592119585007,0.0226169261064409,0.0319434892896504,0.00951804766525081,0.0144119878918536,0.0232800592457514,0.0119624618738457,0.0100101506519155,0,0,0.0408686544214426,0.00875153999145236,0.0283480747545981,0.0310859719410373,0.0278617985018796,0.0423676461913317,0.0591107705339176,0,0,0.0262959320766591
0.0154200379536099,0.00412462704460047,0,0.00666136347858622,0.014022007671944,0.0404992694027907,0.0592471892681573,0.0102496583885162,0.00245839287280191,0,0.0125383303255837,0,0.0233848319335223,0.028326088481672,0.0282923458949373,0,0.00816323636462133,0.00337732867564354,0,0.0322372713503025,0.0358652604196992,0.0422748372028269,0.00586755917762476,0.0160514089524536,0.00953775062653642,0.0306670515031675,0.00516179816030723,0.0116084015078987,0.0290185210704399,0.0133353970279435,0,0.056521650389476,0,0.00266941782396877,0.0114083616453798,0,0.015898161561537,0,0.0554287545365433,0,0,0.0208916073251028,0.0351165204681523,0.0507247609141756,0.00589247687670067,0.0253921532901608,0.0231562242706011,0,0.0193667639487549,0.0261066863049408,0,0.0271171024058003,0.0218066607544728,0,0.00526452298517406,0.0332846875084792,0.0454716017889156,0.0459007584157864,0.0308672880008562,0.0191315627824071,0.00695006611886776,0.0153436465767812,0.0535656779443018,0.0214465140891259,0,0.071293578392123,0.0371574753875126,0.0250875734881052,0.0305847360975175,0.0534513364777577,0.00744136820644671,0.0359620559571729,0.0341114160130887,0.00735012389329131,0.0515481548724044,0.0329810242223909,0.040518510769276,0.00379971774272146,0,0,0.0152237955088218,0.045936804182423,0.00230896013977551,0,0.0406149620553627,0.0276997313546408,0,0.0251551622077622,0,0.00961999463551603,0.0128158299922175,0.0380271669888179,0.0477687609123022,0.0690542143285092,0.0112545799131574,7.97218963010284e-05,0,0.0288846022719909,0.0207478852406245,0,0.0228223134734032,0.0217436303599883,0.0285275767615158,0.0167913097922708,0,0.0172075909733799,0.0407674248291814,0.0163818594563043,0.00777487202516676,0.020796790925256,0.0330850368364308
0.0163175451099957,0.00586980222549978,0.0034166230741414,0.0112135659185508,0.0312381213525935,0.0284577449153523,0.0825126333227387,0.0333415047420285,0.00375097890371934,0.0211382700608017,0.0274855129420712,0.0233848319335223,0,0.0666890099520745,0.000488060068889841,0,0.0121674302244044,0.00894911293666507,0.00968517323722613,0.0767361677018575,0.0760433224319781,0.0347492395767996,0.0184595239169035,0.072945110595803,0.041167199128041,0.0513755499004562,0.00655920229630177,0,0.0515986932381138,0.000599536776711142,0.0449991722291643,0.0447328884983763,0,0.00843952989284742,0.0163978944916862,0.000149774199358792,0.00695173206939301,0.0113026522731956,0.026415525680639,0.00999492169612718,0,0.0339875547558963,0.039111072112652,0.0729457808393625,0.0573639223467074,0.045221177085962,0.0102353185092281,0.00478434688412007,0.0506481801972055,0.0487474902797735,0,0.00373220302438521,0.0314387715154872,0.00149281043278962,0.0193050759559438,0.0452323964049181,0.0566545544561596,0.061083567477557,0.0433525455184927,0.0177096514543077,0.0306578651923125,0.0405302731600909,0.0520954793958578,0.0818148458950501,0,0.0934854242677177,0.0423361829252455,0.0699196162102433,0.0676734640639601,0.0454103900282047,0.0203075344958699,0.0359018001469802,0.0823770131705657,0.0342189176397665,0.0480541050032719,0.0264799840963536,0.0555068527578136,0.0212576877849687,0.00760397048171988,0.0132739923468106,0.0563891497877813,0.0550997082388602,0.0493520106680803,0.0211911605748704,0.0651997649668275,0.053591209371444,0,0.0581230215049165,0.0561124912475281,0.0508483228131308,0.0545907977425863,0.084189099068219,0.0641498561591553,0.0819292135554877,0.0354770918816477,0.033177309008827,0.0395268804224643,0.0235258025826732,0.0343807529245234,0.00190519453610018,0.0116632316871548,0.0633972869436584,0.0336130952821181,0.0239379435130483,0.038465126889642,0.0447192229638662,0.0695433538234914,0.0527485994640778,0.0231265286296375,0.0322372330392912,0.0513893326454302
0.0194174247445074,0.0295752648365721,0.0188843469388208,0.075496360168304,0.0369283454853931,0.0624302746417917,0,0.000831307313343531,0,0.0368582005636861,0.0354140310289527,0.028326088481672,0.0666890099520745,0,0.0734579258577881,0.0128296455616341,0.0455870059181667,0.0113601501370315,0.0276008187644253,0.00431438824868853,0.0271128371587561,0.0003528977161722,0,0.0429205021404013,0.0426740456068313,0,0.00472886462720513,0,0.0367369373708408,0.0144176025115928,0,0.0307883011548995,0.0233734236500597,0.0275812703585904,0.0142365898807242,0,0.0316965759610377,0,0.012058365361139,0.0113628136691026,0,0.0154505263951942,0.07460083597127,0.0226788617017193,0.007984295691885,0.0270000329253956,0,0,0.000146456447514303,0.00755395747321712,0.0282369869877724,0.034686754642683,0.0592375500449419,0.0615408597612902,0.0159597153953747,0,0,0.00567088819713213,0,0.00929792954543899,0.021325126390044,0.0249271694616856,0,0,0.00143864729475308,0,0,0,0,0.00150447301018817,0.00401379233832104,0.0159269588057412,0,0.0169216965137359,0,0,0.0610384043265304,0.00412082392254526,0,0,0.0111475425385523,0.00501371874141307,0.0167007952206255,0.0162312637402545,0,0.00893672706527834,0,0.0301775032007413,0.0431315731963475,0.00795285405070173,0.00351738228450877,0.00523857717106537,0,0.0399395741076901,0.00119366784312634,0,0.0193443832051526,0,0.0294707539702508,0,0.0351076663705846,0.00252317513790389,0.0611241715641849,0.0153188340038825,0.0184267901298255,0.0325375813391521,0,0.0604925995460681,0.0324210727092841,0.051218544526671,0
0.0085476029747475,0,0.0270394926435289,0.0108730143937102,0.0426112789442681,0.0324162845572547,0.097793892521052,0.0341982972673197,0,0.0265641868254323,0.000613019329273656,0.0282923458949373,0.000488060068889841,0.0734579258577881,0,0.00454194103451524,0.0307020901900628,0.0286312445412157,0,0.070938242238197,0.0656173148566373,0.0373626924269112,0.0116906086615441,0.0501358717117395,0.0194872296775495,0.0473010733375454,0,0.0312948584313258,0.0167369746316209,0.0175166604448638,0.00103485026538793,0.061888189313096,0,0,0.0113141185646651,0,0.0196086436867374,0,0.0601236140487723,0,0,0.0613747333031685,0.0623163641271423,0.095409421405746,0.00353896073965888,0.030163883515708,0.0276445949458507,0.0101496025153233,0.00961200384967231,0.0514535251420296,0,0.0130674088927526,0.0496795285015193,0.0359305073392602,0,0.0839721298795057,0.100392090235296,0.0923097793112658,0.0858434943452255,0.0422581763524853,0,0.096871439498708,0.0822023900714338,0.0436864498365599,0.000220120229132114,0.101174648470427,0.0981512743334547,0.0643268208016321,0.0927367886483662,0.0980175490643525,0.0163151813110024,0.0554394509283278,0.080468734068205,0.0554766625489239,0.0868758240819928,0.0644858244467625,0.0764244120334361,0.020759099004075,0,0,0.0557468658242393,0.0838919267235098,0.0224417140855729,0.00182355322781759,0.0799041974781902,0.080678564441328,0,0.0590743218258345,0.0291614659653337,0.0352700147672091,0.0240231437272702,0.0740844774032812,0.0999064181785667,0.0855486214192501,0.057843240869542,0.00413294592695086,0.0135258698035843,0.031421853674085,0.0384554070883919,0,0.042723426300381,0.0344906661326939,0.00514768917280376,0.0294122838805188,0.0200599859606273,0.0555663676342112,0.076313131311774,0.0897718832053793,0.00849655387835101,0,0.0932740704829237
0,0,0,0,0.00934044016907117,0.017233816322528,0.0269360976551771,0.00807609357962118,0,0.00441376543920136,0,0,0,0.0128296455616341,0.00454194103451524,0,0,0,0,0.0225442506515,0.0247363025141442,0,0,0.0460136039173792,0.0776937388128365,0.0199638250038268,0,0,0.0108409523664326,0,0.0351576077337762,0.0203000404682633,0,0,0.0334615389002574,0.00111932838349116,0.00479585884797136,0,0.0288001414449203,0,0,0.00960827645972491,0.000539807397645596,0,0.0194477730654151,0.0180228588654111,0.0129358179601122,0.0073013986512428,0.0133197519924989,0,0,0.0446950477061365,0,0,0.0311512249052601,0.0433544011730285,0.00762067389272525,0.0125705051668247,0.0112154208228,0.0326146797170862,0.0127198412773237,0.000107222520729301,0.0021093456785302,0.0365605037058676,0.0634418469810589,0,0.0194989291611963,0.025020127629739,0,0.00228142587869342,0.0105109165662428,0.0129841961227926,0.0162877682250127,0.00155747405799199,0.0101393087589465,0.0247154692461722,0.00496459827493981,0.00242170728903725,0,0.0368650442058306,0.0101365722666359,0,0.0273708635569976,0.052685217442348,0.018853819986128,0.0136815595172672,0.0217424823897082,0.0210795012461858,0,0.0324399319257909,0.0315607638483241,0.0452147684062813,0.0344655381814574,0,0.0238687044419649,0.023655756732139,0.0300656178346653,0,0.00774047161145577,0.0123645298911424,0.00793337649102596,0.0275637317255551,0,0.0036735984477959,0.0166234002441115,0.00886419030297887,0.0260565515199536,0.0127651417109022,0,0.00627394337129902,0.0175239485038941
0,0.00324447757312743,0.000907100436093855,0,0.0233634814466634,0.049576593260839,0.100300882682089,0.060309927267801,0,0.00513892545877816,0.00812799119210604,0.00816323636462133,0.0121674302244044,0.0455870059181667,0.0307020901900628,0,0,0.0218311380265945,0,0.05657915624221,0.0510484402931447,0.0381108713667029,0.0112559614443741,0.034694117968246,0.0201833993064789,0.0642099851780225,0.0198033618319006,0.0382578916847515,0,0.0218625902262132,0.0120638550298054,0.0677985578599508,0,0.0141809680759461,0.0279316178161108,0,0.0195547713074532,0,0.0626613666152683,0.00704801039595356,0,0.0481547450345652,0.0533691105000309,0.0589898412774086,0.0067145432665,0.0570080726506287,0.0368057582755631,0.000498999252399749,0,0.022103400306707,0,0.0681334984501484,0.0358928081726273,0.0224396118985241,0.00319903018385487,0.0878374177427882,0.0840781412188466,0.0857416779215475,0.0698214181463534,0.0443837562378881,0.00613065609837003,0.0582165500335375,0.0693297813744761,0.0353809700531298,0.016867135153022,0.0884220758918666,0.0770351008062941,0.0714628053270068,0.10982282562757,0.0794468688315091,0,0.0364778342295614,0.0739966624065718,0.0200227835900947,0.0782944566469238,0.0740318726140733,0.0418329050493277,0.0457849736010598,0,0.000314005521349027,0.0678864188677309,0.0749545619623167,0.0127997037962866,0.00406133798348052,0.0744230215147332,0.0787518395551157,0.00649097764009489,0.0452432625301766,0.0248052999592876,0.0492870908781389,0.0370093872687678,0.0729616910815576,0.0768190026418916,0.0778194847598956,0.0362130572279229,0.0170876641958621,0.0152472397584057,0.0328724088181705,0.0564752541957897,0.0104753899792246,0.0283997180593791,0.0432115753002009,0.017838989848292,0.0303334257051311,0.0162853585888913,0.0399494019791726,0.077486129156074,0.0467241976932395,0.031847608481693,0.0272155780579749,0.0886781151403658
0,0,0,0.021513537528063,0.00424920772950924,0.0348331038484735,0.0265277300342861,0,0,0.0320472682696835,0.0107639888320716,0.00337732867564354,0.00894911293666507,0.0113601501370315,0.0286312445412157,0,0.0218311380265945,0,0,0.0180046480065403,0.0229039530561873,0,0,0.0209515151151866,0.0292092835286879,0.00190903988682217,0,0.0156544628656877,0.00550291237029579,0,0.0183360127642283,0.007376605104747,0,0,0.0133144315444292,0,0.00568707027649016,0,0.0284183743773546,0,0,0.0122161719320331,0.00670541578741177,0.00180367362248305,0,0.0149023822015142,0.00505424862321696,0.000211823136707622,0,0,0.00450124829371226,0.00748715915851602,0,0,0.0376465597702168,0.0364338826950961,0.0238510303872839,0.0227715222340215,0.00350993539762538,0.00467923752710108,0.00959816554550658,0.0130466466058904,0,0.00453023643560779,0.0186993354368198,0.0117843578518814,0.0181735151063951,0.0176799710545852,0,0.0129298797134872,0.00475253746383977,0.0215527164206909,0.0258038651792826,0,0,0.0063517661699975,0.00148991832928634,0,0,0,0,0,0.0014624570389489,0.0122941058089603,0.00316190791508641,0,0,0.0117480972984337,0,0.00508978884324445,0.000468909728208184,0.0225564201362532,0.0235599766928065,0.0187157826213301,0.0233742435815684,0,0,0,0.0429567290080089,0,0.000151893185975588,0.000455657176386613,0.00908630446945385,0,0.0213451813048033,0.00742487894695926,0.0224616077072099,0.00744046990404587,0.00888210519212121,0.0251057987195614,0.00913964629426506
0.00537616242854137,0.0118367351257285,0.00698002910071226,0.030242997321074,0,0.00395622464260389,0.0213683322231822,0,0,0,0.0343677412516211,0,0.00968517323722613,0.0276008187644253,0,0,0,0,0,0.0253890222812705,0.0198003862003495,0,0,0.026680915344938,0.0229272839124351,0.00186735691484924,0,0,0.0223579306310926,0,0.0295908815167776,0,0.0114759045279438,0,0.00305196660925039,0,0.015198062124199,0.00747153021427701,0.026312315957007,0,0,0.00156298031707755,0.0177287414935948,0.0259264860663444,0.0195257349556376,0.00358971427097973,0.00047453711960109,0,0,0.0140931117732719,0.00229598726751352,0,0.00799186856246149,0.0221096021828305,0.00664298421052932,0.0349594405264663,0.00250667511289768,0.00762294726413605,0.00967330244750912,0.0220142089758181,0.0110936628842645,0.00224399522059061,9.58713111916889e-05,0.0511873190782028,0.0129477465192239,0.0320107186875448,0.0101554694975178,0.0255639987916886,0.0113618111149991,0.0127506199910782,0,0,0.0340674497271792,0.00366601876033413,0,0.004493124329499,0.0202529076556619,0,0,0,0.0138055592292119,0.0158640575052724,0,0,0.00413778256968075,0.00816201413222692,0,0.0242306592073846,0.010940930613309,0,0,0.0194652276105959,0.0217072755606946,0.0189084451429185,0.000186028709595516,0,0,0.011652148221084,0.0195761908714891,0,0.000797319847281582,0.0121019049702374,0.0126967393187962,0,0.0100374251646137,0.0120044562435288,0.0366102764868193,0.0175639384280244,0,3.13233990056732e-05,0.00276427690696692
0.0220988338908774,0.0359099122761408,0.0179580915677435,0.0695366062332489,0.0386087805563525,0.042158542676647,0,0,0,0.039983096869018,0.0435620613324824,0.0322372713503025,0.0767361677018575,0.00431438824868853,0.070938242238197,0.0225442506515,0.05657915624221,0.0180046480065403,0.0253890222812705,0,0.0286329564305113,0.00361048132181158,0,0.0587670017774393,0.0390417234221786,0,0.00398603044781652,0,0.0716688131971011,0.0162497741423132,0,0.0351949766395657,0.0118296271867629,0.0257384158181722,0.0181929632365699,0.00750367267325058,0.042893337731817,0,0.00793905803407895,0.0133946682525575,0,0.0114517480732114,0.0736310117333078,0.0303143650847904,0.0245421939331416,0.0202129130828402,0,0,0.00632852918411343,0.0133880351088977,0.0291668036231695,0.0259089262966438,0.0544017362489403,0.0551342244011895,0.00394130331204424,0.00394923820560518,0,0.00582918705189393,0,0.00513541514255339,0.0194404909222762,0.0340718638422688,0.00208357544782904,0,0.00449036430147098,0,0,0.00620176045707088,0,0.00723606498357844,0.00148379178243416,0.0143830405814989,0.00227107290404196,0,0,0,0.0564885381428283,0,0,0,0.00987437241525214,0,0.0049697430049272,0.0174541765050166,0,0.00852429894840807,0,0.0170163423111659,0.0471214688034237,0.00161659052095131,0,0,0,0.0382284296242134,0.00127157954448635,0,0.0144617537840712,0,0.027878207631245,0.00363815870709995,0.0254602022882487,2.39578445308302e-05,0.0569426567722369,0.0179103111588789,0.0217395566859544,0.0337354934298723,0,0.0325813456041415,0.0281914753883087,0.042377824812227,0
0.034168776798853,0.0396767144066659,0,0.0581373535932043,0.0447822094890243,0.037520418090502,0,0,0,0.0389421656116905,0.0450385426683937,0.0358652604196992,0.0760433224319781,0.0271128371587561,0.0656173148566373,0.0247363025141442,0.0510484402931447,0.0229039530561873,0.0198003862003495,0.0286329564305113,0,0.00517850876659159,0,0,0.0278332220799745,0.0100292106777287,0.00216673036111807,0,0.0838088323193578,0.0112355942015669,0,0.0410670785653585,0,0.00990426385036095,0.0134318258710849,0.0225535517321977,0.0517376748094214,0,0.024083563101373,0.0100911048460914,0.0107677548552329,0.0208596225669377,0.0603117398213936,0.0582576851404586,0.0436687787161086,0.0116525913012825,0.00302601860481164,0,0.0143650353425091,0.0265354960307311,0.0191201107026909,0.0270710732033999,0.0448373599949312,0.0307300642090784,0,0.00524770881350456,0.000508470017492173,0,0,0,0.017935564402821,0.0245401077600703,0.00895251211735684,0.0197253873119242,0.00857835864816461,0.0229264144489023,0.0164711425107491,0.0202275324065945,0.00121329794209702,0.0184964438244681,0.00142150174906466,0.00359697680860713,0.029064051737654,0,0.0126297711006576,0,0.00482977818247825,0.000854137067789965,0.00144439511082199,0,0,0,0,0.0297953296924913,0.000938894502089083,0,0,0,0.0474231809394471,0,0,0,0.00358658859445751,0.059054205113967,0.0113870041811006,0,0.010641902701211,0.000765897164530814,0.0280878713960169,0.0107340148875808,0.0355321517324756,0,0.0540074268459645,0.011134583954552,0.00822568109159883,0.029483951268662,0.0203389818516897,0.00165612499880605,0.028107997934519,0.0385164528007806,0
0.00242532119698865,0.00487734538478718,0,0.0194939623899982,0.0249421471940316,0.0325964430296489,0.0105747535680706,0.00247475347187128,0,0.0417629037880594,0.0372636813952062,0.0422748372028269,0.0347492395767996,0.0003528977161722,0.0373626924269112,0,0.0381108713667029,0,0,0.00361048132181158,0.00517850876659159,0,0.00414487779003735,0.0175681909200521,0.0401551392712115,0,0.00167999525067508,0,0.00573509127565737,0,0.00558187439583038,0,0.0138215433102545,0,0.00490562104328847,0,0.0105754601725206,0.00352107521111088,0.00764166583125555,0.00414895014277808,0,0.0107963145248068,0.00640928244018595,0,0.00087540845461635,0.00144126213263556,0.000131522394798662,0,0.00764231792535012,0,0,0.00577177065845413,0.0124200373714815,0.0265115959126029,0.0252868630620387,0,0.00470944479789763,0.0157418761628613,0.00244547527890494,0,0.0207740946310235,0.00960886815322523,0.00266962203173149,0.017750832690822,0.00715906017290503,0,0.000823062935982448,0.026055383061428,0.0148512559830462,0,0.0073636986085331,0.0381073008851589,0.0139680353924514,0,0,0,0.00298089735381932,0.0030995899239991,0,0.00960706678003963,0,0.00773002540313719,0.0165986731645197,0.0303286880167939,0.0153376290929491,0.00689399157548406,0,0.0212229058145627,0.026056828787362,0.0334802790951036,0.0148410635232769,0.0290176256530536,0.00660519409918296,0,0.01782006923834,0.0137943001427875,0.0128759310336573,0,0.0291724585777202,0,0.00893635457225988,0.0179209905545363,0.0228543995611501,0.00485370057226483,0.0179960741184299,0.00715005971721607,0.0403463573232079,0.00762058484148252,0.013993106414533,0.0245295867865653,0.0176090258046265
0,0.00831601499154117,0,8.12585330336431e-05,0,0.0243658999181421,0.0112515107762367,0,0,0.00695047119973732,0,0.00586755917762476,0.0184595239169035,0,0.0116906086615441,0,0.0112559614443741,0,0,0,0,0.00414487779003735,0,0,0,0.0116097091925103,0.00401293478475,0.011507304201205,0,0,0.00135927250165183,0,0,0,0.00589795753340895,0,0,0,0.0210927953187353,0,0,0,0,0.00447765658616695,0,0.00758580400876529,0.0136151876374865,0.00012045364307363,0,0,0,0.0494154615605482,0,0,0,0.0100787217778072,0.00397282609939597,0,0,0.0192568194876316,0,0.00352570536945088,0,0,0,0.00815042300465833,0.00302006833229414,0,0,0.00113089647236342,0,0,0,0,0.0144278835492599,0.0178179707016973,0.0022718225532771,0,0,0,0,0,0,0,0,0,0.00465722528409968,0,0.00222256362692797,0,0,0,0,0.0181311141758413,0,0,0,0,0.014081834115101,0.00181459730373582,0,0,0,0,0,0,0,0,0.0184506595658669,0.0141001619969296,0
0.0361113811733015,0.036863355272369,0.00468188536151307,0.0442966508680228,0.0172299869197125,0.030771681357417,0,0.00981256552156986,0.0102520458757526,0.0279941114818159,0.0412537181817074,0.0160514089524536,0.072945110595803,0.0429205021404013,0.0501358717117395,0.0460136039173792,0.034694117968246,0.0209515151151866,0.026680915344938,0.0587670017774393,0,0.0175681909200521,0,0,0.0464936067734775,0.00125741010635998,0.00301903471442833,0,0.107253785981164,0.0192788042372981,0,0.0456085604294373,0.00554458113304918,0.0379096539299303,0.00875100582456235,0.0274187141226184,0.0504525672512735,0,0.0116043028990648,0.0211017785537999,0.00284057397542871,0.030837807423346,0.0733537732979856,0.0525451801332271,0.0667086180409684,0.01896665118712,0,0,0.0162527427261381,0.0363678786268796,0.0383861441615518,0.0173137776440185,0.0547662136964872,0.0376255730615241,0.00186631100744858,1.50811447240916e-06,0.00821390262098323,0,0,0.00509984154193933,0.0216432835918608,0.0194035376571813,0.0224135861729513,0.0485751452856402,0.00903589244888553,0.0332718700667687,0.0210111574115462,0.0330610825409042,0.010893991472132,0.0247703735990757,0.0280899534819181,0,0.0624011517949535,0.00271960192286101,0.0215727923109982,0.00155455009830517,0.0111796188740917,0.00376041397180796,0,0,0,0,0,0.00601522858918935,0.012782229747669,0,0,0,0.0390382887975009,0.000537902396714958,0,0,0.0155640485250649,0.0565848189196767,0.0169747678115724,0,0,0.00217381697865919,0.0273554203212487,0.0135435167309725,0.0286322835629732,0,0.0431860772779857,0,0.00182832310455618,0.0525371081348821,0.0347988329185656,0.0036175734724414,0.0225942953777564,0.0336253165398524,0
0.0420617387243084,0.0360741929821533,0.0184606443138695,0.00066803671448757,0,0.0013205879828219,0,0.0032895726650788,0.0239741918784354,0.0395488541055458,0.0298220737353164,0.00953775062653642,0.041167199128041,0.0426740456068313,0.0194872296775495,0.0776937388128365,0.0201833993064789,0.0292092835286879,0.0229272839124351,0.0390417234221786,0.0278332220799745,0.0401551392712115,0,0.0464936067734775,0,0.000945662880245413,0,0,0.114945852553077,0.0128777252138031,0,0.0121969557108435,0,0.0337112649085133,0.00499008486946353,0.0271705392093792,0.0179213772843061,0.0174019153110307,0,0.0100908058052129,0.00502642853073615,0.0174116200557363,0.0366494351134073,0.0494956521871878,0.0822485066568774,0,0.00224497407454307,0.0047714116554845,0.0314493750865091,0.0441379450875331,0.062671889631888,0,0.0416117031342127,0.0215133013325175,0.00307809249060197,0,0.0279507138004527,0.0128042817364567,0.0174996334882995,0,0.0235162861174021,0.0482005811956913,0.0430960778546839,0.0707318406796251,0.0327471808150659,0.0481535138899208,0.0248402720947706,0.0268403162266243,0.0149236127768867,0.0180495432592345,0.0886358171611924,0.00867025815714032,0.0430261391390126,0.0386686059397212,0.0382292314176104,0,0.00647102384133879,0,0.00218075622786186,0.0124246783818465,0,0.00593406989583229,0.0232553347201103,0.0111175190159902,0.0291437106312121,0,0,0,0.0240292433301897,0.0254487196874987,0.00203361384176733,0.0396240071307978,0.0336250395167447,0.0535004514543633,0.0485796044324442,0.0066947128545554,0,0.0053078643308471,0.0170077354735092,0.0230486307308262,0.010456885528988,0.0260037224109283,0.0185286246721953,0,0,0.0378619603330391,0.0322128531256649,0.00737358541719042,0.00913159652706135,0.00871540566233017,0
