0,0.0767503012485181,0.086238508001736,0.0463790743066115,0.0605043212643986,0.0222336683806592,0.0282419779175046,0.0252368314794462,0.040141235732002,0.044144791989148,0.0535383127142525,0.0658848594078902,0.0978416231072842,0.0255361750188599,0.0583774683045673,0.0510989806245936,0.022609074166626,0.0609358581261086,0.12900237147218,0.0284132189603331,0.0216888755185763,0.0229097678216352,0.108360708781372,0.0237512304237516,0.0707672958886214,0.109953949033853,0.0354363433484264,0.0854927555695307,0.10818957922535,0.0585037196706282,0.0289528318368895,0.0299404808336993,0.10938152796812,0.0780860971928738,0.0656931276054815,0.031528708395371,0.0512903647364762,0.0245379582406469,0.0453343348825017,0.0775347233126293,0.0807798353342348,0.103304914711793,0.113754662634341,0.101618252093561,0.0998309465600122,0.0891195059486705,0.0890101483308127,0.038331011511977,0.102688404759861,0.0337560582479465,0.0317081196019523,0.0947903537380891,0.0214188473383664,0.0645616072169435,0.0545984050184732,0.085005054454422,0.0972638432244051,0.0395441187452218,0.0546505614060289,0.0583704637126,0.0269654932603839,0.0207199894188184,0.0733662450492417,0.0854516660067937,0.0291068395567237,0.0423394010672457,0.0297540010622,0.0138557211923802,0.0486814207279062,0.0497202184873374,0.0377381152451331,0.100517454779472,0.123307741003078,0.075477515893768,0.0577203633135892,0.0744394884236547,0.0705505824061031,0.0238909570048342,0.0824974534342904,0.0168038080084008,0.0440869890952739,0.0499150356573496,0.0842317266723738,0.0321841484823713,0.0243792134765386,0.0225948811088393,0.0742711449137167,0.0855282800362936,0.0400064515260024,0.0322557886457244,0.0413034629667211,0.058372340342879,0.123975030432362,0.0554514333916037,0.0196909503659372,0.0621727604096724,0.0783553673060459,0.109985140681384,0.0258380000758616,0.114448247345624,0.0746672481928446,0.0801331810884556,0.0667156641620361,0.0200988455061075,0.0191106093379404,0.0856170368484171,0.083526948684777,0.0546164618472486,0.0215391125349237,0.0747167375677811,0.0447046562982491
0.0767503012485181,0,0.0911656943786383,0.0267981913292301,0.0726354422048501,0.0214523315935525,0.02987959473489,0.0944660005964585,0.0228889623376042,0.0419819766765988,0.0620960930979455,0.0316334054076258,0.102633017184879,0.0706269651530174,0.0776866525421458,0.0553567464217764,0.0204236641585819,0.0405714943393424,0.114850867910046,0.0643111055852138,0.030931881710974,0.0541763213227067,0.122558929335044,0.0580758788226823,0.0471040358634411,0.104198977195204,0.0372420350541151,0.0940730727945363,0.110666983630817,0.046541376837335,0.0314278365613858,0.0373600989045761,0.133617209434731,0.0730090977246783,0.0637608344748781,0.0248362701677447,0.0398394372554066,0.0276715278558928,0.0472686023530658,0.0702621060733111,0.0782279865665675,0.114375347728159,0.100286708381222,0.0996403418813117,0.0980376835983753,0.0967975860734019,0.0702782266129266,0.0361321918517595,0.119948965951195,0.0237493616252054,0.0404009981289191,0.0969585708341048,0.0250052676247153,0.0370145695905063,0.0589161883901242,0.0878810446399442,0.096024422662147,0.0493330434792107,0.0348758932640122,0.0322163153117929,0.030177543498407,0.0305035101647254,0.0552894427298856,0.0607051043652826,0.0276543605938515,0.0427156924989065,0.0292944218406587,0.0163099417008007,0.050592525742931,0.0581375652519074,0.0429740837722674,0.101717531137487,0.155171544992734,0.0480026939342155,0.0330085182883542,0.0535097310461391,0.0790740121727085,0.0217513557575286,0.0736844551452482,0.0162561934606204,0.028151816527331,0.0360044925559999,0.0775357517231052,0.0228797557893593,0.0339749455751287,0.0182096279715553,0.0662192170773367,0.0885151346850963,0.0264975976492438,0.0336236521507062,0.026098881967383,0.0469918368883282,0.0871313900527178,0.0673255337965239,0.0299759258255989,0.0455389957123578,0.0759741959350492,0.0931530430303857,0.0213464670205098,0.101245135073501,0.049138616817329,0.093164213049053,0.0742746586958038,0.0237705333822532,0.0144172207104034,0.0888075399878952,0.085121465938656,0.0398310889403582,0.0217706924595344,0.0651378667052767,0.0358291228151147
0.086238508001736,0.0911656943786383,0,0.0511192618331216,0.0608212494943014,0.02414847086734,0.0796801794203557,0.0888725768462968,0.0661231231165476,0.0332448374336007,0.0287071674830699,0.0816251724062322,0.0697783521673428,0.0701440685808775,0.0566538402432916,0.0410022716555375,0.0501907968469011,0.058233370059017,0.0888878791475044,0.0611285522616595,0.0377066643003849,0.053163393241935,0.0910445004614301,0.0516842544598307,0.0753406045507538,0.09810065971169,0.0206836901350145,0.0695447358537923,0.0472503703676778,0.0478480943548469,0.0348935097133859,0.0538157741376762,0.0944292542594344,0.0731428487920591,0.0553605771998329,0.0492242185827707,0.07484148528659,0.0247319655886051,0.0370356254242983,0.0605886661004037,0.0497939574853235,0.053837863166814,0.0495307022751608,0.0670549172888519,0.101928331849264,0.0626764245668349,0.0944798321147474,0.0822878232278035,0.0563398135017986,0.0587920532560384,0.0503803843682003,0.0505013579117717,0.0297813891825063,0.119344663094018,0.0457429701663435,0.0443051480576723,0.0380762405523776,0.0603259321655789,0.0863213084906507,0.109271924104443,0.0489329814672255,0.0843330322522304,0.0937152016365667,0.0580131529460364,0.0247377529563132,0.0357260928855238,0.0844765833906943,0.0823120922489732,0.0444122767730462,0.0447339790184216,0.0464216268874328,0.0325032300502813,0.0666290723178672,0.0756235839117321,0.0967942539265002,0.0254773591647679,0.0476545054480124,0.0463701360114954,0.0165493367755158,0.0812546993706641,0.0482172817593703,0.018719191269649,0.0532359703948487,0.0491356686672605,0.0932148601580326,0.0254534561458076,0.0809999722112102,0.071174279553849,0.0187233960810687,0.0234582546118022,0.0554229641240817,0.0556964068649921,0.0902419554303452,0.0415174111091281,0.0494539921712442,0.0294245902477825,0.0444243297819367,0.022664769460169,0.0555284928716914,0.126732719336555,0.0789077311762944,0.0342744857903695,0.0443431156566482,0.0287301542574094,0.0536323046160667,0.0855163318480195,0.0598362402222513,0.0672278093672553,0.0312441719647598,0.024406923844656,0.0241557520047364
0.0463790743066115,0.0267981913292301,0.0511192618331216,0,0.0416538343431286,0.0234045941366978,0.0433473147599637,0.0430290440478132,0.0312121168532528,0.0244232906967148,0.0413944841699201,0.0196772920828072,0.0454046239481554,0.0354767296351712,0.0372176907328254,0.0392979063574216,0.0218299165344408,0.0266235246070211,0.0488079039565307,0.0317755474520299,0.0242529981053495,0.0332261651527875,0.0539937089936935,0.0308660049594432,0.0282709074806795,0.0473621905126852,0.0288822726321756,0.0586784073094765,0.0558360773718485,0.0233614875597359,0.0300247760909717,0.0373877313517023,0.0539355675326498,0.0411467059697453,0.0418138247067776,0.0220282172666288,0.0338163310145094,0.0338064498012909,0.0354382082942318,0.0513734766585895,0.0593474809300894,0.0605799524439349,0.0465698450115674,0.0621860516780042,0.0262407401885175,0.064956783365785,0.0295616736671501,0.038852073406977,0.0730969975644299,0.0204851577140239,0.0555349727457614,0.0607246891613518,0.0255016788532823,0.0197816328193534,0.0559252890437937,0.0732735367751486,0.0589672929359754,0.0577118247900198,0.022836490277945,0.0215177841256716,0.0267858990006507,0.0280288326458009,0.0124659366463287,0.0304283016229007,0.0319074413689702,0.0346560751247376,0.0289849057586932,0.0313827403723599,0.0436546838562465,0.0653067237037687,0.0541987923686522,0.0774758779586071,0.0825873299578737,0.0243220829258087,0.0140408145732818,0.034059327442713,0.0723138515368971,0.0301343054968424,0.0536048274934748,0.0346680641264474,0.0211139780816829,0.0290149825937431,0.039588058724572,0.0203010715502456,0.0221187327916968,0.0258874235651613,0.0285681301933249,0.0490358612423865,0.0243445351352963,0.0282676857426882,0.0169777229646414,0.0269768147147345,0.0396771346397727,0.0422895474848951,0.0377742803399764,0.0292999763092686,0.0509303261493275,0.0539654576113117,0.0234238600473563,0.0398119647256636,0.0266309998301641,0.0558559976201689,0.0611745569115499,0.0311924571952553,0.01669517141873,0.0295599692842509,0.0281246567812267,0.0243975910719443,0.0250257886109107,0.0307812908517285,0.0220275162793856
0.0605043212643986,0.0726354422048501,0.0608212494943014,0.0416538343431286,0,0.0240571571135952,0.052988522889287,0.0646789367522961,0.0454296593866712,0.030630410437046,0.036199831182056,0.0653970474263001,0.0709123369304655,0.0448229581499891,0.0222977582395502,0.04600721995179,0.0313932990138739,0.050683244823286,0.126578487602067,0.0365777953331851,0.0265769825192628,0.0341074890083929,0.0803177192441893,0.0326595729326057,0.0627097669475557,0.115534503763757,0.0298714099115432,0.0583476673203238,0.0791478019246067,0.0439652580041798,0.033862555603952,0.0448616434481403,0.090557180512422,0.0620905537204942,0.0479937332331906,0.0359730280923026,0.055187654726406,0.0166566168574177,0.0332263063814776,0.0582768034899271,0.0574543607494447,0.0786559948889404,0.0879532523479667,0.0915405663492065,0.09538106383744,0.0653751817761281,0.0930600841197252,0.0716041898467127,0.0706066176606955,0.0400798041927308,0.0694499213325934,0.0613354494452988,0.0202682767021569,0.0943907753180141,0.0346140086553442,0.0581296360166047,0.0785662440949163,0.0817781450129927,0.091904335320612,0.0940007488909437,0.0360342070689511,0.0624923003179019,0.0789974665411557,0.0916438421226179,0.0343095041940888,0.0323563921754836,0.0767812240973586,0.0793381938293565,0.0315958607996033,0.0698313383383607,0.0747654328587558,0.0802936231997701,0.078547084080351,0.0914897361797366,0.0932255236842836,0.0652511027474734,0.0700582881302394,0.0423489815548745,0.0628841045242132,0.067055025335598,0.0701647295068338,0.0558481566457939,0.0514831828259228,0.0362478380067609,0.0786869226220055,0.0486157884680682,0.0662981310366152,0.0749193424716118,0.0592685396238883,0.0455839527739459,0.0534485782767414,0.0454336781197091,0.146486771385679,0.0222788956917804,0.0470137532789031,0.0578198494789253,0.042231078816996,0.0585152740206337,0.0346662332125857,0.110705242054962,0.0688373648136879,0.0456365644660197,0.0490911937319781,0.0236341314745768,0.0964940342034416,0.0777710142530944,0.0576428000266661,0.0546836385219957,0.0299861420691741,0.0517402199294772,0.028709815011593
0.0222336683806592,0.0214523315935525,0.02414847086734,0.0234045941366978,0.0240571571135952,0,0.0490288537581333,0.0235801647117593,0.0252944867067469,0.0211232969142948,0.0184416829249384,0.0214397255939965,0.0331575669636495,0.025847270176766,0.0224537593314671,0.0169008465851527,0.0364769065982151,0.016502144329218,0.0208831050042479,0.0255686158623395,0.0263780694664279,0.0273639941863578,0.0271786577302341,0.025285053285728,0.0160915768639132,0.021872626555855,0.0144653545734104,0.0287644310059842,0.0346523319915752,0.03625777785799,0.033256605587348,0.0228020114746181,0.0231412857172709,0.0295332856645267,0.0365638786167098,0.0230844394728681,0.0209751518363518,0.0152652821997912,0.0363782354205636,0.0213510737673801,0.0492246419276675,0.0279304658007834,0.0271886345810331,0.0226352171022296,0.0174906883361109,0.0437080967842046,0.0200622904039895,0.0347345201662949,0.0329373726210058,0.020693573660805,0.0566329044707509,0.0389172165610161,0.0254223569680864,0.0198800332829287,0.0800949937245261,0.0589647241805814,0.0367647502520954,0.0540821619390862,0.0206538096079982,0.0240425412573134,0.0323170828947545,0.0111222436146325,0.0193021573749909,0.0215826549630031,0.0473174778267395,0.0368433286889659,0.028163091780757,0.0343707376092295,0.0694095589877731,0.0606754054718531,0.0504937269990122,0.0503832356841817,0.0330164105524025,0.0220858372920077,0.0163112965891758,0.0269340225483637,0.0562407955429093,0.0435062079861989,0.0396734392495655,0.0337678528910874,0.0212486037878698,0.026382343384116,0.0323099712000228,0.0249077487241629,0.0241088798470424,0.0397271079993465,0.0223999888847815,0.0261519324593233,0.0280696365263235,0.0192105374622159,0.0358781686095537,0.031893578738344,0.0185571734316145,0.0373164510490098,0.0329126042166556,0.0240479433882683,0.0448541516843368,0.0179896067682865,0.0245466776101015,0.0190473221258493,0.0274022645858829,0.0292799905914231,0.0386880037501762,0.0359515489756997,0.0184437740740012,0.0205109773016307,0.0204672574213629,0.0216060442974873,0.0173484520694314,0.0240398688974666,0.0269751459153531
0.0282419779175046,0.02987959473489,0.0796801794203557,0.0433473147599637,0.052988522889287,0.0490288537581333,0,0.0345242162853406,0.0361715387831872,0.0603996157450648,0.0326000579541059,0.0271491537957589,0.0456334859200031,0.0343604583723324,0.0570215842543842,0.0544175165079973,0.0276301856916112,0.0385432525719143,0.0538670082450833,0.0354648166505459,0.025221300316669,0.0338949774184178,0.0498823929711074,0.0294055703152477,0.038239780469932,0.0581262246355268,0.0173640133746147,0.0451829359538337,0.0369158200451808,0.0600069309922292,0.0345425400163772,0.0456855689931428,0.0477474948893536,0.051236667521845,0.0578316018897439,0.0571712218764239,0.0447551093353622,0.0147259979298713,0.0610791444863863,0.0535655874183151,0.0423818024943276,0.0379179723144064,0.0298344923247151,0.0447291026235003,0.0406043557860548,0.0507771670954752,0.0345719232889306,0.037360652953493,0.0465357809008908,0.0619859201735437,0.0614630251656293,0.0438201228208716,0.0374293823429685,0.0451379210314877,0.0616727113268631,0.0522080292402042,0.0365009174380381,0.066677696105447,0.0342620818061219,0.0409365702270236,0.0497937953291376,0.055667519988721,0.0421712699904506,0.0254692836709689,0.0411913597150505,0.0535790361292273,0.0475877695818997,0.0610483595780101,0.0691873362017125,0.0656357141432981,0.0594237511570935,0.0443776411613693,0.0441361447912851,0.024062760166603,0.0314958466539158,0.0244000909109619,0.0695022210627819,0.0500547669400839,0.0336617316124323,0.0576807290998602,0.0359795664031577,0.0230181584529579,0.0801715559237927,0.0572529031040099,0.0530811810186526,0.0498898892065658,0.0430744834208766,0.0503898770940843,0.0329517582643565,0.0241453569523089,0.0542366608421655,0.0606357886187211,0.0216080445292741,0.0608030582067194,0.0411960524538832,0.0247875136472857,0.0545838367078195,0.0337263553047854,0.0540536900649187,0.0450529868859178,0.0543072851258186,0.0606618831412287,0.0633092590051094,0.0380230743089817,0.0313260127394358,0.0451145511580613,0.0433308402684014,0.0432385362054255,0.0586835088505741,0.0386441415899818,0.0584433250514962
0.0252368314794462,0.0944660005964585,0.0888725768462968,0.0430290440478132,0.0646789367522961,0.0235801647117593,0.0345242162853406,0,0.0439007115797215,0.037697073620815,0.0884112184855753,0.0843891271948046,0.113353213716456,0.0356914318872088,0.0769825450571107,0.0551845401365124,0.0177994571739585,0.0558029378740189,0.150771816111529,0.0444780301469134,0.019881085967432,0.0224470409551279,0.117719108849137,0.0290604447830165,0.0713084472837523,0.134141284373017,0.0494127414331625,0.0951246360994594,0.140888290818889,0.0587973043720351,0.0251665909385869,0.031790418300782,0.132630585463194,0.089443693715357,0.0726450683867493,0.0338313036120963,0.0537933636579054,0.0199091889640389,0.046857281968844,0.0740122928040741,0.0901577683432429,0.130579202936073,0.142012148144314,0.126438683706179,0.117001226300029,0.104706915386555,0.109281948528895,0.0432293583399893,0.119095074453226,0.0349517378962628,0.0470581035544794,0.112244267980224,0.021474617823716,0.0779787946610941,0.0548310068582786,0.0970461502040821,0.124266058475432,0.05347359399766,0.0609955080477572,0.0671335978547891,0.0203180336294446,0.0152863208958784,0.085848567008946,0.0992943599320684,0.0316841945739809,0.0369250517701911,0.0248797797797967,0.0231215279681475,0.0480935437258356,0.0657724724419667,0.0547294204582759,0.129519495481652,0.143201049810351,0.084751687966143,0.0693017590068918,0.0848183783306395,0.08599155869962,0.0299633476123345,0.099149054716855,0.0287909423597094,0.0457276109350398,0.0594154108018729,0.0788486961622213,0.0322054248113851,0.0187819374350957,0.0328176087849163,0.0810794151687311,0.0998499922820853,0.0518071084050821,0.0365552901988899,0.0453499932886488,0.0587051749270606,0.167498512765784,0.057123565932628,0.0322046054201066,0.0728839596372244,0.0751684806390778,0.119620069327351,0.026280154912748,0.126190291555719,0.0800178005465055,0.0883545801381457,0.0748995539963233,0.0174798349040041,0.0253104645177512,0.104301767873294,0.0918046088997409,0.0659540716229664,0.0206025398906455,0.0907231715175176,0.0461399798636065
0.040141235732002,0.0228889623376042,0.0661231231165476,0.0312121168532528,0.0454296593866712,0.0252944867067469,0.0361715387831872,0.0439007115797215,0,0.0314563736686828,0.0524194614660276,0.0255963541566537,0.0659024636374915,0.0382824640323488,0.0454466291764472,0.0470541486461188,0.024977490553266,0.0178846868152756,0.0609705307630725,0.0348910445537872,0.0248683039969018,0.0329045456439953,0.0663991987303914,0.0310512562490427,0.0229584711639106,0.0611466981599535,0.025436161597244,0.0905668072217581,0.0681962276811481,0.0409127065962669,0.0338241958514683,0.0451091320967543,0.0630866204906045,0.074881217030121,0.0670895020748056,0.0251245816628098,0.0263822940903237,0.019010966459808,0.0473665525383167,0.0469500157230914,0.0770531486019018,0.0586583702575283,0.0535476938277437,0.0527566249422044,0.0298767322746412,0.0912031384340553,0.0288818329831832,0.0403980845629057,0.081831024169217,0.020846107238137,0.0711043374986519,0.0811384760636599,0.0271380666349009,0.0181250448152088,0.0789658664419751,0.0912938809156457,0.0742477694263525,0.0760829933818854,0.0253161780281173,0.0250431136649803,0.030902051890512,0.029846689735628,0.0231801406648944,0.0337574655064607,0.0391161746183431,0.0386337406675532,0.0362551229148817,0.0416062615390693,0.0648920713612407,0.0828538821958674,0.068970129360941,0.0917862420324052,0.0917239097754339,0.0270386392212826,0.0173115998349844,0.0421841907727027,0.0953396747154708,0.0340596012978127,0.0653815372613321,0.040935108665649,0.0258979892013205,0.0354849183485993,0.0659501073846366,0.0222218335007893,0.0310310081018351,0.0322783238842869,0.0378030297615025,0.0575421347409831,0.0336509813316576,0.0297310299851551,0.0251901666002964,0.0521626947891934,0.0439129908036682,0.0591044385375104,0.0354653616125618,0.0313045408992536,0.0792113446694492,0.0562843560452692,0.0250981428816901,0.0459021224767205,0.0280064067946141,0.066988221178796,0.0758968885017468,0.0239572125875115,0.0168249382785297,0.0354332076615346,0.0435642287536783,0.0361072980932329,0.0213387063730348,0.0407788967658229,0.0315810311865408
0.044144791989148,0.0419819766765988,0.0332448374336007,0.0244232906967148,0.030630410437046,0.0211232969142948,0.0603996157450648,0.037697073620815,0.0314563736686828,0,0.0255091947700041,0.0324791420633202,0.0269832039263503,0.0260535686118535,0.0231824965558105,0.021486889061356,0.0227629749646367,0.0299639684156318,0.027588717541931,0.0227499317673769,0.0215061903838865,0.0218180363100861,0.0312352499252081,0.0209551874013546,0.0375193728888717,0.0257168457763117,0.0168055502941644,0.0261902067077529,0.0151140180190075,0.0294222724101503,0.0437005072836613,0.0457908472336806,0.0308014957964859,0.0273341578991045,0.0253165500573672,0.0374990280646004,0.0527733544831306,0.0257949294730653,0.0293320205530684,0.0351170337224399,0.0316585383812729,0.0166127028591512,0.0144994301619016,0.0306821816052477,0.0425258203251574,0.0327383006696971,0.0464116574161967,0.070358880190267,0.0236258442662608,0.056621247335098,0.0759304372489092,0.0295033368163086,0.0343830196093215,0.0709660579290988,0.0565416139062609,0.0418843418960115,0.0237238762526765,0.0831969900662062,0.0573434534172468,0.0671709328208043,0.0475925541893753,0.0721833887328865,0.0466314323455674,0.0298531480100473,0.0354928109557129,0.0349456112648114,0.0688696575494183,0.0831042554315404,0.0491786467879047,0.0710513507295885,0.067503529519247,0.0347029771184736,0.0178517439374223,0.0392252368579811,0.0563640508162267,0.0183080267306589,0.0667236125611452,0.0555257671912622,0.0248024271311922,0.0895743620548763,0.031178530459263,0.0209731458735544,0.0282951341691328,0.0366703638457267,0.0423396585547428,0.0490181176700477,0.0405510455097621,0.0290677246013907,0.0277780142887558,0.0237881249993788,0.0324085366579266,0.0288604627536687,0.0252630655677831,0.0286278185271843,0.0426951659875252,0.0171103803654859,0.020935447715441,0.0222787864548571,0.0324727548915419,0.0482476041034018,0.034718055258663,0.0210273446403978,0.0255582213070034,0.0285570789309895,0.0307425427636409,0.033832822877553,0.0251842248219497,0.0289132383701103,0.0365947488849065,0.0237222585205274,0.0193949921697826
0.0535383127142525,0.0620960930979455,0.0287071674830699,0.0413944841699201,0.036199831182056,0.0184416829249384,0.0326000579541059,0.0884112184855753,0.0524194614660276,0.0255091947700041,0,0.0613090867002734,0.0605871174196906,0.124795494280485,0.0773113531548149,0.0365812763656368,0.0855322182479074,0.0340854687300824,0.0558913672683957,0.134702678278792,0.0898170882644706,0.102942255706331,0.0590365675213294,0.111843169252785,0.0442274229172653,0.0630008658350153,0.0471725005734367,0.0562067655457882,0.0804163172427566,0.0376027621730838,0.031095592694798,0.0215359695169929,0.0668104902183929,0.0575331920189097,0.0457850479558606,0.0254336111339845,0.0326049563335681,0.0320070466468152,0.025817616344721,0.0383341835192495,0.0575303047823298,0.0614701271527762,0.0702402401446732,0.0538890710648618,0.0501124558849018,0.0597531630569345,0.0465113847711922,0.0302258619041538,0.0601391522677197,0.0252482855699955,0.0354042781555813,0.0760104246297375,0.0231724722065734,0.0401167935794424,0.0439018373470322,0.0591997993182874,0.0680703117494177,0.0351411113487772,0.038665652224664,0.0398731085990538,0.018257579676626,0.0120370615448471,0.0480395979574997,0.0525844234607911,0.0224604381619445,0.0161841227536906,0.018158682203531,0.0160135278601143,0.0372488029698459,0.0508916526600623,0.0412408025336128,0.0782476139330431,0.0718172129973103,0.0485993963583846,0.0414821578169204,0.0513155647472642,0.0528151086230578,0.0165335062314858,0.0425169648001011,0.0181161787303419,0.0481473304081416,0.0454878110102718,0.0329205335549219,0.0241249324376576,0.0684291103416516,0.0298809085992201,0.0429132308932995,0.0450808032770662,0.0427584022513238,0.0162973271650315,0.0307503747970497,0.0422443668035042,0.0930960052568698,0.0259533783494505,0.0707952525554963,0.0632748222770224,0.0473439670366995,0.0263213277285713,0.0295870276754163,0.0532192879884558,0.0641319724285614,0.0419048415976546,0.0447184101186881,0.0344923898972746,0.0598748254034764,0.0609102951954481,0.0467458103820354,0.0568277998851118,0.0358684723144837,0.0274166508095705,0.0234027784164162
0.0658848594078902,0.0316334054076258,0.0816251724062322,0.0196772920828072,0.0653970474263001,0.0214397255939965,0.0271491537957589,0.0843891271948046,0.0255963541566537,0.0324791420633202,0.0613090867002734,0,0.0807221961179278,0.0693001494860093,0.0702867244304289,0.0470605734708214,0.026170756618031,0.0308125142788094,0.0946835527255362,0.0625251706047694,0.0349840031322406,0.0571577970832233,0.0721670134137581,0.0594327000967058,0.0361332096209068,0.0915549860265237,0.0380646282208624,0.0642748895320258,0.0895247377323558,0.0358369051725462,0.034956136030279,0.0454962714642726,0.0867730467605684,0.0551550096028992,0.0605978248250866,0.0233069054340902,0.0344796231201093,0.0264337592502456,0.0503696984270329,0.0547507553837394,0.0726093762619707,0.0727650753577508,0.0727666466017123,0.071087276091098,0.0570227115573673,0.0991802367088327,0.044715462064427,0.0424580806734697,0.0998102779883913,0.0226250194381134,0.0546482180497606,0.0982183989824838,0.0239914226003313,0.0294288422748779,0.0666380668183257,0.0815192816468135,0.0841362253578324,0.0622620844087553,0.0326792906889621,0.0319445151865603,0.0311944753814538,0.0358044480917024,0.0265479170557458,0.0474435232338447,0.0265204453293753,0.0405987043007313,0.0361238853371273,0.0314220468099997,0.0590056419551213,0.069587586576347,0.0565405172862078,0.0954062148707466,0.117213953134895,0.0359272653846458,0.0250757403555284,0.0480276708937412,0.091743996019068,0.0255143509503194,0.0699505993924497,0.0300322423977671,0.0282807486492796,0.0350026477822953,0.0664627284432333,0.0224543705963494,0.0384638129794199,0.0236071912551337,0.0397180120047727,0.062213992567254,0.0302491021950069,0.0331691747718748,0.0223898501991982,0.0375944805535606,0.07408543450119,0.0627193616701717,0.0311535934222123,0.0385408263367794,0.0547492135301773,0.0825876988048035,0.0199232257818642,0.0758483092394774,0.0415504473358551,0.0702628077835223,0.0595615420287508,0.0311959898126073,0.0139173988280187,0.0556961112438301,0.0557903597959399,0.0273619681573339,0.0224325714040105,0.0599541499139989,0.0320766724955577
0.0978416231072842,0.102633017184879,0.0697783521673428,0.0454046239481554,0.0709123369304655,0.0331575669636495,0.0456334859200031,0.113353213716456,0.0659024636374915,0.0269832039263503,0.0605871174196906,0.0807221961179278,0,0.100066970170226,0.0865167528448101,0.0190935691972899,0.0646984127332962,0.0503412272227189,0.0544486636784435,0.0887183626465876,0.0533471067716387,0.0821094715188384,0.03743451082102,0.0811967968361494,0.0534785851333984,0.0379265810192687,0.0330807323035305,0.0351797031121151,0.0219359884014574,0.0173250963588175,0.0374950407411398,0.0469267523688368,0.0378498115431121,0.037281603134237,0.0365341240155861,0.0336463750449851,0.0449733460221206,0.0329957618692421,0.046511517543175,0.03210818232766,0.0451804758886006,0.0288332762317712,0.023924601319238,0.0391976270299553,0.0454570218307498,0.0413345292867768,0.0453498468305295,0.0582691769380483,0.0193593066959479,0.031921096901697,0.0524736272087779,0.0277980033815785,0.039944264549853,0.0641391273053584,0.0540841138734184,0.0426158318658296,0.0253022275281433,0.0577476179996101,0.0478276927293412,0.0628104175696163,0.0451452739786105,0.0528892858534127,0.0648558435588473,0.0325821751143266,0.0304973966390596,0.0484066073467114,0.0554507832516591,0.0544353752705183,0.0523159135558477,0.0495814762156103,0.049484595437507,0.034859119635266,0.0214557573689356,0.0413278078702243,0.0510223831405556,0.0283593546318483,0.0609849089952052,0.0437603207221786,0.0417793900799085,0.0534732332936776,0.0303855552742433,0.022742297189897,0.0419889297203855,0.0360126820191256,0.0646861873650578,0.0205354778137363,0.0346687371552694,0.0285710735646388,0.0171300753656795,0.0356944216690641,0.0225531052389422,0.0297335354340644,0.031841759571222,0.0594613712807232,0.0378913094115214,0.0153523367513802,0.0252919605532415,0.0736862026890646,0.0571730374278773,0.0402752356422654,0.0751883257932577,0.0501896367420159,0.0225663076232291,0.0425976325266245,0.0177820794952459,0.0716021296391107,0.0325806762455604,0.0418110791208179,0.0203251019082762,0.0611149302764928,0.0254117744330975
0.0255361750188599,0.0706269651530174,0.0701440685808775,0.0354767296351712,0.0448229581499891,0.025847270176766,0.0343604583723324,0.0356914318872088,0.0382824640323488,0.0260535686118535,0.124795494280485,0.0693001494860093,0.100066970170226,0,0.0652886776142528,0.0417919102693182,0.0244329308247915,0.0400702476770276,0.143761167789733,0.0453410551110039,0.0252861392995973,0.0177701399095962,0.099439513004766,0.0204182559317524,0.0561460580805626,0.127470593564131,0.0610695354010572,0.079080252879588,0.136251570717851,0.0489444072127025,0.0213837531816463,0.0293703889034224,0.114440482618611,0.0756905159494123,0.0638402221512903,0.0294586715541016,0.047701046689889,0.0187675724107099,0.0401786226427173,0.0586448474885321,0.0846172099348616,0.112258547569284,0.125729349535251,0.105593607752308,0.097942648479308,0.0928796385058088,0.093000028624657,0.0434554690651033,0.102075421315286,0.029927885180695,0.057547545295152,0.100700171703252,0.0240720130586892,0.0706406743879902,0.05169793015085,0.089497788913205,0.118990874023791,0.0629214305124552,0.0593156374338774,0.0633784729944462,0.0182528157217064,0.0126087100813459,0.0766532178477114,0.0973778302130557,0.0330274756802706,0.0321932079831805,0.0224470340094849,0.0327044973942867,0.0414935246112149,0.074048870522156,0.0642330775562122,0.13127306780572,0.119911515444923,0.0822981563942659,0.0686887176239642,0.0874480213680811,0.0866053097904135,0.0305242678665565,0.0982598184787225,0.0339531286626481,0.0525279330863075,0.0662578970879499,0.0625414439142805,0.0264555353546721,0.021421671207095,0.0398399269392317,0.0686002236715543,0.0896157817827089,0.0605078444000102,0.0351923831852083,0.0441613492529903,0.0489219512545471,0.165510296308372,0.043050698086195,0.0472405467756129,0.0751880241045146,0.0627048923529875,0.111486532901857,0.0229136927438898,0.110539717521172,0.0698519853415463,0.0769114524500553,0.0662410936008312,0.0189540322543341,0.0358939364913509,0.0892995240522901,0.0772743281593328,0.0604593591404348,0.0251940412972074,0.0924008254523046,0.0406289722853785
0.0583774683045673,0.0776866525421458,0.0566538402432916,0.0372176907328254,0.0222977582395502,0.0224537593314671,0.0570215842543842,0.0769825450571107,0.0454466291764472,0.0231824965558105,0.0773113531548149,0.0702867244304289,0.0865167528448101,0.0652886776142528,0,0.0347352636597276,0.038338958493694,0.0412545927258712,0.168516192485932,0.0598332495376059,0.0243358929073398,0.0360536129155162,0.0887077650396991,0.039498662913649,0.0589294302566705,0.140475753794813,0.0604213806489893,0.0643580021051889,0.110560809183681,0.0475511497038532,0.0223605172657678,0.0275806669977082,0.0990346420548766,0.0661224752445736,0.0540113833183248,0.0355806535109323,0.0629039269623662,0.0209043581670641,0.026401144041933,0.0544947705616729,0.0638891377508054,0.0864763241280559,0.108097469551113,0.0968695637728394,0.0983618341947277,0.0702081639934461,0.103441677256065,0.0780244759511071,0.0738378313220481,0.0389317857853245,0.0718861458272142,0.0732319530720501,0.0265918556114198,0.0990740446400398,0.0349979791638989,0.0660728536144968,0.0927975732233869,0.0915996248270914,0.110195487206168,0.105282096226149,0.0404679312529521,0.0747120663448792,0.0839064205497333,0.124393318875177,0.0277609334178931,0.0288125305511125,0.0860939343428044,0.0783434304395114,0.0283959960551293,0.0799217111451341,0.0736305117331602,0.0972975490218062,0.0880702337380474,0.118842283279246,0.107115409594498,0.0887989968687528,0.0791437385715509,0.0350072005263138,0.0693337638192139,0.0616242255214762,0.0980982234605764,0.0718542328228288,0.0526886894504124,0.0313230832293767,0.150751135751042,0.0492156677358505,0.0709647587584519,0.0744581801091296,0.0616262277031055,0.0313974942107721,0.0527309874787946,0.0478147995310503,0.172285788249617,0.0237387539544617,0.0811437877652367,0.0876625479863818,0.0481641678684193,0.0845546629950653,0.0309386196287062,0.121064169164676,0.074474037059618,0.0608157652275374,0.0489675813017392,0.0229140795618162,0.0764104859191731,0.081418884967005,0.0681708537207448,0.0643811971667464,0.041462276679751,0.112789548067181,0.0387846460256457
0.0510989806245936,0.0553567464217764,0.0410022716555375,0.0392979063574216,0.04600721995179,0.0169008465851527,0.0544175165079973,0.0551845401365124,0.0470541486461188,0.021486889061356,0.0365812763656368,0.0470605734708214,0.0190935691972899,0.0417919102693182,0.0347352636597276,0,0.0291029139975326,0.0425527236764422,0.0226360817195093,0.0362281425743563,0.0298478000955437,0.0375849578395907,0.0271895997677508,0.0356414937886274,0.0420199427349044,0.0200373346170944,0.0220747104096549,0.0258445394555861,0.016863860582739,0.0164696353331467,0.0467147765157055,0.0618502973319942,0.0248991852445926,0.0264177118004046,0.0244396098572871,0.0197701951894841,0.0397377489494705,0.0259153056120199,0.0352867657299746,0.0244464914560238,0.0368455527076136,0.0201017116757804,0.0169427816604,0.0359425666713594,0.0343014922020907,0.0405390490316756,0.0410139855035278,0.0597001196589313,0.0261869374295814,0.0293127340423762,0.0638381587051844,0.0425729263133931,0.0288444252883231,0.0534012954434585,0.061166634477725,0.0400978432679095,0.0213615301213071,0.0636882629647285,0.0454547951190221,0.0550487768610228,0.0319205074628377,0.0425159102613594,0.0387936644606411,0.022943701088409,0.0270061490447023,0.0329725642780268,0.0583217685331674,0.0624562812619262,0.0484982973945598,0.0640965629209862,0.0591873304378023,0.0373725561041976,0.0217125492388225,0.0332942291459486,0.0426404018247479,0.0164842843969843,0.0657880265764847,0.0338296771606146,0.0229960157615504,0.0657330131114418,0.0240151682652184,0.0168732331566343,0.0224433906335127,0.0201126696451677,0.0428852201006072,0.0294748935588004,0.030810235620612,0.0240268583305101,0.0201672700084765,0.0233139235668179,0.0198145801790219,0.0200769595630463,0.0259873237730734,0.0365551378346237,0.039298483426459,0.0155290891993512,0.0204535452788077,0.0258179298480185,0.0316009623104737,0.0279387741538346,0.0267676562674051,0.023277972913931,0.0210735013653394,0.0323532073797118,0.0271804470534951,0.0326244439490527,0.0196104280236674,0.0294829239852893,0.0206657314987066,0.0243452475018854,0.0161803441820013
0.022609074166626,0.0204236641585819,0.0501907968469011,0.0218299165344408,0.0313932990138739,0.0364769065982151,0.0276301856916112,0.0177994571739585,0.024977490553266,0.0227629749646367,0.0855322182479074,0.026170756618031,0.0646984127332962,0.0244329308247915,0.038338958493694,0.0291029139975326,0,0.0217533847619745,0.0766093537439971,0.0258862882312383,0.0339100411946409,0.031146497508673,0.0691945454458954,0.023928844499348,0.0315376327896949,0.0699769009643837,0.0463555306289222,0.0595156990146545,0.0871688820331279,0.0308194314622491,0.0253244910686437,0.0365424981361472,0.0696471778611283,0.0481988910343516,0.0442610320058281,0.0253785403778554,0.0294734269985703,0.0324850840091199,0.0354017557407206,0.043979482326273,0.0663078031910357,0.0779123595089724,0.076937879629128,0.0688500406639606,0.045195883619197,0.0680079018741235,0.0407463423461782,0.0373620211527644,0.0758138348961763,0.0212955278261093,0.0660402984057241,0.0744419085706076,0.0341617943663932,0.0244961994114624,0.0545133376846513,0.0793075354037423,0.0877222620364932,0.0650940370456557,0.0235167585159994,0.0198967379565709,0.0200970383584701,0.0110425160682589,0.0306127853956273,0.0494891871314438,0.0448192386182114,0.0356560608685715,0.0129993177348909,0.0233143039929757,0.0389168981451322,0.0778898389237364,0.0687382814562294,0.104065773238318,0.0946585499893152,0.0336240222091927,0.0164873343779654,0.057853539045008,0.0852175776553715,0.0395954847577405,0.0776085576973806,0.0288319229016865,0.0298852078880586,0.0496355395963767,0.0427380879253371,0.0239244022021795,0.0156066468957793,0.0371782232061111,0.039024158262434,0.0562487012153223,0.0463617725204899,0.0300668620278158,0.0239133891522873,0.0316440377723729,0.0718734422113294,0.0375353068902843,0.0314499320415337,0.0508227177569564,0.0569101582752244,0.0749849600139798,0.0250985399065141,0.0604952152503201,0.0356884625777247,0.0616840855810756,0.0481266433535731,0.0254361641225869,0.0255930483699652,0.0454826416590647,0.0472122783072857,0.0326735802137505,0.0302531039809126,0.046297850576734,0.0287288133068051
0.0609358581261086,0.0405714943393424,0.058233370059017,0.0266235246070211,0.050683244823286,0.016502144329218,0.0385432525719143,0.0558029378740189,0.0178846868152756,0.0299639684156318,0.0340854687300824,0.0308125142788094,0.0503412272227189,0.0400702476770276,0.0412545927258712,0.0425527236764422,0.0217533847619745,0,0.0452905407523706,0.0361036825974534,0.0213712290853261,0.0349597798682574,0.0517950495170671,0.033889639087516,0.0168676392581111,0.0488179016600466,0.0289722174031196,0.0607837936040017,0.0553513045655658,0.0321884794298917,0.0361564315239062,0.0431270650582041,0.0495342963815473,0.0467277879723707,0.0508601998889638,0.0221093406734444,0.0346111430677484,0.0266359822677011,0.0422680841668364,0.0309527685999724,0.0645321523954689,0.0557209447535593,0.0354916474825388,0.0600555777737328,0.0228184999999268,0.0686934013335772,0.0253305188773916,0.0503485857153649,0.0730662941014486,0.0140260583444513,0.0572254415534398,0.063209363407547,0.0325497551206425,0.0193061953500617,0.062903630161893,0.0720788484744332,0.0618104732774977,0.0662190063099273,0.0266496956973798,0.0261207383098639,0.0267210265468549,0.0341573301361675,0.0284238746176608,0.0211663766893049,0.0272292383507627,0.0291827303173072,0.0364159921320531,0.0383380938716659,0.0519594927442538,0.0657764256938481,0.0534465340671107,0.0787108876838616,0.0787781409602726,0.0194205387045494,0.0185437086321551,0.023081331689643,0.0768052152741533,0.0210925765264339,0.0422439622292527,0.0340366820969975,0.0160729301223301,0.0175964976730075,0.0453453293617134,0.0167241991156062,0.0296147229381145,0.0176462946859254,0.0342462675461232,0.0514861872193563,0.0176311553609818,0.0190235528900775,0.0219828869854694,0.0284299867488363,0.0280263903500084,0.0504246406333714,0.0378194761701472,0.0232363829063707,0.0537911983485626,0.0424322703521978,0.0216161223467248,0.0376323749806543,0.0241740264499295,0.0748714439143242,0.0583196063461512,0.0216730262064515,0.0157157142910234,0.0336500637033627,0.0330940806591984,0.0377849928050628,0.0162330006955369,0.0328861511896426,0.028105658482592
0.12900237147218,0.114850867910046,0.0888878791475044,0.0488079039565307,0.126578487602067,0.0208831050042479,0.0538670082450833,0.150771816111529,0.0609705307630725,0.027588717541931,0.0558913672683957,0.0946835527255362,0.0544486636784435,0.143761167789733,0.168516192485932,0.0226360817195093,0.0766093537439971,0.0452905407523706,0,0.143651823048667,0.0715926085273476,0.105625705260659,0.0608712406119085,0.118795221042521,0.0615048147250833,0.0612718310110308,0.0299555206910524,0.0510747024475259,0.0601589033198766,0.0257476616531641,0.0424637985624304,0.0455823389050002,0.0789704624942016,0.0553574531598553,0.0417391914167157,0.0304265656252302,0.0398619872271986,0.0283003654391346,0.0337653994424631,0.0302835622289776,0.0415633043152665,0.0405555977500818,0.0472433246177251,0.0429912774618629,0.0811904475973881,0.0503557451473577,0.0773496055056844,0.0576508595422417,0.0436288071418112,0.026860179419561,0.0186609042433733,0.0656911324170918,0.0270346662528289,0.0861101229461536,0.0316542594034878,0.0280675981810166,0.0303938513398092,0.0321091833672299,0.0813654014287813,0.100861111852734,0.0486033515768297,0.0863640951186797,0.0815638195291506,0.0610503002960964,0.0132455137190344,0.0400582083257407,0.0768762519889971,0.0518953198597586,0.0393922873660861,0.0193028007519587,0.0185134034410659,0.0192094911661619,0.0555731705997887,0.0872943518210509,0.105944226297645,0.0281086300947154,0.0256710634273226,0.0219486867340084,0.0150939348975361,0.0346270417145006,0.05579898279059,0.0198037023593702,0.0296260361832885,0.0284253406769399,0.130204534666355,0.00797791888350008,0.047266304896064,0.0379474260815333,0.0126179357835922,0.0274710272637965,0.0252565283836419,0.0356007321494328,0.0960088479798543,0.0813796120666179,0.063545370166166,0.0378087631909821,0.0320234768033692,0.0606709461023661,0.0444373529812103,0.0663423069514961,0.0791205592197625,0.02127730205763,0.0295679069910401,0.042825426970303,0.0478651226576504,0.0772852464972388,0.0521343923042226,0.0694914109516929,0.0290430544053645,0.0677603007314053,0.021106170926896
