0,0.0647730074867322,0.0372885345735355,0.0353685336555242,0.0427140577310099,0.0414947731899739,0.0531435535882071,0.0483341711778943,0.0490264765275491,0.0415291636950231,0.0507703227436532,0.0383325918875464,0.0612929556856852,0.0245212292349514,0.0281331974905797,0.036965110298524,0.0654139937870881,0.047252533054301,0.039974059876602,0.0283377142747696,0.0392641527373338,0.0643065123622843,0.055512163219415,0.035888063227163,0.0479922557770038,0.0454668091553375,0.0389369373350452,0.0524641452229397,0.0463575910545688,0.0519238905050785,0.0337527501486554,0.0431346514831169,0.0577498216963277,0.0570691080865313,0.0572345944096044,0.0491435739891672,0.0458944495854836,0.0489696581419866,0.054998905646933,0.0472771351909602,0.0458550676476217,0.0320285728115493,0.0254142936620188,0.0535326637543543,0.0486729217016302,0.03920302293051,0.0470169995302942,0.0436997059736992,0.0502005588738844,0.0422922378886856,0.048458536899415,0.0366565592015772,0.0354034086866947,0.0443774140731477,0.0391585183288638,0.0408355139601932,0.0477480363789222,0.0521071993823394,0.0534259204776859,0.0496891401815505,0.0441284249748735,0.0613301492746065,0.0517177805499695,0.0505764266311714,0.0632838954359371,0.045550633855733,0.0414881826067141,0.0480621443786443,0.0557304579554548,0.0465495696473871,0.0462607575280516,0.0457128798784265,0.0401419484247297,0.0526307075514176,0.0437800128940321,0.0386706504714485,0.0454261661225543,0.0510811446550039,0.0476318756281824,0.0416344625610826,0.0427009490317338,0.0375213765258397,0.034502339408075,0.0330736196141948,0.0424556887200898,0.0355000381664306,0.025608067376872,0.0312401214792759,0.0519831883296276,0.0484857983843406,0.0377313762492057,0.0399470112540241,0.0445400740836331,0.0329489231480526,0.0458602025960363,0.0466261445344256,0.0300270800541573,0.0619883708000552,0.0488756250193786,0.0435031380877028,0.0389027746185372,0.0465023107048894,0.0604610954779072,0.0497707334518611,0.0351347768687568,0.0427095613985378,0.0436383341396592,0.0546207247675323,0.0436511694990323,0.0462443587527301,0.0429177169015558
0.0647730074867322,0,0.051108831564022,0.0727590012675643,0.028051649683924,0.0618621957260582,0.0321743536064512,0.0663547267370275,0.0383554142114682,0.0780520967973752,0.0601285350672646,0.0459989640434678,0.0266679524697342,0.0695252618060758,0.035402066698665,0.0497737264392696,0.0370997762946545,0.0592146379714278,0.039223878232,0.0525076907402052,0.0331516345902419,0.0391636551199019,0.0465392217580186,0.0367511100777135,0.0348434379373733,0.0505684058359651,0.0466262004151485,0.0230450592799508,0.0302039672858559,0.0155752766689481,0.0486652308213325,0.0332002791438521,0.0436439703689224,0.0444474979214456,0.0351444618403751,0.046789529385767,0.0344156222146569,0.0348406308203272,0.0414329037807995,0.0486047454582451,0.0297761926732674,0.0550784103087812,0.0389209782833035,0.0467977281309931,0.0275193554736694,0.0635916578340087,0.0673091741400685,0.0460092091882699,0.0398751099417066,0.0472395597243843,0.0387620520112049,0.0424204358897271,0.0476211565969553,0.0259806058493664,0.0309116396541273,0.0271249187012638,0.0487739279318018,0.0333632593755857,0.0533103145740679,0.0442761632345912,0.0286639277528954,0.0507004598229244,0.0402319185026901,0.0462662339068127,0.0647070957000742,0.0716184333485831,0.0379504032762235,0.0579004248100781,0.0638908798611331,0.0416925603590257,0.0279273534310745,0.0310655579412717,0.0438229698929447,0.0397358347173476,0.019435691885122,0.046160906677875,0.0594527799592825,0.0287325064028789,0.0464886466522754,0.0342777934343969,0.0655651999249714,0.0326787683065102,0.0523112412132969,0.0423407745666259,0.0481608755560374,0.0634088459880096,0.0629311652269275,0.043424341228834,0.0305236372893131,0.0292613772367105,0.053483754768431,0.0557959731871724,0.0434821164968149,0.078297676084884,0.0285640897135011,0.0596437649013467,0.0428125477030095,0.0510953734742181,0.0509979416787228,0.0218077208380333,0.0653131506067328,0.0198225752569626,0.0452033453804293,0.0458252933855396,0.0490321639557104,0.042475889135313,0.045943717634117,0.0528791147911491,0.0705766915734968,0.0482463910696733,0.0250553436714982
0.0372885345735355,0.051108831564022,0,0.0206721695882298,0.0553566636133714,0.0564374901001828,0.0369441413937699,0.0328122066465597,0.0461671346829662,0.0117756291923817,0.0803831040943867,0.0359310716718955,0.0403815914332919,0.0135383295895761,0.0400822998277578,0.0624245585442135,0.0721673800621455,0.0883032953074498,0.0859824414493282,0.0333280882763545,0.0762434188344225,0.0559544348233032,0.0726816367549957,0.0392808533297988,0.0565635464084935,0.0579729650504478,0.02756659259608,0.0182220857534761,0.0618574561219328,0.0633852841122206,0.0210505623391937,0.0806414530842842,0.0749611897845709,0.04303879680653,0.0599532963120018,0.0738637944326621,0.0678567170193192,0.0271973072969905,0.0572831438023723,0.0557670534391787,0.0986102059949384,0.0277606332908057,0.048422105324343,0.0535197671809473,0.0346248648882838,0.0368758281811043,0.0564648654239415,0.0867675400834584,0.0775879178112255,0.0967204177128197,0.0685071878663814,0.0577032983290166,0.0162509680920407,0.0844840398545378,0.101305170758563,0.0538616465087541,0.0841156348569413,0.0293265249686942,0.0558868898938101,0.0769394820119002,0.0492678430760315,0.0716143438745334,0.0596731715812708,0.0685078841071656,0.0690348428364068,0.0530877604029704,0.0679489680148039,0.05738474584909,0.0730051973081803,0.0698611391338704,0.0613832549538375,0.0644527015961704,0.0728410358596818,0.0635746469388969,0.0276320901296805,0.041581543171749,0.0422682956410315,0.0627238470278022,0.0670864087146923,0.0634089951642221,0.0796340716969403,0.0556964706354907,0.0853388295712986,0.0413239557596745,0.0338083843050036,0.0793873240043854,0.0407581821429948,0.0732559044514413,0.0419940457627012,0.0434747390201948,0.063873035442762,0.0794515265382851,0.0862665147395081,0.0580204876520827,0.0867577951541882,0.0672040811500449,0.0319773885398382,0.0648003113008568,0.0545402509446183,0.0749365082830654,0.0922885896842138,0.0558922165781461,0.0617128854060625,0.0677705720785091,0.0600634518627112,0.0818687661848147,0.0741481172853848,0.0980617518988131,0.0249986702124275,0.0338836643910123,0.0678040132823338
0.0353685336555242,0.0727590012675643,0.0206721695882298,0,0.0432859938624935,0.0525959317094629,0.0204811875842341,0.0436184190779325,0.0348610038801456,0.0205274026141453,0.0883926556461333,0.0394789455454505,0.0280353881835408,0.0474135671895069,0.0465619263560091,0.0814389236484276,0.0753387146543847,0.0863611199390166,0.0842656711134107,0.0552227575477901,0.0631968688069499,0.0688650811718927,0.0508793756360742,0.0640064349341653,0.0673494940520159,0.0702585102428418,0.0261212647127191,0.042801217209092,0.0427887905226388,0.0622446366412876,0.0358712809397637,0.0698918366475672,0.0380578766361481,0.0428375420742926,0.0472227008435264,0.0837948874588341,0.0630296687707647,0.0365932866291459,0.0871854900171661,0.0472992071345375,0.0697589404623116,0.0359492071773279,0.0497690404062999,0.0415922737162843,0.0310952209737828,0.042808985406935,0.0491787396652983,0.060329505778141,0.0730610062913395,0.0670877469368747,0.0641359312800813,0.0492022526642013,0.0316059041465203,0.0655192582533662,0.0702413007723273,0.0776387514424665,0.0655543105169823,0.0270064508373502,0.0496444922464126,0.0606835965470514,0.0438127139966692,0.0587477727471635,0.0492466403341213,0.0577568263848617,0.0613705320914879,0.0533847219970288,0.0521311953688899,0.0514295306688404,0.0603085496015421,0.0519547937267783,0.0605420994964999,0.0628723046231939,0.0464556251124412,0.0559179120112336,0.0416070968633032,0.0581902356031949,0.0511858661115075,0.0565452702204453,0.0664808383417843,0.0537254014277581,0.0716296781634562,0.0583017306190212,0.0702554824071084,0.0426187960741859,0.0397639738611338,0.060030593834938,0.0369418855087221,0.0776046819033084,0.0580374579905871,0.0549277035895687,0.0570315153182835,0.0629148312649126,0.0760490865256527,0.0675703940174589,0.0956399877255675,0.0663784436477454,0.0318816223382405,0.0446779145665925,0.0685800909439482,0.0728404648949461,0.0681498404234583,0.0557633468943489,0.0607631332690099,0.0706118126663232,0.0669924731625894,0.0558705844424916,0.0639045287660385,0.0814891935854278,0.0192951844766592,0.0285670241063893,0.064021682890956
0.0427140577310099,0.028051649683924,0.0553566636133714,0.0432859938624935,0,0.023499992648066,0.0417403588217927,0.0309752476184024,0.0494510733280845,0.0266447781070644,0.0289912702044985,0.045620258217491,0.0624193493727401,0.0330237197128127,0.060947904322708,0.0567952774653786,0.0351990706845018,0.0351640942647112,0.0552933828888118,0.0319591426113269,0.0440284844347849,0.0203342285172431,0.0587754354303032,0.0167535637511633,0.0152185744329797,0.0107214142398862,0.0493256886252297,0.0277619516219201,0.0197510877934022,0.043305823737751,0.0412518086603495,0.0394697673995398,0.0603421174913479,0.0266772309538532,0.0384176655646329,0.0258023559177757,0.0216319744908929,0.060829057902797,0.0538936388905976,0.035270395331617,0.0814030091882553,0.0613651768434909,0.0512154658895,0.0366582157716428,0.0397054248804392,0.0451414266883797,0.0396830564695859,0.0200202672901834,0.0782198848428468,0.0371391822416515,0.0353053312459581,0.033786457103697,0.080624775494524,0.0189077607311342,0.0700186150540001,0.0284947460258984,0.0119039822441943,0.0440630604546607,0.0133904232208903,0.0184265230365794,0.033483585206927,0.0204358808890396,0.0210614577798718,0.0181133055011013,0.0561105696152903,0.0288249887603028,0.0636335013890865,0.0254513456759692,0.0408253838644905,0.0533480565010841,0.0290658725926259,0.0329807342035053,0.0225795742308177,0.0456153024378187,0.0413300429305917,0.0517135849462497,0.0287421559894573,0.0300297232315233,0.0136894547865594,0.0558911590957732,0.0121141857535935,0.0260403328239882,0.0241310770873079,0.0382043245537781,0.0514829057279332,0.0308341401330683,0.0304519853219193,0.0305407418820507,0.0482082896084459,0.038329517181636,0.0263696270753224,0.0183576600047818,0.0350307818263392,0.0570180753526421,0.0495816918736113,0.0127036097896489,0.0640184318634619,0.0419151723479208,0.0222253001028132,0.0522532258013594,0.0377760117245858,0.0269034593674431,0.0345893213276927,0.0180543308022924,0.0266971057733712,0.0538559566635959,0.0124489796592066,0.0540048109847222,0.102363182985846,0.0607978036355251,0.0567650928416043
0.0414947731899739,0.0618621957260582,0.0564374901001828,0.0525959317094629,0.023499992648066,0,0.0442617385272377,0.0588412393099539,0.0601804448013248,0.0600067981051043,0.105544445239223,0.0394165497083634,0.0640175590699577,0.0742410218143202,0.084843104143751,0.0950666464280379,0.0525889252155733,0.04548346311746,0.0310660092537778,0.0634879193342105,0.0519864261737723,0.0436752676293782,0.0625600366311882,0.043525658782666,0.0273800508803002,0.0340522924680474,0.0295142021869703,0.0274592309919382,0.034412145278338,0.0397855834018234,0.0408890799778198,0.0331870539665706,0.0424282782643382,0.0499173234971323,0.0483292416522884,0.0937571317639613,0.0251765732470806,0.037936664575635,0.0513572625658002,0.0323535351411973,0.028476979508804,0.0448614241664235,0.0469654580665927,0.0479373336393028,0.0524303464731574,0.0313145194453089,0.0464277007488029,0.0297094809583723,0.0485868222299324,0.0230899352440674,0.0282842388080473,0.0394924692296874,0.0721491704900149,0.0170527516714986,0.0300637146303218,0.0361622967986965,0.033393190862385,0.0221456685816817,0.0452123762473257,0.0364977197470624,0.0474620413381181,0.0437095035800706,0.0395075020695285,0.039234280267002,0.0473406194963472,0.0717026248738882,0.0533887902261341,0.0348318550079424,0.0341129410988661,0.0399618481352542,0.0433646136558281,0.0327566415931294,0.0438672714250627,0.0332029317096799,0.0326169190344293,0.0251346060920194,0.0322503878781603,0.0312271550873525,0.0332443547534076,0.0478387238688157,0.0319245135333485,0.0268328193669646,0.0280796744778205,0.0400366565187952,0.0338395787386953,0.027442988175249,0.0349593772741732,0.0268481894232369,0.0475167522621146,0.0439457663991078,0.0283424795173289,0.0284056619430963,0.0306591620394711,0.0619245351938679,0.0407973627877902,0.0424190270808094,0.0483188201601538,0.0540792868872995,0.0340621556474817,0.034535953962549,0.0372472038548775,0.0208914139315214,0.0528720150052635,0.0363161698720352,0.0345912205980021,0.0433720807191238,0.0304619355000774,0.0479460839158659,0.0826036363466947,0.0273175873261065,0.0383722728190455
0.0531435535882071,0.0321743536064512,0.0369441413937699,0.0204811875842341,0.0417403588217927,0.0442617385272377,0,0.0228245901480808,0.0472223417443902,0.00531095657318476,0.0449321539204322,0.042469458738213,0.0733034518882638,0.0139149642242377,0.0594765246345277,0.0497957912910499,0.0526001449752589,0.065078020815193,0.0682496965994779,0.0198411615828836,0.0405005873820881,0.0330336098551236,0.0722014775804609,0.0179592044711504,0.0350277089500646,0.041947867615312,0.0399609621069134,0.0159180155393802,0.0454928360530096,0.0630106709965088,0.0487139982096508,0.0684122019077985,0.0638922274003562,0.0373838745516737,0.0563694214771242,0.0445051813219296,0.0507152041219642,0.0449980284378635,0.0525353641371233,0.0464301648606047,0.0800540386158521,0.0596709023427749,0.0409627621862634,0.0351839753374916,0.0403690129348751,0.0376593661655398,0.0357340734684124,0.0693186465431469,0.0718131233717576,0.0621418540598155,0.035845219663599,0.0663926473829096,0.0685118696498099,0.077391465530685,0.0831233089063151,0.0293781109217956,0.0551726339696793,0.029467955879011,0.0341396982587812,0.0639519661245772,0.0295580087812394,0.0543776547951564,0.0392613650858627,0.0536326743815921,0.0581012244401147,0.0419335953706867,0.063377898057931,0.0469602806777339,0.0542158879847771,0.0378328327712378,0.0313276672531936,0.0585371406214176,0.0622059826774905,0.0447943671346742,0.0253461572558789,0.0467332999927797,0.040377234453782,0.0427073235342645,0.0470044295630952,0.0545495286034417,0.0476401608187325,0.0389342054554556,0.0644812341663697,0.042421785251356,0.0507966494618258,0.0554252736952977,0.0430252566455952,0.0501994604860665,0.0416191630892233,0.0419145426903707,0.0447878386450702,0.049856024515019,0.0583069588323954,0.049844906063751,0.0703376882599374,0.0469612264923051,0.0516814463649531,0.0619055924643672,0.0335295786537173,0.0663338850867092,0.0746974431411216,0.0258379874457635,0.0478826486214737,0.0407622612896657,0.0242068107894635,0.0797453108615963,0.0527940960649889,0.0859606361716482,0.0835598913993556,0.0136966724282269,0.0712928834519295
0.0483341711778943,0.0663547267370275,0.0328122066465597,0.0436184190779325,0.0309752476184024,0.0588412393099539,0.0228245901480808,0,0.0459737950817641,0.0439743823447109,0.0786657901416668,0.0314325958375319,0.026539844521672,0.0164942719533323,0.0181536336876378,0.0389019340102625,0.0697862968934864,0.0838431713045955,0.0549742952517225,0.0105505867064109,0.0586465658222779,0.0722116186593413,0.0701837100200094,0.0192600855900846,0.0456145746938705,0.0530867622835261,0.0351531294884146,0.0209148780864508,0.0305504382007756,0.0231089464123988,0.0160995469646592,0.0523713330515275,0.0533586018831554,0.0565162660884634,0.0363878164709526,0.0943855165656416,0.0431259529670046,0.0205483863648796,0.0320651493054955,0.0452828478649175,0.0461322550027864,0.0306206176045702,0.0356870159838864,0.0446304399768446,0.0176405073496289,0.0534216509606835,0.065212505293592,0.0542759807958798,0.0361938013601129,0.0685424508543949,0.0668878950689448,0.0438646997027047,0.0206514471382632,0.0378760244647761,0.063822494724001,0.0309325201241904,0.0592721015375755,0.0233939980343274,0.055964997325962,0.0514299196884921,0.031874188009867,0.0788898925697347,0.042132006641687,0.0527826342861549,0.0762629032387404,0.0681527587648155,0.0453821818634972,0.0614839738988012,0.0737162796909484,0.0390594366101976,0.0341163387695413,0.0430856877500956,0.0508778048390198,0.0412988980905354,0.0152943474207854,0.0466851376061283,0.0581014272487661,0.0327222708753972,0.0502195631970682,0.0465484044871202,0.0708251394395053,0.0376520296717869,0.0661800595920697,0.0477024237350733,0.0273807488195772,0.0702405024849653,0.0494559212962414,0.0737093565185021,0.0303747656334018,0.0277334519843278,0.0570265929216181,0.0611713086633099,0.0622027956284058,0.0533135134257477,0.0491576201188496,0.0715154721394596,0.0319118999844444,0.0589048567114287,0.0482012542762238,0.0395724721715593,0.0731535981296459,0.0229057567443204,0.050531970414936,0.0520285574317778,0.0447214747065887,0.0577996146919849,0.0506958633384389,0.077809133873857,0.0375068603682251,0.034017448739032,0.0373489237869129
0.0490264765275491,0.0383554142114682,0.0461671346829662,0.0348610038801456,0.0494510733280845,0.0601804448013248,0.0472223417443902,0.0459737950817641,0,0.0421750003556485,0.0530172914454034,0.0474536293375102,0.0394807362132727,0.0277163682915733,0.011569376771376,0.0633883253148874,0.0558114808227973,0.0555487802624797,0.0537463233740819,0.0191755587042328,0.0254235695044949,0.0456632336657995,0.0606058481465518,0.0235370399398721,0.043113877381976,0.0495494279515711,0.0322911559129241,0.0184835034858779,0.0514737170858802,0.0445409016880064,0.0260358614483554,0.0582965827829899,0.0606578512225314,0.044003714516557,0.0587266007876168,0.0471709653459526,0.0527902343124217,0.0343178279024618,0.0399501341565775,0.0474733980709316,0.0687194263240937,0.0339679885157331,0.0161488393402808,0.056312347535853,0.0304923623971597,0.0571752773968286,0.0482634365767806,0.0599014263358109,0.0560343662332938,0.0629487777377498,0.0497143082143381,0.0612178274788553,0.0321000674512807,0.0559925972436209,0.0766265577415854,0.0425826443984534,0.065486381132413,0.0384865940353806,0.0551951820640551,0.0627065903684247,0.0431557771149514,0.0489476292275482,0.0583556395519145,0.058780548391497,0.042823085100858,0.0582237724988441,0.0327427842213416,0.0508177882107171,0.0469596846606693,0.0692516005882882,0.0529023340220621,0.0513515265579568,0.0603613485405719,0.0541701233522784,0.0197297166661297,0.0317351007844577,0.0415718120993752,0.0521480783635264,0.0522144432287451,0.0257396864602045,0.0600114060496648,0.044072499954687,0.0616124965800962,0.0353392016848844,0.0290272775089748,0.0601924531669136,0.0654700634636771,0.0570039167572557,0.0456234177345029,0.039518057627194,0.0492390882176331,0.0594811301909393,0.0611827966375992,0.0558806088595354,0.0639578763710734,0.0506965797139581,0.0318401973931381,0.0531005149695538,0.0472585634219995,0.0536750180706104,0.0704294779384125,0.0592391385793536,0.0509581747227503,0.0528426009300419,0.0470556995656339,0.0620380233722408,0.0573357134127575,0.0757491370672391,0.0426483385635066,0.05426211002592,0.0509182297161285
0.0415291636950231,0.0780520967973752,0.0117756291923817,0.0205274026141453,0.0266447781070644,0.0600067981051043,0.00531095657318476,0.0439743823447109,0.0421750003556485,0,0.0276263237712215,0.0322698249209182,0.036811200480517,0.0325511938937205,0.0471940968711886,0.0666329966766318,0.0539055956241059,0.0343592642771866,0.0468898731273279,0.0404127840330668,0.0527238252777136,0.0699679305756183,0.0507471602028199,0.0604492244698847,0.0640149801480542,0.0505955088029828,0.025140732309391,0.0249956607974671,0.0129295879974329,0.0331896234567867,0.0404151131583811,0.0313798868723584,0.0250050737078828,0.047748737145535,0.0237736639637754,0.0535724999529062,0.0324968794713768,0.033144069861005,0.0570956391243898,0.0306439670076157,0.0411350502460776,0.0401500350345716,0.0410246642714315,0.0339036618362009,0.0132699404592134,0.0238391624501978,0.0531278563331789,0.014407354646981,0.0315690742977247,0.0343026777149483,0.0454833034778761,0.0190438144575675,0.029105376170212,0.0193397957279849,0.0448184198349644,0.0448108184934835,0.0305852257140258,0.0170669386645153,0.0369725574647961,0.0244649477771725,0.0283162275796208,0.0198210126925265,0.0272172772231356,0.0276130424288354,0.0385362960757614,0.0621844512845107,0.0578619272344863,0.0280167666285282,0.0387063198668791,0.0276475030505937,0.0269995810471729,0.0294751241272918,0.0150038955897957,0.0321260178905292,0.0406027568985036,0.0306073726702454,0.0268944944843692,0.0258127404237742,0.0286959736175803,0.0563163079552986,0.0364737964980854,0.0255627052066012,0.022521378257784,0.0189453111840743,0.035001402030672,0.0241176625500121,0.0352287186436579,0.0302426421743448,0.0446342362451323,0.0237037882484463,0.029047792309214,0.0309674165067793,0.040020041794446,0.0365162193769503,0.0491150262566372,0.0277203903385956,0.0315665728769236,0.0283604023332509,0.0453492661662008,0.038643959358283,0.020316281435345,0.0383600694578748,0.0430962394520849,0.0380153095616712,0.0200277758787708,0.0264644855296136,0.0296589687640736,0.0483655939772581,0.0132128013385409,0.0175730331197561,0.0379489869813203
0.0507703227436532,0.0601285350672646,0.0803831040943867,0.0883926556461333,0.0289912702044985,0.105544445239223,0.0449321539204322,0.0786657901416668,0.0530172914454034,0.0276263237712215,0,0.0610175975914201,0.0741249823908305,0.103046155838797,0.0699812420214937,0.066570309115141,0.0416048003345955,0.0858047560556853,0.0553888541646053,0.0915737218053593,0.0709339862431957,0.0633245165297327,0.0782945631588754,0.0854580038228539,0.0662999059013787,0.0682469498041965,0.0556871222589952,0.0272706394095574,0.0392842719339256,0.0216816188832204,0.0577509262869425,0.0315882170247269,0.0364686087650026,0.066638838383714,0.0398439700179821,0.0637824486548278,0.0518780901427685,0.0578219189589585,0.0731800888671264,0.0564646422579617,0.0384331174711479,0.0459984879857481,0.0688172389762646,0.0678902697515804,0.0440821131376952,0.0478291834912026,0.0377725588107111,0.0497502225274275,0.0370201556379274,0.0571029503359333,0.0554644902325421,0.0472777141655909,0.0817811703569549,0.0452820977181981,0.043017536984478,0.0403340456510295,0.0454498456430882,0.0577447036021757,0.0525745173980909,0.0512606618756336,0.053360828474434,0.0476440076601865,0.043642574603102,0.0403922564653234,0.0838661216957529,0.0621248749251557,0.0564334289347702,0.0642789286758416,0.0707396651651697,0.0466233159588711,0.0359902382759993,0.0444933006517602,0.0437156185851963,0.0523561906695908,0.0342503581358856,0.0583633502870861,0.0623061206475981,0.0468109005706177,0.053894035770565,0.0533012101816925,0.058342350607018,0.0485779108814534,0.0546659606200507,0.0357056959876579,0.0360330679179,0.0687193438952447,0.0600636985827072,0.0559634588240453,0.0362442963287953,0.046513700000378,0.0678768829472837,0.0620973588485094,0.0490512418305454,0.0632957354240492,0.0350240682379427,0.0623836968874342,0.0802104476827725,0.0339999489761361,0.065328812001007,0.0184293502873476,0.0465351182684355,0.0311061180359796,0.0399112768624201,0.050735996933923,0.0510952626523491,0.0183547167745491,0.0480680730863173,0.0396221679250914,0.0926001417052544,0.0239939961450044,0.0216107697995986
0.0383325918875464,0.0459989640434678,0.0359310716718955,0.0394789455454505,0.045620258217491,0.0394165497083634,0.042469458738213,0.0314325958375319,0.0474536293375102,0.0322698249209182,0.0610175975914201,0,0.0537876256815131,0.0316125995803827,0.0559144632107875,0.0519709504270972,0.046106310448476,0.060700332879271,0.0679069437130422,0.0431519564606146,0.0548170011381082,0.0302138272301811,0.0534853623564189,0.0401602152460108,0.0444379407299597,0.0363702481813391,0.0366267798001453,0.039430050509182,0.048482824541666,0.0654560983062599,0.0430700996995187,0.0537437468315893,0.047992933770476,0.0447832819907382,0.059994990435355,0.041883475742494,0.0466569027112767,0.0382750799612183,0.0545755147906621,0.0532584377346794,0.0745712082204284,0.049008186625639,0.0519571958916267,0.044159034468275,0.0649744405773292,0.0270463994942914,0.05368970720903,0.0489361988518977,0.0744756982588873,0.0738296458764862,0.0579667032641171,0.0392899525397393,0.0594767227688752,0.0496297903835593,0.0626947522939417,0.0544550945153402,0.0547476673737463,0.034537258088662,0.0427831506997093,0.0502627933506123,0.0498177842002017,0.0397658641984813,0.0368005796498505,0.0466487652628716,0.0610771874927298,0.0476082002753866,0.0630240331311234,0.048891137541898,0.0782179978794525,0.0511567095908815,0.0481176569354918,0.0479673945516131,0.0446894430134965,0.0407524465683132,0.0481650234699468,0.0373699091551195,0.0312041359816294,0.048738029678541,0.0426883425699179,0.0572078003200909,0.0424637750555165,0.0412818888693531,0.0465208676172305,0.0298749867295539,0.0347000413027148,0.0411746950382799,0.0308483086351175,0.044444457909449,0.0420917201225865,0.0448944451458504,0.0423971036742668,0.0508672476516809,0.0567790046004126,0.0494612547543153,0.0695931181480722,0.0384487055751441,0.0469211835015322,0.0450268280393472,0.0428213964193313,0.0616765863228921,0.0504128974401088,0.0551857808528023,0.0477188701277827,0.0465454173312972,0.0390333098783538,0.0638780631163234,0.0507093818122118,0.0661526837637307,0.0557180383792617,0.0293077931485735,0.0607503074460199
0.0612929556856852,0.0266679524697342,0.0403815914332919,0.0280353881835408,0.0624193493727401,0.0640175590699577,0.0733034518882638,0.026539844521672,0.0394807362132727,0.036811200480517,0.0741249823908305,0.0537876256815131,0,0.0150122453355298,0.0767518180034906,0.0493206955352954,0.0503563477875536,0.0589420621057634,0.0528210901787147,0,0.00544785257965771,0.0396923492422843,0.0555697841374682,0.00266771490805734,0.0487933422820027,0.050914634646687,0.0458379319275704,0.0409467831656223,0.0611554950926924,0.0558289037010904,0.0400776374864085,0.069632736852366,0.0687652544450385,0.0672389704656786,0.0717099975527514,0.0382524589129542,0.0591371239448298,0.0631324094826376,0.0354533108505187,0.0698563997544764,0.0642632192835604,0.0512596315750428,0.03159115547778,0.0752614074377287,0.0448181476369532,0.0301449974447796,0.0477340909153558,0.0681392061730463,0.0294159646075599,0.0749660923971248,0.042006949723123,0.0669377348162236,0.0652455986321627,0.0550631300374637,0.0765200229363036,0.0303932925900009,0.0743085960895305,0.0360963043508577,0.0713335666102834,0.0690355747233419,0.0658932709413463,0.0787001229851106,0.059196154903125,0.0709654564239628,0.0500256457292163,0.0704963862799296,0.0628357143034804,0.0670659983688941,0.0582390403388214,0.0545113582152773,0.0494947226547448,0.0582317929313007,0.0694550988255334,0.0613696324072192,0.0413344849249547,0.0377657992932865,0.0536131270592995,0.0552646400802724,0.0627385259075966,0.054149404771075,0.0660072851701956,0.0405285316743552,0.0701803635470437,0.0498022517767958,0.0395120420147791,0.0710615966187618,0.0560692560464974,0.073586526628694,0.0597648899959161,0.0462386265380065,0.0650191828854185,0.066014915351584,0.0714142669302607,0.0483305117452749,0.0555031614517135,0.0726380338722551,0.018584505914583,0.0586013634731682,0.0481631277500814,0.0652209034011416,0.0861621331009445,0.0411263962520339,0.0592760517494614,0.0590866192297168,0.0435701478774227,0.0994213747032393,0.0677916022574648,0.0768412721144408,0.0719993199939965,0.0462610424231519,0.0735528392419006
0.0245212292349514,0.0695252618060758,0.0135383295895761,0.0474135671895069,0.0330237197128127,0.0742410218143202,0.0139149642242377,0.0164942719533323,0.0277163682915733,0.0325511938937205,0.103046155838797,0.0316125995803827,0.0150122453355298,0,0.0206348290655353,0.0399118021432148,0.0834805027544528,0.0978436575382,0.0600115955608766,0.120106953440322,0.134611172075767,0.0903944073093358,0.0712724551783394,0.0842345298562391,0.0629490068739196,0.0598258484024821,0.0263802559500273,0.01585313414498,0.0275246713196488,0.0383463177177463,0.0213357966727646,0.0611877280579896,0.0451026464769189,0.0610363363585628,0.0423084586388455,0.11575561711665,0.053881524105292,0.0262627833862359,0.0558259998715903,0.0490983150294215,0.0594236857856628,0.0188309582880727,0.0432551325619657,0.0528972474743873,0.0206789241194848,0.0317093023078377,0.0732715454251193,0.0565280328465577,0.0470373575343775,0.0914390316972231,0.113455662467111,0.0480335489737038,0.0228812736453953,0.0409793221293303,0.0760068863416899,0.0435720047512315,0.0712231447650315,0.0254357720795834,0.0582421468531242,0.055327757170702,0.0491847424363568,0.0721623360291295,0.0448010744510097,0.0556361390341412,0.0806118379766596,0.0760510290396652,0.0652471235396471,0.0612353232926659,0.0936615105306872,0.0559755451167742,0.0575514006039007,0.0490957731355748,0.0508084225898009,0.0509699467840644,0.0339550078603163,0.0384550896237575,0.0534829403043305,0.040789219637349,0.0539826518065412,0.0651630105318872,0.0750989178563808,0.0365947629509934,0.0662638581042301,0.0364842942459889,0.0255505838017969,0.0705511848024817,0.0434089472349348,0.0830530965017823,0.0357493406381871,0.032867942815711,0.0613900925825546,0.0683117100065458,0.076645432831321,0.0468146259152827,0.0613805596865452,0.073869628515221,0.037267277820876,0.0598945492579932,0.0511400976728183,0.0545831046751519,0.0698906126901129,0.0406668639891227,0.0456640171065752,0.0607008661558728,0.047696996695964,0.0669349179134256,0.0561735866436869,0.086585694655334,0.0269992537040307,0.0203141809505469,0.0500523950985333
0.0281331974905797,0.035402066698665,0.0400822998277578,0.0465619263560091,0.060947904322708,0.084843104143751,0.0594765246345277,0.0181536336876378,0.011569376771376,0.0471940968711886,0.0699812420214937,0.0559144632107875,0.0767518180034906,0.0206348290655353,0,0.0602719240885809,0.0415079346338167,0.0760103639642745,0.0593486735154463,0.0274287809047797,0.0314365279272239,0.0365571485427698,0.0319106463093192,0.0324503912464866,0.0531688819792267,0.0552667463037661,0.0371003445632614,0.0356279189331234,0.0578047219407364,0.0652671604925813,0.0279340123398996,0.0578270407109984,0.051451026723435,0.0435529240679678,0.076566779959657,0.0500731889953388,0.0599936358911292,0.049993436687793,0.0610636029158645,0.0529795694359165,0.0636847903509558,0.0287983892978859,0.0258974174177091,0.0684287242240208,0.0472957479060808,0.0331385682187122,0.0476399075173357,0.0688639343884516,0.0516648468960603,0.0661910123780427,0.0638258099814356,0.0638245609910189,0.0627676622136366,0.0635876475259086,0.065146160778763,0.0632914191359144,0.0675450357821794,0.0604498221535661,0.0575152417780228,0.0659776463909896,0.0712467157084704,0.0311303057275329,0.0630349497155926,0.0592844456645657,0.0493627714390357,0.0703699834744365,0.041125234098569,0.0502391582600714,0.0610732883374224,0.0857045179815896,0.0736516929976465,0.0548402775584909,0.0564816168781745,0.0687872987509637,0.043294032111987,0.0267389821923131,0.0369517339492797,0.0682693241498368,0.0571474180150281,0.036618813553839,0.055111500637785,0.0442527285389417,0.0560399140347098,0.0275831855372339,0.0217227087503372,0.0553291233040373,0.0582620173957012,0.0576441374345937,0.0620365022033536,0.0579201259720984,0.0525423401637596,0.0632105213222755,0.0602199764252629,0.0567209198506455,0.0665886484960912,0.0488560567967469,0.0427175156909385,0.0581019729681416,0.0504623188527174,0.0619592816999393,0.0528494759823998,0.0769904847518574,0.0491112716406886,0.0567705188874,0.0545507322237876,0.0691898490915112,0.0595543687193827,0.062994443229537,0.0555031762373279,0.0517018558252762,0.0633733140362986
0.036965110298524,0.0497737264392696,0.0624245585442135,0.0814389236484276,0.0567952774653786,0.0950666464280379,0.0497957912910499,0.0389019340102625,0.0633883253148874,0.0666329966766318,0.066570309115141,0.0519709504270972,0.0493206955352954,0.0399118021432148,0.0602719240885809,0,0.0852826580239322,0.0776097944758479,0.0504695317704604,0.0285494379966583,0.0370914678814697,0.0762242710814266,0.0214759915856139,0.00866031483639162,0.0698773830563408,0.0747150520327503,0.0560857600134276,0.0369062193151249,0.0408464950118347,0.032408336019141,0.0385334125877655,0.0724152175602251,0.0377984201279412,0.0615212845499759,0.0549040606292683,0.0452976161938845,0.0697437678680416,0.0502258796519907,0.0363052589466773,0.0625575692175916,0.0410473130585931,0.0655016734063065,0.0522765320864442,0.05983395006859,0.0375869745992338,0.0528304343288322,0.0715370903788086,0.0626804336467969,0.029381515649048,0.0880224164990111,0.0589238260642801,0.0671135186696942,0.0721731984294496,0.0531987135227871,0.0662770009182696,0.0541011257107586,0.0756159533840827,0.0561036276516139,0.0752142864851163,0.0647620602763019,0.0529122801564633,0.0488731029964447,0.0595692660063749,0.0709440769541501,0.0774759035647891,0.0859577838463277,0.0648400718643865,0.0726977652620946,0.0715670665460848,0.0714221060973756,0.055833406871334,0.0578447765768669,0.0622395746273999,0.059764924931826,0.0487616960772904,0.0490988706820772,0.0680336402025525,0.0540360542529956,0.0704274711217377,0.0656722522870981,0.0833612872581886,0.0416468387903371,0.075267886880882,0.0351695532104375,0.0382124999475017,0.0854407139125626,0.0652790998659582,0.1030552206258,0.053500824045719,0.0471209574500709,0.0746127038989429,0.0775179280322382,0.087784428898149,0.0683985405140718,0.0614550336763132,0.0759566785150072,0.0583038439920951,0.0567360089136411,0.0683080283316046,0.0680014246541545,0.0703925243747402,0.0604851822869179,0.0530519328246617,0.0751040601469651,0.0655753399478879,0.0698896145542583,0.0715629143839778,0.0885415692970888,0.0879932405813377,0.0597113435447645,0.0692544746033947
0.0654139937870881,0.0370997762946545,0.0721673800621455,0.0753387146543847,0.0351990706845018,0.0525889252155733,0.0526001449752589,0.0697862968934864,0.0558114808227973,0.0539055956241059,0.0416048003345955,0.046106310448476,0.0503563477875536,0.0834805027544528,0.0415079346338167,0.0852826580239322,0,0.0483007752716462,0.0205776814631233,0.0686142040175181,0.0557684060580737,0.0249055378590997,0.040146303331393,0.0534747217298748,0.0416744148160742,0.0362569952303292,0.0599512829037958,0.0260315488087881,0.037073282361753,0.0208355334784531,0.068099791575084,0.0577735966851278,0.036751483849269,0.043012906463307,0.0376247966170486,0.041163223465003,0.0467673853713757,0.0432598806898754,0.0544334813815345,0.0481354227083378,0.0269646545422446,0.0706733614206761,0.0534580620784313,0.0524226431598721,0.0342544216834201,0.0478777266243697,0.0805687788937435,0.0471520105248851,0.0473664873607575,0.0589317812198116,0.0431509607569377,0.0588178164568368,0.0614080700880634,0.0285976374468258,0.0353916096369405,0.0281638669455332,0.0587483555801429,0.0558276997105335,0.058792945045871,0.0550123453524316,0.0348171894983107,0.0522124978030119,0.0470368124506023,0.0657580912833997,0.0354512646833614,0.0581566716904166,0.0576240542309794,0.057096742480606,0.0505164290570286,0.0530167809309422,0.0342519697598875,0.0314850465223225,0.0605535062578178,0.0449151313000623,0.0326751783681627,0.0404722135888034,0.0461197970249684,0.036240689455898,0.0476796206266921,0.0563056790154405,0.0673283199549031,0.0234992964688721,0.0522237438831641,0.0297548694388797,0.0511822494811587,0.0584099921832516,0.0630043647878597,0.0475413033481621,0.0356684770413104,0.0408448885363099,0.0485377123779512,0.053549290274872,0.0588512762995373,0.0725939565558508,0.027104921644308,0.0561209351450036,0.0424700350259395,0.0613796631441632,0.042914169548765,0.0514228807184852,0.066383662776396,0.0431598199306558,0.0480772399861644,0.0517491180670049,0.053334274494756,0.0789907100897229,0.0548373398767247,0.0776791290766554,0.0933308806902624,0.0451738261350396,0.053418503509577
0.047252533054301,0.0592146379714278,0.0883032953074498,0.0863611199390166,0.0351640942647112,0.04548346311746,0.065078020815193,0.0838431713045955,0.0555487802624797,0.0343592642771866,0.0858047560556853,0.060700332879271,0.0589420621057634,0.0978436575382,0.0760103639642745,0.0776097944758479,0.0483007752716462,0,0.0296432280851702,0.0786761515476391,0.0614475348727973,0.0460003169775654,0.0643218589105095,0.0495421577850331,0.0454224424348736,0.0572403936036195,0.0330036111852106,0.0340023482885229,0.051532816770089,0.0270396266479067,0.0426671587914009,0.0505235100089309,0.0408174170892922,0.0504708471380566,0.0474991687561216,0.0618084464910808,0.0542668303265538,0.0480914829346421,0.0730205614574465,0.0551638893555519,0.0261709538007652,0.0501643273161403,0.057801692726203,0.0687348443601469,0.0620468520213789,0.0497310681685944,0.0513396801011522,0.0468170168955003,0.0527214687076699,0.0603747402482844,0.032744758375149,0.04701250025477,0.0833766591840764,0.0315597461430506,0.047609413469207,0.030806763164865,0.058801115568612,0.0509604538738605,0.0654597448792909,0.0602682075784296,0.0500047890628118,0.051881153262857,0.0550205513773648,0.0669107826825061,0.0301917133928491,0.0707125797761826,0.0493787799772083,0.0663799231473698,0.0502934094836025,0.0635232633179184,0.0407625733238124,0.0414882827861942,0.0662755478755289,0.0583113666158868,0.0275863507103508,0.0289953470425581,0.0566964730752032,0.0495215913705565,0.0612130396545462,0.0453364345503819,0.0805981225086176,0.0380927647100334,0.062010248865132,0.0370703984260915,0.0444771388344101,0.0717468587807935,0.0468516299941293,0.0452739544797276,0.0367166018796342,0.0552339852227324,0.0613485507927844,0.0634943594499032,0.0573679008568365,0.0537767797403244,0.0518408860515778,0.0738876152548782,0.0640726263293989,0.045085031645409,0.0574256502264116,0.0364271684134158,0.0677851108942537,0.0379323010858344,0.0687112930152781,0.0656487877143298,0.0658390689668781,0.0404649863481281,0.0602974087044178,0.0576800844689761,0.101334879467086,0.0316441105610884,0.0345218642671341
0.039974059876602,0.039223878232,0.0859824414493282,0.0842656711134107,0.0552933828888118,0.0310660092537778,0.0682496965994779,0.0549742952517225,0.0537463233740819,0.0468898731273279,0.0553888541646053,0.0679069437130422,0.0528210901787147,0.0600115955608766,0.0593486735154463,0.0504695317704604,0.0205776814631233,0.0296432280851702,0,0.0510460010312769,0.0509084555405289,0.0111784959843181,0.0405251914297916,0.0243472517358023,0.0350990623292279,0.0570984313164015,0.0484412687378869,0.0527566661040943,0.0516405215440053,0.0347600371597222,0.037496233849441,0.0529977410144149,0.0372843624159449,0.0379914765383199,0.0504369893788702,0.0343086858176498,0.0739928879003161,0.0546390913636934,0.0615697378037734,0.0754990603779788,0.0292516199046782,0.0503070249681114,0.0538468267150865,0.0771496055731587,0.0525480673353384,0.0445893778114573,0.0474048255865693,0.0606213301865108,0.055899481286871,0.0622448816584468,0.0376663552245044,0.0446347464061593,0.0874125796748951,0.0409277198322423,0.0466340265254689,0.0566993754792944,0.0815366547237768,0.0577817368659394,0.0731633140613735,0.0761456906256076,0.0509963901268036,0.041256852499594,0.0646845070056469,0.0683249825904678,0.0517462134651972,0.0630741769469448,0.0512915248770135,0.0768571837046826,0.0645768116440898,0.0833029057722059,0.0532325435989634,0.0466699553405253,0.0634192066786699,0.0725700846383363,0.0494267119272633,0.0310862256305757,0.0710809669384462,0.0647395700654742,0.0885764889357277,0.0444775868143311,0.0985560276007839,0.0504524877049779,0.0693566100662392,0.0317665854484494,0.0520010738007366,0.0891068043033834,0.0460180053727772,0.0491918839798393,0.0414926781961119,0.0721070530236932,0.085888719565955,0.0847533898469051,0.0742141961936271,0.0553788586031662,0.0670815836157952,0.0815006049793037,0.0616468498137576,0.030781816344711,0.0864931972214619,0.0571633675028285,0.0610380034068072,0.0476939565118045,0.0796295295337199,0.0927111356807369,0.0846841092819766,0.0417190441346541,0.0882797477142461,0.0577608377360105,0.111889053087998,0.0466863949389833,0.0452946149373091
