0,0,0,0.00398600401622058,0.00715823307467324,0.00998213979774421,0,0,0,0.0105153977828458,0.0588431074127268,0.00251603252106173,0.0229472385062919,0.00950107053539011,0.0156996732037974,0.0281047239175074,0.0862275204293401,0.00870402530299829,0.0414581678893854,0,0.0293957047871356,0.00963995018973553,0.0214805761545948,0.00475691421271898,0.0847878856553001,0.0199929783300845,0.0113441458751662,0,0,0.0331782373115308,0.0280115118772814,0.0562328782110036,0.0361625849169186,0.0161067304291544,0.0149963599587484,0.0610212968540027,0,0.0718161666184343,0.00982833187809208,0.0695296010689365,0.0159850223704543,0.0103121666996153,0.00340731709705601,0.0222184958616526,0.0221693304530461,0.0383647664136314,0.0439780930226976,0.0336755457602165,0.0861951289797184,0.0028602958112402,0.0672929208155894,0.0521750423558032,0.0247979235518824,0.00794876619564147,0.00586356779196917,0.0222800997786024,0.0782979011234512,0.0196922554770313,0,0.024569300585808,0,0.035094217523958,0.0300216137843957,0,0,0.0420956953993038,0.0354478277755081,0.0025723093558395,0.101649007890784,0.0421922256419998,0.00349516732110233,0.053088978525097,0,0.068664990543192,0.071894434211177,0.0761401170187784,0.0476658287939749,0.00866750488681309,0.0690150438379088,0.0516290419271392,0.054482221407043,0.0327027047143705,0.0697398816679344,0,0.0678295410678634,0.00812153049014207,0.0681208259032495,0.0283181675163014,0.0105471900525215,0.0109162670858698,0.0580386691092481,0.00346244007297579,0.0454963072209268,0.0192318508933633,0.0299595106180994,0.0177287147440005,0.00808466831702397,0.0254330706092218,0.0141113429045399,0.000613088740035913,0.0230884436222886,0.00880391772134618,0.0418227713558202,0.0247055829809837,0.049899426956664,0.00325134526789501,0,0.0435094003235756,0.00875691838456485,0.012199772691884,0.0131498885219179
0,0,0.00166035080065918,0,0.00851953491751376,0.0162930712269031,0.00672209417885418,0,0.0209153693963983,0,0.0243489410510002,0,0.00848951178391916,0.083069890055773,0.052661707151573,0.0227424224244146,0.0819804609959707,0.0145047431599018,0.0549971664280754,0,0.0154750694488081,0,0.00788317585714514,0.0640832684946891,0.100309304824763,0.0158257269080453,0.00220054139428513,0.00830780991198176,0.0259671471484774,0.0144372808091774,0.0976857550463134,0.0724950697221386,0.00660767798673481,0.00590007131119155,0.00407887804953173,0.00529032970313975,0.0446376871917267,0.017192215234925,0,0.0240591198575884,0.00214694839160281,0,0.0163859744408177,0.0356073554356733,0.0126723192841154,0.0143884023141651,0.0150314375562584,0.0171463645338187,0.0424754371417742,0.00639415811710964,0.0695000063418477,0.0917967931898783,0.0312611536904737,0.0324640408503437,0,0.0416580815372834,0.0943802468783002,0.0309953537424924,0.00035017570198628,0,0,0.113800100700795,0.128752415186468,0.0615721974250148,0.0113733413795909,0.0959905965203754,0.072763366009809,0.0280220145321745,0.134303662936936,0.0706329896927095,0.00257333050829716,0.0468557289674423,0.0016892382544034,0.0936211274082776,0.0985018695000374,0.0585285902189608,0.0197066066932102,0.0231861506721957,0.0830635032300054,0.0875894755204096,0.0440106445824949,0.00342413642432712,0.0883352588210288,0,0.0296056140126988,0,0.105948531723341,0.024336693783004,0.00813558669930228,0.0277426851701857,0.0359848851228498,0.0197122952704137,0.0100313979247776,0.000233468032705393,0.0337286883768523,0,0.00779500006235077,0.0157669522469838,0,0.0192153669700853,0.071992985320976,0.0246570463604195,0.0134518423691766,0.00692003881662074,0.0216820542749564,0.0191997438040909,0,0.0347394674800241,0.00547554489832804,0.00387257127968396,0.0167483687373826
0,0.00166035080065918,0,0.000213533932480541,0,0,0.000511209279749156,0,0,0.0123098915740603,0.0337088979665932,0,0.0185474249956726,0.00522398979582513,0.0095821184172809,0.0505816600439244,0.0387267684801688,0,0,0.00129015358156698,0.0129179156354661,0,0,0.00310608035334004,0.00842388966291723,0.00730923116263751,0,0,0.00557128335817396,0,0,0.00194369239357439,0.00580767981804515,0,0.0123338038929334,0.00841606518127942,0,0.0389864332600056,0,0.0182065878102074,0,0,0,0,0.00955032915484288,0.00998615410248808,0.0140290378352804,0.0270794833037388,0.0208353367286974,0,0.046847681557494,0,0.00776640209590546,0,0.0023246089688995,0.00627875345143348,0.0324820962588912,0,0,0,0.0278836213999675,0,0.00456193389518152,0.010782441191893,0,0,0.00908854885916675,0,0.0111731093763238,0.00816645318277494,0.0234358855562379,0.00367863261285062,0,0.0108261998266001,0.00216005483732518,0.0033266297140241,0.00765320076142322,0,0.0350309223047455,0,0.0150355341132997,0,0.0124708484904308,0,0.0360794251530018,0.013893894327245,0.0170622099756517,0.0196783996742322,0.00463043399099401,0.00555832984791375,0.024402632834973,0,0.0259101279073169,0.0234960034949399,0.00927739878626609,0.0249081517988424,0.000798077625736681,0.00836246455514542,0.0097036938707324,0,0.0055709991820512,0,0,0.0142582097820105,0.0220895258949828,0,0,0,0,0.0164379879994786,0
0.00398600401622058,0,0.000213533932480541,0,0.0113630114071872,0.0628946048509074,0.0286554940884539,0.00421616975947,0.00990354510060817,0.0124271133271637,0.0202385076136062,0,0,0.0153527132569409,0,0.00878506668879011,0.0141195135283601,0.0244104684735112,0,0.00456468921400154,0,0.0305224770866801,0.0141136432490925,0.0577083613131037,0,0.0181449631071584,0.0155885336388578,0.00849903144928464,0.012447467624551,0.0274425605963202,0.0203882880255275,0,0.0148187772591128,0.00235058974133959,0.00246327245545106,0.0245667561505176,0.0204968405308469,0.0086322344074491,0.00451102695438212,0.00664059860663343,0.00733838339691286,0.0125118690175223,0.0153702653612379,0.0345376066223898,0,0,0.0131753559277155,0.0228098861960192,0.00614213296128349,0.0171885051404699,0,0.0303399329509779,0.0331000089766271,0.0131135083280046,0.025847684250889,0,0,0.038720744469474,0,0.0133683560837483,0,0.0367480579053822,0.00925244944300688,0.000343968611762769,0.00676173251393374,0,0,0,0.043316540619787,0.0149477452371468,0,0.00178110917649852,0,0.0146878298838417,0.030794089433409,0.024033408575977,0.0141769823881975,0,0.0201171941056134,0.0338745373252872,0.0154235289099679,0.00777490670252268,0.00833037468235955,0.00296306020957907,0.0191896328757608,0.000908050255621191,0.0295529391231166,0.0291461029861362,0.017929031727332,0,0,0,0.00239817476991491,0,0.00916689671106501,0.00761247041730267,0.00793866751505137,0.0191612756420448,0.0164964174520266,0.0101007420632188,0.0180353646619086,0.0173289855908276,0.00734456478974807,0.022141060278417,0.00901940783865245,0.00253369075935164,0.0169678718305515,0,0.0112866220909567,0.0174714020814875,0.0143097328656858
0.00715823307467324,0.00851953491751376,0,0.0113630114071872,0,0.0101900761298813,0,0.00443915625579915,0.0011237488834152,0.0321724437442839,0.00270210351147715,0.0108181356814546,0.060500974538932,0.0130876632847012,0.0282475121333482,0.00407893111448056,0.0275745868111872,0.0334873050941907,0.031593233978166,0,0.057629974867488,0.00553375489204629,0.0267755220915776,0.0128491299102891,0.0503373718647672,0,0.0173843610076983,0.0178795589661316,0.00583552668606103,0.0220347792533211,0.0404689596523797,0.0564320876907999,0.0372130765595446,0.00453613639079274,0.0733854208096309,0.00469474354070504,0,0.029377053289407,0.0158414732512116,0.0202176593136613,0.0275820508490847,0,0.00516898723665498,0.00897911918601668,0.0122549310470235,0.0329990745899399,0.0109142307610154,0.00857114126694814,0.0608376607816698,0.0118682915065431,0.0435813024972073,0.0220476367673475,0.0173585557969868,0.000166881156463017,0.010811611404899,0,0.0439524226049568,0.0527701907424774,0.012399962393649,0.0530580645568695,0.00852019717944526,0.0236518868282557,0.0316529750619948,0,0.00504243100577884,0.0265194725442168,0,0,0.0804509049490028,0.0720129417229357,0.0249416583772875,0.00462090469979318,0,0.0279260868095731,0.0186200500396926,0.0411864027649671,0.0417721352917597,0.00740190148380099,0.00994809279575216,0.0327659204690921,0.019542962610224,0.0374719481700707,0.0532307524254935,0.0162653058153253,0.0334172463971362,0.0039482387999979,0.0392126376938751,0.0353861282682953,0.000454733519470025,0.00371761493021958,0.000962194862655102,0.0158282454582486,0.0426383280874365,0.0382066496346957,0.0253488928693215,0.0107985663206303,0.000259519436583807,0.00143200765886192,0.00938894781341822,0,0.0265766994586854,0,0,0.0183956050493132,0.0198996464655192,0.00175071338177947,0.0156984116243605,0.00995908945745848,0.0152270976307787,0.0151689399020463,0
0.00998213979774421,0.0162930712269031,0,0.0628946048509074,0.0101900761298813,0,0.0322936586501527,0.0158840197621407,0.000766324077772531,0.0235778016098113,0,0.0370666312993292,0.0807905033552457,0.00551276478672965,0.0769949774147237,0.0310323994225983,0.0526477311374132,0.00757233652726767,0.0563184259775779,0.0143223108073303,0.0477027748266324,0.00999955499475695,0,4.37583423101985e-05,0.178916848997086,0.0172717130114067,0,0.00331475603019407,0,0.0186034752535324,0.0367716092842018,0.123457203547688,0.0136851570572369,0.0747246777164291,0.0094841116911316,0.0101450649965413,0.0243509004769388,0.0235599997694088,0,0.0115103269720337,0,0.0328012592167093,0,0.0126607522007546,0.0185980576171711,0.0448095340372976,0.0189208785266792,0.000227957167393698,0.0770602277335579,0,0.042477456214287,0.0511815336829814,0.0236869827750959,0.0144097887757851,0,0,0.0332090284582727,0.0127716832679685,0.0297703542466447,0.0390491672403331,0.0240641325425704,0.0256726026368325,0.0404588176304604,0,0.0153694622070292,0.0308444712313395,0.0144571385185035,0.00587759012661488,0.0921620409768967,0.0548207172277144,0.00830083983977385,0.0158086722920857,0,0.0425622446583649,0.0705403540494131,0.0538555648441718,0.0213652100285978,0.0154739048564527,0.017930745743112,0.041771107384181,0.0476793059660365,0.0339433021398702,0.0369679330962826,0,0.00607415898184609,0,0.0764475655957298,0,0.0390891312859158,0.00271997389227879,0,0,0.0161493547793298,0,0.00133608903156238,0.000565253080142838,0.0441734861974658,0.0243414591115223,0.0305105892830777,0,0.0385969659140778,0.0282348421043253,0.0142124079339292,0.0332034217037841,0.00605031754054906,0.0284020183282705,0.000605466993472702,0.0230686238161407,0.000624534105777993,0.0268648478390319,0.010437995212829
0,0.00672209417885418,0.000511209279749156,0.0286554940884539,0,0.0322936586501527,0,0,0,0,0.00519909834050818,0.0116238548364469,0.0568972542024482,0,0.00107673582736961,0.00549220489420977,0.0399834483747165,0.00540057046514271,0.0202796906395257,0.0162002926230668,0,0.0370294003510806,0.014088820595213,0,0.0240617398859147,0,0.0236268463785846,0,0.0140193363017095,0,0.00719221449105707,0.0296571992851557,0.0212911549991449,0.0548949006450331,0.0237264526320862,0,0.0251409794949132,0.00069110585766518,0.00885237541846552,0,0,0.00253139175125238,0,0,0,0.0461478321102712,0.00825289741011492,0.0100130454209683,0.0122983681106063,0.0177071012550461,0,0.0221652125243918,0.00513611769890627,0.0289292468630818,0.0265581079887368,0.0121602198986135,0,0.0334621073885385,0.0475507416557089,0.0136061406379567,0.0321910021656599,0.00477625772491229,0.0105352940761343,0.0442739790514892,0.0323249509706011,0.00773884870730829,0.0308842928695552,0.00531517578768987,0.0147033544063285,0,0,0.00636391434092831,0.0107136474356065,0.0395720755647518,0.0228892578753297,0.031828099138331,0.0109203999617585,0.00143312365696283,0.0207015816736866,0.000535214435500095,0.0100153090133773,0.00420269603921163,0.00120155763781617,0.0107454914154575,0,0,0,0,0,0,0,0.00907474044112683,0.00228683116525169,0,0.00275817915237,0,0.000319479156726871,0.000728044016426994,0.0158098481139579,0.0273352396065524,0.0137677346773651,0,0,0,0,0.0223864721568985,0.0110025325330759,0.00161508694646319,0,0,0
0,0,0,0.00421616975947,0.00443915625579915,0.0158840197621407,0,0,0,0.0100140404704195,0.0450516740769877,0,0.00711465362861997,0.00365028869638367,0,0.037559532633749,0.0450124194341637,0.0104267384319047,0,0,0.0159197200449775,0.0084183321517577,0.00943180836299645,0.01573605670066,0.00753009640346999,0.02147863655584,0,0,0,0.0159114525465444,0.00663273957361549,0,0.0255422498420812,0.00720179136451317,0,0.0518542146583318,0,0.0739727337259699,0.00932249855573641,0.0295827923498572,0,0.00388712332873566,0,0.00609806108077204,0.0112808329885772,0.0104216591895947,0.0216013336233238,0.0310943731712804,0.031570649836977,0,0.0371582600747832,0.00973842151224584,0.0275974538012369,0,0.0276294537570914,0.0059043613846874,0.0236794055852004,0.00177680939388336,0,0.0168013336235406,0.00091234513636195,0,0,0,0,0,0.00570702042634966,0,0.042313337372324,0.0279907002272831,0.0162644541072183,0.0247262151781947,0,0.0227085463566619,0.0182097062829247,0.0331939308366934,0.0446235775810366,0,0.0372348845160002,0.00521696450198204,0.0309667293831,0.0135901328852574,0.0292674472377401,0.00976240939310565,0.0668699310844677,0.0283035101812532,0.0223942182016277,0.0331655593956979,0.00520181543694053,0.0211958384989222,0.0290503357503779,0.00641208073517853,0.027033482159795,0.0177677010228202,0.0195889020779032,0.025192825155339,0,0.0179062428586872,0.0486042306257506,0,0.0107885668958236,0,0.0141391424344476,0.059309419288452,0.033694662547803,0,0.00440755591887814,0.00435769586867422,0,0.0642385432048206,0
0,0.0209153693963983,0,0.00990354510060817,0.0011237488834152,0.000766324077772531,0,0,0,0.0120373669395407,0.0219953867430892,0.00449950218320823,0.0312587022924298,0.0302727392918259,0.0592864853808491,0.0189503452386302,0.0674427512621195,0,0.087805731908978,0,0.0670491514961147,0.00572326188646301,0.00557853577895459,0.0178970149750602,0.128107538027475,0.0152192231136499,0.00598748757464011,0.00748156072263742,0.0086382624826831,0,0.0545538479184729,0.0824245671948219,0.0185490871559702,0.00423413487552032,0.0226782819317654,0.0108815889709396,0.0102748823814713,0.0199779044550654,0,0.0323848686298791,0,0.00672742686923121,0,0.00981953100150226,0.00309422052058674,0.0381347160285186,0.0376739997846528,0.00726393287518342,0.0535918191792394,0.00809772612317118,0.0582197589739089,0.0367486550497375,0.013790141255537,0.00200456422900045,0.00291345184297398,0.0143179365275463,0.0990578589047564,0.0142178760869144,0,0.00901091099172114,0.0119941104732662,0.051797991356885,0.0586884087014249,0.00541431981755898,0,0.0647089257856876,0.0326686374271086,0.00877709190692897,0.124553665964316,0.067572196670992,0.0294861533100487,0.0253896144174564,0,0.0537805739522812,0.0724088592939555,0.0368616451100253,0.0121379034375274,0.0252622281763728,0.0485434240178698,0.0462704340829549,0.0340561625933983,0.0363768080020361,0.0752497436151249,0,0.0182808827942023,0,0.091207954473935,0.0129214130972769,0,0.00999571356184938,0.0206025313193198,0.00173487317504124,0.0585297041275796,0.00681835213210416,0.0243732316196566,0.0199314729784469,0,0,0,0.00638065466944713,0.0347421104603682,0,0.00566491979969408,0,0.00141899177425859,0.027651600971821,0,0.0336997136705479,0,0,0
0.0105153977828458,0,0.0123098915740603,0.0124271133271637,0.0321724437442839,0.0235778016098113,0,0.0100140404704195,0.0120373669395407,0,0.0411376757035784,0.0450718370544309,0.0308855104758134,0.00549474811956348,0.052572517201761,0.00201468319756517,0.0447299704757278,0.0170607951978326,0.0474225145155908,0.0131299846261086,0.0329044037955023,0.00440396863652893,0.0288132803050764,0,0.121202598407857,0.0283630142512932,0.0185855977901925,0,0.00334705137770783,0.0202554052623119,0.0216890394909018,0.0604285608730107,0.0466427156452139,0.0241446353093229,0,0.0473478903519733,0.00290230127950945,0.0803878248018476,0.0117036340071067,0.0586304693897068,0.0171919804088379,0.0154297241871401,0.00267308346633466,0.0366835917243547,0.0258755377994079,0.0300706954589757,0.0436352584979929,0.0280610887840325,0.0737996539884295,0.00889499283100196,0.0562592081174752,0.0428669665525008,0.0133379672106673,0.0223453241597046,0.0160719373783831,0.0150369581613216,0.0653880852184746,0.0273796548946173,0,0.0594235387765498,0.00992696683472518,0.0287873796557933,0.027422829824489,0,0.0254529972679746,0.0504608724542741,0.0187988963290866,0.0197036142227885,0.093144168120316,0.0401118505369531,0.00223362449799289,0.0640759391711565,0.0162950255160707,0.0618313344484703,0.0707107153956086,0.0854975200346929,0.0715379132103589,0.0194565365982372,0.0165055583588967,0.0371793477933541,0.0624384045042621,0.0529167543885296,0.0793312602516654,0.0430530351096135,0.0730418940691641,0.0067840637568121,0.0620791313250291,0.0142600138801285,0,0.00781892958944827,0.0275693142195898,0.0513203411471153,0.0475229489019147,0.00299846601164274,0.0438205762138465,0.0376092191394819,0,0.008298447181982,0.00820813165695233,0.00918468900975567,0.00257296511574203,0,0.0174925590520007,0.0135572787789949,0.0394875426923491,0,0,0.0212179007869172,0.019505239861027,0.0112260221051704,0.00348399657155888
0.0588431074127268,0.0243489410510002,0.0337088979665932,0.0202385076136062,0.00270210351147715,0,0.00519909834050818,0.0450516740769877,0.0219953867430892,0.0411376757035784,0,0,0.0330270603307397,0.0414521725315311,0.0125121411963275,0,0.0168337936164386,0.0145630607760914,0.00821328709181112,0.0244821319769009,0.0425406638860652,0,0,0.0154782600678672,0.0195018943589252,0,0.00281953737666923,0,0,0.0200697820801041,0.0136548955693084,0.0294195013754487,0,0,0.0399409225347921,0.00731021406919358,0,0.015550782169069,0,0,0.0146485849387803,0,0,0,0.0221306728302466,0.0276421276274287,0,0,0.0116973102607247,0.0355445256796572,0.0615304168612602,0.00557807666224334,0.00841455716291042,0,0,0,0.0251209668937184,0.00470977915301578,0,0,0,0,0.0177407894646388,0.000391811611861272,0,0,0,0.000619612298485699,0.0145501537002747,0.00999025731542702,0.0489912546462224,0.0135361142107319,0,0.00199911035603813,0.0162795327237068,0.00916128944083673,0,0.00599590097349142,0.0382921998512605,0.00541228533282858,0.0304110973688282,0,0,0,0.023156251003435,0.00742531459671162,0.0341337188901523,0,0.00554922487555145,0,0.0106379918251829,0,0.0184895662641067,0.0317437404679688,0,0.0391490118895763,0,0,0,0,0.00855924880041889,0.0233115371324924,0.0233845675492993,0.00925025433391147,0.00220222740249122,0.00149473841600167,0,0.0200459474623473,0.0240085308823699,0.0135587862705787,0.017338186338086
0.00251603252106173,0,0,0,0.0108181356814546,0.0370666312993292,0.0116238548364469,0,0.00449950218320823,0.0450718370544309,0,0,0,0.0260309739664059,0.0160943320158562,0.0298814203456379,0.0545743936371175,0.0067781325092235,0,0.0190397938779005,0.0518405580208561,0.00047162210168237,0,0.0647695211786812,0.0121729737810437,0,0,0.00319501148603289,0.0100477329006785,0.0232452986163326,0.0314378651367759,0.0131085310243175,0,0,0.0477558303968183,0,0.0502527943453972,0.03712456974758,0.0381703952202999,0.00199517289504363,0.00411862649290865,0,0.00739135309190962,0.055081675820056,0,0,0.00398420479751664,0.00765754307549707,0,0,0.0742863211284375,0.112315117257117,0.0153718316857705,0.0346047426793554,0.0279305256844002,0.0117551095287342,0.113589592790976,0.0653202316887124,0,0.0164861462946912,0.03418479417791,0.0973568993584567,0.0398310805388964,0.0846629642296025,0.0635929093632085,0.0276986357533541,0.0884822754960929,0.0106152248256723,0.137025737977734,0.0900159191596905,0.0122178591299656,0.083148565261414,0,0.127868277827465,0.0907778491014043,0.0873982284788635,0.0849989355894914,0.0518144358080588,0.159305735046151,0.119594335004123,0.0562967343022082,0.0104788602928804,0.113102601345413,0.017463984142905,0.110548034955865,0.0601784887777681,0.0591364851278325,0.0130074428414729,0,0.0113241830500325,0.0305380082892463,0.0275306308388797,0.0215023529665861,0.0424342942824761,0.0917114107016881,0.0117215037418909,0,0,0.00953501400743286,0.0292925116572604,0.0337211261649252,0.0468579478079287,0,0,0.00306581087054113,0,0,0,0.00715162833393942,0.00768699930603501,0.0396792261600845
0.0229472385062919,0.00848951178391916,0.0185474249956726,0,0.060500974538932,0.0807905033552457,0.0568972542024482,0.00711465362861997,0.0312587022924298,0.0308855104758134,0.0330270603307397,0,0,0.000278952916930161,0,0,0,0.0643009815806968,0.063781942136875,0,0,0.0681337312417909,0.0745618734469356,0.0509633531529607,0.010595519684093,0.0299025277745689,0.0873622203934065,0,0,0.0195900773134939,0.00703979958216941,0,0.0174644964848949,0,0.0698600071505771,0.0372841697175714,0.0216015262845893,0.0428703648839987,0.0876974198212712,0.0646148203104581,0.0517224809340858,0,0.0371867466406485,0.0189052022300701,0.0404781666524822,0.047482676662033,0.105385271746405,0.0934557647855562,0.0189565522837661,0.0381087853139262,0,0.0206969381322316,0.000828488725709498,0,0.108329595649707,0.0381288883582772,0,0.10810152388674,0.00354336417350102,0.0108703310544641,0,0.0143989847631365,7.93235135398724e-06,0.0359082228730993,0.0752311628272852,0.0100437469773642,0,0,0.00880148383247083,0.030204243942607,0,0.00570707971769637,0,0.01554470616133,0.00917077129339696,0,0,0.0254734865174629,0.0113613313161452,0.054312569193333,0,0.0324342307347816,0,0.0270172376426718,0,0,0.0191903128268088,0.0537336988996082,0.017520782201461,0.0160840264002719,0,0.00100232242206029,0.00696447450644068,0.0273525047462006,0,0.000136408689102721,0.0258455614035415,0.00747087830727341,0.00104028607202744,0.06553632813406,0,0.0275891932043498,0.0139485947854028,0.0234519218547348,0.0178756148456161,0.0489966891829804,0.0114954147747682,0,0.0321247891043668,0.0170853127125653,0.0306959726290937
0.00950107053539011,0.083069890055773,0.00522398979582513,0.0153527132569409,0.0130876632847012,0.00551276478672965,0,0.00365028869638367,0.0302727392918259,0.00549474811956348,0.0414521725315311,0.0260309739664059,0.000278952916930161,0,0.01288117948192,0.091680173743718,0.0641204395568301,0.0204945557683292,0,0.0198753069375205,0,0,0.00955038114797757,0,0,0.000644979235704098,0,0,0.0205047450414582,0.0225879205216361,0.0141903842477454,0.0548943392856688,0.0146745966576668,0.0113655909149598,0.0220587645047298,0.0172064433810942,0.021679097740452,0.0385945295010855,0,0.0231002623139339,0.0230111693526019,0.00421168916402147,0.0202350667668084,0.0130599974986504,0.0118791808490028,0,0.00593171873640687,0.0415123403889186,0.0265936698443777,0.00143721125627865,0.067133053005377,0.0331518609011789,0.0285303882798881,0.0689609303827544,0.0148957630604887,0.0349455628993218,0.0436609902077298,0,0.0585457116358767,0.0469661270786958,0.0577728427456933,0.0243902724447114,0.00201342551463386,0.0827324022738452,0.0515123727703738,0.00332359757900746,0.0595052635818013,0.00579882473200086,0.00553140610855665,0.0147436413540092,0.0385864417685365,0.0428962559803089,0.0187516078936723,0.0622345406432192,0.0366625751681084,0.0326494718561892,0.0358867989018778,0,0.124621849614774,0.0183100566733105,0.0343157240744268,0.0102277522531418,0.0130056008652371,0.00703556252366326,0.0746165676811937,0.0723439208877791,0.036194475386277,0.0353616730096747,0.0149862936618186,0.0350104315508822,0.0746067897817374,0.0150530831314346,0.0113125579896558,0.00567505524348504,0.0304171796615332,0.0164362566918722,0.0148342725013592,0.0246756918149493,0.0348857863249672,0.0112245758090852,0.0189187579871275,0.0351890608401937,0.0146754229152358,0.0244335115082241,0.0457076671643881,0,0.00796576656869064,0.00741408772261292,0.0238913508964279,0.0219433257232368,0.0200856004612022
0.0156996732037974,0.052661707151573,0.0095821184172809,0,0.0282475121333482,0.0769949774147237,0.00107673582736961,0,0.0592864853808491,0.052572517201761,0.0125121411963275,0.0160943320158562,0,0.01288117948192,0,0.0387349104613071,0.0611702812230073,0.0274279964804207,0.00798582373639131,0.00400076506481289,0.0221944392964424,0.00988213328146159,0.0211381911699234,0.0423167988386121,0.00232575836628974,0.00626520024310458,0.0310241757392828,0.0164658155279272,0,0.027957686131095,0,0.109150059881914,0,0,0.0387343537631603,0.0174853412609093,0.0467024743747657,0.0249022787982609,0.0197629685871025,0.0134991639385835,0.0197922509353436,0,0.0216635880482083,0.0897222789510639,0,0,0.0162352179784948,0.0187617429742795,0,0.0140188934687192,0.0918169403328811,0.108648488989496,0.00625878949811558,0.0494738480220614,0.000179573243076926,0.0369713875121415,0.0796886678275356,0.0407444528820062,0.0427227789743675,0.0269291934343006,0.0544035438341136,0.0687798484742517,0.0100121357142013,0.110669810084258,0.0699773380473807,0,0.0814542060335895,0.0235475109563943,0.106202466891132,0.0553590097158087,0.0114984488399798,0.0988518126137818,0,0.111166020237973,0.17892180878124,0.06045665292382,0.0207607807975096,0.0042431917879602,0.13171869605924,0.109374125754602,0.166101652974166,0.0186101656525865,0.0707998375844027,0.027645353170218,0.0979198320349537,0.0758172020952986,0.0859539966634147,0.0215948024915338,0.00911671782675265,0.0123319196376231,0.0513844807922942,0.023697348064735,0,0,0.00765825222668181,0.00214330995655453,0.00221968681167379,0,0.0134208055341645,0.0434050085830617,0.0126298344905266,0.0557123599101687,0.00991601098724344,0.00635773264543034,0.0109443291214628,0,0,0,0.019630769931591,0.00736302708061499,0.050295889407261
0.0281047239175074,0.0227424224244146,0.0505816600439244,0.00878506668879011,0.00407893111448056,0.0310323994225983,0.00549220489420977,0.037559532633749,0.0189503452386302,0.00201468319756517,0,0.0298814203456379,0,0.091680173743718,0.0387349104613071,0,0.0233668166042874,0.00989214167112324,0.00222378230692698,0.0135304256211626,0.0261482082265249,0.0118330125970078,0.00259582692710806,0.0917244430009664,0.000879126374525527,0,0.010712882643324,0,0,0.00700383825733922,0.0499638668848931,0.0180367024915911,0,0,0.0271025918658498,0.0149480436889846,0.0262558455949027,0,0.0104238317063718,0.0110872041460856,0.0167654629988136,0,0.00334672098023679,0.0362504467495471,0.00708472090128891,0.00213696122682105,0.00274170661364848,0,0,0.014636505318229,0.0246067776209531,0.0366052333672549,0.029886531281876,0,0.0110860869462684,0,0.0165132591785576,0.0394357796145662,0.0114817546100807,0,0.00218496519189797,0.0475860597615582,0.0494746918914378,0.0229791727149907,0.00515095595015619,0,0.019440237275341,0.00898635885804614,0.0541609751544478,0.0347698808737896,0.0175761301835209,0.00847308928215137,0.0165346239995129,0.0283583687315926,0.0473369771203966,0.0103246561288587,0.00660929174719863,0.0106989703255557,0.0030360700478064,0.0398984106688206,0.036605416027193,0.00566659473029187,0.0347707410663499,0,0.00737895730487394,0,0.0647710315583162,0.0222745690105099,0.00624499922248823,0,0,0,0,0.0132323298336917,0,0.0259005232385616,0,0.00306497419275385,0.015249173972614,0.0167842804456346,0.0350587463888046,0.00433944817874609,0.0276947595666513,0.0030534928241285,0,0,0.0422567905672914,0.0140169448033656,0.0138694355632742,0.00372180348807917,0.0128618919160256
0.0862275204293401,0.0819804609959707,0.0387267684801688,0.0141195135283601,0.0275745868111872,0.0526477311374132,0.0399834483747165,0.0450124194341637,0.0674427512621195,0.0447299704757278,0.0168337936164386,0.0545743936371175,0,0.0641204395568301,0.0611702812230073,0.0233668166042874,0,0.0404014503409825,0.0663332273317286,0.0238052190831439,0.0165468334951718,0.00675026422572253,0.0265484853044403,0.0549838203576997,0.0834379093848966,0.0480701185391111,0.0493093688838011,0.0126923381132484,0.000439568289089646,0.0411258011751237,0.0751727326930283,0.0493485824923772,0,0,0.0449386178459765,0.0507263710917962,0.0367516777101505,0,0.0201964986864496,0.0399710901854303,0.0315175865733793,0.0228484303292177,0.0233499408404605,0.0239312157761446,0.0273551243577822,0.0275070822884807,0.0296365555036071,0.0232287391010159,0.0176248327924376,0.0495375055884745,0.0229429127317098,0.0292300469765665,0.0414464260991158,0.0137602758658221,0.00199458636114031,0,0,0.0507140877263287,0.0483018899626717,0.0581892303942704,0.0163683809670744,0.00966963349928215,0.0698478279050149,0.00948395194849089,0.00931745815455531,0.0342114996234354,0.00996082926288742,0.00745238989225574,0.0398064861614993,0.0230418128965075,0.0340239463900685,0.0323992608661165,0.00602444088218439,0,0.0160251872104868,0.00844383458102408,0,0.0143525261394842,0.0262106213170192,0.041235598620928,0.0254272991148099,0.0482413633442983,0.0444793102846491,0.00561381049857254,0.022203925151627,0.0479006085696915,0.0364640115262917,0.0289829566432077,0.0785788500688458,0.019590311884637,0.033043995137541,0.018244962185844,0,0.0449991797553765,0.00935141588773745,0.024807208402784,0.0919512474227057,0.0683576652630645,0.0428111627958769,0.0355925017446409,0.0470559825303192,0.0867496797253147,0.0558223902001597,0.0525318331595836,0.0227802571034353,0.00793186987368718,0.0663578532867136,0.0457501306133596,0.0330522576043577,0.0300232061192665,0.0691667874253929
0.00870402530299829,0.0145047431599018,0,0.0244104684735112,0.0334873050941907,0.00757233652726767,0.00540057046514271,0.0104267384319047,0,0.0170607951978326,0.0145630607760914,0.0067781325092235,0.0643009815806968,0.0204945557683292,0.0274279964804207,0.00989214167112324,0.0404014503409825,0,0.0241150230080399,0,0.0657011535901674,0,0.000114767686833672,0.0147637414791283,0.077495671706481,0,0.0133728691202323,0.00850579334788255,0.00543241793802499,0,0.0359717493837648,0.0934027592196113,0.0412713978088716,0.0156056977546234,0.0377390993527953,0.0113336385544471,0,0.0175602238550524,0,0.0216601590393492,0.00365632520872121,0.00896933323530279,0,0,0.0174217087072385,0.042568148893937,0.0280216959358492,0.00138366664865723,0.0661555733977531,0.00547901804742362,0.0378032492413757,0.0060201362820531,0.00849511485834576,0.00219743152341106,0,0,0.0359306358605986,0.0127613056551733,0.0157436139919372,0.0465035362747224,0.00892038649836209,0.0041503754616781,0.0248059622907975,0,0.0100126794988737,0.0208850167690174,0,0.00227324455519782,0.0589661597003218,0.0291458455224294,0.0172141800751515,0.00212247907906736,0,0.00749189683086013,0.0128756436690734,0.0146926586915701,0.0164612566561868,0.00336088249728147,0,0.0080514175534817,0.0246037669500152,0.0361814997494077,0.0386286480304866,0.00524247706340304,0.0198078781724536,0,0.0192566352101308,0,0,0,0,0,0.0419453880201004,0.0315328959094507,1.12805795327024e-05,0.0242977828394983,0,0,0.000771126496363337,0,0.00873153997559775,0,0.0122138681490745,0.00150816400571779,0.0144342247992876,0,0.000663415724823138,0.0142390328814837,0.00392349974777008,0,0
0.0414581678893854,0.0549971664280754,0,0,0.031593233978166,0.0563184259775779,0.0202796906395257,0,0.087805731908978,0.0474225145155908,0.00821328709181112,0,0.063781942136875,0,0.00798582373639131,0.00222378230692698,0.0663332273317286,0.0241150230080399,0,0.0165395737239914,0.0600533201825811,0,0.0193426368031842,0,0.0258066388098566,0,0.0158911182536275,0,0.00715591711794453,0.0316443032598207,0,0.0383943170563699,0,0,0.067607451736249,0,0.0175197957503748,0.0451136265403612,0.00956357849668694,0.00784298593866246,0.0137240026887759,0,0.0172349278780745,0.0666764395215153,0.0548852860730156,0.0151398363593623,0.0354448303367293,0.0344383925949837,0.00969807603836291,0.0187720574092972,0.112490054918507,0.0817751161221664,0,0.0186485372824556,0,0.0448287523314107,0.0981758897277884,0.0398717204935562,0,0.00684395450955621,0.0142445328553727,0.0613945607384958,0.0125763185747265,0.0435413551736408,0.0154837171517903,0.0190289911159928,0.035725251758162,0.0081458400228723,0.0892675771632188,0.0468814567614902,0.0505495237135257,0.0988957072490483,0,0.079860735864657,0.123243307152803,0.100775533618147,0.0274009560372292,0.0389292606998453,0.155669317441164,0.0818091592460283,0.119409902727617,0.00688041653062363,0.053065877998459,0,0.0776289368947175,0.0438330773128741,0.0871931767816953,0.0102162941190207,0.00552105322668968,0.00247332581791153,0.0673745753832898,0.000655919476822439,0.0266517438573368,0.0168113006796205,0.020426333118322,0.000224401598380563,0,0,0,0.0289397742253585,0.00776093883983764,0.0867283970301799,0,0,0.0127787688615049,0.00975143517577972,0,0.00559625727390033,0.0136889694063471,0.00186492401489248,0.0646295799301891
0,0,0.00129015358156698,0.00456468921400154,0,0.0143223108073303,0.0162002926230668,0,0,0.0131299846261086,0.0244821319769009,0.0190397938779005,0,0.0198753069375205,0.00400076506481289,0.0135304256211626,0.0238052190831439,0,0.0165395737239914,0,0.0137977905674393,0.0123515761161193,0.00607304009175095,0.0388706144297324,0.0335766254952033,0.0160390581971361,0,0.00302187138938031,0.00682328334379639,0.00313552423121932,0.0351324616261254,0.00221626447443762,0.0293706863492968,0.0123855373793766,0,0.0311185169010028,0,0.0505635960804068,0.0151139514892643,0.0196095634126432,0,0.0180134095100632,0,0.00666469355145591,0,0,0.0122654801332991,0.0197331034979996,0.00779904023050117,0.0109004188861277,0.0122398702838103,0.0320125184007447,0.012692037045883,0,0.0362506138126382,0,0.02762054395616,0.00688058696518301,0,0.016476802916443,0,0.0392324997732491,0.0198339235361469,0.00394496292473698,0,0.017402730431457,0.0285541822308419,0,0.0863166404468421,0.0308160050224064,0.0195482290494685,0.0216717110714369,0.00559857674682244,0.0444876052750369,0.0185953783229636,0.0301852145344436,0.0512249032190851,0.0149568497004745,0.0380461954469294,0.034057988898571,0.0102311472623642,0.0321839442277726,0.0713388629168943,0.0124877660991234,0.0496371256056342,0.00474628288252334,0.00557021751148039,0.0110691436601813,0,0,0.00587733772793711,0.00732269443150252,0.0341964781935245,0.00623542752730715,0.0370659369206598,0.0269349241507354,0,0.00927036313029364,0.0217385835574343,0,0.00746177257034541,0,0.0132099018418956,0.00661703205161484,0.00928702262768515,0.00213580757537216,0.0145602820984733,0.00694145453158228,0,0.0118408980128149,0.000153141910723011
0.0293957047871356,0.0154750694488081,0.0129179156354661,0,0.057629974867488,0.0477027748266324,0,0.0159197200449775,0.0670491514961147,0.0329044037955023,0.0425406638860652,0.0518405580208561,0,0,0.0221944392964424,0.0261482082265249,0.0165468334951718,0.0657011535901674,0.0600533201825811,0.0137977905674393,0,0.0165835578984486,0.0706896821987678,0.00230932685820209,0.092582204305081,0.0198203036640235,0.0398388660899488,0,0.00134640762670155,0.0737817669686686,0.0120755053638026,0.0901455722187277,0.0667480874718737,0.0314003855521886,0.00730713072862868,0.0829053836075881,0.0134029178956932,0.0499776211692873,0.0170468483935926,0.054402105722362,0.0259634277430223,0.0189316746365935,0.0412185340770025,0.0375435889131626,0.00329739185141056,0.0106533485773782,0.0916233401695678,0.0531624028449521,0.0745827631594638,0.02511883132897,0,0,0.0190522851027802,0.0400301553401143,0.00596679969788684,0,0,0.00462983385091438,0.00859697162299012,0.11570885172985,0.0109780048120949,0,0,0,0.0493523898676705,0.0125296617861371,0,0,0.023779702595635,0.0146140456902628,0.00453216779062387,0,0.00897161460570324,0.00149716096949297,0,0.00786747089911278,0.0299946651417853,0.00590049828823559,0.000238941402392609,0,0.0117460630285495,0.120310393442234,0.034033895830403,0.0549985188033681,0.0188505845294253,0.00472237210521322,0.0155807163685228,0.0906489639599399,0.0282830877915581,0.00454687066070084,0.0133871402558785,0.0218143207852766,0.0500126698055145,0.000403019858067039,0.0168126148367953,0.0332123787745227,0.0128976856472158,0.0189791325640522,0.0129556809862534,0.0140102115178534,0.00525831856831608,0.0136675756452326,0.0214562187675203,0.0467972373325905,0.0555190479115298,0.0110637200606636,0.00220887845875882,0.00872995534378102,0.0546766189568695,0.0376545351821243,0.0168344018552474
0.00963995018973553,0,0,0.0305224770866801,0.00553375489204629,0.00999955499475695,0.0370294003510806,0.0084183321517577,0.00572326188646301,0.00440396863652893,0,0.00047162210168237,0.0681337312417909,0,0.00988213328146159,0.0118330125970078,0.00675026422572253,0,0,0.0123515761161193,0.0165835578984486,0,0,0.00105976268416971,0.069863918822796,0.0255241697162432,0.000544331914759025,0.0116182239650902,0,0.01122115464156,0.0113073880088563,0.0584043262818641,0,0.0222949072268139,0,0,0.0151111534404112,0.010768448333076,0,0.000322046735527529,0,0.012979502604496,0,0.0320380496911741,0.0232220538948815,0.00385110257355918,0.0336260058068752,0,0.0362673255014584,0,0.0160319571978784,0.040581318825088,0.00684486280150082,0.00482867190062433,0,0,0.0119835609167756,0.0209937052370616,0.0201384558742138,0.0203236623200347,0.00600686905304979,0.0331340250202592,0.0032827405575894,0,0.0176713982944421,0,0,0,0.0396725246978839,0.0211689741553211,0,0.00518981724459135,0,0,0.0366689885317198,0.0289480444443315,0,0.0107231560899722,0.019281548680494,0.0187647594204909,0.0236327976788531,0,0.000162473535529553,0,0,0,0.0227011338202552,0,0.012498107087796,0,0.0108815341026429,0,0,0,0,0,0.0155402581923537,0.0085577807041401,0.0127327841168957,0.018354042865706,0.0232111919163096,0.0377449567729267,0,0.0123317910625769,0,0.0291440196437584,0.00509364194588762,0,0,0.0114308969499924,0.028897930947965
0.0214805761545948,0.00788317585714514,0,0.0141136432490925,0.0267755220915776,0,0.014088820595213,0.00943180836299645,0.00557853577895459,0.0288132803050764,0,0,0.0745618734469356,0.00955038114797757,0.0211381911699234,0.00259582692710806,0.0265484853044403,0.000114767686833672,0.0193426368031842,0.00607304009175095,0.0706896821987678,0,0,0.000559244318048072,0.0552180888695713,0,0,0,0.00873994038722047,0.0124203496352568,0.0114971415544563,0.0506737754062298,0.0114838734529936,0,0.048332072959706,0,0,0.0288428814947321,0.00117058762601392,0.0100943235922846,0.0171962863903543,0.00613191964705889,0.000385006798432847,0.0030277335425046,0.0237424249426336,0.0366360320043385,0.0290043209174311,0,0.0327880520868385,0.00521488449779338,0.0680718376783381,0.0087076359246569,0,0,0,0.0013944329815082,0.0575271817983717,0.00880628393822394,0.00496928608272952,0.0159898515429362,0.00974014403912623,0.00183178539878436,0.0117809532110287,0.00623487302078378,0,0.00818094026713688,0,0,0.0375341634743286,0.0301122082876917,0.0386546910302085,0.011501869418377,0,0.0108093748005187,0.0176149763688663,0.0304557545769932,0.0168685181764966,0.0152862168723777,0.0413623600760958,0.0102601462146477,0.0363332765040918,0.00583500551601545,0.0168286082711309,0,0.0267529533133455,0,0.0184854541553177,0,0,0,0.0129354804424881,0,0.0361927694954595,0.0266278646069436,0.00825496796802059,0.0418597481811419,0,0,0,0,0.000710114778385021,0.0236396442524982,0,0,0.000257769707856898,0.0064901224280803,0,0.0166848518608874,0.00477214341738084,0.00116556050880279,0.0121351716584569
