0,0.0262903387218813,0.111611434797881,0.0845667317493811,0.12362490066151,0.00347765032197544,0.0612695014405025,0,0.0718730271403935,0.0981128734866392,0,0.130196723854139,0.00241538581496592,0,0.0197573542562416,0,0.041370982617059,0.0729865647620069,0.0239771672915023,0.0177346153019964,0.0636008519821686,0.064788281299405,0.0116522305728137,0.101290457665833,0.058738688932631,0.0615416244766443,0.0235030336527714,0.100083800752524,0,0.0756754478892499,0,0.056061548589889,0.0628452738599273,0.0570385925193107,0.0739581616151978,0.0962406507902795,0.0690817166991377,0.0634065121891952,0.0266195379941384,0,0.0771216232828128,0.110069214263428,0.026433572887772,0.0736531940682019,0.0119392851766172,0.0646356644655849,0.0279300801709753,0.079583479679681,0.0769471129139888,0.072680003126309,0.0776850166433971,0.0616720176038648,0.0888266659095556,0.0292647092990922,0.0884514241883134,0.0199620461363258,0.00934367857891572,0.0529825942404657,0.0844981153460968,0.0906435190312107,0.104459702745927,0.0844178394192819,0.095686692348508,0.0811789580002156,0.0963272396300104,0.0964234647765799,0,0,0.094453248911222,0.0982288536112507,0.0779207390797163,0.0905517581370854,0.0190031184134107,0,0.0489850655400432,0.132665557383494,0.130473548408357,0.0128675337853805,0.0214026882994735,0.0450425022141925,0.0409683807342163,0.00596180466936808,0.0465173515497324,0.0222107902685965,0,0.075024563393341,0.0226972117664319,0.0528039453028009,0.0924622379026726,0.122187210804517,0.0473405552151912,0.0362443453338673,0.0553473049159657,0.0993260764123672,0.0547876672021304,0.0315472099574507,0.0204474399684757,0.00424675429330671,0,0.0940941010546587,0.0335561800136954,0.0694299941555818,0.00812962098025288,0.09419845305424,0.118028551729767,0.0477911605537505,0.0645079427912194,0.0742560891045314,0.0622358342056028,0.0868130089112184,0.0442415100663999
0.0262903387218813,0,0.0356571539735317,0.0144099904976325,0.0226584112830691,0.0124728510460455,0.023956588054709,0.0290546623179322,0.0226214326150224,0.025290742555354,0.00178720592026443,0.0242267108375419,0,0.00942922549632807,0,0,0,0.0025106466880836,0,0,0,0,0.00215939168451162,0.00583087895290362,0.0152149314302063,0.0154911605221207,0.00455879956306467,0.0113987004636588,0,0.00975074065549328,0.00943189087634064,0.00745347539043874,0.00925251125755341,0.00104402722113171,0,0.0282514505234175,0.00470684831862139,0.0212287275050102,0,0.00490947414768059,0.0198412579911019,0,0.0138968769867086,0.0464552594217044,0.00981433253310767,0.0202883266108522,0.0103534853257719,0.00596185041311208,0.0150846793995681,0.0226425962309604,0,0.00991185290137831,0.0110424189308828,0.00458983063048879,0.0166326120622292,0,0.00719227069995854,0.0223736975678661,0,0,0.00355393610238076,0.00304039992235281,0,0,0,0,0.00560555857930649,0,0.00722035806790961,0.000311032293374905,0.0229540011584186,0.0207462207506627,0.0125817652553871,0.00514311921179206,0.00624964971004045,0.00547788899172886,0.0111327030280861,0.0433154988630174,0.00113747926687894,0.0289844641084553,0.0227988153824586,0.00772813516184005,0.0112505068159889,0.0172229726510757,0.0229968570315593,0.015666361244676,0.00283320812384374,0.00467793874687437,0.00612534796189285,0,0.010758898584691,0.000879331866192592,0.0124457782865021,0.0101479975365802,0.00613087971033049,0,0.0218488209435016,0.00765258161205155,0.0121526106044056,0.0275503382214163,0.0168069954873051,0.0305827300089016,0.0262980914674725,0.0183661047005644,0.0335311436095345,0.0310828729170317,0.00608713745099964,0.0380868829753754,0.00645536278603603,0.0310720498255334,0
0.111611434797881,0.0356571539735317,0,0.04909842818268,0.0798863272184221,0.0287677530814044,0.0386951514245024,0.0343837490625916,0.0378520955682944,0.054424736543921,0.0226094736741749,0.0504561589746005,0.0111938445710614,0.0124424969250548,0,0.00941745363281678,0.0252978885451594,0.0520000192608905,0.0203386350778551,0,0.0390886223244652,0.0573325179609847,0,0.0661595421318274,0.0196492445732427,0.0364915228507615,0.0072957370826519,0.0417604079572295,0,0.0377642105669849,0.000906411541880689,0.0323325078544641,0.0519287305339394,0.028067196561117,0.0508226958363075,0.028549454091278,0.0405799966955267,0.0371630259367006,0.0344735533993522,0.00771164079994769,0.0183645490879667,0.081561849447616,0.0276460274677449,0,0.00149791993557505,0.0293245722891512,0.0225478912318118,0.0501386814407125,0.0109997308929764,0,0.0487974118724051,0.0225586795729507,0.0541005057749137,0.00609475245148174,0.0608388165849691,0.0313003631608142,0,0.0223710224950636,0.0657139048930317,0.0574391463842395,0.0625066387774903,0.0349503227113406,0.0400764798066204,0.0567543846098259,0.0636125321727884,0.0609590816825756,0,0.0267520503519327,0.0286144355295118,0.0402440544117961,0.0340383489125155,0.052365733726222,0,0.0334925086130183,0.00977960136792866,0.0691453658860581,0.0653412321217273,0.014260943834737,0,0.0209614319671556,0.011556404880558,0.0111821667957726,0.0109710206634136,0.00138778424279511,0.0727017844317256,0.0428398920722547,0,0,0.0662310913113831,0.0649799517490249,0,0,0.027159130247804,0,0.0181835145743981,0.0259828126411832,0.0037960613059404,0.0131825426991661,0,0.0492904128001462,0.0786754883803795,0.0685585330965874,0.0186906129158844,0,0.0435810275162428,0.0342670266488952,0.046395292128155,0.0662826404271311,0.00252863333110973,0.0247842336832946,0.0705174002806211
0.0845667317493811,0.0144099904976325,0.04909842818268,0,0.0153039741687689,0.0156584761942614,0.0117014061982084,0.0284922477458426,0.0125168392578869,0.0192825521327454,0.00785656670799712,0.00242045177650274,0,0.00433937962195974,0,0,0.00903057654400006,0.0136968700842343,0,0,0.010176196554538,0.00267424737669003,0,0,0,0.00041057688383731,0,0.00405380769038565,0,0.00573019598316293,0,0.00977599335655449,0.0385914924226434,0.00309112706192242,0.00736349529751833,0.0065809646642718,0.00796721522687512,0.0123037592662409,0.00887122854371803,0.00147088130919916,0,0.0285713838177907,0.0104377407464224,0.0101678915279603,0,0.00400563254714611,0,0.0262475251729306,0,0,0.0121506543393627,0.00264843610516522,0.0204150243655768,0,0.027299086914254,0.00344211189204108,0.00515967733608192,0.00860832746154779,0.0178454579561529,0.0143486932408901,0.0115984357442845,0.00227750337647094,0,0.012935941309964,0.0147775428612066,0.017711603151189,0,0.00169070482435244,0,0,0.01459335291714,0.0209414831821073,0,0.0143190352354553,0,0.00531282103545359,0.0154758147476791,0.026520071892343,0,0.014786052570724,0.000822302797164378,0.00483868652644516,0,0,0.0550586677287556,0.0171154978965125,0,0.00807164880309849,0.0444335576269444,0.0179544506494687,0,0,0.0207676730967675,0.00392390637472886,0.000825744091035903,0.0273144265224265,0.00311302488995599,0.0094366950297456,0,0,0.0806399172289352,0.0724268675522212,0.0253628554510064,0.0210337192615724,0.0418353585696508,0.0622012149502134,0.01429556756639,0.0955791499710599,0.0113038210405193,0.0692799150655853,0.0273323471699565
0.12362490066151,0.0226584112830691,0.0798863272184221,0.0153039741687689,0,0.0107341435028318,0.00260674486914612,0.0378454955114145,0.00290020115150404,0.020326543427141,0.00753097868450708,0.000706605948751735,0,0.00523005454972175,0,0,0.00630366588199606,0.00835111468936344,0,0,0.0057687606973579,0.00311189426922179,0,0.000946676520425817,0,0.00305836305928631,0,0,0,0,0,0,0.0193077712850979,0,0.0140844112196548,0,0.0149401053714862,0.0091137864370231,0.0177709845905604,0,0,0.047065797980424,0.00651191276595305,0.005389808278348,0,0.00726806255361434,0,0.00799040981304502,0,0.00195848187317094,0.0077185265527147,0.00353567963510641,0.0317021440713405,0,0.0119628751865235,0,0.00402786540620223,0,0.0143042060503689,0.00848142802773935,0.010135972993084,0.00669791766374397,0,0.0112571680901918,0.0141594340846055,0.0194952254209593,0,0.00794549296974519,0,0,0.00665352706725273,0.0120404056062974,0,0.00881852678735923,0,0.0157082644888464,0.0182371824995966,0.0227083440107562,0,0.00759192329281331,0,0,0,0,0.0635430528413016,0.00459681671938329,0,0.00821221304009335,0.0527074294701193,0.0265552677510301,0,0,0.0180132962468826,0.00230645085199662,0.0062534069498816,0.0267260410149254,0,0.0150782906982014,0,0.0112412813964455,0.0661780915409737,0.0947064323460404,0.0335877318752707,0.0257827729107294,0.0680856286262237,0.0643300507855284,0.0020823611862428,0.102345090978239,0.0278228201139933,0.0355146423695001,0.039855849376394
0.00347765032197544,0.0124728510460455,0.0287677530814044,0.0156584761942614,0.0107341435028318,0,0.0124741491824002,0.0101649105334737,0.0124115585723959,0.0133024508301125,0.0197511559366919,0.0123675303864182,0.011507408048373,0.00560092437936988,0,0,0.00754658799600359,0.00858838344634623,0,0,0.00746871493123171,0.00285784728050493,0.00384212814075725,0.005585864004422,0.00944968538779012,0.00766472207826323,0.0140635502595581,0.016898925071261,0.00983381549814652,0.00956424620643893,0,0.0097818780218642,0.00831923379155704,0.00812747285065883,0,0.0166678420148977,0.000619618694918948,0.0082187977787668,0,0.0104795084605423,0.0158423394385373,0.000497854685174533,0.0066149806732122,0.00488108898210589,0.0239389228836672,0.0134699727964717,0.0213784856772561,0.00916238493905634,0.0292775302300785,0.033605134428782,0.00612072700817323,0.0178830146718261,0,0.0140268544986517,0.0118634010052169,0,0,0.0091536250851652,0.00620682180706998,0.0010456693164708,0.000572470192431257,0,0,0,5.24132622401763e-05,0,0,0.0148312439614336,0.00446315418667176,0,0.00895147183044581,0.00668246676751881,0.0213479675659532,0,0,0,0.00142766036863364,0.0400811563204713,0.0366893067418033,0.00692858423410457,0.0206446002202171,0.0142051763497083,0.0121097530620915,0.0430726052343629,0.00642215160593353,0.0123084132387991,0.0507812467209051,0.0536393814530332,0.00544008636369073,0,0.0376025471039056,0.0487350699609697,0.0148020809012398,0.00110607285564943,0.00172960931330165,0.0474779324876867,0.0241121486489356,0.0253957741772735,0.00266191974463699,0.0170366008983946,0.0117536139596567,0.0396677847179163,0.0167568325583494,0.0216780443047579,0.0262182243892071,0.0291427707173911,0.0155165203043869,0.0309522312969446,0.0256243774142853,0.0215905537812233,0
0.0612695014405025,0.023956588054709,0.0386951514245024,0.0117014061982084,0.00260674486914612,0.0124741491824002,0,0.0355459304856221,0,0.0137947924305999,0.000648383796374735,0.00305882998193698,0,0.0143722649481556,0,0,0.0148635108102582,0,0,0,0,0,0.00678612622760926,0,0.00426120064693035,0.012664885435454,0,0.0101401362295093,0,0.00892798080760496,0,0.0212598546966603,0.0134435024628199,0.0106233217212561,0,0.00507215954619742,0,0.0255974635709532,0,0.00748033198765817,0.00187394466749942,0,0,0.0343573767860869,0,0.0311992641106002,0,0.0164603532576594,0.00760598534611438,0.00310788079348939,0.0163833326665548,0.01590169150787,0.00717119836333755,0,0.00214752368762118,0,0.00438255392937871,0.00163798788460852,0.00466666232806617,0.000612721851941455,0,0,0,0.000499061949014725,0,0,0,0,0,0,0.0423683713276726,0.0120823599523864,0.00647347535429446,0.0039483246286398,0,0,0.00076071045139774,0.0448570760565779,0,0.031915030160297,0.0111083707899231,0,0,0.0169723158600729,0.0511265471158167,0.00556474397671694,0.00669772357823203,0.0219981175411618,0.0138201800011515,0,0.0184578012772418,0.00430192439177074,0.0243872107948177,0.00639763522413083,0.000539726047909401,0.0262724491744448,0.010330901456482,0.00332758753094815,0.000552376276992859,0.012091487178916,0.0563102775140875,0.0629674668303164,0.0326860532979556,0.0186653862864367,0.0323185536905425,0.0581218120989403,0.0160184797924428,0.0807689614387027,0.00756036232500795,0.0425244409758241,0.00552466591034572
0,0.0290546623179322,0.0343837490625916,0.0284922477458426,0.0378454955114145,0.0101649105334737,0.0355459304856221,0,0.0385047386144947,0.0384203313048542,0.00792830577356104,0.0435628216324576,0.00611507115446738,0.000516720570000471,0,0,0.0182579618108452,0.0240044358760975,0.00971905681034971,0.00695595824083072,0.0153704542189573,0.0135492168323759,0,0.0257386233212436,0.0417713998251452,0.0248442955534669,0.0129950975395388,0.0304764215023604,0,0.0337171068863328,0,0.0219386081985906,0.0202297221840181,0.025688265362865,0.00362293410689179,0.0457133880781513,0.0178905581293708,0.032318454425233,0,0.0066531639681064,0.0372679561062899,0.0245706071501198,0.013311729142979,0.0448923089802806,0.0112987962860266,0.035038449961779,0.0137198053008424,0.0250778308967791,0.0399060597666272,0.035100364441434,0.0333616367187933,0.025362782991207,0.0195194906234726,0.019760991538791,0.0315701071854177,0,0.00473002220485736,0.0203562355295549,0.0321069309011135,0.0207669209985091,0.0292050607193112,0.0194765080107536,0.020637478791126,0.00462785101947965,0.0221925706031842,0.0204500146917754,0.0130933566353853,0,0.0295678871638176,0.0205430477108854,0.0442025503346316,0.0353088573182927,0.01261618578375,0,0.00185495842296848,0.0423215706196304,0.0381131569576478,0.0349156100087275,0.0222226949238036,0.0255033167235646,0.0284013386212043,0,0.0212807623656176,0.0219897420832851,0.0208791042251862,0.0306222220439261,0.016851676357987,0.0289294429529463,0.0250639045644565,0.0208535819744996,0.028982915721404,0.0212830805417857,0.0227230748141835,0.0304217269304036,0.0232595779713287,0.0190627275138992,0.0144084619256626,0.00487305663736786,0.00784053320831659,0.0398469142091505,0.0100028502097449,0.0203026352725523,0.00526375056061453,0.0210452484210256,0.0370132973845752,0.0240922448502866,0.0325106463814127,0.0229591888473509,0.00655005668079514,0.0363862538803493,0
0.0718730271403935,0.0226214326150224,0.0378520955682944,0.0125168392578869,0.00290020115150404,0.0124115585723959,0,0.0385047386144947,0,0.00706385978187929,0.000486153125516036,0.00261071274863881,0,0.0106977628256902,0,0,0.0299719925976867,0,0,0,0.00292137620171252,0,0.00612767286213652,0,0,0.00108382590773128,0,0.0177521993509421,0,0.00424872304291527,0,0.0238239327557544,0.0222003110731848,0.00210336401528038,0,0.0132386245275725,0,0.00731587633675392,0,0.00632973161740826,0.00353828048582573,0,0,0.020989448815468,0,0.00742182817521213,0,0.010975873826543,0.00866200649960731,0.0102001907586137,0.00424147716964876,0.0213591502312689,0.00247053587951137,0,0,0,0.00701482951605052,0,0.00579691241950388,0.000695092761707572,0,0,0,0.000527934483103466,0,0,0,0,0,0,0.0362458878276131,0.00872935802210915,0,0.00148977066958398,0,0,0,0.0342707784939227,0,0.0258686130270295,0.0122629457308444,0,0,0.000890532689122478,0.0545047423836103,0.000987500650794023,0.00210868477065541,0.0178047219173428,0.0170876949152667,0,0.014995468122147,0.00278386108674467,0.0203666505322156,0.00622470933574206,0,0.0275881782751879,0,0.00983782929679981,0,0.011680972907556,0.0609804733714733,0.0601208173332638,0.0378359715839758,0.0205024446754507,0.0314122548189442,0.056265412784066,0.00187685045896004,0.0690300953590349,0.00724506122672762,0.0344648842245668,0.00666350623853305
0.0981128734866392,0.025290742555354,0.054424736543921,0.0192825521327454,0.020326543427141,0.0133024508301125,0.0137947924305999,0.0384203313048542,0.00706385978187929,0,0.000899157907899556,0.0126549099187332,0,0.00581535625766822,0,0,0.00703618952091501,0.0283112455224106,0.00510138247988824,0,0.0130042492288932,0.0146641856716243,0,0.00561295511330923,0,0,0,0.0111465668958902,0.000128906295621201,0.0136941060834757,0,0.00489734244088237,0.0257160892628473,0.00731630334864716,0.0158512937873518,0.0220894836344832,0.0275902158953313,0.0111472043325262,0.02108260067779,0,0,0.0493811830675952,0.0128992652041386,0,0.000250954571279127,0,0,0.0222713977385154,0.0014997117506546,0.00655731947452306,0.0161360008648894,0.008854423867594,0.0143121741925998,0,0.0233047325019641,0.00672053380773417,0.00781442489915552,0,0.0129258624746274,0.0194369077145833,0.0290115076185784,0.00482228636313929,0.00893430990109598,0.0177237938395896,0.0312997314676915,0.0390378690750096,0,0.00488720379040073,0.00308076238032797,0,0,0.0148665994173705,0,0.0130850330702795,0,0.0108037506597872,0.0172242974916669,0.0280591591022366,0,0,0,0,0,0,0.0579223771285211,0.012344283760228,0,0.00782097028768434,0.0489305213008824,0.0221780637130872,0,0,0.00861340870268435,0.00685009459556199,0.0039631327692676,0.0242072550922606,0.00358033934505637,0.00626432694368549,0,0.0210440017653933,0.0718555866712985,0.0717205742547699,0.0326795851290109,0.0219629559141132,0.0484124747264049,0.0584183684669789,0.0149423135930334,0.0805855606278516,0.00901894757379845,0.0354228737847259,0.0318290158986942
0,0.00178720592026443,0.0226094736741749,0.00785656670799712,0.00753097868450708,0.0197511559366919,0.000648383796374735,0.00792830577356104,0.000486153125516036,0.000899157907899556,0,0.0104320978873883,0.00793177553520389,0.000715915944111804,0,0,0.00778552693225083,0,0,0.00612545244802352,0,0,0.00133967526603892,0,0,0.000946735060795375,0,0.00520021803281783,0.00329160112849334,0,0.000156196948367295,0.00142474401886413,3.36392796642544e-05,0,0,0.000113117802690106,0,0.00513162639238939,0.0113036730832033,0.02990052032723,0.00420824911035414,0.00645745642843374,0.00404828012991576,0.00506203346220435,0.0423547494376263,0.00616916773209421,0,0.00852380720913733,0.0230583339527853,0.0283587154290924,0.00389748069598554,0.00650421235062778,0.005487351028671,0,0.00742834084099662,0.000753420993002453,0,0,0.00619077889285882,0.0107416536198326,0.00925039465247508,0.00153789694365609,0.00912140591832448,0.0148753994409888,0.0110412755207148,0.00601886603313849,0,0.00602926130032634,0.00475322121228893,0.00148124956629171,0,0,0.0368339048790793,0.00471585157463287,0.0230301235355969,0.00270956196779958,0.00152820958789361,0.00288523559297976,0.0073304217651188,0.00203023501005683,0.00435907450411347,0,0,0.00815052527062083,0,0.00130257319608941,0.0065449424597484,0.019219401614953,0,0.00194272620796994,0.00444097525826557,0.0106111515039023,0,0.0140663526163552,0,0.00863946351452899,0,0,0.00472241332487365,0.00489337363930884,0.00312238516905474,0.0118320758757606,0.0180057830497454,0.0311243177456787,0.0198228383142788,0,0.000902704345877879,0.00993731060009184,0.0109244230872009,0.00622994572701895,0
0.130196723854139,0.0242267108375419,0.0504561589746005,0.00242045177650274,0.000706605948751735,0.0123675303864182,0.00305882998193698,0.0435628216324576,0.00261071274863881,0.0126549099187332,0.0104320978873883,0,0.0129490321539296,0.0119465565529435,0.00308602601602152,0.0063283292693308,0.0064280055074255,0.00633798250537233,0.0115400984712795,0.00515138344418544,0.00241992489359502,0.00713627841698502,0,0.0126740927073414,0.0108567649871177,0.00403273843226971,0,0,0.00335842118262616,0.00327116521805746,0.0030233228297487,0,0.00883406800908462,0.000491954165345659,0.020428881537949,0,0.00536732422667718,0.0101903671372112,0.0202825264114051,0.0108823519314397,0,0.0164457547728101,0.0088098555927343,0,0.017317062594638,0.00807573447971476,0,0.00696591745011253,0.00533434047095369,0.0142321185253153,0.00685264017069142,0,0.0194388557457641,0,0.00720826730905415,0.0146450332991232,0,0.00173035314642966,0.0217258601352939,0.00684628786974478,0.00493256535107696,0.0124569576218453,0,0.00355829282078059,0.00565154020384644,0.00620848842561705,0,0.0409356265841659,0.0012366500796234,0.0275078312241368,0.00523881205265665,0.0124911305125877,0.00199700990113314,0.028961581796666,0,0.0313694465434484,0.0223432355552663,0.00846440518513321,0,0.00364880302501921,0,0.00193059804871272,0,0,0.0660465185157405,0.00480842717741215,0.00680982646385215,0.00832778913604997,0.0244112636387552,0.0112629465320558,0.00126262964544673,0.0061125302241574,0.0249671382243321,0,0.0175794359710284,0.0354925947781747,0,0.0279180461415334,0.00125884482891544,0.00275220403477574,0.0290594850357601,0.0826290875829838,0.0379201662065724,0.0134360499027761,0.0249080268554469,0.0343975834253552,0.00512420862013244,0.0611304104567845,0.0218399707569837,0.00318075378640629,0.0695309529906597
0.00241538581496592,0,0.0111938445710614,0,0,0.011507408048373,0,0.00611507115446738,0,0,0.00793177553520389,0.0129490321539296,0,0,0.0186652771892385,0,0,0,0.0122729122024561,0.0423794237683076,0,0.0152325155262715,0,0.0100246498222643,0,0,0,0,0.00519836237958046,0,0.0022367306181551,0,0,0,0,0,0,0,0.0173886465535812,0.0260595230567409,0,0,0,0,0.0353594129114624,0,0,0,0.013445482540936,0.0197757853583969,0,0,0,0,0,0.00115679091800793,0,0,0,0,0,0,0,0,0,0,0,0.0303916447223433,0,0.00953681910874426,0,0,0.0641382433364532,0.0203193128792354,0.0180187970752371,0,0,0.0137836494054918,0.0115955577325723,0,0,0,0,0.0197587027678972,0.00832088277981949,0,0.0363384262877666,0.022803489489533,0,0,0.0040790042488405,0.0244558722182875,0.00778027317927735,0.0084911269852281,0.00223529280625091,0.0335835231538559,0.00669998671461501,0.0311989019708166,0.0266394528818409,0,0,0.0153464547020377,0.00585544306565828,0.0131782948398908,0.00655150351587345,0,0,0,0,0,0
0,0.00942922549632807,0.0124424969250548,0.00433937962195974,0.00523005454972175,0.00560092437936988,0.0143722649481556,0.000516720570000471,0.0106977628256902,0.00581535625766822,0.000715915944111804,0.0119465565529435,0,0,0,0,0,0,0,0,0,0,0.00394061596311162,0,0.0111083332038266,0.00134370108929536,0.00337032204714063,0.00934701221545929,0,0.00397790160753658,0,0,0,0.000973135845434354,0,0.022146993898335,0,0.0018315236277768,0,0.00540525593293208,0.0175285445675718,0,0,0.0286144756483258,0.0141305285688577,0.0031196553618193,0.00368309341447192,0.00216835965521198,0.0312540052653023,0.0290781538440467,0.00317566225422937,0.00891833525040167,0,0.00303729223570248,0.00192259120665991,0,0.00705610076026178,0,0.00668174069445503,0.00103161534393887,0.00343317835378359,0,0,0,0,0,0.00582590424769451,0,0,0,0.0038324356448571,0,0.0099462979230308,0,0,0.00058402889175502,0,0.066499767874595,0.0281397485716034,0.0014686962962896,0.00860863169516123,0,0.00820952483704905,0.020547997351779,0.0241454686838265,0,0.0159057128840396,0.0242373800144881,0,0,0.0255753932705912,0.0220618532477465,0.00350000185493208,0.0146182807424462,0,0.01936886737765,0.00534683294458949,0.00692900953941205,0.00494425793880127,0.0157365011776424,0.0104664745740539,0.023796662914862,0.00639302479308815,0.00393013268864293,0.0139417174386271,0.0261619090993527,0.0119047633381686,0.0202118330553157,0,0.01453113425389,0
0.0197573542562416,0,0,0,0,0,0,0,0,0,0,0.00308602601602152,0.0186652771892385,0,0,0.0207372331016447,0,0,0.00473182766921523,0,0,0,0,0,0,0,0,0,0.00478598771087799,0,0,0,0,0,0,0,0,0,0,0,0,0,0,0,0.0139694322237119,0,0.00247353184948443,0,0.00320408944425491,0.00693075720509903,0,0,0,0,0,0.00430698007400142,0,0,0,0,0,0,0,0,0,0,0,0,0,0.00713976806995131,0,0,0.0100418418098234,0.0092098178165108,0.0249740006293966,0.000267339705642268,0,0,0,0,0,0,0,0,0.0189898570242938,0,0,0,0,0,0,0,0,0.0333009489680346,0,0.00878458285233454,0.00703773135239222,0,0,0,0,0.0189986923486566,0.00998168903047387,0,0,0,0,0.00594688765121288,0,0,0.00377786364749896
0,0,0.00941745363281678,0,0,0,0,0,0,0,0,0.0063283292693308,0,0,0.0207372331016447,0,0,0,0.0114740791717653,0.00786737836745601,0,0.00247176946713814,0,0.00345667277710375,0,0,0,0,0,0,0,0,0,0,0.000560018028666958,0,0,0,0,0.00373296792951249,0,0,0,0,0,0,0,0,0,0,0,0,0.00264032229247702,0,0,0,0,0,0,0,0,0,0,0,0,0,0.000526247746589597,0.0174662752221641,0,0,0,0,0.0279588869919512,0.000802399025597404,0,0,0,0,0,0,0,0.00300205036443855,0,0,0,0,0,0,0,0,0,0,0.00558010171007678,0,0,0,0,0,0.000204555378088143,0.0014226876289528,0,0.00251679050389147,0,0,0.00467098892420349,0,0,0.00288570355618062,0,0,0
0.041370982617059,0,0.0252978885451594,0.00903057654400006,0.00630366588199606,0.00754658799600359,0.0148635108102582,0.0182579618108452,0.0299719925976867,0.00703618952091501,0.00778552693225083,0.0064280055074255,0,0,0,0,0,0.00707790499189298,0,0,0.00521475734532749,0,0,0.00425267594829526,0.00829469515245187,0,0.00253217360386215,0.0146709816149178,0,0,0,0.00398245173652851,0.00688509234452722,0.0060593116265872,0,0.0152442585417818,0.00685727083663105,0.0127436361800652,0,0.0102719635425705,0.00443210077937482,0,0.013726204003397,0.0195733620005763,0,0.0172822321281077,0.0092596878722844,0,0.0106380043427511,0.0157181899758097,0,0.0115558820740016,0,0.0108527096194574,0.00155936074081286,0,0.0127901808062764,0.00972315534681488,0,0,0,0,0,0,0,0,0.0028434235551366,0,0.00208060149428485,0,0.0131398281063267,0.0127044476798286,0.00711982701138907,0,0,0,0,0.0359734346491841,0.0104376065001398,0.0271495963425516,0.00873079150562185,0.00644652128213836,0.0136709291889769,0.00989350934653803,0.0492792501884347,0.0097478252114936,0.0218080458022075,0.0355308297271386,0.00303753770121187,0,0.029870271636831,0.0247353466287055,0.0137196764671202,0.020353979434286,0,0.0400544755271674,0.00529984369111763,0.0235349060705913,0,0.0198170985987231,0.0209511376220359,0.0458489527854053,0.0162877244958259,0.0207450260568746,0.0246113928754054,0.0435241742935709,0.00818413786571037,0.0430034305769182,0.0105160354894826,0.0272423670527452,0
0.0729865647620069,0.0025106466880836,0.0520000192608905,0.0136968700842343,0.00835111468936344,0.00858838344634623,0,0.0240044358760975,0,0.0283112455224106,0,0.00633798250537233,0,0,0,0,0.00707790499189298,0,0,0,0,0,0,0,2.57678541119698e-05,0,0,0.0131156163288309,0,0,0,0,0,0,0.00330474254776585,0.00755420246809951,0,0.0242297910017757,0,0.0117669609793114,0,0,0,0.0334172951297932,0,0.0120333155456854,0.00225384720338926,0,0,0.00345180873908235,0,0.00197990582780898,0.0161944487192336,0,0.00326159981375234,0,0.00869242593456658,0.00408284059192634,0,0,0,0,0,0,0,0,0,0.0011776858335555,0,0,0.0193341008667231,0.0158941285938441,0.0177813684868288,0,0,0,0.00714432347805727,0.0429003663059332,0.00459307146499502,0.0208921897336899,0.0191431384736933,0,0,0.0256453258356871,0.0640370613370271,0.0057415822325579,0.016806693745935,0.0335161755355193,0.0288054254352229,0,0.0179781586779945,0.00896303674721424,0.0469657855744642,0.0138170026928578,0.0105132621998954,0.0375629330091704,0.0242490898370288,0.0173396989720563,0,0.0252486537068866,0.0563515204334558,0.0627187464482338,0.027144355295991,0.0265409606786876,0.0441279041649935,0.0575264419119049,0,0.0829836138516553,0.0129603866626046,0.0461540271595827,0.0119286174259195
0.0239771672915023,0,0.0203386350778551,0,0,0,0,0.00971905681034971,0,0.00510138247988824,0,0.0115400984712795,0.0122729122024561,0,0.00473182766921523,0.0114740791717653,0,0,0,0.0112727961233349,0,0,0,0,0,0,0,0,0,0,0,0,0,0,0,0,0,0,0,0.00231646932400204,0,0,0,0,0,0,0,0,0,0,0,0,0,0,0,0,0,0,0,0,0,0,0,0,0,0,0.00742969932480226,0,0,0,0,0,0.0282367884724451,0,0,0,0,0.00897875978956337,0,0,0.00556759176623738,0,0,0.0120157064838794,0.0140988067730439,0,0.00306126052692009,0.00016514423093571,0,0,0,0,0.0234846463526801,0.00743359477044433,0,0.00994749437365128,0.0152692081465321,0.00991837370380137,0,0,0,0.0108018623752879,0.0144543644443998,0.00328720052109266,0.0105834713641486,0,0,0.0119036471012172,0,0,0
0.0177346153019964,0,0,0,0,0,0,0.00695595824083072,0,0,0.00612545244802352,0.00515138344418544,0.0423794237683076,0,0,0.00786737836745601,0,0,0.0112727961233349,0,0,0,0,0.000545560741729409,0,0,0,0,0.00604254728991119,0,0,0,0,0,0,0.00831628253799904,0,0,0,0.00489487371923724,0,0,0,0.000934180046629334,0.0194036477753215,0,0,0,0.0114449837533163,0.0122716790915629,0,0,0,0,0,0.00658622993355245,0,0,0.00209122478189532,0,0,0,0,0,0,0,1.40134095886352e-05,0.0138234182081804,0,0.00900224255848031,0,0,0.0115324924283087,0.00485700193660727,0,0.00550998676408723,0,0,0.00176184436230495,0,0,0,0,0,0.0208825011834576,0,0.00248487643989616,0.000840835303936499,0,0,0,0.0027732987139948,0,0.0152117814020686,0,0.013234646655564,0,0.00278566956046463,0,0,0,0.0146773342157299,0.0094568296101367,0,0,0.00137746369731014,0,0.00680060578610503,0.00513028007547616,0,0.00491135104538219
0.0636008519821686,0,0.0390886223244652,0.010176196554538,0.0057687606973579,0.00746871493123171,0,0.0153704542189573,0.00292137620171252,0.0130042492288932,0,0.00241992489359502,0,0,0,0,0.00521475734532749,0,0,0,0,0,0,0,0,0,0,0.0192789194157119,0,0,0,0,0,0,0,0.013585516091603,0,0.000503486337180739,0,0.00921704071699288,0,0,0,0.021361313046672,0,0.010175190160006,0.00216296129508508,0,0,0.00363481621065946,0,0.00858923954260162,0.00205331071853106,0,0,0,0.00224329186887393,0.0135439182367198,0,0,0,0,0,0,0,0,0,0,0,0,0.0195967052279259,0.0133484515983949,0.000852179067213918,0,0,0,0.00144867209065248,0.0120811125829662,0,0.0192205290733723,0.020290530948048,0,0,0.00299705340067104,0.0444476138476464,0.00812449010089673,0.0106869886514404,0.023875656442174,0.0123085257585098,0,0.0166583895178564,0.00998669736760053,0.0368377576311359,0.0137103186816302,0.00241134892761373,0.0354673255018543,0.00606184538229338,0.0156532902672987,0,0.0127156977829725,0.0201204723957287,0.0564590823405941,0.0257219054963804,0.028663536397236,0.0322303183464134,0.0486096632826507,0,0.0621225380162929,0.0225784867740709,0.0401895061688586,0.000980514528845387
0.064788281299405,0,0.0573325179609847,0.00267424737669003,0.00311189426922179,0.00285784728050493,0,0.0135492168323759,0,0.0146641856716243,0,0.00713627841698502,0.0152325155262715,0,0,0.00247176946713814,0,0,0,0,0,0,0,0.00545996897041598,0,0,0,0.00267338015329655,0,0,0.00142642482805776,0,0,0,0.0051558662913666,0,0,0.000828101966422169,0,0.0142016821517393,0,0,0,0.0103418562115763,0,0.00242368151398944,0,0,0,0,0,0,0.00470008086996709,0,0,0,0,0,0,0,0,0,0,0,0,0,0,0,0,0,0.00760282786902391,0.00983914467407244,0.00690505039163278,0.00269759559032658,0,0,0.000118390896010045,0,0,0.0135734945584846,0.00775884381218999,0.0026450368379791,0,0,0.049903593324371,0,0.000846086219681701,0.00846947477688233,0.00670555414411034,0,0,0,0.0468910594131737,0.0131804121973808,0,0.0286337557575192,0,0.000871085254888201,0,0,0,0.0686121761623699,0.0264836157107001,0.0343058843685697,0.0377206428970936,0.0412695431986007,0,0.0732575742154563,0.0234153199862011,0.01627276247316,0.0118640571399358
0.0116522305728137,0.00215939168451162,0,0,0,0.00384212814075725,0.00678612622760926,0,0.00612767286213652,0,0.00133967526603892,0,0,0.00394061596311162,0,0,0,0,0,0,0,0,0,0,0,0,0.00349112723537142,0,0,0,0,0,0.00552747344811856,0.00136222099749827,0,0.000381672168187807,0,0,0.00219753342301125,0.0072075115763311,0,0,0.00722390506017835,0.0149332175705194,0.00624994155200661,0,0.0067616588700709,0,0.00603291041938574,0.00296964579036829,0,0.000358569120823606,0,0,0,0,0.00685488679518355,0.00423082869119183,0,0,0,0,0,5.21503889130825e-05,0,9.59055495221295e-07,0,0,0,0,0,0,0.000456081819726938,0.00983341730059033,0,0,0,0.055389327150364,0.0105246105611248,0,0,0.0105572245817064,0.00629529379090506,0.0118972413588542,0.0176671515005715,0,0.00524761582277892,0.00349361261204856,0,0,0.00877425164009863,0.0109306181865127,0,0.00140481327796406,0,0.0104205260968423,0.00115438662313366,0.00221181544597284,0.00998762057259863,0.00190981679770623,0.028937997672983,0.0209935358279532,0,0,0,0.0238117714710916,0.000529737115491733,0.0149557332328614,0,0.000197779839491489,0
0.101290457665833,0.00583087895290362,0.0661595421318274,0,0.000946676520425817,0.005585864004422,0,0.0257386233212436,0,0.00561295511330923,0,0.0126740927073414,0.0100246498222643,0,0,0.00345667277710375,0.00425267594829526,0,0,0.000545560741729409,0,0.00545996897041598,0,0,0,0,0,0,0,0,0,0,0,0,0.0124774883140226,0.000199870833736291,0,0,0.0168189576339624,0.00598677393342178,0,0,0,0.00844020267637783,0,0,0,0,0,0,0,0,0.00724558545814255,0,0,0,0,0,0,0,0,0.00153166520586494,0,0,0,0,0,0.00174802094687717,0,0,0,0.000453179869695355,0,0.00194261687441205,0,0,0.00790850839350529,0.00528677390598554,0,0,0,0,0,0,0.0604338752565608,0,0.00342181798926179,0.00778712993313039,0.00669671443587424,0,0,0,0.0388744430202827,0.0140806469894259,0,0.0315428670125264,0.0077150851518978,0.00356056829188346,0,0,0.0180290480870705,0.07015312205632,0.0342659423912546,0.0322681993293091,0.0432886730579231,0.0375866753008276,0,0.0709151931996042,0.0207302288012127,0.00546015962956282,0.018151982077944
0.058738688932631,0.0152149314302063,0.0196492445732427,0,0,0.00944968538779012,0.00426120064693035,0.0417713998251452,0,0,0,0.0108567649871177,0,0.0111083332038266,0,0,0.00829469515245187,2.57678541119698e-05,0,0,0,0,0,0,0,0,0,0.00152060195688972,0,0,0,0,0,0.00343803810786746,0,0.00947702569165552,0.00199959465352594,0,0,0,0.00372971576711041,0,0,0.0219187481343302,0,0,0,0,0.0039669620431715,0.00522046445077099,0.00268291113840858,0.00414155741952054,0,0,0,0,0.00571377234106852,0,0,0,0,0,0,0,0,0,0.00650513574279413,0,0,0,0,0,0,0,0,0,0,0.0696555024573849,0.0113096682417242,0,0,0,0,0.0242877716317654,0.0307417818655901,0,0.00997104133417815,0.0151499236063857,0,0,0.0135211859331547,0.00812548416730339,0.00417528347626447,0.00723405958308291,0,0.0188730794345437,0.0159757749004758,0.00377812675553393,0,0.00792457551143752,0.0468016699477375,0.0390782727450437,0.0344092797028395,0.00885638004816106,0.0181649446425609,0.0308333913252898,0.00941394579396836,0.0394966437960352,0,0.0116513126619293,0
0.0615416244766443,0.0154911605221207,0.0364915228507615,0.00041057688383731,0.00305836305928631,0.00766472207826323,0.012664885435454,0.0248442955534669,0.00108382590773128,0,0.000946735060795375,0.00403273843226971,0,0.00134370108929536,0,0,0,0,0,0,0,0,0,0,0,0,0,0.00853178400074299,0,0,0,0,0.00472837821718907,0,0,0.022049507787683,0,0,0,0,0.00707668315935304,0,0,0.0255460889119614,0,0,0.00202596712091501,0,0.0118207592264776,0.0125666548058896,0,0.015424922940524,0.0023498316807828,0,0,0,0.0147622572155952,0,0,0,0,0,0,0,0,0,0,0,0,0,0.00129831815523032,0.00140045396462283,0,0.00361807970191709,0,0,0,0.0446116273722116,0,0.00491843230247613,0,0,0,0.00626759576564976,0.0478123908816389,0,0.006083854209711,0.0207861324819655,0.00224894068629482,0,0.0189735415265872,0.00861583071526749,0.00738693345277184,0.011825462662209,0,0.0310003084054891,0.00538828470591608,0.00783130351964931,0.000549221020647148,0.0254518943746075,0.0616317727567346,0.0686229867204076,0.0277512773407401,0.0169505972129687,0.0353933544546708,0.0630840825212346,0,0.0818232180916808,0.0132703245224975,0.0322937840337319,0.00473213163139662
0.0235030336527714,0.00455879956306467,0.0072957370826519,0,0,0.0140635502595581,0,0.0129950975395388,0,0,0,0,0,0.00337032204714063,0,0,0.00253217360386215,0,0,0,0,0,0.00349112723537142,0,0,0,0,0,0,0,0,0,0,0,0,0.00578220486216129,0,0,0,0.0102854075195702,0.00599107173056702,0,0,0.021203089605634,0.0124546102332842,0,0,0,0.0216597369205974,0.0235836441490766,0,0,0,0,0,0,0.00693380256975646,0,0,0,0,0,0,0,0,0,0,0.00536784503262102,0,0,0,0,0.0179892192289893,0.00323433407610756,0,0,0,0.0641014166980695,0.0171462082910271,0.0094796543975732,0.000151367257269896,0,0,0.0322879659927268,0.0389442802384998,0,0.021495907310497,0.0303896608203737,0,0,0.0217478805512897,0.0213347469754343,0.0117532952892821,0.00505611095053579,0.000964263146265033,0.0291379681811312,0.0218538634551347,0.014552435060706,0.00876854577945579,0,0.0449553996620728,0.0342943330617592,0.0121903110445112,0,0.00798467518019354,0.0408099669814133,0,0.0344924451150035,0.000474524941748216,0.000515598548483854,0
0.100083800752524,0.0113987004636588,0.0417604079572295,0.00405380769038565,0,0.016898925071261,0.0101401362295093,0.0304764215023604,0.0177521993509421,0.0111465668958902,0.00520021803281783,0,0,0.00934701221545929,0,0,0.0146709816149178,0.0131156163288309,0,0,0.0192789194157119,0.00267338015329655,0,0,0.00152060195688972,0.00853178400074299,0,0,0,0.0055685655559822,0,0.0147849953612032,0.0303501121360068,0.00454169070933671,0.0121665519073658,0,0.00908653383330181,0.0144306128558414,0.00700718661988353,0.00511680627050084,0,0.0273750786024323,0.0118801814369256,0.00502244467863335,0,0.0127921032965616,0,0.0155247622936275,0,0,0.00768907809438076,8.25344381975013e-05,0.0285732845664798,0,0.0166161655282546,0.001942000386204,0,0.0102983871978585,0.0155631952108558,0.00750771171221147,0.00166419243070556,0.00531624538629458,0,0.00357265360362387,0.00599123802377389,0.00819657374794678,0,0,0,0,0.0193025329800964,0.0356937558902398,0,0.0130770545821588,0,0.00295674757090234,0.00803044421323418,0.0181258026180665,0,0.0236246678107675,0.00254379516077549,0.014316406782676,0.00136185047930045,0,0.0600461380141851,0.0179883557668465,0,0.00225600995246503,0.0422470307189418,0.0248366745613746,0,0,0.0185184147062036,0,0.000894144001853391,0.0273676676506143,0,0.0099691861840383,0,0,0.0702339926973194,0.0922321649126385,0.0271738657794645,0.0247782997395776,0.0284041438853827,0.0716438724997285,0.0183118329950506,0.106807122275641,0.0347866485535549,0.0135398462420271,0.0301539172046104
0,0,0,0,0,0.00983381549814652,0,0,0,0.000128906295621201,0.00329160112849334,0.00335842118262616,0.00519836237958046,0,0.00478598771087799,0,0,0,0,0.00604254728991119,0,0,0,0,0,0,0,0,0,0,0,0,0,0,0,0,0,0,0,0.00154559717378165,0,0,0,0.00278255270826017,0.0251896364580345,0,0.00770418339225407,0,0.00181936188787186,0.00430555433973983,0,0,0,0,0,0.00100307785058142,0,0,0,0,0,0,0,0,0,0,0,0,0,0,0,0.00516322351519701,0.0131926463986063,0.0156681919615738,0,0,0,0.0109389220828244,0,0,0,0.00380743893803905,0,0.00257825268441701,0,0,0,0,0,0,0,0,0.00713965694630639,0.00763418867742123,0,0.00148200202229464,0,0.00078661549691401,0.00190562457615616,0,0,0.01138343691763,0,0,0,0.000822461218866599,0,0,0,0,0
0.0756754478892499,0.00975074065549328,0.0377642105669849,0.00573019598316293,0,0.00956424620643893,0.00892798080760496,0.0337171068863328,0.00424872304291527,0.0136941060834757,0,0.00327116521805746,0,0.00397790160753658,0,0,0,0,0,0,0,0,0,0,0,0,0,0.0055685655559822,0,0,0,0,0.00150567080925005,0,0,0.012852470399765,0,0,0,0,0.00433280396432421,0,0,0.0465296451377556,0,0.0106747596084511,0,0,0.00293321160406382,0.00589946158091936,0,0.00995424398030148,0.00691236597853675,0,0,0,0.00620024207519384,0.00558617437738839,0,0,0,0,0,0,0,0,0,0,0,0,0.0319472688136426,0.00541456296689722,0,0.000750371742331629,0,0,0,0.047709019582891,0,0.0109236144001299,0,0,0,0.00659894144118061,0.0441922833252284,0,0.00132651202544632,0.0147208434255756,0.0110955724989764,0,0.0111470225858067,0,0.0127710458155701,0.00609371638347923,0,0.0207989310130422,0.00603867469181802,0.00674907503579952,0,0.0272038427124663,0.0669597194692929,0.0711643789100961,0.026366233942606,0.0154922287365467,0.0334485432490986,0.064529683955754,0,0.0831651921885557,0.0128708814090478,0.0352625042561047,0.0059519813786545
0,0.00943189087634064,0.000906411541880689,0,0,0,0,0,0,0,0.000156196948367295,0.0030233228297487,0.0022367306181551,0,0,0,0,0,0,0,0,0.00142642482805776,0,0,0,0,0,0,0,0,0,0,0,0,0.00228021232904178,0,0,0,0.0141746952844212,0.00955310000741261,0,0,0,0,0,0,0.00191723573375969,0,0,0,0,0,0,0,0,0.00151528938634796,0,0,0,0,0,0,0,0.00231262081107602,0,0,0,0.00295181612328536,0,0.00848943541396925,0,0,0.00413914285374769,0.0021441713685893,0.00106524008911442,0,0.0014991379303185,0.00232371592039225,0,0,0.00327594540582873,0,0,0.0110197570224479,0.0126005344040719,0,0.00662831689292287,0.00597082207075771,0,0,0,0.00146400594774155,0.0116000952364027,0.000755797695514254,0,0.00893363431264215,0.00862401819783478,0,0.00468661830011746,0,0.0112118194128508,0,0.00658791476844799,0,1.99328390643553e-05,0,0,0,0,0,0
