0,0.168692842592768,0.198930914460724,0.221698227394378,0.125666787924224,0.275000000263073,0.229858458714398,0.119158396364352,0.196214481618471,0.130598300408075,0.117104472273764,0.253430451015063,0.172636404170481,0.0237592484965319,0.196526013097531,0.224550779345506,0.0385699985260313,0.186780942487239,0.282913250559225,0.0297714932904097,0.161052944124226,0.0521091013370977,0.0193187706740721,0.128822415754174,0.0667764119523718,0.179985054079462,0.177983347845733,0.0950362374416049,0.220889661955664,0.103106248319632,0.185361484459733,0.242690706460827,0.25937359952776,0.292145338270384,0.0259956326353355,0.259192493815192,0.2356988066227,0.09608510227371,0.184204861551797,0.180462414875231,0.284025578797611,0.251801265238346,0.219433596792764,0.174816360575115,0.269857476740798,0.0961730279350829,0.237447861363268,0.229730562766618,0.00902643913804749,0.255305129283942,0.215113007596459,0.250977149233926,0.229299090864903,0.0391659877751549,0.230068442890145,0.21002229385648,0.20347136926819,0.243987205882591,0.0864045544319399,0.0897209664595148,0.0930856435400957,0.0280375183928996,0.164064855404006,0.130849641267879,0.086507390944546,0.222781811258875,0.128309931603206,0.095265204725687,0.217815143894661,0.102409047593585,0.250896853721332,0.178783210822019,0.224626395612942,0.175215314411709,0.0219446823206377,0.148060928046422,0.203923371962863,0.298526947636693,0.206097620336681,0.120404575079656,0.230507450136413,0.259559000732718,0.220394627348673,0.130463740029181,0.0415034841101891,0.174658491197298,0.223848504853477,0.226446240939263,0.212316931447346,0.0252471257268439,0.216045842051542,0.0956938317049847,0.0121315240659315,0.120461855167175,0.2911444887795,0.0949052638990268,0.201768554183576,0.180961267207792,0.169579930870018,0.189580127849657,0.109252974489824,0.00964703147646853,0.0770392227529051,0.178771759909735,0.071454813162,0.246465748966943,0.230488925700555,0.0464278645891242,0,0.20973576229013,0.262826055107994
0.168692842592768,0,0.0134258381835527,0.0234561500418695,0.175911595284497,0.251359862518177,0.186642088479904,0.0216864262282892,0.0354952301003814,0.0800309215597465,0.161848059539737,0.171509095276194,0.225998693234514,0.0501417781349681,0.0123167043179789,0.0186638742261452,0.0393054192631146,0.1273714823201,0.227398115903826,0.0324760492053381,0.0108361846029824,0.0523410390894158,0.00865450206617984,0.00517885856138584,0.0443171857181073,0.0180703312025747,0.159320380299436,0.045153097602036,0.22668635426531,0,0.0177139100463939,0.0413774859713132,0.140976934346774,0.22483389992329,0.194659259141799,0.242354290273015,0.0608618685405006,0.135002368048848,0.0559637001126019,0.0232215943251044,0.234222401526945,0.0486810193919234,0.21862749128849,0.0554954780401612,0.228688956224786,0.167450134728314,0.224231285786995,0.173625010772233,0.110767225793842,0.224311673858103,0.147664368784622,0.212534402368079,0.188697333813981,0.0752006792551186,0.193587181772432,0.171465175782252,0.142022444115843,0.204196662865021,0.155917316130314,0.0234634931014845,0.0587708282806146,0.078171088861209,0.169932915733606,0.0183724146706718,0.0182502405194026,0.167836826651534,0.212013087789544,0.15759241492093,0.0363041771255684,0.108977917363201,0.250168223849959,0.0346136450023918,0.165057605910538,0.103322372307231,0.0107595757723754,0,0.215689613747978,0.277688913604924,0.231628027642309,0.154949210085817,0.170010811013188,0.191636188715493,0.02352487587269,0.148300707532304,0.156494611979409,0.0641704826905844,0.0334378379298354,0.0665043594127611,0.190545783233448,0.0639986910256852,0.0512515924687169,0.0139149457147234,0.0868213879390245,0.117048368502154,0.299587327033833,0.171380504561035,0.0525509541836911,0.212865321473604,0.213935125420373,0.0126353730057193,0.165879345507515,0.0121255497913934,0.019565818952219,0.0367270671585546,0.198210478921348,0.0256850137363965,0.063395941158832,0.0392481286536537,0.107725928635344,0,0.234697946240382
0.198930914460724,0.0134258381835527,0,0.0629766451503618,0.1704015970384,0.261597114235858,0.228688179847311,0.0213676384627578,0.037357682934282,0.058685107595449,0.147331564855201,0.176753912077047,0.211266505710402,0.0571508160578593,0.0484102217605587,0.00923026977768261,0.0159589789707157,0.137267208593323,0.236997701100792,0.0395529998447905,0.0114932293827607,0.0725004391238318,0.00429015534648362,0.00371381428379435,0.0383526182300939,0.0142093080215057,0.123450775222095,0.0589972349803224,0.208425426214354,0,0.0475266758830245,0.0175926962923665,0.175433677714135,0.210790696001506,0.143664149679621,0.227661977647581,0.213416930213684,0.118017465691233,0.0286357557551023,0.0101379423727188,0.230759614574087,0.123740327547056,0.194518131569243,0.0378353255001095,0.236776156685392,0.183789702810372,0.235718501438858,0.195203764830633,0.0810395785113927,0.229216316235156,0.211924597526488,0.251266737755727,0.226894309798378,0.085606357199208,0.213565098894592,0.185781510756654,0.178309913087979,0.213769897867946,0.180477146036448,0.0184537359661762,0.0597599194767625,0.0594332419699355,0.203702115412023,0.0323417174374222,0.00485630136442137,0.191436402023427,0.214076376058663,0.176115785891883,0.0730808471413645,0.118997827248727,0.232830558247365,0.028209623079279,0.237612762553786,0.131206878307227,0.019633989560959,0.00351831953229868,0.19398332947642,0.272001458316702,0.187502998664647,0.161986431131187,0.188467659720246,0.210803589944179,0.107821370401691,0.0698256040594685,0.131737196924029,0.0868095952239089,0.0768232097613296,0.0670188834742816,0.172649489978578,0.0195303303411477,0.132728407813576,0.00786493439968231,0.0335914683463318,0.103020043995397,0.281062525205208,0.0663462735792526,0.0469995916283508,0.172080132998087,0.199703185318661,0.0719966682850521,0.205573221732441,0,0.0352206735669485,0.0569503176376231,0.166942518037637,0.0345684386978108,0.179410128966075,0.0119425579492537,0.107853440376176,0.0892845836329929,0.269685512678742
0.221698227394378,0.0234561500418695,0.0629766451503618,0,0.175494988096584,0.256549445030265,0.158421771241804,0.0363785224484818,0.0631842662486219,0.0632915858913203,0.164147615452184,0.179144747468996,0.254558766945427,0.0651735757467145,0.00712992699051782,0.0884297599325379,0.010388447818452,0.146454913929245,0.23798369295378,0.0442998315158636,0.0218302062220066,0.0768840698277983,0,0.012927829166308,0.0294415762205813,0.0483494330709338,0.177769588083095,0.047899056142189,0.257604868304754,0,0,0.0894929988084985,0.1153424483492,0.240714509639754,0.240296237486535,0.272443681191063,0.0111274618813654,0.159739059996683,0.0539841545335525,0.0160329329323963,0.257196360922938,0.0177508157110984,0.208044349894919,0.107069996312162,0.258057287328618,0.186714082774578,0.264378772300889,0.198539237989405,0.161235683309121,0.252927045689438,0.103463986848059,0.183915547530732,0.228801357541686,0.0911594668323009,0.198245477931758,0.193496725843587,0.167305106471413,0.18653515251238,0.196855721894272,0.0369496362886957,0.0908078117707766,0.100197383893085,0.189918011028886,0.00912033155011595,0.0162716123940133,0.158060939738675,0.211010353025978,0.185292054536804,0,0.171202027167254,0.229820672240235,0.0260484465433408,0.133496408615415,0.112772984597055,0.00899103717959155,0,0.1810532550658,0.251546682494087,0.194322737520863,0.151866021627384,0.142863077393167,0.138203592218774,0,0.221045572117759,0.134353584123804,0.0343557915924055,0,0.0134481579854851,0.112399538367369,0.0424622576343321,0,0.04643710325735,0.0444391970359248,0.163856827316242,0.297739560158167,0.155202003050237,0.00868303923850792,0.182117771893541,0.204950372508267,0,0.199929954090195,0,0.0488458070853667,0.0167319388738401,0.175731796101561,0.00198325975510555,0.00642521375431992,0.055678774273088,0.11442304301695,0.0176851088846169,0.188284163020114
0.125666787924224,0.175911595284497,0.1704015970384,0.175494988096584,0,0.145826015763443,0.150327830722681,0.177058524240469,0.215227780050103,0.0856571172104645,0,0.196372914878291,0.0409390267834605,0.21463089873233,0.129646504050798,0.181716069668712,0.147973712782077,0.0235061243526632,0.162522479139826,0.215964913424992,0.202500362258482,0.172009019377358,0.0101045036510939,0.191130505337002,0.0342350077708422,0.146557506896966,0.0336819295923122,0.146741418168115,0.0469805112206782,0.13676140263677,0.213739926254883,0.218285894646646,0.187608470006361,0.139157272496987,0.124379009871073,0.0958468622943052,0.17552389991414,0.140900507782103,0.0456315266327533,0.0745988224002245,0.108273980802738,0.181381372077228,0.127093627661249,0.12981296655805,0.0987792831499779,0.02569401001396,0.0722638314055499,0.0884679181042202,0.0988103405259745,0.0730565843883481,0.148462774934263,0.176395769150633,0.0312228818335522,0.017594578793329,0.132154702232721,0.0742545999449895,0.091895895209449,0.171200806713883,0.0546365843147939,0.0492993002139334,0.0655475707797184,0.0432652095360821,0.0139431244017538,0.205442062350044,0.145296459981023,0.0953017704501166,0,0.0338182492324164,0.156623378622384,0.0871944796348416,0.0583488089333717,0.176408541950005,0.144669344883591,0.139519122139107,0.0136462915092701,0.165544065998003,0.0835403195909273,0.158413285242925,0.06549936308248,0.00288138621503712,0.21756409225928,0.193726237516149,0.153913040956298,0.132794777572764,0,0.191782435014232,0.171747880024404,0.118651115504224,0.164554207055382,0.041520865804356,0.170609266329794,0.0683036371086096,0.0452613746724228,0.117574346646014,0.124200297067387,0.160911188774879,0.0979817189892965,0.0421401522055035,0.135094265636342,0.154056561198169,0.0360407695103342,0.0847455251856218,0.0775091021920683,0.087828026746731,0.0237590530179825,0.176357204257607,0.152290912249072,0.258017786746531,0.123381594557618,0.15259297274817,0.175877336847412
0.275000000263073,0.251359862518177,0.261597114235858,0.256549445030265,0.145826015763443,0,0.222922835087149,0.256022429957415,0.296621521426934,0.112412629507321,0.0603995318076796,0.234090818898634,0.139171159139329,0.267721922503225,0.211979270629158,0.27404343682381,0.191349783551252,0.0284419964696997,0.200751609695585,0.273261093075725,0.290352804836484,0.275395827971261,0.0219839912563645,0.271380932144685,0.0559434129575348,0.23654381229442,0.0700633432338611,0.130569190064585,0.0106105396010787,0.207524580576659,0.274304234864181,0.312243230082446,0.262633612276596,0.18569787546524,0.227515747332047,0.115318539629058,0.257663828195226,0.207325553675414,0.106268806769696,0.168493876622621,0.130759715606695,0.267086066307511,0.178024706342256,0.24528460833464,0.0723092356199447,0.15189682083525,0.229546893559702,0.0530113300054367,0.210535368243495,0.0312530711301876,0.22497597273235,0.225595337073446,0.0556948364940454,0.0840338109201378,0.113697583718705,0.0492580118558199,0.036712329982758,0.161616716433799,0.186956389362039,0.14686158012527,0.185497309736438,0.153036450579483,0.0808756112849596,0.261392501634935,0.214674118528369,0.0839680441180838,0.0685645518604301,0.190432028537775,0.243699193746418,0.201907629607619,0.000504332305937148,0.275345943547264,0.210496226825911,0.136997086645802,0.0110112329694285,0.252871960990819,0.0784984207523703,0.164955277472694,0.082925791781242,0.0361045154309287,0.268589502531745,0.252973531390343,0.241292173537889,0.230511331307233,0.034412127383599,0.254130829046836,0.264848364576271,0.208304484863733,0.241448192145432,0.120510946227213,0.255582538807732,0.164448541005579,0.0452866113399401,0.215307241248151,0.0882678381004669,0.259613231585626,0.190232477897,0.0456592121508045,0.0490470809918082,0.241676624025402,0.190682245238869,0.0753286003538368,0.167962497247774,0.167563672231732,0.141590648816928,0.268610235951489,0.236535773557055,0.320516939968377,0.218117950041123,0.241459029751158,0.252484648140491
0.229858458714398,0.186642088479904,0.228688179847311,0.158421771241804,0.150327830722681,0.222922835087149,0,0.123625836201115,0.172248740399218,0,0.114534208716585,0.0500927621267368,0.212322062646956,0.108490653231684,0.180109238860635,0.19759300657286,0.0377104766842021,0.0674449057803983,0.113047956618216,0.107685615292016,0.164854894717704,0.1654411954157,0.00433338341094644,0.147968659262562,0.00569473523111113,0.204851686949523,0.0579822780524648,0.0527357455576302,0.200689985570239,0.0722598421884582,0.0521517433481274,0.224276504836823,0.0722730941994359,0.0642552325321765,0.187086737690722,0.149707256946069,0.214499846069444,0.142289656473729,0.0535127581084555,0.132875725809606,0.14677861170446,0.166792255445277,0.0283003762155944,0.201793796070267,0.186971685955699,0.195017536328452,0.233932834124906,0.146477766835739,0.173994232425212,0.204809909005678,0.130703109531147,0.181772087415767,0.219329179228499,0.144085314516717,0.189865366937394,0.141226167963111,0.14775077771621,0.168729656892361,0.207972948821375,0.113386525816045,0.173027646661143,0.152601134644398,0.217066145127171,0.0572628747117247,0.0825613847760315,0.161882993717383,0.222645661425549,0.191391832656104,0.036788721489968,0.205822627587674,0.210792243863119,0.233662567859975,0,0.0332435911991783,0.0356336391418976,0.136350822350898,0.162451748823802,0.226721213812232,0.151423611737895,0.180041992609456,0.0733516867207579,0.0458425547747424,0.18871727774789,0.230411406660853,0.171856033958617,0.0135292381199556,0.166090525750694,0.10572930132796,0.0639750356343239,0.114705864949822,0.187229558247833,0.172009602454186,0.050156116568199,0.221406644118882,0.258638126511091,0.226387848048824,0.0633327362981717,0.158917800681986,0.18629471314368,0.206116598823716,0.241435021592328,0.00299480605054486,0.156630480393787,0.00687127821605927,0.176429839978276,0.212204624007595,0.195648281076095,0.124668274857838,0.159410175684165,0.231456195032415,0.0541749721683823
0.119158396364352,0.0216864262282892,0.0213676384627578,0.0363785224484818,0.177058524240469,0.256022429957415,0.123625836201115,0,0.018849469901033,0.0433192616996813,0.14379296069876,0.146330045626741,0.159788615708474,0.082565836973774,0.0220453321243038,0.0258465434559355,0.0136602956322787,0.102444451237122,0.179339477394694,0.0418578710420619,0.0150340696039205,0.0090488462998676,0.00780191891152272,0.00253795880659916,0.0276528159674725,0.00420721399277921,0.0430503762309487,0.113932307403323,0.179268418186594,0.0117000498170693,0.110912398884621,0.0369050960116977,0.0911734580730197,0.140990133193316,0.0827284082337822,0.148624603612474,0.0655924385015724,0.0752385716583051,0.0102113583816283,0,0.165983884354466,0.0814333902745141,0.103028930563092,0.00292063010276645,0.208477337702804,0.174167797174756,0.199874311313622,0.179676419614622,0.0271615632716315,0.199402540685189,0.0945323429715639,0.214017737021125,0.218182477028667,0.0686857939958863,0.202794591775772,0.168303947943618,0.218728798679449,0.198398468015911,0.115710710679399,0,0.00917623001388323,0.0129802478759407,0.186526841380873,0.0435258028814802,0.0111341087831902,0.179733847179547,0.152545622450796,0.127822328082998,0.052097632964541,0.0298436429999554,0.203766721296165,0.0262022654548257,0.141746632628938,0.137039516900795,0.0263037783040906,0.0201414665734631,0.166598913348561,0.237851219650037,0.138418063776269,0.14465672164366,0.136586406570766,0.152198586792796,0.0352863846572915,0,0.0917124625992579,0.0861587331503895,0.0316670801132948,0.0402690562823369,0.0684691191187111,0.000512350094292115,0.0427156538466937,0.0119615056333253,0.00512542558328351,0.000659829266496394,0.243884538793728,0.00156246826545909,0.0335147815393631,0.119896058004563,0.202669674985717,0.0344507479065485,0.18576289838821,0.013201973909868,0.0215893302453298,0.0552930996047609,0.146732004796832,0.0299996766283868,0.0609884653621941,0.00816192103916016,0.0876169427029164,0.0286650676207236,0.151011031431674
0.196214481618471,0.0354952301003814,0.037357682934282,0.0631842662486219,0.215227780050103,0.296621521426934,0.172248740399218,0.018849469901033,0,0.0647375825366795,0.174337571366525,0.193298166625631,0.200809604406502,0.0845224778829651,0.0404089701751482,0.0429197137952747,0.0232048209297035,0.133625712866286,0.239374487999222,0.0493902356782377,0.0163645157383769,0.0456836090015483,0.0107814683003464,0.00244938841120628,0.0413141125116721,0.00569250103959557,0.0907031835377224,0.0923561851721204,0.216093106754217,0,0.122143008729173,0.0501497231947413,0.142442764624793,0.198792663022108,0.109056929364897,0.210902976621492,0.12341009091419,0.0938262313910542,0.0186324341970502,0.0127343805997092,0.221698780738853,0.137092346483475,0.150188743099546,0.00937375885895065,0.243399318933416,0.209771277078009,0.243953238688038,0.209163791726948,0.033743130814311,0.24372534408498,0.137693153030471,0.241487527741568,0.253220405309601,0.0810219373617722,0.230552729193038,0.187457620601545,0.21535614928612,0.217144494218891,0.157334872237724,0,0.0191195035398207,0.0215714899723095,0.202822703945927,0.0544333100409432,0.0158994434248626,0.193332346292539,0.183834679910735,0.169905177637219,0.0731929873995852,0.0437912669989029,0.255186968014867,0.0434920643245596,0.172845376244665,0.160616863021398,0.0174482003937394,0.0278654535621048,0.191991636733809,0.28131904773914,0.170830177612383,0.168935710749212,0.175235340719891,0.182359982821374,0.0620238665030133,0,0.102311419270966,0.102619449294231,0.0587875349066323,0.0640221658022528,0.105021262275384,0,0.0765801969401469,0.00206625378523322,0.00583297770410983,0.00636548328179355,0.291448140946059,0.00510551737327246,0.0526125928829264,0.157978701640878,0.24651502632858,0.0539548924227163,0.202240553007485,0.0148537053281539,0.0422003149866318,0.0541623905213826,0.19710554210712,0.0579093653921459,0.102921993871822,0.0161465901484924,0.174776011180171,0.0519306721105722,0.204755433121217
0.130598300408075,0.0800309215597465,0.058685107595449,0.0632915858913203,0.0856571172104645,0.112412629507321,0,0.0433192616996813,0.0647375825366795,0,0.0900846650791272,0.0280815259649537,0.167103485136032,0.05787465831419,0.0365988175393325,0.0688487867671233,0.0544627731601601,0.0916938057026724,0.0358629908910547,0.0473874288050059,0.045234086259209,0.06083002110864,0.0191666572399039,0.0326100326539487,0,0.0463054129499289,0.0475926015191071,0.0647244050007164,0.151753514650238,0.0242259414132532,0.0373238317725634,0.111352686798304,0.044481982866225,0.0419290654672317,0.194613503730404,0.046964048441976,0.0268600053708592,0.245933234455244,0.0474909147370602,0.0298227675464567,0.0646028858964611,0.0276353791126756,0,0.0868007031197924,0.121198846822095,0.0976927170856826,0.177491124667878,0.0811043167946544,0.131685718460703,0.121571314532011,0,0,0.135698044113861,0.0702412702783622,0.055932187173531,0.0726649838395811,0.0972856226320602,0.0444960223842032,0.117187562131994,0.0434927456190451,0.0477872755973249,0.050288134857223,0.0912226279760145,0.077222646017907,0.0452401854181449,0.0168489774990992,0.0846048569901281,0.0884950749228776,0.0273549466069053,0.0728719593360775,0.0632493151997789,0.051016150153617,0,0.0202785878756625,0.00974489183405218,0.060850070340623,0.00974472020582889,0.0478960440917654,0.0293932249461376,0.0456732112660495,0.0200664403231676,0.0117663009732553,0.0443864940225263,0.0852952053324074,0.0287973554601344,0.0446288487471007,0.0456913586865481,0.0313388433439884,0.0232017803494329,0.0199566869893931,0.0440589724382987,0.0503047351766371,0.060084064538743,0.0600681242132917,0.107718683472453,0.0823552168429717,0.023144167148993,0.0679856350789152,0.0815659175792304,0.0375658214973978,0.107087730649566,0.0449328147775672,0.0323437753191892,0.0170668738269193,0.0626705634442464,0.0624412223020352,0.021029666838292,0.201701894753862,0.0462765561323675,0.0431867546218541,0.00316485737402816
0.117104472273764,0.161848059539737,0.147331564855201,0.164147615452184,0,0.0603995318076796,0.114534208716585,0.14379296069876,0.174337571366525,0.0900846650791272,0,0.182726032492099,0.0474687529867953,0.166898259180477,0.12200608565879,0.167261716833559,0.117411363601852,0.0334899523284507,0.144023877856303,0.155066538208619,0.149429090115376,0.123579033537964,0.00351944409194463,0.134667603381823,0.02846857163641,0.119084577526397,0.0140920607081775,0.125381716964546,0.0245348953394445,0.102130395438827,0.169199434320366,0.20582423990895,0.151163816140323,0.126073315471919,0.116411882975909,0.0778340945912887,0.149394018415702,0.116745447510825,0.0331591157301558,0.058229271091375,0.0905768757569023,0.143884950728382,0.097166912047211,0.127258121525034,0.0675791478128074,0.0252166340112382,0.0806936645002109,0.0638061697648081,0.0968116758508935,0.0411230090062724,0.115542039745849,0.119950507243987,0.0216991214553831,0.0244822890243257,0.0917142876616218,0.0663552610366891,0.0845653126760056,0.115841599976248,0.0638364164367066,0.0585831565601178,0.0666868819692149,0.0425330496026316,0.00874288459977825,0.149061205274847,0.108520255834596,0.0527190178982755,0.000766671356380519,0.0291003138000352,0.127451559915902,0.0878038006178804,0.0203019689343169,0.135607220007318,0.112918193671225,0.126950969323158,0.00279346045789761,0.141763897697504,0.0429139061333492,0.0896586902456792,0.0428004448075705,0,0.173210419323641,0.150059664711207,0.135861355083813,0.129882177704349,0.00200336730476415,0.147893079188504,0.154509728161945,0.109084583555768,0.141863946078958,0.0446904635772661,0.151918144178628,0.0677168507013274,0.0507940914687548,0.110342590864276,0.0561690557885992,0.155222531822936,0.0821627881826972,0.0290575334639076,0.0436162637460859,0.129566370336096,0.0517436713979462,0.104128632123599,0.0641811438827823,0.0795420147982093,0.0146658306739771,0.150552840136831,0.127155592264007,0.252824153264671,0.0983195098285065,0.133267626740825,0.14431374524156
0.253430451015063,0.171509095276194,0.176753912077047,0.179144747468996,0.196372914878291,0.234090818898634,0.0500927621267368,0.146330045626741,0.193298166625631,0.0280815259649537,0.182726032492099,0,0.242354872750253,0.179898595826252,0.12303301342129,0.193530988764528,0.114778525630711,0.176936858043614,0.0172905511245779,0.177610286917061,0.171527353774268,0.181959409370761,0.0116352538040107,0.144936729437425,0,0.150097132401313,0.0378461406682039,0.0931537837116162,0.233125164693483,0.107332424414089,0.144741817450627,0.244755506108204,0.142096732900489,0.00164912984973379,0.3194276981649,0.0384224930595815,0.132569596328355,0.325703123719622,0.049600058646991,0.0886278068302046,0.0789166880278667,0.132696823275095,0.0117085079626881,0.208996167913414,0.19215227913434,0.16661536227471,0.288354923977532,0.113510217322239,0.21396193767814,0.202585009781973,0.0677179067983261,0.0208540498425096,0.230673762089164,0.0979443990717901,0.0752743233672629,0.105189962459181,0.143403377504,0.0232666321356527,0.199436796320459,0.076113228505261,0.119519336799686,0.114695126519743,0.132384663859422,0.178517679271116,0.134786577336216,0.00777261329274754,0.120920251429856,0.17946222155929,0.13656794085039,0.16017546546253,0.115483946808058,0.163451961248135,0.0473474393385698,0.00736541297502904,0.0051681219562864,0.164437848495159,0.00886086986370755,0.043634153225038,0.017589972650898,0.0834503457643833,0.0637522972808864,0.087564642100134,0.151479549181094,0.175042064345241,0.0471541950939305,0.135146482524094,0.163170336133474,0.127025673824596,0.125280657160688,0.0641204968420306,0.150473686089825,0.111788337628452,0.036443108995572,0.153220461471966,0.175029557273458,0.175851920683732,0.0943912309295408,0.0759084527655416,0.12465209735998,0.135479863484487,0.178445108016561,0.0251413294995512,0.0985423356975676,0.0525949905115025,0.138468999935112,0.18131657411598,0.122811004565353,0.27930309202221,0.139141720394509,0.148988603026507,0.0725962567085105
0.172636404170481,0.225998693234514,0.211266505710402,0.254558766945427,0.0409390267834605,0.139171159139329,0.212322062646956,0.159788615708474,0.200809604406502,0.167103485136032,0.0474687529867953,0.242354872750253,0,0.100783460972805,0.22564552561835,0.238921223328461,0.0792862846562882,0.113372684072882,0.243902515818212,0.105630989476598,0.173839631109422,0.14280189797954,0.0154491689450722,0.158393102971284,0.0642415615807734,0.199103120595239,0.144612770954541,0.10227699084376,0.108379495144872,0.134887286266751,0.18487944164333,0.266790535520794,0.229023057284287,0.254862488833648,0.150317044612457,0.197388318863444,0.222715165574279,0.0264499779695104,0.185447072968738,0.192740376358371,0.213659672921531,0.206630612896599,0.205602064530258,0.207241109140722,0.182613111267323,0,0.0478820952754648,0.146098947591881,0.202567717300156,0.159204247604066,0.209556185618665,0.209426466864611,0.0509338498442645,0.0521239194672642,0.170046453106883,0.13426005221073,0.0547946666155984,0.165318378150307,0.175212347905471,0.182473597071339,0.176852237875553,0.138758254950637,0.00889594414335946,0.17167145753355,0.162285822826655,0.125162188304772,0.000299710470826684,0.0394588277898573,0.210225398918951,0.189079732610388,0.0582076834712024,0.216200436808104,0.204276267238743,0.127510346933272,0.00577544357475502,0.2119032510899,0.10258041461584,0.189513420918403,0.138321538098188,0,0.211562678741787,0.219657968318949,0.230616570689165,0.225812756539976,0.0082763609754542,0.165077096619348,0.252373235836922,0.209592336753586,0.248739342569101,0.102001646679979,0.24386998674116,0.169446538177923,0.0061815439864413,0.207872554017032,0.171599906652228,0.213397311220804,0.181977726050897,0.0975849147600607,0.0309629277699709,0.212365342130201,0.0638644653895099,0.0179330186989544,0.128917921810839,0.153877946538683,0.00577828472615076,0.224677137001035,0.214662344778312,0.161987450376311,0.103319846801645,0.217538954838597,0.238554736112277
0.0237592484965319,0.0501417781349681,0.0571508160578593,0.0651735757467145,0.21463089873233,0.267721922503225,0.108490653231684,0.082565836973774,0.0845224778829651,0.05787465831419,0.166898259180477,0.179898595826252,0.100783460972805,0,0.0402859727567184,0.0645467553089404,0.0527493099017386,0.0888432128931679,0.176277291609915,0.0515244352191724,0.0714339443787182,0.0102190218097675,0.0146798400359886,0.0623080403081049,0.0362931424244129,0.0409345698865699,0.0533394491833889,0.166161460803868,0.152368628116775,0.0559458960110045,0.154510006983854,0.0841773014983337,0.109520868007371,0.141449119414721,0.047178969933122,0.131919832086571,0.0834172176569438,0.0526981940164687,0.0405751068964332,0.0218249071740266,0.155829508954423,0.0995703717041018,0.09698325484183,0.0135680685532973,0.185930156243089,0.120596216463895,0.101195698716528,0.16927223338042,0.00599720267674209,0.179753886727128,0.0918375458359272,0.175291600050203,0.176697199082082,0.0340898635259806,0.18685072513178,0.142387126475524,0.193581284628535,0.20357929659675,0.0413618499357672,0,0,0,0.112112162038412,0.0859656092808235,0.0447467288700021,0.145811522863591,0.0880229077875267,0.056385910161082,0.0755278135463373,0.00440953955785496,0.176431200564821,0.0616137476108358,0.118303733139155,0.143328295571787,0.0134514260771412,0.0545978002315619,0.14496768748746,0.227370843780316,0.138128787823537,0.11098157206126,0.141920119219929,0.150660953347534,0.0612066399040198,0.00712419527140176,0.0420680881388357,0.105482005051462,0.0597991314305282,0.0611863638616274,0.0818749594343931,0,0.0671685099554072,0.0061181012154369,0.00971690636357155,0.010295955276756,0.232444484806355,0.00815583463099125,0.0650291295382863,0.125428661854519,0.201566314541674,0.0594641106172372,0.0674016126336842,0.0283877545525186,0.00829903821553944,0.0652364727901067,0.135486485549066,0.0724391747027416,0.0772163632089025,0.0499998719744273,0.0359274478327608,0.0553165340314685,0.140317031364601
0.196526013097531,0.0123167043179789,0.0484102217605587,0.00712992699051782,0.129646504050798,0.211979270629158,0.180109238860635,0.0220453321243038,0.0404089701751482,0.0365988175393325,0.12200608565879,0.12303301342129,0.22564552561835,0.0402859727567184,0,0.0560395316014007,0.0174630346332093,0.110721939664302,0.199063098569147,0.0270643439257837,0.0149217355891349,0.0577694288776783,0,0.00718514915666098,0.0319205472936354,0.0437714250585772,0.152268374801987,0.0455572750391081,0.221110102265974,0,0.00743450947235342,0.0819326282117245,0.095936159963016,0.19267258286962,0.200885076088928,0.233653102044059,0.0358346265606608,0.122728873533555,0.0427506828605785,0.00138910131798842,0.218888420136378,0.0295268567440324,0.197483766103592,0.0949040210410547,0.218157020990942,0.163304553691217,0.227730919459531,0.163054669880923,0.137733615788852,0.217157161867429,0.142739484819702,0.193437104143009,0.19683167214841,0.0940742858891278,0.188594576514157,0.168950963301992,0.150075392533261,0.193003918551565,0.184512624895627,0.0420209713140683,0.0884674984715448,0.094609343068544,0.191094963912839,0.0248405994721069,0.0230862183084938,0.166076271506918,0.208622982759667,0.156962503018265,0.014802742168041,0.172798872620474,0.206086334751446,0.0467220726753729,0.162525680754765,0.0923409769920008,0.0166597140394449,0.00445615713022566,0.160632786192169,0.222912486216557,0.156799931374966,0.144679637010589,0.129452859008925,0.142247931418171,0.0115883021666708,0.185100663892138,0.129181889272543,0.0414699170126492,0.0157601821246487,0.0140229590681657,0.151050073863998,0.0368049433804457,0.0427154381998298,0.0514433995582572,0.0291481217098679,0.187059225174559,0.24536467356527,0.128893320042582,0.0132194295771027,0.142358961648653,0.178511487755972,0.0191704919270336,0.18577114238935,0,0.0475264771101464,0.0257393099703035,0.130061610389005,0.014491311527516,0.0350375256652861,0.0413029576032211,0.0759770787692815,0.0289381388183845,0.196504596973079
0.224550779345506,0.0186638742261452,0.00923026977768261,0.0884297599325379,0.181716069668712,0.27404343682381,0.19759300657286,0.0258465434559355,0.0429197137952747,0.0688487867671233,0.167261716833559,0.193530988764528,0.238921223328461,0.0645467553089404,0.0560395316014007,0,0.00918604470354192,0.148484913469632,0.260611367831728,0.042029710008562,0.00228664342339293,0.0649512603420132,0.00621007072663697,0,0.0398087852373042,0.00718869058679933,0.144312002685886,0.0520096479652244,0.234036938054894,0,0.03518501690936,0.0188592144276384,0.156971700763965,0.23492992629516,0.19253130774267,0.254060528525142,0.136871405469415,0.123188292813038,0.04277921105767,0.00851412151184802,0.249996598861265,0.0870913209167926,0.19711152140258,0.0491289615804767,0.253897201287585,0.186372763205982,0.255144290879004,0.207411015358107,0.113155862739667,0.24824126936018,0.166416733679149,0.217093589198117,0.239521853850819,0.093545794088374,0.218258730579284,0.194782918329788,0.186917606215808,0.204009528672746,0.205886304831694,0.0256565122877699,0.0711830029041795,0.0737810132354667,0.202682586076675,0.0331801463142786,0.0193384971577273,0.17909744009589,0.209429015175112,0.191873553656469,0.0466821682618983,0.148089278388672,0.24019571849314,0.0240069816419775,0.183603928726475,0.133373275445348,0.0154944428976229,0.00106997162010683,0.178012486633854,0.260016629254994,0.175292905227839,0.159990205281875,0.180294920330227,0.169276344711911,0.0513565418247445,0.107790098459566,0.12558894400811,0.0723937876343912,0.0770220501488762,0.0378039686336475,0.157837438546201,0.0211909117482687,0.104525298904512,0.0123227412275478,0.0244721366153082,0.125124851631736,0.291536275140039,0.0841413839276392,0.0267892921358855,0.162201033030633,0.217327926643275,0.0232037859439174,0.200406909732466,0.00368520496614978,0.0470419243321133,0.0408737676516207,0.174826387496281,0.01191882409604,0.0893808807304385,0.0253873638540698,0.125653906532666,0.01449609740011,0.229517000403548
0.0385699985260313,0.0393054192631146,0.0159589789707157,0.010388447818452,0.147973712782077,0.191349783551252,0.0377104766842021,0.0136602956322787,0.0232048209297035,0.0544627731601601,0.117411363601852,0.114778525630711,0.0792862846562882,0.0527493099017386,0.0174630346332093,0.00918604470354192,0,0.0660074872750647,0.0806752261870821,0.0460652143605805,0.0146245241852887,0.0269828587154113,0.0323373133873674,0.0219512816342447,0.0224225869464417,0.0131206230629469,0.0342691190848741,0.0709025629090241,0.0902370037519239,0,0,0.00938424742802782,0.0395761253288811,0.0874220165083142,0.0303476709266265,0.087595179830852,0.027813610030817,0.0888721934745088,0.00268209796365545,0.0137152125753836,0.105456812982043,0.0235398480976276,0.0566182605804135,0,0.100398942890528,0.0869346844608411,0.0784417329123053,0.101261925771866,0.012814208124052,0.116997516646816,0.0386349363235778,0.0599581915600388,0.0892851890490712,0.0300234529041267,0.0914621280799345,0.074613779236427,0.0645340536613295,0.0785219976881073,0.0382116267989074,0.00493518819767872,0.0255485803926569,0.023881783116119,0.0662621211690855,0.0126637522447625,0.00950226631230205,0.0624004396157346,0.0823883522582144,0.0877659815418889,0.0140600111837801,0.0129816656780074,0.126922144429176,0.015813705283964,0.0297812543414278,0.0412614205592133,0.00184486404802359,0.0400714508509232,0.139286138323762,0.150866496541183,0.190707160490049,0.104332005829675,0.072967383877458,0.0537301405015798,0.00331073551659111,0.0386907101811393,0.0935479615610986,0.0405947277484066,0.0175270274194465,0.0235097457767474,0.0192349421317533,0.0431698045979279,0.0208851295829971,0.00790468437970194,0.137456839766502,0.0341022990172177,0.201531523270895,0.0809390317394448,0.0439832925274317,0.20964754156328,0.136255490556673,0.0130191229312117,0.089982871131771,0.0926099960007552,0.00260008410443126,0.0286804575136907,0.170354711507583,0.00219416282695588,0.0143203010613904,0.072590862372992,0.0647681583041972,0.00982647543408479,0.0460233485030928
0.186780942487239,0.1273714823201,0.137267208593323,0.146454913929245,0.0235061243526632,0.0284419964696997,0.0674449057803983,0.102444451237122,0.133625712866286,0.0916938057026724,0.0334899523284507,0.176936858043614,0.113372684072882,0.0888432128931679,0.110721939664302,0.148484913469632,0.0660074872750647,0,0.0837678630495042,0.0806320307894077,0.110155525529279,0.104456966274814,0.00430013735520815,0.0909908311406652,0.0184992481101482,0.121163611250773,0.0632452342563631,0.237404824206685,0.174682181808829,0.0625316787456793,0.093885807350798,0.185456375682675,0.135634730564072,0.101134098318881,0.258476436622489,0.0428654060109128,0.113406067744031,0.181798281688892,0.0840284732464422,0.109854457563868,0.0340654155876669,0.117056280775838,0.0808094373602647,0.163468308417735,0.0369771188946489,0.0562517597000886,0.179133038550851,0.00496033463651061,0.138705065275335,0.0722577417546066,0.0807724883797126,0.0363914075609243,0.0849755244494559,0.0585253532766843,0,0,0.0147210633566781,0.00703691562238962,0.129144561889162,0.0838857300800814,0.0942137212037342,0.0888746242891725,0.0626148747953114,0.142795985558692,0.106666550713345,0,0.0395100423545511,0.0743786521945432,0.121635267599691,0.127889168591373,0.011997735362966,0.12630987421798,0.0633786509473264,0.0248751162473364,0.0144358446149591,0.127178797801924,0,0,0.00353157284019566,0.0137799967174908,0.0992924935517597,0.0924037222030491,0.121232253555366,0.123584554893324,0.0114681897086306,0.126609119574705,0.134826247993768,0.118032963770774,0.115740805500945,0.0455337542822614,0.125796751093855,0.0813131427294969,0,0.118536458395343,0.0286303058561681,0.111678017946867,0.108718388420345,0.000926461133893367,0.0362968016434527,0.106439643526976,0.115903171548179,0.00140105352504646,0.0654752893977499,0.066642236327543,0.0390086468997623,0.145163640831873,0.112373202280986,0.137901323437832,0.0819839373490786,0.122084330473015,0.0854843154584403
0.282913250559225,0.227398115903826,0.236997701100792,0.23798369295378,0.162522479139826,0.200751609695585,0.113047956618216,0.179339477394694,0.239374487999222,0.0358629908910547,0.144023877856303,0.0172905511245779,0.243902515818212,0.176277291609915,0.199063098569147,0.260611367831728,0.0806752261870821,0.0837678630495042,0,0.156358995836925,0.190909185030463,0.185824243535948,0.00674628646794977,0.163895629456368,0,0.215074411855872,0.100445002655023,0.110970767743506,0.315554198041174,0.114375857991639,0.157968823297174,0.289137622936461,0.219339146729648,0.0432350794703251,0.318022142944241,0.0771855571181924,0.208351055037875,0.273221188856225,0.148996513466453,0.19608677128198,0.0799352341049546,0.203950118119977,0.0739701091137153,0.247306714080136,0.19707132416122,0.198892707511925,0.278073420786902,0.116896762386335,0.224297220617447,0.243858390208088,0.145781582580939,0.000435681545846955,0.220600328176499,0.12602611866451,0.100557938095163,0.102507900519103,0.15398453608287,0.0384584416712815,0.226209853777524,0.141467867332569,0.196073194904821,0.192224770070061,0.185383129252619,0.222962171218339,0.215389610138988,0.0443950523338388,0.195699310341245,0.200746253992917,0.179409188056187,0.23891345121016,0.163084072605003,0.235079082455878,0.0987254918412672,0.0125208702183859,0.0202338678682619,0.214422882031803,0.032101361673797,0.0758404653699075,0.0443134439552541,0.140468932092885,0.0716875950788947,0.0688850736436587,0.211648575392114,0.228298489076463,0.127249503651798,0.119549194303413,0.232349595623852,0.193482835248698,0.186260236261128,0.14107724412654,0.221312766819632,0.180250693867615,0.0401221851070325,0.224138177151589,0.226209763112189,0.237694033710058,0.165818008446264,0.0895835854251378,0.164584687543845,0.204512281973143,0.241487154424426,0.0134184735811019,0.156915523939152,0.0883388839716436,0.185881527831351,0.238776711132921,0.204143725045078,0.221116559063454,0.199464326791677,0.222700039317778,0.125274266683873
0.0297714932904097,0.0324760492053381,0.0395529998447905,0.0442998315158636,0.215964913424992,0.273261093075725,0.107685615292016,0.0418578710420619,0.0493902356782377,0.0473874288050059,0.155066538208619,0.177610286917061,0.105630989476598,0.0515244352191724,0.0270643439257837,0.042029710008562,0.0460652143605805,0.0806320307894077,0.156358995836925,0,0.0596231279752529,0,0.0183555228800487,0.0558780422545077,0.0288211498696733,0.0265819349610913,0.0606881604361801,0.162375115486687,0.149790381542032,0.0460985252634761,0.15719375630012,0.0596791440937327,0.104512365403063,0.137366366603809,0.0482941108111363,0.132468873438706,0.0699806550515717,0.0634329666878761,0.0412165685935121,0.0263002565141712,0.156163694138293,0.0917055738724679,0.0958774430133516,0,0.179190400065091,0.121873339822829,0.103540627800534,0.164510070567886,0.00221644371536499,0.180450098430725,0.0888162256449324,0.182493885116197,0.166630457930201,0.0403636339230065,0.178092227570057,0.128607918954994,0.164059714106156,0.201610306574465,0.0461084275665361,0,0,0.0004059073519559,0.116355105188202,0.0736080934038256,0.0394805922606111,0.155369926720763,0.100084306381742,0.0758861806192844,0.0687195673845284,0.00185313398809789,0.193112008685135,0.0461297479528799,0.119711706931878,0.129415642561203,0.0138320901629722,0.0427476781309259,0.173038454478001,0.243825255215916,0.172975872580672,0.129822160188062,0.129401680460984,0.150282399033859,0.046084160075806,0,0.0636677966498966,0.100297602862908,0.0438048435530348,0.0525569297169462,0.0689495191325124,0.000571131090869782,0.0499702389214909,0,0.0220116819922406,0.00607984062351086,0.250571372220959,0,0.0653988247517188,0.160410105546652,0.2028435650713,0.0469475837680662,0.0864363725930113,0.0108011185746267,0.00715328342662776,0.0593283598811285,0.159992128934221,0.0541964820574656,0.0685565016080413,0.0167502844027,0.0570046496053497,0.039580356304077,0.13672683902516
