0,0.00985723461736544,0.00840820491779289,0.0138233324581138,0.0383716751252585,0.0129166755747211,0.0116898005848681,0.0198398700482832,0.00813464699672984,0.0226190666406846,0.0373856759881851,0.0067206152602652,0.00895345173805432,0.0224269229683621,0.0207136597857145,0.0133782554341862,0.0156137276006418,0.0228844578943602,0.0133686526632881,0.0237635874369922,0.0128025438069135,0.0122861799089407,0.00976554891430651,0.0168815335957358,0.0168972278012578,0.0121168873004939,0.0163757623976262,0.010622812745127,0.0113042987207926,0.0283314966617588,0.0116924311488604,0.0202398337583714,0.0104699908707301,0.0156267013728621,0.0188248393330097,0.0139569055040276,0.0102234858843158,0.00784540813513018,0.0172255378435322,0.0153306304609,0.0122195840296745,0.00758314465159591,0.00736060230047887,0.0094469857577111,0.0167264527693392,0.012241970846747,0.0176484045169301,0.0200308501207886,0.0121337914108864,0.00750191836414732,0.0105769481797144,0.00986541381980851,0.013573727852341,0.0118847573830414,0.00873598602916685,0.0104632227740737,0.0135169356240566,0.0120448509329176,0.0134617868736485,0.0112659197443754,0.0123883081692045,0.011827337013409,0.0129050935419398,0.00992701423217886,0.0122500781867573,0.0102598334143375,0.00728896684413092,0.00915838232017313,0.0208149046862909,0.0297577628324819,0.0144583436936772,0.0323088930617289,0.0110550420654491,0.024684918238225,0.0137638590189744,0.00480853488590932,0.0237918948217018,0.00880965460818434,0.0107628035849858,0.0151003932660299,0.0288720170795587,0.0176452478869951,0.0135417241035125,0.0367613250587268,0.0183686684950445,0.0169533840486185,0.018371865818117,0.0259546900654746,0.00893539371707818,0.0105488764160723,0.0385026551892889,0.0100596016311953,0.0136007873431767,0.0170281047688247,0.0195642266427364,0.00432528406319555,0.0231948846335753,0.0155317171543824,0.00804775116043581,0.0142851969286194,0.00759699865027182,0.00633706027720366,0.0270829465893644,0.00894948199039187,0.0074566015452244,0.0158044641986915,0.00687612047761562,0.0103074411514361,0.0146098379462473,0.0173400648573387,0.0142906701044078
0.00985723461736544,0,0.0436573357140706,0.0248425521290806,0.0236898528222203,0.0265534848093244,0.0781529315032509,0.0142059379985669,0.0257660907712487,0.0185565675467949,0.0199939393322961,0.0148096151486501,0.0182884161574177,0.0128652723090673,0.00556055638427934,0.0341236943292083,0.0290681703577507,0.0207798947062943,0.0231120933632565,0.0142781388192912,0.0327753207923083,0.0178909471732326,0.0508266188323807,0.0120978974542214,0.0181716497439403,0.0167560844409535,0.0262950050324085,0.0815027917900235,0.0325014427110231,0.0270866648769049,0.00827424490351748,0.0188771641323715,0.0113851075222794,0.0340474441455018,0.0260478757893048,0.0392686069610749,0.0180041619304397,0.0232164009629562,0.0291825760186391,0.0475521199818177,0.0454985588931698,0.0184786838415562,0.020867325169313,0.0135695376717439,0.0209869007328143,0.0327858964221489,0.0109663432685633,0.0060279377927343,0.0395495548543468,0.0352602627557238,0.0446881852993437,0.0260220773083567,0.00607664193373318,0.0417157251610013,0.0263339968696658,0.0485146494347075,0.0433915584126618,0.0405106037673117,0.00778845227494017,0.0502578137665469,0.0397247513553711,0.0520623091626242,0.0618043806877712,0.0283545386704379,0.0254892092227937,0.0381354864962252,0.0434245798731781,0.0251260647995717,0.0393976188886532,0.0450318845969489,0.0425997833448755,0.0373012476322323,0.0341663267692102,0.0309916977529984,0.0226060482222706,0.0319570318910222,0.02078923085062,0.0425649504867971,0.0189055243642629,0.0448980333063165,0.0239655243770046,0.0197287223807939,0.0171077249665747,0.0186679017401139,0.00987504397060311,0.00954371492242187,0.019990247973844,0.0270990191773292,0.0140775056340671,0.0204709782724318,0.0114367715206587,0.04363607907552,0.0483187241249198,0.00760014733417535,0.0245407563837467,0.0229544780963853,0.0288004891519582,0.0153699972631984,0.0246587384498914,0.0720080928348893,0.0309733957377428,0.00993770385207084,0.0128395733565179,0.0252973508917794,0.0243739425305835,0.0282059066122815,0.0306420399342915,0.00935863081409525,0.0154764673895311,0.0497305386900239,0.0181508417322318
0.00840820491779289,0.0436573357140706,0,0.014102435260153,0.0230734148580902,0.0208830155111038,0.0412682526180602,0.0135827019267493,0.0105873303443168,0.021708032647878,0.0240151035414107,0.00682539052688543,0.017518720204556,0.0121080319153314,0.0118358856011021,0.0094953527959112,0.0113783042854371,0.0155302108171204,0.0281987918859556,0.0127250879914095,0.0306054422326163,0.0179848191965259,0.0186248795053052,0.0092972845283305,0.00962747727087481,0.0174852350699589,0.025339829073668,0.0684788021747662,0.0241265338912451,0.0172751657603085,0.009606557091839,0.0443227565422023,0.0133906345047962,0.0272199041999369,0.0218112293334063,0.0154577049357264,0.0184503914663713,0.0237307605650173,0.034294067760318,0.0206892386874268,0.0267492712446007,0.0125576889280606,0.0163969267513293,0.00459251058759367,0.0373327778981993,0.0259487211012692,0.00680632615325924,0.00565321520006803,0.0460742919925042,0.0441473860839383,0.0300307187370493,0.00852288896124066,0.00676645965113975,0.0250930431257204,0.0348404969388039,0.034954102783903,0.0271956064376081,0.0207723956148602,0.00640819973960592,0.0193931399856625,0.0110454873851398,0.00498938011249125,0.0206599204703009,0.0504759541907521,0.012783705314716,0.0337307680174935,0.0211005107386731,0.0324000134329773,0.0194006172055717,0.0267026296397971,0.0408458673081582,0.0352862842759971,0.0284883744732647,0.0185738759655269,0.010748460265802,0.0245277722866837,0.0128727369251376,0.00871863772698202,0.0132913074727599,0.0351049122972874,0.00987545406359183,0.013430189479168,0.0140402613997576,0.0161056722236147,0.00633779184900616,0.01168825105723,0.0168083390521665,0.0143552738386637,0.0115358066524453,0.0255727468865833,0.0114005747898746,0.0196031486046906,0.0191799923803483,0.0101714844773994,0.0216722679389808,0.0138057442638264,0.0124120666182067,0.0124426236359584,0.012805171734116,0.0173933996321772,0.0231956142628814,0.0131017072181334,0.0141816146979216,0.021580533927884,0.0357739530658268,0.0170324111238659,0.0125277838187665,0.00888589633135651,0.0190279573732998,0.0517012132569379,0.0154658962965828
0.0138233324581138,0.0248425521290806,0.014102435260153,0,0.0164794301253639,0.014052998727598,0.0372767356861629,0.0167811981029474,0.0149170335020167,0.010663295720151,0.0153273069396997,0.010735492792444,0.0142356380082898,0.0137449921681371,0.00906873715723006,0.0256506232031487,0.0276716486812998,0.0181018009902468,0.0176283926774609,0.0177416151302569,0.0294533895611623,0.0151406493778424,0.0259527489918753,0.0173056025255881,0.025601167564886,0.0185395165077693,0.0144911974394539,0.0541195786993546,0.0300852624553895,0.0151220873994675,0.0106211961225879,0.00553954864884955,0.00745847134113528,0.0169486527093953,0.0189557044564452,0.0107448409711267,0.017086573284836,0.0236826657972044,0.0241428774251323,0.0456688863810219,0.031987992855539,0.0216113389794877,0.0240722456461604,0.0157675188575765,0.0192720953089746,0.0300180962759283,0.0143475337488834,0.0120012360529539,0.0289028730746323,0.0141279528965335,0.00556720702585161,0.0153175738329578,0.00874067140642756,0.0350272739058786,0.00569789240354323,0.0461076836909951,0.00459564063193308,0.00691699625592883,0.016376240744821,0.0546617058525139,0.0125200670057436,0.027690875949243,0.0441847141151431,0.0488815832751066,0.00837702259606305,0.0332610973427866,0.0469863386560661,0.0102945610463959,0.042582911132878,0.0313117016270966,0.0355363721649244,0.029577448899439,0.0226206610832685,0.0243075419794746,0.0254535177155641,0.0198606390928728,0.0198361745908535,0.0151008966332317,0.020669016197489,0.0263731655765377,0.0234805619542529,0.0165418477216558,0.00273400469370372,0.00961584219816228,0.00833244166027347,0.00787853146575702,0.00825025823477611,0.0107146937384414,0.0140447888569435,0.0116611210019117,0.0104020974445692,0.0119780110021083,0.00568218357584107,0.0118418023645242,0.0241808047871861,0.0123148143145342,0.0148925944949881,0.00962079181104168,0.0075736181755492,0.0217247682869053,0.0208655907787562,0.00921241323899251,0.0103613485930609,0.00749674876125832,0.00480911104884655,0.0194709647788596,0.0138740471243893,0.00810783383977897,0.0200191766318031,0.0324450047637234,0.0167781347992294
0.0383716751252585,0.0236898528222203,0.0230734148580902,0.0164794301253639,0,0.0268984412577389,0.0316194174067094,0.032116651689583,0.0236285630706864,0.0648578943555231,0.0100659590524328,0.0232920968542812,0.0148218294986482,0.0262951489391317,0.0238890119152061,0.0251662096500436,0.0274955113624395,0.0160974070274073,0.0133974262264498,0.0181896587954053,0.00608722621915976,0.0256374137986878,0.0284936640312753,0.0252491131493891,0.0412592021999508,0.029789694220025,0.0204076556060179,0.0326791365625721,0.0186320528097851,0.0287016964440311,0.0189352942888533,0.0184182052021982,0.0305039595130024,0.0200974583573813,0.0297536518276662,0.028839441334618,0.0299833103709474,0.0338107877060144,0.0209121642979276,0.0364507271371311,0.0380546944081821,0.0346286886771812,0.0342355512550155,0.0386015059877277,0.0214643441804674,0.0433022547504344,0.0338888916416272,0.0222533228821094,0.0403907423323428,0.0219794909065546,0.0183175805028038,0.0271245257286011,0.0519927390606288,0.0316020523237307,0.0183498648885583,0.0360998548544081,0.0209536968751796,0.0219735724490732,0.0391792479348097,0.037651564990502,0.0240381878828602,0.0265868118186483,0.0314724005650331,0.0328567511207861,0.0269311110195708,0.0127840720818798,0.0352687509632231,0.0161220422735859,0.0237957096801455,0.0371767232212224,0.0123956473151109,0.0262489540457119,0.0191385705403457,0.0106459459643698,0.0124220451845267,0.0142863642126124,0.0164959271570535,0.022873741087431,0.0339279864403457,0.0244573423184532,0.0287669454936742,0.0341375725023727,0.0129755952309397,0.0338787701913283,0.0359699373091335,0.0392395046696917,0.0295706945990626,0.0251664226319309,0.0122008298579168,0.0282508206627852,0.0397977360261184,0.0185243604983886,0.0234965312492,0.0183123187537785,0.0333556501488417,0.0147357510161241,0.0273285380894216,0.0290805793707528,0.0257613597694984,0.0288258137521321,0.024532432857646,0.0285903275683457,0.0358318206977301,0.027194410006125,0.0209625071401815,0.0255082548881418,0.0203775409578783,0.0281626768632479,0.022511571271123,0.0124224353317303,0.0130537140935302
0.0129166755747211,0.0265534848093244,0.0208830155111038,0.014052998727598,0.0268984412577389,0,0.0218267988380554,0.0183236938314867,0.0148822210925752,0.0266680057136602,0.0190594432632437,0.0157240727327478,0.0175215026485754,0.0170448338693332,0.0150583204637495,0.0262830084854746,0.0197214922564272,0.0144944941499268,0.024745115603586,0.0193908802789474,0.0181769827641418,0.0125893583582484,0.0160326920481676,0.0156789850025622,0.0131469298306888,0.00735103226921527,0.0164855329160451,0.0512827237660436,0.0222464653648539,0.0111200734798033,0.0160797247438955,0.0370215326908446,0.0115912036252596,0.0239358995691328,0.0161575394577702,0.0146682731493957,0.022353240200439,0.0272259659124642,0.0223963514493125,0.0177909087840976,0.0228851578327317,0.0142995274195856,0.0192580242346442,0.00456277391779103,0.0347822827666177,0.019865787201644,0.00747281655701998,0.00953361189023731,0.0354354050103023,0.0276574329404092,0.0116618955897853,0.0155882188451474,0.0113286394059925,0.0223484923515449,0.00868664905787692,0.0304639425725427,0.0168994819047453,0.0155780591159768,0.0107720699266929,0.0208407227369267,0.00928576064316188,0.00878211108766757,0.0238218900700739,0.0454794154149969,0.0107119365087419,0.0249204058419827,0.0271658544495557,0.0246190035488849,0.0220633327492484,0.0261723115983572,0.0437232356523924,0.0386289783936283,0.0156453972652767,0.0178389178229595,0.00786857700936774,0.0132769833768471,0.0114318806736995,0.00919486305854649,0.0211715369373412,0.0232577707880398,0.00889358390250023,0.0166527925033036,0.0129491393656939,0.0183113640994018,0.00725303176013996,0.0124110093574987,0.0126119315622192,0.0102591915029595,0.0183740659761103,0.017372393660685,0.018000508771416,0.0145932624734316,0.0150857878241432,0.0140635412050187,0.0163196884841407,0.0157148306442633,0.0129953868242256,0.0119878465192398,0.0219640510547117,0.0125146263664091,0.0222571420491954,0.012116283402913,0.0175574634536033,0.0156527615086383,0.01464481851194,0.0103880160572172,0.0147099120817251,0.00844053403343858,0.0176049254069016,0.0322461911315496,0.0170841055453322
0.0116898005848681,0.0781529315032509,0.0412682526180602,0.0372767356861629,0.0316194174067094,0.0218267988380554,0,0.0224308215831614,0.0696217334665206,0.0142833430196555,0.0346006138901462,0.015059708782803,0.0410034243424227,0.0227018081421174,0.0236321941982611,0.0196204938121066,0.0160007003385217,0.0235243676228117,0.0410899178942531,0.0130625740582449,0.0306862691922309,0.0283174382326667,0.0245999590499098,0.0120372381892474,0.0121417525953808,0.0256498078837065,0.0377570794016157,0.0397356643864687,0.0434587790347574,0.0234563197628878,0.0157613494454589,0.0559213048672256,0.0377344281105022,0.0219493715666872,0.014164757888169,0.051728124062048,0.021032200248509,0.028624431873797,0.0336105770721569,0.0195598507449696,0.0202563756460516,0.0154620477038351,0.019914131252472,0.00468395166678318,0.0649641094592832,0.0222436687663904,0.00934417490166971,0.00912952141625855,0.0394917001909159,0.0465513161899212,0.0285838761554044,0.061197406290569,0.00717771437483594,0.0195378123461919,0.0592714462314012,0.0257001592774252,0.0587273451230261,0.0475431636565696,0.0081086850425564,0.0311578561612339,0.0724418524662954,0.0301534514440252,0.0504277833901949,0.0651728390760201,0.0619929622355541,0.0385479711541956,0.0255097307335339,0.0521504243386541,0.0143733405913827,0.0178864257946515,0.0547336587295662,0.0323052502916683,0.0526628113912506,0.0185179399424725,0.0144057637562078,0.0413528326951123,0.033084518976165,0.0343874902824932,0.0211528253638317,0.0174264299924351,0.0115135185853685,0.018411815400741,0.0377074053063324,0.00913691369355651,0.00855493789630622,0.010928832734138,0.0270697078097927,0.0132431368842,0.00607094779916325,0.0337397985148434,0.0144741645044123,0.0509699715185848,0.0764794921216836,0.0243525677285469,0.0192814153892004,0.0119230222016855,0.00615074609827634,0.0148623882665017,0.0507469479970441,0.0448835759234627,0.0328629783703892,0.0347096131797814,0.0140739280243751,0.0512924748645992,0.0517707902629217,0.0241296887517683,0.0071868858938256,0.0351454014108348,0.0151154221483367,0.0449132226949975,0.016818946394856
0.0198398700482832,0.0142059379985669,0.0135827019267493,0.0167811981029474,0.032116651689583,0.0183236938314867,0.0224308215831614,0,0.0118870929753483,0.0243127835830258,0.0303784781014733,0.0207224352277064,0.0110732934210945,0.018179732068839,0.0356344768840197,0.0229146821024503,0.0182999487117575,0.0206174887154778,0.0113627394774045,0.0124541631339165,0.0196225757830409,0.00994920277955575,0.0172055667289738,0.011477264110493,0.0268865912383828,0.0124660046659016,0.00640502686182836,0.0292539446709318,0.0166650701749799,0.0277068380697618,0.0101930762526918,0.0144645836152744,0.00686799133327696,0.00314533737437683,0.0129631751287218,0.0190396532678094,0.0109879643131611,0.0131416151591937,0.0253466961308794,0.0399260543043116,0.0160968952835404,0.0252195875601159,0.02334036235929,0.0313285101129706,0.0205402027493151,0.0252658940499973,0.0264021243130908,0.0195546021252863,0.0199079192333893,0.0121932833196407,0.012423745936725,0.0128261118043237,0.0172819507286905,0.0138369224016943,0.00995554511971255,0.0187756419389181,0.0162436797972158,0.0140090699682422,0.0554532408687187,0.0466749565673414,0.016552577848662,0.0304559495989969,0.0323004674082689,0.0128121827768189,0.0161512144731664,0.0212878517968443,0.0554131500686848,0.00849179211235148,0.0775307680516754,0.0453176678537688,0.0219385196778658,0.0395545153971881,0.0153181958853297,0.0452388520773788,0.0468495365029761,0.0105411816277678,0.0240665572579306,0.0155093605760253,0.0151484712487378,0.0273677476192494,0.0637678022263434,0.0400203686730617,0.0118894045175047,0.0284582294452205,0.0206394494100288,0.0210950120606289,0.0268810306395143,0.0310940718120047,0.00895759497344562,0.00991247185934605,0.0297156508834709,0.0170581330617338,0.0166578744372514,0.0200071900075686,0.0281310286042431,0.0125675130319791,0.0404783232883832,0.0173724544675632,0.0110509745750115,0.0178766142876132,0.032362200901552,0.00981431690094994,0.0257858557063663,0.0139430841887501,0.00962999291265358,0.0591870799021796,0.0098246400469672,0.0141992546527194,0.010109086790167,0.0141119439872895,0.0243622144972077
0.00813464699672984,0.0257660907712487,0.0105873303443168,0.0149170335020167,0.0236285630706864,0.0148822210925752,0.0696217334665206,0.0118870929753483,0,0.0183907131773545,0.0243471477250799,0.00804563999545778,0.0196610723677254,0.00852870188174122,0.00858677705079735,0.0139927331952666,0.0125421528210892,0.0174333992175882,0.0354521501996386,0.00878298835240308,0.0333290148688319,0.0163046097641357,0.0202585318706104,0.00802862189834559,0.0111134775223927,0.0125687729371495,0.0300935398904672,0.0611010953893598,0.0329460834481647,0.02330631187156,0.00561391040595559,0.0134804559903962,0.0171910829369396,0.0227468209833584,0.0223086540153571,0.0176685336426465,0.016508391427293,0.0212848281800074,0.0313694434155062,0.0345798654934127,0.0264106207652901,0.0169119736293162,0.0199937177242064,0.00941415189935994,0.0131253472718391,0.0302419940698966,0.0133976844901089,0.00794215401416551,0.0393413555540681,0.030530095478157,0.0232592541342995,0.0090532006795819,0.00734859910301233,0.0306816957172545,0.0226251527829876,0.0477705673177995,0.019497560905273,0.00834012235393947,0.00903633896229363,0.0542376737442473,0.0210097127282306,0.0449208750601675,0.0536273963222441,0.0407175797163057,0.00722040116370047,0.0301250510197683,0.0462073631558243,0.023809733730953,0.0361061910812983,0.0329212740127582,0.0376412126057118,0.0354393467317527,0.0306081504413782,0.0260299096361878,0.0208509577461617,0.024385598560467,0.0145910142161387,0.0177827497059837,0.0110783700979269,0.0383495824290258,0.0189595316503313,0.0148915389048046,0.015482657105526,0.0145694227794163,0.00591808221983249,0.0110665917879235,0.00877107850131313,0.0148800704589907,0.0115604163273302,0.0269522683338093,0.00864563874457391,0.0228335003185835,0.0220508716636137,0.0118307436101934,0.0219127856822599,0.0196492026150501,0.0234353607079224,0.0135218041849167,0.00537466017903505,0.0391801904584835,0.0354014146004864,0.00649883805841067,0.012565748558983,0.00921050515742554,0.00908338916261173,0.0238611294980283,0.0161748565461203,0.00740453015324074,0.01374629830189,0.0395466810487041,0.0191466140842228
0.0226190666406846,0.0185565675467949,0.021708032647878,0.010663295720151,0.0648578943555231,0.0266680057136602,0.0142833430196555,0.0243127835830258,0.0183907131773545,0,0.0341699592922156,0.00962524201919198,0.0326982025216968,0.0254565939153465,0.0235942438153624,0.0226031582875074,0.0287033828630932,0.0153661214469181,0.028367780714543,0.0367327491278985,0.024995029422904,0.0360304961567324,0.0159512638451654,0.0405458076410709,0.0357307277346363,0.041546557280997,0.0174233550891638,0.0289694310015659,0.0253537778699945,0.0119670916025943,0.0260645209579137,0.0209607138421343,0.020461385164383,0.016319239731809,0.0142143553241058,0.0134359884623954,0.0193012506160182,0.0230743949202267,0.0165524305303825,0.0153074550218305,0.0124311863145009,0.0153937264538711,0.0152564413833599,0.0189220731040372,0.0140291906999947,0.0250128473825966,0.00611727691904396,0.0387376458794538,0.0249681480137147,0.0198284655707889,0.0127114714322113,0.0216139879373633,0.0286197300099543,0.0158877464210249,0.0176491307612848,0.0171489622982754,0.0132463553533494,0.0141002159184392,0.0257213733779129,0.0136399053403584,0.0157798735705051,0.0161744421913824,0.0140144326357045,0.0174336597652682,0.0178808856731647,0.017127627549789,0.0206529071871714,0.0164179438803608,0.0247932624464778,0.0138635144823065,0.0202533001835969,0.0438998991411303,0.0137814132814027,0.0261704443991107,0.0244621088108761,0.0192441449488547,0.0209639176211608,0.0274374470155324,0.0299852675111832,0.0149486570748574,0.0208367720909726,0.0164916497319505,0.013842352514085,0.00874701951568987,0.00793019155500735,0.00917534104435886,0.0112897496960727,0.00888428197579289,0.0332375476741369,0.00996318190867462,0.0159350956077802,0.019082608084173,0.0148903707717369,0.0316523434418504,0.0285230807986041,0.0224935753173952,0.0136977455382671,0.0160575689237051,0.0232202310683146,0.0175948015798946,0.0177838419814946,0.023911621272443,0.0178812109476629,0.0178858760049878,0.0260037734138618,0.0119354045346403,0.0255123249393032,0.0157342965730855,0.0266297966572309,0.020565841661488,0.0241710835555162
0.0373856759881851,0.0199939393322961,0.0240151035414107,0.0153273069396997,0.0100659590524328,0.0190594432632437,0.0346006138901462,0.0303784781014733,0.0243471477250799,0.0341699592922156,0,0.0164073168511298,0.020578175193308,0.0284259031947391,0.0208736020329539,0.0176456160719625,0.018134567840448,0.025610356450784,0.0149310757293177,0.0191935430468321,0.0110965645827305,0.0211004303740748,0.0301564529666525,0.0173268178997414,0.0269165633585843,0.0182704029281497,0.029617475214415,0.0229930156992994,0.0212847341761677,0.0330248002955668,0.0169926857736115,0.0166713863776298,0.0287914158783248,0.0455187615014854,0.0409676321205639,0.030588241403145,0.0257900826526923,0.0307804983199334,0.0255766193744725,0.0299340909665876,0.0454052164585514,0.0337469514068982,0.0339314900536394,0.0353123871776641,0.017687488921867,0.0496397479634351,0.0470844380609714,0.018663937645402,0.0243108025149212,0.0116856446092156,0.0137454471900917,0.0308707764574747,0.02667566076829,0.0340954302824621,0.018600278955675,0.0397787200356053,0.0204365316950292,0.021840044665205,0.0341771821649264,0.0412441499015396,0.0269256424992145,0.0275718400203299,0.0364848988340266,0.0285861544870443,0.0274744642388492,0.0105695389356565,0.0364777575213642,0.0162172027455534,0.021384361707194,0.0329101749690455,0.0119127250115512,0.0157069949606747,0.014932314433635,0.014577344159607,0.0104510253480026,0.0142729635479381,0.0121947027622241,0.0274523168011958,0.0444487218983393,0.0190538557264919,0.0214824212465824,0.0220324422666759,0.0100852995095716,0.0365663895931725,0.0317124859741471,0.0317304512300393,0.022701687386909,0.0219070948415269,0.00891407248762928,0.0258084311756707,0.0236387335695004,0.0159968557939457,0.0230013613797828,0.0124522626775023,0.0180921962467507,0.0122206334418327,0.0232712507091402,0.0218168204237952,0.0267625005663023,0.0327458403309583,0.0201786113362604,0.027938696537727,0.0274587076644774,0.0246701666021172,0.0222216036399785,0.020383923682741,0.0217561875125794,0.0308730048163953,0.0180056340412151,0.0167924616483128,0.0148560592735419
0.0067206152602652,0.0148096151486501,0.00682539052688543,0.010735492792444,0.0232920968542812,0.0157240727327478,0.015059708782803,0.0207224352277064,0.00804563999545778,0.00962524201919198,0.0164073168511298,0,0.0194952302475447,0.0345524609304566,0.0167547221914355,0.0164188442232645,0.0134175595651711,0.0184754187895935,0.0217200953480489,0.0267181294397805,0.0429626328592457,0.00969507480964514,0.00466693352178454,0.0123751610630142,0.0138221631574671,0.00878041181099868,0.0139686355817281,0.053583070064512,0.0151383391885523,0.0161924486584888,0.0191311510336979,0.0125808653393826,0.0074417521199742,0.0186508223668205,0.00587955950583275,0.00547082793113579,0.0201931535520607,0.0229423487383522,0.0457748927251308,0.0157167202832933,0.00439544356719349,0.0162121551951587,0.0179266717464287,0.00661466035397425,0.0289107503251767,0.0131405728724891,0.00691991644162653,0.0130249358935414,0.0352349940435973,0.0442496509121017,0.0226598477987324,0.00595566855790262,0.00786075948842933,0.0111416296155615,0.0178762477869238,0.020173887317881,0.0115960030591185,0.00822032291702555,0.00891376398762172,0.022044228611376,0.0130345514437311,0.0132024076586071,0.0154368120252298,0.0366757608439814,0.00719061433626984,0.0536377269013663,0.0299069866657384,0.0274899282098433,0.0276625179590796,0.0293911781808422,0.0417139844705778,0.0424356546593962,0.0396493696255638,0.0236545456280099,0.0132319736797204,0.0243600999955251,0.017925406232949,0.00708841424728104,0.010299949617391,0.0333209744103012,0.00885955725852023,0.0136061436595373,0.0133059511624625,0.00948720090565428,0.00630920506023218,0.0128257202605893,0.00734627038101405,0.00917608238650282,0.0185871044896684,0.0284241387856357,0.00966243867174373,0.0106137514874787,0.0103444760940813,0.0192960634295,0.0293786007026371,0.021210227168882,0.0145201471621834,0.00993201612136185,0.00755855659994599,0.00679484775963954,0.0454383744226604,0.0081432506410681,0.0248592692285118,0.00864186537535785,0.0113826942636849,0.0416117587589661,0.0067544621309206,0.0113590481054762,0.0181768146471334,0.0332284079218319,0.0133020162764069
0.00895345173805432,0.0182884161574177,0.017518720204556,0.0142356380082898,0.0148218294986482,0.0175215026485754,0.0410034243424227,0.0110732934210945,0.0196610723677254,0.0326982025216968,0.020578175193308,0.0194952302475447,0,0.0142035715320427,0.0205207428307332,0.0234896083324072,0.0144715459757527,0.0170248446096188,0.0439743026344701,0.00936111671807808,0.0201175520799959,0.0164150697007826,0.0222887696702423,0.0122030340213725,0.00762155720813338,0.00751860604544064,0.0277769145585715,0.0438335861376333,0.0296045744583443,0.0182244203690851,0.0167216905013909,0.0088986726419372,0.0141162576733832,0.0396807577690444,0.0345687804974857,0.0154890430590109,0.0221435644815646,0.0237156294665711,0.0113241312932283,0.024741423396128,0.0321295239175641,0.0221975032844475,0.0238428320199705,0.0125335120193131,0.0142969935663422,0.0372425587458454,0.0151389587488909,0.0186958929331509,0.0389005198152388,0.0213646172665259,0.0171971762087836,0.0220266123230092,0.0221855667869408,0.0238636485326327,0.0142690450500622,0.0379705556109407,0.0196964037218086,0.0191389766682809,0.0167392092573848,0.0365037755739185,0.020440089506709,0.0247641566099083,0.0301440107220027,0.0343270426124257,0.01530002945261,0.0127898894451088,0.0425822830182437,0.0145871300245793,0.0292806782423014,0.028713002978108,0.0147378969851048,0.0307866561820783,0.012311471448364,0.0220860968022433,0.016707894532547,0.0112697197749467,0.00681949223247548,0.0157815737190097,0.020197430742669,0.0224689562854003,0.0145642646423087,0.0111244796187799,0.011641888560175,0.0179861976550691,0.0110509888444092,0.0116576565103034,0.0153691736288364,0.0138736017590389,0.0145412704059887,0.0145104150516393,0.0123854842590869,0.0129090869175187,0.019794173769529,0.0183960442099633,0.0225099221844129,0.0108951806734728,0.0242758154892092,0.0128342958923594,0.0187101704115133,0.0259730535962253,0.0152172483553538,0.0190873174147014,0.0114722067540097,0.0164047723489831,0.0144089368623486,0.00655220372988504,0.0125630207362736,0.0138177869443796,0.0185673042766269,0.0249066956967998,0.023519152277626
0.0224269229683621,0.0128652723090673,0.0121080319153314,0.0137449921681371,0.0262951489391317,0.0170448338693332,0.0227018081421174,0.018179732068839,0.00852870188174122,0.0254565939153465,0.0284259031947391,0.0345524609304566,0.0142035715320427,0,0.0418359880076501,0.0228263769831536,0.0143759503031681,0.0251692695773999,0.0226779664762067,0.00628661488568404,0.0182412928285413,0.00887943121252295,0.0140364732889241,0.00842621542958758,0.0219649208370617,0.0109419697934725,0.00766289680297126,0.0471957015513838,0.0146335571594017,0.0187401607882161,0.0073269940187374,0.0106322775397466,0.0059137095497494,0.00801933765740968,0.0071525507846225,0.0140822537801437,0.0111369980274637,0.0118016690142935,0.0252972803233142,0.0311927175728624,0.0107249288449875,0.0176473608752188,0.0170101994547207,0.0237550862152086,0.0157597169988791,0.0245945268053457,0.0173386335020404,0.0172526236660044,0.0231944679589948,0.0149784347600465,0.0138562981022232,0.0111956670094662,0.0134044828330697,0.0106681521141199,0.011494976967316,0.0177309930215489,0.0127737687761866,0.0120213113404947,0.0401612530409125,0.0410261798455296,0.0146659820341761,0.0278038761118682,0.0305721748559939,0.0217448072233217,0.0139651999966815,0.0230580505670378,0.0472370442258848,0.00944587151525132,0.0552303367097884,0.0386714264271094,0.0213730252540876,0.0361720521594136,0.0160144839896756,0.0363004657648458,0.0265737382750592,0.0129458123100158,0.0211556494963902,0.0166110109295455,0.0102999394718983,0.0271615543666401,0.0394780623711442,0.0307629572214826,0.00785611303450711,0.0241393567732198,0.0173871789649545,0.0211098648206496,0.0222001207077053,0.0282915800966397,0.00909450641063133,0.0126521561531133,0.0227352104568535,0.0125486887393914,0.0115388792531394,0.0209431927679321,0.0248442275770551,0.0184909471699593,0.0400224770648106,0.021129956261787,0.0110464289058881,0.0163755221843688,0.0415093835051034,0.0122534521818349,0.0198768406931639,0.0136282604334906,0.0101942378284161,0.0613179785264051,0.00663475221453985,0.0180301612336565,0.00980039714584664,0.02034166903563,0.016209718273136
0.0207136597857145,0.00556055638427934,0.0118358856011021,0.00906873715723006,0.0238890119152061,0.0150583204637495,0.0236321941982611,0.0356344768840197,0.00858677705079735,0.0235942438153624,0.0208736020329539,0.0167547221914355,0.0205207428307332,0.0418359880076501,0,0.0216598923207123,0.0234671965923476,0.0167264478840499,0.0262456362088257,0.0330582367346815,0.0131824254584196,0.0164612637262949,0.0134905157328471,0.0255366525013215,0.0280236102054574,0.0164529925477044,0.0184824144818737,0.108378795548764,0.0167223345646778,0.0132027951460175,0.0277890038658641,0.0124756174036637,0.00902840600851051,0.0378604741178099,0.0117865379429998,0.00873995994206571,0.0211177008572502,0.0264039155794196,0.0261419951298103,0.0262804668569688,0.0147301796141728,0.0173442770512324,0.0211966898718338,0.018037409043284,0.0198419606727106,0.0177106357474712,0.00872486550818332,0.00507776103875032,0.0275403967985507,0.0145744159915258,0.0103157570265785,0.00997947838266332,0.0154899687630919,0.0249145117634061,0.00776798024106069,0.0225211502673094,0.00779029053039817,0.0140214176964254,0.0151998034184058,0.0237726384475583,0.0131309236908737,0.0106543048782078,0.0331112282694203,0.0199357494486505,0.00933471516356569,0.0313537135027583,0.0324926028587503,0.0143974309393558,0.0370734702931641,0.0551391285703135,0.0393033697178458,0.0478246831674808,0.0234554790216274,0.0413951341215513,0.0124631597083325,0.0174493607124352,0.0280641888445751,0.0131645170749872,0.0133014789416644,0.0362053054178298,0.0233242000371681,0.0357342494046493,0.0153427340325966,0.0359467895215382,0.0107969582547227,0.0088006517742681,0.0144026833136209,0.0229905436527522,0.011819460639481,0.00883066159896627,0.0242270634551697,0.0131701484273921,0.011842075472415,0.0139084844228418,0.0243459494403321,0.018671467841648,0.0383532315109252,0.0233506785406857,0.00896522165724237,0.0171632922929196,0.0290504481347239,0.0103671469367097,0.0149890269159895,0.00839895336214283,0.0066962905403246,0.0434527214685827,0.0153185427184693,0.00711734165262895,0.0130894151395736,0.0285628658659949,0.0113885527066697
0.0133782554341862,0.0341236943292083,0.0094953527959112,0.0256506232031487,0.0251662096500436,0.0262830084854746,0.0196204938121066,0.0229146821024503,0.0139927331952666,0.0226031582875074,0.0176456160719625,0.0164188442232645,0.0234896083324072,0.0228263769831536,0.0216598923207123,0,0.0160582040560842,0.0153355709744948,0.0180571601531875,0.0228890331811421,0.0280602381496384,0.0123109083067849,0.00657671008431289,0.0152059349671091,0.0148982183097601,0.0146816486174375,0.0172510671768751,0.0613577128079509,0.017036123717818,0.0186198740213539,0.0212714065291655,0.0644427869158217,0.00859181062422533,0.0310904595359871,0.0120436891544081,0.0162078197120489,0.0249068333598616,0.0328689673314067,0.0329113189908511,0.0258849880544626,0.0175647232223592,0.0139169725829465,0.0213435373190674,0.00635481465023876,0.0543724201641913,0.0201603053475276,0.00328147881489402,0.00358290366567576,0.0514136668993475,0.0540983189885463,0.0208695802580518,0.00996766753334536,0.00462827652697787,0.0245421869130348,0.021648345505472,0.0219271912699566,0.0293279761214416,0.0197647243643032,0.00952649349245886,0.0146216868707276,0.0150185748697739,0.00941094681276562,0.0196213367172955,0.0302444300449514,0.0124393209894399,0.0595635592604199,0.0189374649848137,0.0393028213657359,0.0304134173683627,0.0493234888648462,0.077072654693964,0.0594723276204294,0.0477300249500981,0.033908355691014,0.0152030937013888,0.030195087960459,0.0348533044256774,0.0102301951023815,0.0154220148272201,0.0420425057141466,0.015792722956894,0.0315010683298921,0.0271426015023061,0.0251035313156778,0.00720379645967997,0.00668727341584029,0.0180999724863042,0.0138063166199452,0.0127746979245389,0.0245507706344395,0.0249824286821027,0.0261340667439504,0.0302149440051638,0.0173126012268388,0.037292692245427,0.0117009281762914,0.0160620995582537,0.0188651654535894,0.0150834599952249,0.00763046874438679,0.0326140515830647,0.0133519492941443,0.0259734717530762,0.0135451536832992,0.0179692096198245,0.0346554611328937,0.010363349263565,0.0117793511149201,0.0144461496938445,0.0348528713328297,0.0219002711184871
0.0156137276006418,0.0290681703577507,0.0113783042854371,0.0276716486812998,0.0274955113624395,0.0197214922564272,0.0160007003385217,0.0182999487117575,0.0125421528210892,0.0287033828630932,0.018134567840448,0.0134175595651711,0.0144715459757527,0.0143759503031681,0.0234671965923476,0.0160582040560842,0,0.0167178356972285,0.0149049507005551,0.0181459036179989,0.0231750575403228,0.0193365983257072,0.011525860332376,0.0129747942870917,0.0119785640941512,0.0236203107980035,0.0196556381422908,0.0178643551061319,0.0129065995902722,0.0248745206195803,0.0161037033500676,0.0442266670656598,0.0116302532503312,0.01917095743616,0.0234315720519297,0.0240025373472805,0.0246240806345545,0.0314650689459228,0.0302760819985917,0.026446913049697,0.0276665647497381,0.0140259715080996,0.0210581913148745,0.00522206001849696,0.0354932655705057,0.0273623902336512,0.00385091543135246,0.0163722591055675,0.0463892093363571,0.0330845600756537,0.013650780979775,0.0172532141849128,0.00686861663277945,0.032531366969629,0.00975722185462922,0.0239893715799155,0.0192785824385043,0.0135144345558025,0.00895625788233842,0.0162744082660879,0.00823692032184655,0.00856093907009034,0.017286598214589,0.030953308683168,0.0121425013792859,0.0360658713290081,0.0181700802672319,0.0252719283828714,0.0270929679190474,0.0361046064773793,0.0548212221205083,0.0468935989597377,0.0334967370278751,0.0299740577142776,0.0253999871111042,0.0190729907270654,0.0232142140284657,0.00988515874233629,0.0183012480476486,0.0287385937351566,0.0246915705892221,0.0298909548146136,0.0155708725605428,0.021546876485005,0.0149390600587663,0.0173203631785569,0.0193762581751198,0.0146195986687181,0.0185160618527761,0.0307387546308912,0.0295244811009511,0.0214947894774276,0.019473555855516,0.0121682933342559,0.0322840848227358,0.017891689741662,0.0156433162318606,0.0210436870207376,0.0141404057743218,0.00958040485602864,0.0322568502729052,0.0168179554358267,0.0221372833250956,0.0169446200589551,0.0134586045876977,0.0183524862066294,0.0158275849478068,0.0144876805740601,0.0151916649302816,0.0207483631128646,0.0339013009582346
0.0228844578943602,0.0207798947062943,0.0155302108171204,0.0181018009902468,0.0160974070274073,0.0144944941499268,0.0235243676228117,0.0206174887154778,0.0174333992175882,0.0153661214469181,0.025610356450784,0.0184754187895935,0.0170248446096188,0.0251692695773999,0.0167264478840499,0.0153355709744948,0.0167178356972285,0,0.0185936260445028,0.0227209752502471,0.0175571902757602,0.0131845422718578,0.0137036544966524,0.0131465076004128,0.0162194874007866,0.017493347759911,0.0153834079586377,0.0355794587617268,0.0145196751762629,0.0187070260012023,0.00847222395388209,0.0131756503627042,0.0243349497100582,0.00823457180823284,0.00716568707999478,0.0139456678556136,0.0192513687277833,0.00914836257999534,0.0288536340975052,0.0113771821077955,0.0150750576123598,0.0174342760160618,0.0109574106339671,0.00621680833507392,0.0200625465291921,0.0061016510569614,0.011584680064293,0.0153824639924406,0.0178955861005851,0.0167277694458313,0.0161604419959137,0.0166739992419924,0.00849820740046224,0.020678753394112,0.0170671284562569,0.0244423184383052,0.0142932048121552,0.00987590760471497,0.00620144718885586,0.0233175739913958,0.0187833422211841,0.0217246345000018,0.0196115608196282,0.0686380953220322,0.0146647591172383,0.018387907491752,0.0179199032141758,0.022181512693529,0.0095248031919218,0.00851247857869994,0.0186841292587157,0.0124793159373514,0.016843244628068,0.00859492875780442,0.0156117169631203,0.0190946928965095,0.012011781243796,0.019301216750512,0.0137299176949506,0.0184358172056066,0.0160938969218338,0.0115456452395098,0.0097439407877718,0.00656453932982665,0.0128412224893592,0.0133042512955188,0.0102209722602669,0.00897574755391318,0.0146678547842532,0.0151116792628595,0.0077162082915207,0.0128064380355401,0.0144681215518568,0.0109569692711136,0.0170551711511661,0.0271075852044657,0.0111637210632415,0.0170317001298098,0.016590716864323,0.018915106579806,0.0223669724506446,0.0182026699121758,0.0124286107675516,0.0187289956938369,0.0177923883281166,0.0205299068356153,0.0147533484826955,0.0225095815958107,0.0263979255722428,0.0171159606886944,0.00912448983968046
0.0133686526632881,0.0231120933632565,0.0281987918859556,0.0176283926774609,0.0133974262264498,0.024745115603586,0.0410899178942531,0.0113627394774045,0.0354521501996386,0.028367780714543,0.0149310757293177,0.0217200953480489,0.0439743026344701,0.0226779664762067,0.0262456362088257,0.0180571601531875,0.0149049507005551,0.0185936260445028,0,0.0169846490196807,0.0123930467334954,0.0201195112775889,0.0292653564407588,0.0137892929993512,0.0116553392447871,0.0155822758626181,0.0199386386073011,0.0389625975166895,0.0373044480796084,0.00968184796197694,0.0247420117172614,0.0145223114908289,0.0145285649042912,0.0259096885997376,0.0251273987048219,0.0159576400090463,0.0242122005069423,0.0216220126431249,0.0125184000737991,0.0236892415230973,0.025370133962197,0.028253664767686,0.0230064944693823,0.0146626744611363,0.0206699071384396,0.0324521077025716,0.0122140958016129,0.0365500122613798,0.0372984860991939,0.0222563944363476,0.0197797606673046,0.0342238350480303,0.0208505591353782,0.0269224934737091,0.0328037102568706,0.0291054559525808,0.025459096267392,0.0264298779120876,0.0198724337255288,0.0345062745388436,0.0369653722952473,0.0381273891253494,0.02806814378488,0.0215972989493368,0.0305509236809988,0.0173909701230766,0.048867585441271,0.0172484728119115,0.0190919304410442,0.018284456076339,0.0115048161753996,0.0133885495076119,0.0243430202854839,0.0120356560206787,0.0116854549161844,0.0168066941793054,0.0128829761771225,0.0232095281010412,0.0318344259807926,0.0116895547986372,0.0219969410872603,0.00935716476527292,0.0172217847822701,0.0271542130218505,0.0175447157775129,0.0229288212674694,0.0274069721204651,0.0233256604580541,0.0263418825436692,0.020884547375078,0.0180370529226444,0.0207678616921978,0.0265496041379383,0.0233736931352493,0.028211999345676,0.0126243258829201,0.0291236221178453,0.0219143373679243,0.0276314202963719,0.0365250454468704,0.0173948035035875,0.0329527714230206,0.017675001592035,0.0228181155402461,0.0306886983654491,0.0194018383404482,0.0148287291016948,0.0242411649532405,0.0173363255133895,0.0345345208442379,0.0180318492266378
