0,0,0,0,0.0339892497134334,0,0.0378247787042504,0,0.0152560907349461,0.034581611550573,0.00804249981166245,0,0.0563288415516342,0,0.017039984600781,0.062843356920384,0,0.0389249367356101,0.00673811315320551,0,0.00497260217283428,0,0,0.00576764851083249,0.011410734813235,0.0150504239404507,0.0784291669407598,0.049026776657602,0.00802664467049227,0.00450339166147009,0.0484838882588716,0.0197892142812681,0.0678076307787513,0.0381381576740323,0.0442333207153408,0.00532385637400172,0,0.040074347760709,0.0585531798374546,0,0.0150926464919613,0.015865817955483,0.0679205390976661,0.062793091363245,0,0.0390878779409179,0.0200974186012666,0.0593191064448734,0.0200951253680989,0.00529927590330748,0.00771149597308224,0,0.00833040591051492,0.00909348794819288,0.016824757569267,0.0182321110344974,0.00201681966476277,0,0.0289364056645984,0.00547135209404215,0.00333248149822041,0.00380268990956638,0.0287794836235368,0,0,0.00020360087861284,0,0.062392368819017,0.00489759309003335,0,0,0.0269689346138694,0.0123931644715465,0,0,0,0,0,0.00755610340643709,0,0,0,0,0.0169902939119588,0,0,0.0286920114885476,0.00828005969701392,0,0,0.0178066025204334,0.0230601362291782,0,0,0.000628097033140102,0.0264025809928954,0.0168293228798288,0.00402131426444275,0,0,0,0.00489331605160509,0.00909504344639572,0,0,0.00428813571968792,0.0165465244187732,0,0,0,0.00433780078509305
0,0,0.0393447024806518,0.0390298119858016,0.00853694635493401,0.0218651694599961,0.0500387068558981,0,0.0017104627849618,0.00700844785161451,0,0.0170875459238195,0.0398121615513198,0.00945728737080926,0.00881813892248318,0,0.00331473667780822,0,0.0502830862855482,0.0142413889565036,0.00051614674441348,0.0157746858712859,0,0,0,0.00715774828003316,0.0221367279232508,0.00287579332036188,0.0650847835186778,0,0.00622825635844327,0,0.00395631582874369,0.0304499110649272,0.0121455721077009,0.0475999580860471,0.0106900305185592,0.0516915134739888,0.0267853010189424,0.0309714642418307,0.0392703643350291,0.0252309135622365,0.0455961791947288,0.0374156554371658,0.0219310538110526,0.0379418193689346,0.0214276652171767,0.0457813143478318,0.0310173478683528,0,0.0468130665499185,0.0235599140715264,0.0317895115492819,0.0230842418043618,0.0449396347564134,0.0598450926236581,0.0359728526060078,0.00749499143325431,0.0238601048988496,0.0349211316296901,0.0293437243696939,0.0342806959129854,0.0400607616638409,0.0369216350047271,0.0661379932471322,0.0470470533678211,0.0331959357579001,0,0,0.0032228647816654,0.0166400187946081,0.00839211539889982,0.0401966776252288,0.00263994643318112,0,0.00657728466762794,0.0161570603566833,0.039693345790937,0.0486728384598449,0.0039004764841518,0.00157672802410425,0.00788280647966142,0.0322922981298281,0.0516593203496181,0.0252421437504817,0.0352760106907796,0.031695343338483,0.0491361534210915,0,0.0117180437685387,0.0174892067951328,0.00414925663836643,0.0229704037209974,0.0148506853438316,0.0313412282942533,0.0272944356474951,0.00470642160032159,0.0665565551531198,0.0126067602360305,0.0300034113572835,0.0205778881540953,0.021915147540289,0,0.00746656063198592,0.00404873716321643,0,0,0,0.00280700949936723,0.0419007636405202,0.025072433001766
0,0.0393447024806518,0,0,0,0,0.0216493769735409,0.00240621683598087,0,0,0.00161549728710239,0.0117240667709067,0.0469330238503265,0.000312316927113479,0,0.000352446199592232,0.00441503097719813,0,0.0415913487583418,0,0.0171491762493167,0.0324327845987933,0,0,0,0,0.0211848114992344,0,0.0131778964698031,0,0.0434284078968886,0.0168355203812875,0.0161301005702597,0.0306391797617118,0.00753383539691125,0.0128305105476593,0.0518994018692956,0.0529460528922432,0.0424223692702629,0.0367500652379182,0.00137581701620689,0.00863656147102903,0.0549665013142342,0.0752170059802567,0.0403023395311038,0.0778152292586666,0.00890292870503774,0.0652148272908837,0.05573712327371,0,0.0441786942426168,0.0249431770239971,0.0434662585643138,0.0287582130116146,0.0466678674273442,0.0562175082929669,0.0480120750769989,0,4.60719412640048e-05,0.0310577599369829,0.0201208820825619,0.0249329718058192,0.0468052684951029,0.0153195753781004,0.0199511665706338,0.0175872767083201,0.0154981825484721,0.0302618088114616,0,0,0,0,0.0752562270315336,0,0,0.0156293966911838,0.000550111339856683,0.000195757392496418,0,0,0,0.00541659347406535,0.008748277742546,0.0175302823571722,0,0,0,0.0299086543631088,0.00630517027717023,0,0,0.0158531293732231,0.0294216961964917,0.0680867487381299,0,0,0.0219392163861517,0.0366459720250129,0.0701454511515371,0.00867889827428818,0,0,0.00121558004081991,0.047420752470457,0.0336207211766156,0.00836451249777322,0,0,0,0.0192197375321416,0.0255891626255514
0,0.0390298119858016,0,0,0.00472428991762903,0,0.00383183719206446,0,0.0225015693381126,0,0.0290888359253447,0.0342833477703528,0.0163961816205745,0,0.0130811163969544,0.0211753886736822,0.0326043411873031,0.0188197562581853,0.0230683011893241,0,0.0152721235326652,0.0462556529768827,0,0,0.0186742013366565,0.00211587749777215,0,0.00555980025823088,0.0117941722328039,0.00644412053314639,0.0282647389094117,0.0348706049068438,0,0.00140724447541117,0,0.00368627235860348,0.0616929264232425,0.0624552092047549,0.0233377287223907,0.0448568382927211,0.00715727659270927,0.0322861456131853,0.0135026750818193,0.0452428274900775,0.0290695506037311,0.0486114592953925,0.0151526824881318,0.0334831288845849,0.0446809601412453,0.0266231826980675,0.0364961409228783,0.0331514229679952,0.0386363122475319,0.0238481742545171,0.0302013868175194,0.0295759729722458,0.0454715117672966,0.0115373394233594,0.00441980393679259,0.0267925287926374,0.0201579241004494,0.00665037874558722,0.0237675268135081,0.011897821298161,0,0.00665778832991281,0.0136324305714092,0.00282610027093696,0,0.00900550529087626,0.0317999620617916,0.0158659526621066,0.0568988367814218,0.000617502479160379,0,0.0209735333953051,0.020020787773291,0.0106356258180861,0,0.0126531343194016,0.0021397758652123,0.0129427911184749,0.00696495288724094,0,0,0.00268787309403919,0,0,0.0114321285063405,0.0176826700603825,0.00708499961976399,0.0105016228106431,0.00326193203197612,0.113135045825534,0,0.0309833340827266,0,0.00228662026285553,0.150079793366638,0.0766624960254007,0,0.00162894663016542,0.0427600400706163,0.0555775647546743,0.113622321662701,0.00859847204689594,0.0230821723783108,0,0.0118686090616472,0.136089047455562,0.0354608358091426
0.0339892497134334,0.00853694635493401,0,0.00472428991762903,0,0.0188816556072461,0.0282250860403352,0.0035518914907078,0,0.0085452744456112,0,0.0335042430994767,0.00876144737842758,0.000621108168660735,0,0.0413188567986851,0,0,0.0242372733040374,0.00655457950401368,0.0261395014124777,0.00595381649822836,0.0236692553979523,0.0118043706045548,0,0.0127992518048653,0.0180652991797657,0.0411289589114724,0.0192001758574622,0.0203700283797723,0.0145416094597192,0.00022784900067126,0.0402224618417398,0.0155046570232988,0.0267149373928729,0.00464606452914708,0,0.0118019350501091,0.0200680868319828,0,0.00422295489222448,0.00518287194589301,0.0253253407364444,0.0164144519800447,0.0069539032365773,0.0135960674805351,0.00640015329089948,0.0142397503165196,0.00922054502634148,0.00243993526030881,0.0127601440177092,0.00517377112226007,0.0124847936556262,0.0135357139384796,0.00965152425038977,0.015576358192262,0.00876296373111539,0,0,0.00902034052291861,0.00538226468046328,0,0.0201515851439082,0.00363264751954517,0.0252357299844004,0,0.00214711532752807,0.0062731668517373,0,0.0234539926182171,0.0130706442604255,0,0.00770462478655212,0,0,0.0386597964450349,0.00399729751556831,0.0330568468361516,0.0194646591920487,0.000272850706448403,0,0,0.021676695568619,0.0354569730102478,0,0.000486671321158661,0,0.0419166094021821,0,0.0140478455956697,0.0222438862026012,0.0188633528040508,0.0450614934667651,0,0.0332673767922331,0.0213463161229192,0.0364229825469657,0.0543407907355338,0,0.0230461130218217,0.0100154542890911,0.0328822372419496,0,0.00247471510452124,0,0,0,0.00399934515474892,0,0.0137460961739098,0.0103371213922285
0,0.0218651694599961,0,0,0.0188816556072461,0,0.0834586939228426,0.0159092712168636,0.0292861160876462,0.0275384868172262,0.051601575184121,0.0124321646560196,0.111253810789656,0.0246930633995772,0.0492679012586573,0.071762020422328,0.0509510092586271,0.0680572295013471,0.0785514698374113,0.0108522071933863,0,0.057953438477571,0.00998910330328494,0.102452848637949,0.0877915066552367,0.0938682356612712,0.025655347806241,0.0708279460970632,0.0947842166282451,0.021794085211455,0.0782134998324642,0.0428327007709155,0.0305468192091762,0.15097025915933,0.150520637984765,0.130063543746692,0.0197667877768192,0.00495659605104398,0.0737185956598541,0.12453637203542,0.155227174131208,0.0482503492543918,0.0591653366524238,0.0372587222233177,0.0286586688712851,0.133888130246891,0.0118687701939585,0.0880448389847348,0.145555904075325,0.0157114977485628,0.00994973348391374,0.0748404043509439,0.0318506259653056,0,0.034595739258937,0.0480793601637819,0.0554489190353468,0.033847939890889,0.0212805838801379,0.00329437727154759,0.00789062964108457,0,0.0298528387629175,0,0.00170593077862132,0,0.0023936533604845,0,0,0.0164687222784855,0.0199161200398131,0.0858465726032363,0.0340651829075046,0,0,0.00902059959494181,0.0199852017267817,0.0456461941625135,0,0,0,0.00659783143462481,0.0252155988754565,0.0351273371191249,0,0,0,0.0252238670644069,0.0199563911860956,0.0707783432987241,0.0412753242020342,0,0,0.00372622472473448,0.087304512228055,0.0713895728930148,0,0.0129283191805506,0,0.0702528563499689,0.0307593047464729,0.0160827450739251,0.0067575447828346,0,0,0,0.000106686033139816,0.0071673336808865,0.0148142052869354,0,0.0589348846182082
0.0378247787042504,0.0500387068558981,0.0216493769735409,0.00383183719206446,0.0282250860403352,0.0834586939228426,0,0.0381045856833178,0.0136779138755746,0.013312436654648,0.0183429989038228,0,0.05206573542173,0.0321707179162449,0.0632088834123902,0.0222879312751951,0.0331250944809206,0.0480798504112562,0.0805285056237097,0.00240284663483783,0.00652981431683766,0.0115925498206424,0.0321550647285492,0.072883841405155,0.0669879358221496,0.116318675594821,0.00711008909378677,0.0199755839679316,0.160377336050093,0.00470454601219194,0.0407538584415774,0.0516380571073356,0.00272362118864737,0.145139660190816,0.187563010165625,0.132276719899856,0,0.0494199345037716,0.0695547324667727,0.0642740170128107,0.15209819202846,0.103777371349426,0.0352334789588909,0.0156142431972455,0.00419405935521317,0.0940342592458265,0.0384101963371362,0.0371606706093263,0.0917935286415827,0,0.0314255090274299,0.0117465084776703,0.0120028956487838,0.0177596689166226,0.0228643084631543,0.0229394901353565,0.00184603621400571,0.0696951842670426,0,0.0152935252977673,0.0244999874319924,0.00591305751963755,0.0428241535167535,0.040234491847551,0,0,0.016288067557634,0,0,0.0420933060646804,0.0145925578848432,0.0895596455094361,0.0135538655610197,0.0211140363420286,0.00031248712466316,0,0.0452342213885439,0.0413080674196776,0.0451394742780297,0.00644077790525005,0,0,0.0230393901521898,0.0299469567053455,0.0288159785392026,0.0407582712208781,0,0.015936330057026,0.000116413203405439,0.0448548668472541,0,0,0.00860507166128914,0.00373938223093275,0,0.037908238989426,0.00883397069398711,0.000594765386504864,0,0.0281096830910863,0.00528173869775242,0.00255841253591835,0,0,0,0.0227694820833316,0,0.0452544596769418,0.0150189503236328,0.00947795785384454,0.0103313451451945
0,0,0.00240621683598087,0,0.0035518914907078,0.0159092712168636,0.0381045856833178,0,0,0,0.00747956347009103,0.0116508046757725,0.062934537546642,0.0130059064888715,0.00365222545012336,0,0.0178608971898051,0,0.0211590365080507,0.00536241131923709,0.017827243114908,0.0229885103634117,0,0,0,0,0.0293951417938823,0,0.0196303114067028,0.0102018281515974,0.0395093124745852,0.0148365664969082,0.01911755773629,0.0238745783187483,0.00284851902837154,0,0.0329225920846914,0.0495352305295565,0.06706250594806,0.0482924298573942,0.0202778964948019,0.0188149452803292,0.0601741273447725,0.0937155480536011,0.0219974738633359,0.0930722173205867,0.00931856013851346,0.0861232161681524,0.0750143833714772,0,0.0305184069702747,0.0339904142655942,0.0399210332502278,0.0227929794359591,0.0406593936718209,0.048133900859807,0.0366616805835789,0,0.00279984527919479,0.0217274108132632,0.0167014803386825,0.0176742032203676,0.0375933710116972,0.0100370053980263,0.00389494732095352,0.0129410532098626,0.00538146599515768,0.0655168785102365,0,0,0,0.00982344783611151,0.0557218785809312,0,0,0.00328331503393411,0.00990827451087256,0.00657755671813757,0.0123972822090603,0.00157859519070532,0.00190673826428767,0.0118070318105177,0.0133190861000206,0.000124469849244076,0.00589978201238595,0.00536562214510331,0.00194334966126554,0.00780214935767261,0,0.00936158586438225,0.00326583153801453,0,0.00167756655017453,0.0288773996791846,0,0.00680322528230219,0.00151883613948697,0.0104774975529188,0.052078076672519,0.0247686865369315,0.0174866993512918,0.0029100324205085,0.0102134009886849,0,0.00696977300524871,0.00916978992788945,0,0,0,0.0139291390479852,0.035242066836774
0.0152560907349461,0.0017104627849618,0,0.0225015693381126,0,0.0292861160876462,0.0136779138755746,0,0,0,0.00705218608013515,0.0268530078451833,0,0,0.00638101879067322,0.00243905855253053,0,0.0133076374125891,0.0188152226113683,0.00329008212560689,0,0.00616718288956066,0.0208691856033921,0.0174345441130165,0.0131437144282688,0.00613846904391005,0,0,0.0145883584802939,0,0,0.0131546893473126,0,0,0,0,0.0263300955723721,0.0207172213282262,0,0.00951728676797057,0.00037950254804569,0,0,0.021448386850885,0.00750702928933205,0,0.0135574799746361,0.00400498817359071,0.00768627791058081,0,0.00462796135462073,0,0.013434257257937,0.00859045536157727,0.011629566013461,0.0117852419975462,0.00611317943135129,0,0,0.00877540830741295,0.0130160498366145,0,0.01071230499707,0,0.0411109419506959,0.00798609977393458,0,0,0,0.0134771060788802,0.0260342909234521,0.0105957679383065,0.00931976291372089,0,0,0.0272260306052335,0.00199894918400134,0.0469432988259279,0.00925036533071825,0,0,0,0.0287746149350011,0.0680918159313682,0,0.00198024300885826,0.000338828715824166,0.0553322814647449,0,0.0200594595395981,0.00556625226872339,0.0305143790878625,0.0538182567012503,0,0.0215520572428866,0.0422260450682972,0.0398583363572605,0.0700278609463994,0.000576644941912919,0.0281377428046022,0.00451883888247574,0.0463608086579315,0,0,0,0,0,0,0,0.0326410873284339,0
0.034581611550573,0.00700844785161451,0,0,0.0085452744456112,0.0275384868172262,0.013312436654648,0,0,0,0.0145961686800039,0.00153885526132683,0.029537375612029,0.00397581137767099,0.0161262352485696,0.01410349842375,0.0178020707425022,0.00519385850530367,0,0.000294285556847389,0,0.0224422792013511,0.0131569416932425,0.000975202945252903,0,0.0148627970435254,0,0.0231285683063156,0.0315033182976907,0.00375121611777539,0.00374298167113273,0,0.0198783773572134,0.0501278078044163,0.0794591382117153,0.0491229392662057,0,0.00879886690632902,0.0196579375603989,0.0232301253834166,0.0598951644813029,0.0383529457540011,0.0056340862858842,0,0,0.0362343691848266,0,0.00968587625880088,0.0405131527037921,0,0,0.00730980508663797,0.00186478618215358,0,0,0,0,0.0247708268258236,0,0,0,0,0,0,0.00090016649856717,0,0,0,0.0161368578074427,0.0376163637301318,0,0.0233278270841244,0,0.00206200592152503,0.0150860614927832,0,0.0309443499219586,0.0131510069346703,0.0231461604847257,0.0184070032745036,0.0047853170550071,0.00144512602281103,0.0165207406396492,0.00622464314228924,0.0335244645202217,0.0564303276681205,0,0.00711754817981148,0,0.0309162847738832,0.016782832557431,0,0,0.00177341990785561,0.00322209613659382,0.0360821336504255,0.00986906231220551,0,0,0.0306109259326784,0.0242751904904463,0.0304566146235929,0,0,0,0.0118163827973105,0.00753109301582127,0.00845946335682503,0,0.0190217222041965,0.00274225257371647
0.00804249981166245,0,0.00161549728710239,0.0290888359253447,0,0.051601575184121,0.0183429989038228,0.00747956347009103,0.00705218608013515,0.0145961686800039,0,0.0447410839496804,0,0.0142645720080537,0.0344634304192049,0,0.0145451774664204,0.00922712173010115,0.0583699666443908,0.0291525596635752,0.00532343794279969,0.0209782720596403,0.0326202109512624,0.0331368329231241,0.0230468666479626,0.0281837112712115,0,0,0.070184649144893,0,0,0.0188557266932353,0,0,0.00383052645553254,0,0.022005336934639,0.0267354006257928,0.00313647986873509,0.0014063884705248,0.00515367493457182,0.0208029821557101,0.0149923998430224,0.044347522642659,0.0294752723242075,0.00494655077270055,0.0123113293898484,0.0174680042044286,0.0218260129897735,0,0.0249749398418344,0.0119391001951963,0.0208430982237592,0.00933628902922426,0.0213389598870987,0.0193024926650702,0.0225063689416915,0.010999599114678,0,0.0140019502143496,0.00772020621439191,0,0.028917809848356,0.0145768911819215,0.0250159086900018,0.0138724960950546,0.0191334257334884,0.0392275354770555,0,0.0217367436396738,0.0113059426362017,0.0481225004359655,0,0.0109028606460217,0,0.0244471150541741,0.00603830093746456,0.0216560680863069,0.00677111193341989,0.00490866706958619,0,0,0.0047881847444484,0.0229503324624585,0,0,0,0.0179746354311203,0,0.00631013920726171,0.00688735675933681,0.00571676801871839,0.0156178104783084,0.0117413947865393,0.00371012978738182,0.0242156600634228,0.0354949625436248,0.0350536875599893,0.00994426022020251,0.0294697791057085,0,0.0298961407943474,0.00756018858136588,0.000910778836938549,0.0154219692066183,0,0.0173987731175589,0.0184308910812203,0,0.0234429496867762,0.0232335593589344
0,0.0170875459238195,0.0117240667709067,0.0342833477703528,0.0335042430994767,0.0124321646560196,0,0.0116508046757725,0.0268530078451833,0.00153885526132683,0.0447410839496804,0,0.0178742659941393,0.0409113176703189,0.0607291202711703,0.0571522618775814,0.0549571565870251,0.0687898228167888,0.036758215919953,0.0184430190987176,0,0.0415341403299319,0,0.0374405059368203,0.0592135498087472,0.0516799040584909,0,0.0363089041734917,0.0862900159235056,0.00992576455590908,0.0179463042749337,0.066446492171812,0,0.0529414257469501,0.0897645445389207,0.0712830996819998,0.0403517429546838,0.112613330127333,0.0199100337360085,0.0617726660411909,0.10073067760194,0.0746338944089969,0.00531028264746481,0.0274463323377928,0.0127117148473054,0.0440552588833774,0.0628280924462066,0.0245200261474232,0.0582515127809878,0.0300420227783179,0.00356488639106586,0.0197562164772679,0.0219655056314416,0.00226838800788587,0.00923371457600727,0.00898379340612269,0.0184117400665579,0.0329973338938349,0.00941791852157257,0.00469235157567724,0.00765878338293477,0.00310606385806599,0.00400526026809864,0.00598481735822368,0,0,0,0,0,0.018247264891362,0.0137505441624636,0.0882300534281921,0,0,0,0.0146107099737643,0.0178191498559384,0.0146149342169542,0.0232712673848375,0,0,0,0,0,0,0.0152909184684488,0.00121800654257941,0,0.00219885008218829,0.0533116903321818,0.0152813047285259,0.000968904512428703,0,0.00785270397174861,0.0022187511407994,0.0392099808748112,0,0,0.0177346741834643,0.0653429977384853,0,0,0.000793522630384587,0,0.0014066253447642,0.00197044154990279,0.0175119832059074,0.00602723281597727,0.00247282874901864,0.0377033150332137,0.00111878040785636
0.0563288415516342,0.0398121615513198,0.0469330238503265,0.0163961816205745,0.00876144737842758,0.111253810789656,0.05206573542173,0.062934537546642,0,0.029537375612029,0,0.0178742659941393,0,0.0289963054255918,0.025074030906241,0,0,0.0126774448481413,0.103350925613496,0.00821935455348511,0.0323794412554569,0,0.0611108358189622,0.0593394899340899,0.0218867228698043,0.108532077161088,0.0269878201269541,0,0.15134159155532,0.0303255849641255,0,0.0107245919654582,0,0.0794073803185156,0.136296504748042,0.0477046077943508,0.00837825721992769,0.00849361720359553,0.0525399575272325,0.0113892401018713,0.077836613368298,0.0703830875123505,0.0606263319495098,0.0763657825150897,0.02411406245789,0.0250955893702548,0.0552645094760773,0.0496531926318596,0.00530807275003168,0,0.0888201286541775,0.0356023565814694,0.0287134128841908,0.0760736463401894,0.076986532871582,0.0646841188589463,0.0532213052467207,0.0584378439611895,0.00252046853257889,0.0751095362781177,0.0627793954396957,0.0172318147857981,0.105136679933428,0.0813095193483094,0,0.0161155306723733,0.0700173489913491,0.0178461691611956,0.00151653716564687,0.0152605663359972,0,0.0438932403331531,0.0635809778954099,0.0680689677477219,0.0163607407534098,0,0.0145993437856419,0.0176343890597408,0.0479625532547583,0.041348927387849,0.0179811653124196,0.0343883181358612,0.0127316091031952,0.0298869338519315,0.0390260815501228,0.0314006193693397,0,0.0125445480829679,0.00711785590718772,0.0154318373979972,0,0.00525273172485624,0.0249515139210382,0.0356724040137495,0.0480054902551396,0.00837738177172839,0.00131180162775867,0.00369122296851889,0.0533430324090813,0,0.0176391449827516,0.0120139893788197,0.0144581432097977,0.065451011239303,0.0330819754563031,0.050552135049586,0.00459176710570228,0.042056584831208,0.0609508247778999,0,0.087860753244203
0,0.00945728737080926,0.000312316927113479,0,0.000621108168660735,0.0246930633995772,0.0321707179162449,0.0130059064888715,0,0.00397581137767099,0.0142645720080537,0.0409113176703189,0.0289963054255918,0,0.017994785515276,0.000233071575710251,0.0298037816452181,0,0.0582626498790062,0,0.0184306535845082,0.0269842083687674,0,0,0,0.0125787497283297,0.01241107094503,0,0.0634995424293035,0.00816735720742626,0.0336984480918209,0.0365430787775717,0.0142955803496872,0.0139317089535358,0.00681193320218678,0,0.0503941557514334,0.0838601713576039,0.0739619702410601,0.0545960084589504,0.0334866244012593,0.0401089171561455,0.0468493652517526,0.0975343781549732,0.0311762540044771,0.0885135638550991,0.0344063051266061,0.0705312057508483,0.0756552357530581,0.000135793899347997,0.0460544078128914,0.0262733080274891,0.0486965312969761,0.033036744790269,0.0485220697292593,0.0481856946504958,0.0425293956052492,0.014578405267082,0,0.0348638961717058,0.0301170871934273,0.0190740090815303,0.0483219103851261,0.0315732879118949,0.00352268502020394,0.0169691817081998,0.0146283968076605,0.0563160651404083,0,0.00479220901006002,0.00594023320945369,0.0281866471763285,0.0343788646092649,0,0,0.0150861093807482,0.00797720252403143,0.0124633199025981,0.000850487050840969,0,0,0.00572129649854719,0.012664052527148,0,0,0,0,0.009423878210398,0,0.0142573560775692,0,0,0.000702229055970673,0.0311499152457716,0,0.00594959921273279,0.000494871351313474,0.00958630272690137,0.0345662702578206,0.0316349339420873,0.00384467688976783,0,0,0,0.0166108575058156,0.0074490471782271,0,0.00265051296669291,0.00587137289188217,0.0321171900714584,0.0354407169242885
0.017039984600781,0.00881813892248318,0,0.0130811163969544,0,0.0492679012586573,0.0632088834123902,0.00365222545012336,0.00638101879067322,0.0161262352485696,0.0344634304192049,0.0607291202711703,0.025074030906241,0.017994785515276,0,0.0276197337775888,0.0361687201929514,0,0.0688674543471244,0.0218890667517981,0.011166109526379,0.0591203573524538,0.0196716737509472,0.0124393057302549,0.00586069813290796,0.0101244664433701,0.00809621999677185,0.0181620294788614,0.0339025446402693,0,0.0245965366230956,0.0191992460425345,0.0266055023600805,0.0378851268015008,0.0355668231170498,0.0297440006807309,0.0196309880923979,0.0164472887119856,0.0376021962839383,0.0483029933535651,0.0357027087303988,0.0186550737558373,0.0534312112847079,0.0489966453351363,0.0397726834679223,0.059269511766777,0,0.0534687345566059,0.0776660414401418,0,0.0315553483928198,0.0482570374064922,0.0418044881626778,0.00702483765436569,0.0346655508889508,0.0413748040208061,0.0422123470958612,0.0113551297317651,0,0.012111849967269,0.00679957057306618,0.00372495959332108,0.0413349415414022,0.00686624864705378,0.0298821713542564,0.013395569780524,0.0241709292820639,0.038234468475198,0.00760921850167368,0.0333364185087811,0.00689074711549786,0,0.0127745924849234,0.0158022026117245,0.00532534412315193,0.0323728785733118,0.015266988702886,0.0287385430253962,0.0101050241129757,0.0187178806724784,0,0.010605316512389,0.0182309955527422,0.0246198217467441,0.00288833962516515,0.00466744185553622,0,0.0230051272950873,0,0.0245968386174293,0.00826835894686974,0,0.0177259478347621,0.0233160491610497,0.0310440156532648,0.0309166838886845,0.0333529574896167,0.0315436170108855,0.00691877609704239,0.0661952637476927,0.0103907662620042,0.0251990048652373,0.00192649600792434,0,0.00123772851076224,0,0.0123644736572673,0.0271081485724012,0,0.018417798041253,0.0473827195248622
0.062843356920384,0,0.000352446199592232,0.0211753886736822,0.0413188567986851,0.071762020422328,0.0222879312751951,0,0.00243905855253053,0.01410349842375,0,0.0571522618775814,0,0.000233071575710251,0.0276197337775888,0,0.00675491312506345,0.0318693893766158,0.0222039425419608,0.0124051241494547,0,0.00711894644508366,0.0509520356930494,0.0291734829840813,0,0.0292302488060836,0,0.0155323469436048,0.0378053529933289,0.000755524173477855,0,0,0,0,0.022248090906924,0,0,0,0,0.00566514305764223,0,0.0402346554793275,0,0,0,0,0,0,0.00338224942353488,0,0,0,0,0,0,0,0,0.0147885784893375,0,0,0,0,0,0,0.0215024715061117,0,0,0.00393667911411074,0,0.0493870098913874,0.0204638568119515,0.00619908858481889,0,0,0,0.0431036998472154,0.0129114484426286,0.0497985520929718,0.0248250652884067,0.00269720887835992,0,0,0.0367579249325381,0.0610505630105766,0.0117887687992873,0.0316752440403382,0,0.0494013653589956,0,0.0190850098280593,0.00758326388392237,0.0332820495093422,0.0604503499207185,0,0.0418426612041449,0.0385360965271547,0.0813089545422021,0.066170485497878,0,0.0231758838318148,0.0168545709948887,0.0688847857143736,0,0,0.0020443305607437,0,0,0.0217767018200577,0,0.0312549854151756,0.0120534222142601
0,0.00331473667780822,0.00441503097719813,0.0326043411873031,0,0.0509510092586271,0.0331250944809206,0.0178608971898051,0,0.0178020707425022,0.0145451774664204,0.0549571565870251,0,0.0298037816452181,0.0361687201929514,0.00675491312506345,0,0.00165196133856495,0.0711472430737729,0.036378003516752,0.00997743165863305,0.0429744651273698,0.024684397050211,0.0305966444549433,0.00878102448005336,0.0225322655452637,0.00410302126772736,0,0.0679081044648212,0,0.00922753843750736,0.0280617698803341,0.00698204559864737,0,0.00685825981273505,0,0.00887144890242974,0.0400426662883059,0.0346165931727267,0.00228527374163863,0.0171042534369896,0.0400399627348901,0.0263419940707594,0.043096154698448,0.0379810789877333,0.0289879953824524,0,0.0260218278810705,0.0440716762497614,0,0.0376954675753089,0.0358829544082131,0.0330678941394544,0.0253458907154285,0.0342322369863844,0.0332571023089639,0.0399505926262171,0.0305840487749546,0,0.0287384394602777,0.0244822057836764,0.0113090555054951,0.0403349972387664,0.0351317007438362,0.0138408496065948,0.0317410674152274,0.0370645397517728,0.0439541143749507,0.00688453114089173,0.0308728631715299,0.02083700254153,0.030353619955423,0.00703093328633072,0.0281841127529764,0.00478537818399192,0.0226026286722631,0.0152132985916787,0.018090732693747,0.00557491004004352,0.0169239671717089,0,0.00973154830264385,0.00474499579944389,0.00847460584420538,0,0,0,0.00195552524767343,0,0,0,0,0.0022699356914199,0.0159117262934489,0.00819098352475117,0,0.0100411013731483,0.0169681052044962,0.00644600518506821,0.0346706612040893,0,0.00254945596496113,0,0,0.0183858974170435,0.00551711837619018,0.0133316604729101,0.0388622455413244,0.00403826734364242,0.0165692514653249,0.0395628242281313
0.0389249367356101,0,0,0.0188197562581853,0,0.0680572295013471,0.0480798504112562,0,0.0133076374125891,0.00519385850530367,0.00922712173010115,0.0687898228167888,0.0126774448481413,0,0,0.0318693893766158,0.00165196133856495,0,0.018976391315817,0.0128057767839684,0.0102007422327295,0.0276902483052924,0.0492199867784787,0.0187759456360773,0,0.0217910842839551,0,0.037495699165714,0.0283194121385897,0.0199775026951961,0,0,0,0,0.000216265523696343,0,0.00275693921037634,0,0.00592908703336079,0.0156302888766355,0,0.0254891820225939,0.0205975947666773,0.0115929964069075,0.00436023935288506,0.00394098529684634,0,0.0115464245260829,0.00558764655806233,0.00545332487674649,0.00945021461998631,0.0170612926054555,0.0109898198550322,0,0.00733521792635346,0.0125205817683316,0.0155502517893622,0,0,0,0,0,0.0119918517168015,0,0.0521927327017963,0.00397616406595065,0.00285814494216776,0,0,0.0415682863995803,0.0364029488023648,0.00426910632587052,0,0.000930258028630455,0,0.0330457450026129,0.0288130563937392,0.0755443513022304,0,0.00994782299990088,0,0,0.0598980776819258,0.0827218605546713,0.0143096510325559,0.0308955745371099,0,0.071489325591757,0,0.0372927884405364,0.0434733880499847,0.0226862293506428,0.0682451512281273,0.00528173004369341,0.0530672503488239,0.069657246220079,0.0840671521209382,0.0990865032221048,0.00852474485268368,0.0556666742441253,0.0340931134807604,0.0754395158966716,0.0131702800025339,0,0.005462340116322,0,0.0146692798208972,0.00196345743593067,0,0.0423873808372636,0.0347532214299556
0.00673811315320551,0.0502830862855482,0.0415913487583418,0.0230683011893241,0.0242372733040374,0.0785514698374113,0.0805285056237097,0.0211590365080507,0.0188152226113683,0,0.0583699666443908,0.036758215919953,0.103350925613496,0.0582626498790062,0.0688674543471244,0.0222039425419608,0.0711472430737729,0.018976391315817,0,0.0400893011100613,0,0.0814648791824993,0.015347570738237,0.0368809066736492,0.0614797600447943,0.0692029522964817,0,0.0449462082847524,0.149163353672823,0.0542726564817491,0.0488888233231376,0.006267762284827,0.0378430531826467,0.159383132084193,0.179429309891051,0.171150921368904,0.0252442008989797,0.0371337988046057,0.0888639365197511,0.126586013457713,0.148987699701993,0.0816152973719478,0.0546811302895686,0.0363986420844313,0.0356514647179502,0.157079708675485,0.0300529622546258,0.0929449064142555,0.145571187855161,0.0259676112853058,0,0.0797764068309395,0.0506318079754137,0.00971879253497104,0.0305836465701947,0.0441302691209922,0.0534469650072757,0.0893987484292994,0.0237233933174908,0.0113674299148135,0.0111749090125371,0.00550171670619984,0.0193069785275274,0.0149273147047081,0.0157524494083427,0,0.0126018318084983,0,0.0145032303999084,0.0447150911445743,0.00938015202075607,0.0917230213522118,0.0175996734107545,0.0126730381259115,0.00886584293242609,0.0178934346595977,0.0542878312453765,0.0208264788630256,0.0402771098209689,0.0190153448394154,0.012712417680678,0.0221553355542126,0.0164041762800048,0,0.0113647436902618,0.0160597336832128,0.0048218256406967,0,0.0179212370845335,0.0613646387380203,0.0236617096029408,0.00905645171035889,0,0.0530830065426826,0.0411077157397001,0.0272915283079088,0.00102303064418962,0,0,0.092680796459631,0.0242150320488805,0,0.000141180767138593,0.00949001709010681,0.00177034720725097,0,0.0257634416174337,0.006334516525103,0.0176391411658402,0.0221853032010334,0.039462442422547
0,0.0142413889565036,0,0,0.00655457950401368,0.0108522071933863,0.00240284663483783,0.00536241131923709,0.00329008212560689,0.000294285556847389,0.0291525596635752,0.0184430190987176,0.00821935455348511,0,0.0218890667517981,0.0124051241494547,0.036378003516752,0.0128057767839684,0.0400893011100613,0,0.00619532014843879,0.0529618331918099,0,0.00780529472583889,0.0126638076101486,0.00978540645410839,0.0027759094372725,0.0106154478081781,0.0470832108737213,0.0196374534797147,0.0131165703366264,0.0331387938437609,0,0,0,0,0.0752412546136893,0.0779950976560074,0.0269894918367993,0.025243532242566,0.0158181999937252,0.0302866952426235,0.0242951901771182,0.0882153342380467,0.058697343318864,0.0344774041868062,0.0608279501964563,0.048356259330115,0.0369775323564399,0.0277809523829134,0.0319368925098705,0.0244581381936224,0.061160965884875,0.0508908080547346,0.0487738997301537,0.0353607638140006,0.0523815999949563,0.00869859890584291,0.0162710157427627,0.0493196233601923,0.0457244353378771,0.00200645652114573,0.0413054381893275,0.022183951195762,0,0.00473816736085971,0.0176132051934749,0.0304162367419627,0,0.00554707602782073,0.0196238117616499,0.0446212650678934,0.0311481995410842,0,0,0.032780133765924,0.00442181392296007,0.00147287357399615,0.0105011495681051,0,0,0.0175345996671454,0,0,0,0,0,0.0032496874409008,0.00468397895968375,0.0153430603942214,0.00898158133970763,0.00994160918578763,0.00441836628884992,0.042364438601229,0,0.00229839257761264,0.00446578785821443,0.000320861289969566,0.0343311027432569,0.0317615660834191,0,0,0,0.0205672763108877,0.0184744424590493,0,0.0208709292332641,0,0.0125400220160349,0.0261346571721345,0.0193032004433152
0.00497260217283428,0.00051614674441348,0.0171491762493167,0.0152721235326652,0.0261395014124777,0,0.00652981431683766,0.017827243114908,0,0,0.00532343794279969,0,0.0323794412554569,0.0184306535845082,0.011166109526379,0,0.00997743165863305,0.0102007422327295,0,0.00619532014843879,0,0,0,0.00491130621862307,0.00132670670802635,0.00373631969093325,0.0311219212407518,0.00403524102085966,0.0268255375070451,0,0.0163272310222361,0.00960128736588265,0.00514237573057571,0.00356474697651114,0.0148211014976472,0,0.0113965623270037,0.00166398380559929,0.00472155759093843,0.00161101518584187,0.00329148884666994,0.00994770296681013,0.0246682027321406,0.0404975715931446,0.000328639022517039,0.0330936629000608,4.05170396672935e-05,0.0327664500368072,0.020170656674381,0,0,0,0.00576618004225204,0.00844760947322909,0.0181704928139773,0.00231936956756296,0.00775554202018807,0.00659584095351658,0,0.0162448561490986,0.0118709092581139,0.00564919093956667,0.0219477033071217,0.0203657743943546,0,0,0.00598868146157894,0.0170386151305094,0,0,0.00969238676788584,0.00349937320570698,0.0141627673921954,0,0,0.00464560875165296,0,0.0191592864216321,0.0557354961970411,0,0,0,0.00160508403449635,0.00967744188980315,0,0,0,0,0,0.00200791145591261,0,0,0,0.00797973196933826,0,0.00748186961721549,0,0.00919256225577566,0,0.00249276575335634,0,0,0.00671641074999825,0.0201447661151509,0,0.00341017259038184,0,0.00932021330888791,0.00560055250448681,0.00222933295906657,0.00283644307174821
0,0.0157746858712859,0.0324327845987933,0.0462556529768827,0.00595381649822836,0.057953438477571,0.0115925498206424,0.0229885103634117,0.00616718288956066,0.0224422792013511,0.0209782720596403,0.0415341403299319,0,0.0269842083687674,0.0591203573524538,0.00711894644508366,0.0429744651273698,0.0276902483052924,0.0814648791824993,0.0529618331918099,0,0,0.0227785225035877,0.0414298860613649,0.0454865948524758,0.0398720261024221,0.013372750774715,0,0.103213693013564,0.00273766336840235,0.0174747779233168,0.0525351297551681,0,0,0.0283225205673824,0.0108982685831929,0.0570604814641367,0.105528978634814,0.03600366272033,0.011686606579155,0.0390905425206987,0.051830176034141,0.0179702015513536,0.101192315855639,0.00813452644019048,0.0292332974415631,0.0587583926292139,0.0245275021758689,0.0326671297326302,0.010232615861543,0.0370585206960144,0,0.0182061371437579,0.0199980540724788,0.0268608498860523,0.0234497349228072,0.0290202317561547,0.0306336335733571,0.00713045791738053,0.0297251202162856,0.0243110638690119,0.0136514978435039,0.0387939451901988,0.0342013395258898,0.0116203549243548,0.0207993308417751,0.014932423091243,0.0445203208807853,0,0.0139779625335307,0.0115063812444602,0.0802367106383758,0.00122001090499871,0,0,0.0152450734953319,0.00698456715351808,0.00813919310080346,0.0149204054256459,0,0,0,0,0,0,0,0,0.000404274991480211,0,0.0302686324063789,0.00421086150122578,0.000285581954693086,0,0.00259510092142409,0,0.0101614451596653,0.00509768945319434,0.0140340349607841,0.00645718189892511,0.00467992286163544,0,0.000159270808380777,0,0.0118966189753258,0.0300260700007089,0.00383566242750232,0.00900826745412043,0.0155502719743716,0.0264904260591657,0.0257188367804277,0.0155193116480694
0,0,0,0,0.0236692553979523,0.00998910330328494,0.0321550647285492,0,0.0208691856033921,0.0131569416932425,0.0326202109512624,0,0.0611108358189622,0,0.0196716737509472,0.0509520356930494,0.024684397050211,0.0492199867784787,0.015347570738237,0,0,0.0227785225035877,0,0.0460846812712452,0.0291395496763806,0.0242652439592119,0.0139335915141143,0.0629015827275151,0.00314782686880241,0.0378478081614107,0.027058881353754,0.0230497796943023,0.0196720676611896,0.0604790481955887,0.0275545675083211,0.0411009952355185,0.0353828720725829,0.0168933576810011,0.0154945454379162,0.0425775998298636,0.0378493996469662,0.0261256673913581,0.0165637030599871,0.0295036621760383,0.0166246688578274,0.049480537073915,0.0291164396394962,0.034888324307898,0.0488243514556002,0.0309454596084092,0,0.0441403298905588,0.024965515261361,0.0163504217454473,0.0199020021598964,0.00961049384252084,0.0452486254413589,0.0172718777633636,0.0361776862820698,0.0178003471031342,0.0178929884897909,0,0.0101160102560431,0,0,0,0.0130112850222685,0,0.000917388642293419,0.0161603277052371,0.0171543862198915,0.0383813529788659,0.0105819680051344,0.0102111348987019,0.00375670240009498,0.0164894509933015,0.0147028883367746,0,0.000751950183220216,0.0204065402943024,0.0127122905887045,0.0245566989001333,0,0,0.00146352455831322,0,0.00577508112798916,0,0.00437131434678163,0.0344963120366618,0.0305890122992095,0.0104330645821713,0,0.00303368572574685,0.0593601221176773,0.0281557461896984,0,0,0.00789950817872399,0.0340645134059494,0.0208267064841494,0.00531908446166488,0.00795080225135916,0.0144343155194944,0,0,0.0189861932049827,0,0.0131343465489335,0,0.0397434002980289
0.00576764851083249,0,0,0,0.0118043706045548,0.102452848637949,0.072883841405155,0,0.0174345441130165,0.000975202945252903,0.0331368329231241,0.0374405059368203,0.0593394899340899,0,0.0124393057302549,0.0291734829840813,0.0305966444549433,0.0187759456360773,0.0368809066736492,0.00780529472583889,0.00491130621862307,0.0414298860613649,0.0460846812712452,0,0.019037192429845,0.00671741057753816,0.00991887623574202,0.03823026450811,0,0.0665466733755443,0.0183291811781718,0.00149010812219227,0.00729480277901966,0.0266999088976514,0,0.00332115967986994,0.0498211045092496,0.00111638495086283,0.0227730142767505,0.0486083779494469,0.0111879784934854,0.0308424830695889,0.0384140746513224,0.065065735940479,0.0550648033222079,0.0480395143084337,0.0186027477794003,0.0616135489771461,0.0512007874787545,0.0370446615038771,0.0220056895797674,0.0915853156488535,0.0663293792995513,0.0609818677011524,0.0641468759901479,0.0403052147411874,0.0848731495105155,0.0143280236619392,0.0396022079937028,0.0564267164399158,0.0517856094466208,0,0.0467765279897201,0.0157721206342621,0.00434457900852829,0,0.0516219054955544,0,0.000398892966300588,0.0188341746443028,0.0168547634352174,0.0170498727213337,0.0396322145465127,0.053380697487193,0.0191132143978079,0.0221112900545325,0.0383949800357298,0.0222938708203025,0.00268693142771499,0.0516552481277618,0.0346985522378526,0.0607866027710872,0.0302832371669839,0.0124920154521156,0.0310981718119687,0,0,0.00139666231242158,0.0011147456052438,0.0344527670514121,0.0440248033186903,0,0,0.0409526876043449,0.0934646349159429,0.0328934454291743,0,0.00219354206748497,0.0457258008771188,0.0717690225705383,0.061565222337432,0.0147614839086364,0.0277929318570461,0.0361692767491388,0.00637464975836703,0,0.0202755361724105,0,0.02257509301303,0.0214313916427723,0.0870164419401219
