0,0.0240243320248775,0.0278950198584964,0,0.0198091792712756,0,0.0212672142652566,0.0179564092688483,0.00325412030500381,0.00234870150378511,0,0.0281618692898203,0.0183115954975369,0.0111724483869732,0.00401425326715349,0.0192053608096091,0,0.0088125565258999,0.0216431959452765,0.00515604361738965,0.00515467995701883,0.0257433714883619,0.0282163571349752,0,0.00382242088317878,0.0120381183801613,0.0073341773418336,0.0229106878584831,0.00469101517877742,0.0091872468867915,0.0122207625657848,0.00787141859539701,0.0355907950227282,0.00433175102947515,0.0179204397128589,0.0284751312704729,0.00115352709779632,0.0126101927957847,0.0317880461311065,0.0203818271716779,0.0082289171260336,0.00629520259154047,0.0142413724799714,0,0.0200257934240073,0.0385853000659058,0.00217349984149226,0.0226911945897784,0,0,0.023221609747454,0.0393659771249667,0.0258029835864373,0.0165096010647411,0.0110664317919281,0.0114304625279971,0.0179392798476618,0,0.000179838971000119,0.0222305975268382,0,0,0.0326683243058403,0.0246104812348233,0.0218098205744963,0.0258113863050307,0,0.0409094526458926,0.0235369700543488,0.0100857031907413,0.0200854387691278,0.031704486834036,0.00865227716074266,0.0327963318645886,0,0.027776159087782,0.0175548898922815,0.0230410487982161,0.00240625769786472,0.015659726645453,0.0248778072210552,0.0306037679461374,0.0178331214733728,0,0.0304063192646986,0.0145137880476081,0,0.00306082666160829,0.0153052566569883,0.0260455286991488,0.0208640049997876,0.0281430341801228,0.0238429626863567,0,0.00732341557429668,0.0430532495735129,0.00618002434590247,0.038581731914487,0.0283129554645262,0.027870558430574,0.0145873058138276,0.014344738619165,0,0.0185079669313909,0.0225827928466367,0,0.0158303543523791,0.0035229668143876,0,0,0.0419694229725945
0.0240243320248775,0,0.000867422251697007,0,0,0,0,0.0208350837641144,0.00342284590514384,0,0.0173372316771771,0.00792868653342607,0,0.0199142161200807,0,0,0,0,0,0.0142249142820615,0,0,0,0.0146995634607219,0.00980195327869865,0,0,0,0,0,0,0.00658765462438762,0,0,0.0198664868801834,0,0,0,0,0,0,0.0255667878042433,0.0195831924491413,0,0,0,0,0,0,0,0,0,0.0282622012965309,0.00510712394156788,0,0,0.00705487535030775,0,0.00461719397571885,0,0,0,0,0.0031227223211804,0.017830188922582,0,0.00356105328193736,0.0112544347379,0.011299105305763,0,0,0,0,0,0.00619838679425943,0,0,0,0.013037811088749,0,0.0207396255222083,0.0172843473435467,0,0.0233957697354914,0.0149920588326385,0.00787341585489996,0,0,0.0139179940252649,0,0.0161916922814905,0,0,0,0,0.0180311170806353,0,0,0,0,0.0263100342079969,0,0,0,0,0.0258649728827471,0,0,0,0,0.00569094811923039
0.0278950198584964,0.000867422251697007,0,0,0,0,0,0.0266131006660078,0,0.0222464437321633,0.030003905853974,0,0,0.0264050650389602,0,0,0,0,0,0.0237141409839195,0,0,0.0143141767331029,0.0127784976426806,0.00294976672085814,0,0,0,0,0,0,0.00673228801149011,0,0,0.0236841045891435,0,0,0.00143253496222849,0,0,0,0.0309445283628596,0.0190623126209716,0,0,0,0,0,0,0.00131265327666006,0,0.00126280296899303,0.031596544497173,0.0057655890249945,0,0,0.011063120790164,0,0.00929586718081021,0,0,0.00489794411398177,0.00827169723460806,0.00326678632318933,0,0,0.0167346338975366,0.0153475033939014,0.00251144686924687,0,0.00924479738288402,0.00175502953551426,0,0,0.00127980744911634,0,0.0049735990723038,0,0.00298490456673695,0.000378108678557018,0.0125061009424426,0.0118020558528258,0.00120250421053743,0.0136198625099799,0.0351307626703248,0,0,0,0.00561407474104232,0.017711047929405,0.0132907308410166,0.0050286209119447,0,0,0.0116757293039971,0.0254950138131756,0,0.00185097575876142,0,0,0.0281370701616952,0,0,0,0,0.0187803528321432,0,0,0,0,0.0127726887973542
0,0,0,0,0.00772667478637868,0.00154592307643509,0.010276664756142,0,0,0,0.0051544799480084,0.0172742861458518,0.00885247609224754,0,9.94410809616747e-05,0.00486003674999427,0,0.0138524503977382,0.00036746803900703,0,0.00869837855826711,0.0146826867209148,0.00542070889841147,0,0,0,0.00649415755473513,0.00784325507128007,0.0137076245333255,0.00753811728343695,0.00621255720148529,0,0.00419616662493267,0,0.00589687287031606,0.0148878321081789,0.0015164068217697,0.0110372077906779,0.0114791018686813,0.0135142641395231,0.000361117884793442,0,0.00724435230133631,0,0.0131665907992844,0.019716591866195,0,0.00100253602842345,0,0,0.0160046828546307,0.0111364190595642,0.0120541453389998,0.00870808812674618,0.00271940683456218,0,0.00662757115552013,0.0105437124091814,0,0.00822027860518351,0.00311549080662519,0,0.0247008600065102,0.0148917635495125,9.96331302846737e-05,0.00864754572439392,0,0.0218855036350204,0,0.0129449313277156,0.00340253294796837,0,0,0.0280018222312508,0,0.000856752079493426,0.00450462487406624,0.0100719625099488,0,0.00198588898505642,0.0056795424645705,0.0205306092554341,0.0102843144979287,0,0.0241419203533983,0,0.00155396166576705,0,0,0.00586531368124635,0.0165496494715203,0.00433523775761463,0.0123007083158193,0,0,0.0148704162309061,0.00525425649214383,0.0123587717790625,0.00949889929750361,0.00599952277700895,0,0.00725618603886437,0.00669767199739541,0.0315633769567702,0.0120736647306997,0,0.0206287460697036,0.00183069228642202,0,0,0
0.0198091792712756,0,0,0.00772667478637868,0,0,0.000187544285888674,0.0195409962748427,0.00574690171272738,0,0.00746272318352883,0,0,0.0152737985986108,0,0,0,0,0,0.0118081509671673,0,0,0,0.00715670676799431,0,0,0,0,0,0,0,0,0.00963899792799077,0,0.0217606167425173,0.00553616019257394,0,0.00180035507519753,0,0.0187740721033897,0,0.0275943934983523,0.0186053820500411,0,0,0.000569391387912765,0.000907606945480446,0,0.000293604742711201,0,0,0,0.0357372322701078,0.0207433375605066,0,0.015982517953078,0.00654275724324097,0,0,0.0130296675482064,0.00513051649128735,0,0.0260899583994333,0.0221154621640777,0,0.00141813086299143,0,0.0325983254575914,0.00776260822098158,0,0.00014990288012581,0,0,0.00478471866828154,0.0083897205607136,0.000467317481467737,0.00476892429416808,0.00688318367405238,0.00665981656855737,0.00518267657368053,0.00603847489569981,0.0156664551691488,0.0112845039308219,0.000179540674954769,0.0225055535943745,0.00740800696877276,0,0,0.0175585770693911,0,0.021488041196762,0.00725751501970319,0,0,0,0.0256952413034313,0,0.0031007901085554,0,0,0.0289755903680366,0.00161647750553059,0,0,0,0.0336969119182522,0.000111510199952682,0,0,0,0
0,0,0,0.00154592307643509,0,0,0.00503305103642866,0.0102040411541695,0,0,0.0201380878090672,0,0,0,0,0,0,0,0,0,0,0,0,0,0.00575225355061146,0,0,0,0,0.00101417158720405,0.0064796522412172,0,0.0175992649504201,0.00201088917531187,0.0143299376450439,0.00880193348005294,0,0,0,0.00577012973584363,0,0.0101408243071204,0.0254863562457103,0,0.00298158498444884,0.00400828832823068,0,0,0.00222466413918662,0,0.00398312309023711,0.00754841609794306,0.0302373690657315,0.0235863797067289,0,0,0.00515215753809583,0.000157195005556484,0,0.000612913703160434,0.00396826740337718,0,0.024259706551537,0.0146896377675991,0,0.00626834015958474,0,0.0296942009797627,0.0217567822467658,0.00378531463310725,0,0,0,0.0152735824624628,0.00750463512955481,0,0,0.0121617284706477,0.00366433258143836,0.0088760397233626,0.00670551465953226,0.00780544578915408,0.00678357797520863,0.00380024347056779,0.0390948724568623,0,0,0,0.00654418626908014,0.00508715335752934,0.0150752346413211,0.00878791632547885,0.00817318324922314,0.00413799748046439,0,0.0253778424946949,0,0.0114102992278849,0.00640526753908389,0,0.0203912350803027,0.00168483826742433,0,0.00365314016000542,0.0138200664442555,0.0100585966630098,0.0221441484939142,0,0,0,0
0.0212672142652566,0,0,0.010276664756142,0.000187544285888674,0.00503305103642866,0,0.0272449595824846,0.0034064150767648,0,0.0140228135031689,0,0.0109374934082044,0.0194847641877875,0.0167892589365713,0,0.0113801399252786,0.0110424844893002,0.00328477469746175,0.0181648893612995,0.00596074057689347,0,0,0.0376787846220672,0.0238989605160974,0.0158789173609201,0.0196361703842352,0.00167394129082742,0,0,0,0.00153307015722432,0,0,0.0179459985196336,0.00268973745961445,0,0.00489509250164962,0.00271838601524492,0,0.0221558026520385,0.0205735424771119,0.0280442611167587,0,0,0,0,0.031763426308935,0.0146487383867285,0.00552134226366364,0,0,0.0350879101105839,0.0191286660412945,0,7.22286826361114e-05,0.00105614453162751,0.00468494441537245,0.0222289254243341,0,0.0132662721597834,0.0198789135237077,0.00763671057147854,0.010208983543098,0.00919006363191157,0,0.00545937437284571,0.0261899394259282,0.000894655353431212,0,0,0.00994608921670096,0,0,0.0284601774880133,0,0,0.0155071968227783,0.00931134352540818,0.0167886308802641,0,0,0,0.0274382024779719,0.0246841777747186,0.00244819543107488,0,0,0.0153935955220613,0,0.0172866717248743,0.00579700444697889,0,0.0103421808954945,0.00411675037696888,0.00700425932518845,0,0,0.00540623647723719,0,0.0259869951136612,0,0,0,0,0.0368748435131279,0,0.0122903109615319,0,0,0.00734216352233728
0.0179564092688483,0.0208350837641144,0.0266131006660078,0,0.0195409962748427,0.0102040411541695,0.0272449595824846,0,0.00517335142191473,0.0423641524489125,0.0279868146000476,0.02808338609978,0.0225364702079403,0.0173391284502937,0.0134176698658946,0.0226775067842092,0.01925590370952,0.0177966693741352,0.00954823312160312,0.0200758577590651,0.0152356492389144,0.0242397451262109,0.0166183494413933,0.0284793285300005,0.0332636319807516,0.0189747634634004,0.0213606717972721,0.0233298576038498,0.00584642183580208,0.0128271649686081,0.0174017557643796,0.0173796569071842,0.00544338701275166,0.0322482417375726,0.0186934729604553,0.0121466816297143,0.0183612359349467,0.00794255955807883,0.0302565580566362,0.0135285564915797,0.0233872508756002,0.0106431930356454,0,0,0.0218595907077403,0.0194994938966356,0.00137754311225594,0.0243808702474486,0.00369538456742518,0.031953379995442,0.0230867405633295,0.028311114838046,0.0145518791437067,0.0220016822137507,0.00753440854888242,0.0579899785697755,0.0148745133312173,0.0245785790128627,0.00535439227121279,0.00971368479802212,0.0302616742002613,0.0227065079248712,0.0271092521430622,0.0236374207166539,0.0161360797904496,0.0258542441813631,0.0271367269907307,0.0239025206976076,0.000722400869241769,0.0229980424772298,0.0225962489465089,0.0248577322836817,0.0205669997119667,0.0261020447833227,0.0162818568886677,0.022666364195617,0.0190143724768212,0.0145397163009661,0.0139687464449183,0.018679661426284,0.0130811463120293,0.0104783595163312,0.0215440007793657,0.0427277600455036,0.00423792033812524,0,0,0.0262267745471184,0.00963370724637273,0.0235957325067247,0.000427731489679912,0.00508213067491187,0.0363890088720729,0.00966158757177794,0.0259142008429388,0.0201915139784156,0.0195956091207086,0.023905256910334,0.025915537283541,0.0215688657209763,0.0102253874731181,0.0195620317481963,0,0.0182659135599779,0.0228859790395618,0.0126809365131999,0,0.0131952491915296,0.00141122719849802,0.013631700631824,0.0206152172093485
0.00325412030500381,0.00342284590514384,0,0,0.00574690171272738,0,0.0034064150767648,0.00517335142191473,0,0,0.00487221174258321,0.00591671945785454,0,0.00616292441125667,0,0,0,0.00300631464899104,0.00148087816733924,0.00237799305383764,0.00337858925861376,0.00229965131153719,9.69801675036893e-05,0.00427664784771444,0.00814220253022906,0.00216833387760993,0.000836723208743334,0,0.0223184851116631,0,0.00354761926056939,0,0.00739339030505098,0.0108688513168976,0.00935508190686612,0.013882049040634,0.00703158864250923,0.00159685554382133,0.00299439269847596,0.00513934017051899,0.00264807516055234,0.00619119279088575,0,0,0.0127929812302451,0.00707177922927962,0.0109810959627293,0.00473240869825896,0.0168308457751141,0,0.0114316731497965,0.00410176552124094,0.0316236873859939,0.0653266706923219,0.00415779324195851,0.000672269909861786,0.00611847218461469,0.00846140358193571,0,0.00965577490375422,0.0112391425068994,0,0.0268837176938169,0.0458577627198598,0.0118100775869472,0.0136314853357313,0.0101424091873283,0.046241715900303,0,0.0235468205280704,0.000448261331944783,0.00173286629429209,0,0.00203162718462124,0.0157122607800715,0.00789055540847872,0.00229882175492465,0.00916463720238585,0.0154157498298854,0.0137925399794135,0.0152819450585208,0.0159937637535006,0.0158753821786283,0,0.0101746664218685,0,0.0129137862493923,0.0435531287786935,0,0,0.0278676870471803,0.00144059828269404,0.00501321807607755,0,0,0.00434325206663896,0.0223053749511961,0.00241792591261218,0,0,0.0133631559723349,0.0185208874883539,0,0,0.000750823914005185,0.0275566476853449,0,0.0178498066567744,0.00872978917404614,0.014389065570866,0.00112784940183939
0.00234870150378511,0,0.0222464437321633,0,0,0,0,0.0423641524489125,0,0,0,0.00854863619356382,0,0.0226561737136336,0,0.0123814622166021,0,0.0119775293480867,0,0.0132144628097268,0,0,0,0.00474497406892473,0,0,0,0,0,0,0.00268414483796062,0,0.0148431362951407,0,0.0285669105622217,4.67379378994188e-05,0,0,0,0,0,0.0147780319607203,0.0203458763317875,0,0,0,0,0,0,0,0,0,0.0207226905763423,0,0,0.0106098816942816,0,0,0,0,0,0,0.00569853441938233,0,0,0,0.00150050593286301,0.0113771004757094,0.0203137419564575,0,0,0,0,0.0101166608648186,0.00249501839989887,0,0,0.000735691385877611,0.0084119569404546,0.0140223330028831,0,0,0,0.0109619799684561,0.0378477812282681,0,0,0,0.0122337477039197,0,0.0114648568493772,0.00445327057757847,0,0,0,0.0161871101881613,0.00138685453817907,0.0156653705253085,0,0,0.0112569703548932,0.00233249921512533,0,0,0,0.0120608887790058,0,0,0,0,0
0,0.0173372316771771,0.030003905853974,0.0051544799480084,0.00746272318352883,0.0201380878090672,0.0140228135031689,0.0279868146000476,0.00487221174258321,0,0,0.040655165208276,0.015185741507702,0,0.0136134040269933,0.0238384668071646,0,0.0158720205602288,0.0100649616088137,0,0.00690559775473677,0.0243633393007623,0.0215370784281546,0,0,0,0.00101911852900884,0,0.00627557508776584,0.00875088928562513,0.0152154209719124,0.00611485984487858,0.0183303984439292,0.00859058104521466,0.0336406236916345,0.0128382575532854,0.0046242649718766,0.00614385249943708,0.0109045633388468,0.012091394323743,0.00221009476010601,0.00107517590346762,0.0312304279243662,0,0.00180681394046476,0.0186277786297332,0,0.0041441160926865,0,0,0.00688945282059342,0.0189735112807389,0.0118263570529463,0.00545877670825617,0.0015552789005598,0,0.00890485873115041,0,0,0.0223692449794287,0.000395481503553151,0,0.0258567895820627,0.0139633452016387,0.0168937914258732,0.0140803286619557,0,0.0144384691397939,0.0350864039991243,0.014171935464597,0,0,0,0.0244827829381688,0,0.00906540568671445,0,0.0224468143685229,0,0.021512557999481,0.0118448314990716,0.0118628504234145,0.0120780698343648,0,0.0465351561624085,0,0,0,0.001522821743621,0.0124075037589725,0.0132872114639815,0.0205421623449151,0.00865372420484906,0.0134211303267764,0,0.0326687601461343,0,0.0279511512881781,0.0181749007146386,0.0103807774594455,7.32878855670884e-05,0.00459643625849084,0,0.0167388295290663,0.017864221408294,0,0.0317655730677354,0,0,0,0
0.0281618692898203,0.00792868653342607,0,0.0172742861458518,0,0,0,0.02808338609978,0.00591671945785454,0.00854863619356382,0.040655165208276,0,0,0.023711969298257,0,0,0.00417571594139665,0,0,0.0234239254859092,0,0,0,0.014583323079303,0.0027864720855339,0,0,0,0,0,0,0,0,0.00189143972288832,0.012021742523377,0,0,0,0,0,0,0.037830595871084,0.0326191483046214,0,0,0,0,0,0.00154437278579212,0.00438258001339153,0,0,0.04939959758458,0.0215467665844188,0.00240127170136894,0.00227037808530582,0.00744961968150522,0,0,0,0,0,0.0196183029542797,0.0129655920980714,0,0,0.0145848525073917,0.0241500430683026,0,0,0.0115904603464809,0.000188041808710842,0,0,0.0137632038386545,0,0.00315965750096726,0.00547817574858965,0.0155483854412047,0.0066134008101198,0.00846540755635109,0.0085004370482519,0.0046445492946811,0.0207350492882715,0.046795767339517,0.00169402593846967,0,0,0.018032728753372,0.00183879987613043,0.0262766183312419,0,0,0.00773040918964108,0.00701453778290916,0.0127611954789201,0,0,0,0,0.036874750355523,0.00201415666945957,0,0,0,0.0306878003311102,0.00244198661941328,0,0.00460838559990837,0,0.00360182137496698
0.0183115954975369,0,0,0.00885247609224754,0,0,0.0109374934082044,0.0225364702079403,0,0,0.015185741507702,0,0,0.0119074298195668,0,0,0,0,0.00771728792857786,0.010701333962717,0,0,0.00433017667394478,0.0140785568830896,0.00616749022750643,0,0,0,0,0,0.00174225437412083,0,0.0202688366140382,0.000295500693194067,0.0213067970474404,0.00928416210291219,0,0,0,0.00572102318532849,0,0.0222863008371846,0.0284751445034513,0,0.00232786730421036,0.00859359093015135,0,0.00591937427556777,0.00845488244496137,0.000833948813973234,0,0.010905223010289,0.0398721601888594,0.0248192337086778,0.000895223776368237,0,0.010592442605538,0,0,0.00933924503472814,0.0029601243257257,0,0.0321102985798965,0.0201213294818887,7.59896861105416e-05,0.00653867656861738,0.00137510091895671,0.037834688065888,0.0141289195799879,0.00103060978886532,0.00558318947685141,0,0,0.0251677598899533,0.022774955259856,0.00059563812439632,0.000556992448136215,0.0190037863035118,0.00790999527765995,0.0170117344686394,0.0120721048579632,0.0106289285163207,0.0104436488012594,0.0109116383935943,0.046049187477687,0.00158751223450733,0,0,0.0142799462303113,0.0056389214201306,0.0213608473723617,0.0146064904439704,0.00427698843796398,0.00133713317613072,0.00202165070898506,0.0361492228447475,0,0.0240031381653975,0.0110713905623397,0,0.0328232009659908,0.00288163289335634,0,0,0.0123281013931525,0.0321878982451199,0.0133254732342762,0,0,0,0
0.0111724483869732,0.0199142161200807,0.0264050650389602,0,0.0152737985986108,0,0.0194847641877875,0.0173391284502937,0.00616292441125667,0.0226561737136336,0,0.023711969298257,0.0119074298195668,0,0.00856211429494208,0.0179447764051323,0.00859101200536326,0.00485193826023612,0.0174339768270313,0.0125247312336607,0.00638810939678314,0.0150802368739872,0.0185103723615878,0.00913518932436503,0.00749747368162163,0.0116887134367809,0.00887572039552812,0.0216623843257594,0.00209948205794434,0.00179132841554578,0.0135658354825802,0.0139026625954809,0.0231914262629824,0.00383263368821078,0.0158975861003294,0.0125677095884059,0.00275992651259393,0.00875132866640183,0.0267835729331125,0.0275010908323147,0.00910575493192899,0.00155682995543994,0.00210188968162641,0,0.0161006658068391,0.0322780840516291,0.0094972725582573,0.0184524262175903,0.00439366350893443,0.0028629172820125,0.0198797640135343,0.0361126429737038,0.00367502091182655,0.00729548614024272,0.00701665910679251,0.0255109046976291,0.0222100872908638,0.00508940780190901,0.00506887824442938,0.0178764441102365,0.00247543098746656,0,0.0240160814255823,0.0195429162071404,0.01343953795155,0.0318686027389014,0.00744353760711972,0.0371081157577096,0.0208415687030541,0.0108962254752413,0.0138274735136546,0.0252497805239555,0.0126910698467897,0.0270358018083094,0.0133587491780081,0.0362215479429463,0.0207762098835994,0.0236120191072866,0,0.010278125096992,0.0302932511474824,0.0345649388443035,0.0187246793339373,0.0113405664659057,0.0161952339487531,0.0223408608672667,0,0.00465974939033404,0.0118188780088941,0.0272472650906532,0.0155414493095307,0.0209214159396905,0.0225069587697613,0,0.0160901954863759,0.0377199795877765,0.0143423340656269,0.0328071546391538,0.0246411673784451,0.0198094629896299,0.00803251282143,0.016586387218784,0,0.0191221340045127,0.0272486461854404,0.00939691667084201,0.00364848131618938,0.0139170119895533,0.00191917393248036,0,0.0263066105508402
0.00401425326715349,0,0,9.94410809616747e-05,0,0,0.0167892589365713,0.0134176698658946,0,0,0.0136134040269933,0,0,0.00856211429494208,0,0.0063398843005849,0.00551799966619168,0,0.00284660667692668,0.00944529951994039,0,4.96616776163566e-05,0.00700567256092615,0.00520420314098419,0.00524387245512941,0,0,0,0,0.0113611744352638,0.0111108352289138,0,0.018455118549012,0.00243766456229972,0.0155877664395632,0.00213620799071655,0,0.00264017563888637,0.00160703103633771,0.00629375552590811,0,0.0161242454399801,0.0297288140108766,0,0.0056454087217459,0.00481610921422113,0,0,0.00758044108961714,0,0.00543430845357636,0.012674520147331,0.0364088642455882,0.0328610073142217,0.00329009005109955,0,0.00616906839565413,0.000225763277777435,0,0.00187037129321671,0.00245950520196612,0.00157348896379093,0.033961151677562,0.0224825489090567,0,0.0143805079682459,0,0.0481305612125036,0,0.00922821122069064,0.000904601599124659,0,0,0.032005959732561,0.0156362265126149,0.00214290464319177,0,0.0222583920988917,0,0.0158777330187488,0.0110138863555657,0.00731173383062476,0.010747576771628,0,0.0426221474710042,0,0,0.00144148554313594,0.0144813109023657,0.00809935034723595,0.0216751323696668,0.0179517611204923,0.0154771403333964,0,0,0.0254294035196944,0,0.0173185278210742,0.00401720173027783,0,0.0217335657270936,0.00961786807516834,0,0.00529555355753913,0.0176527043400739,0.0226806264887549,0.0171794178388095,0,0,0,0
0.0192053608096091,0,0,0.00486003674999427,0,0,0,0.0226775067842092,0,0.0123814622166021,0.0238384668071646,0,0,0.0179447764051323,0.0063398843005849,0,0.0341191098037173,0,0,0.0177600838451306,0,0,0,0.0127933928650241,0.00697885683520205,0.00152596931541698,0.00196778898822065,0,0,0,0.00438159354960127,0,0.000704784311522946,0,0.0224659936482146,0,0,0,0,0,0,0.0270627941882046,0.022683629052353,0,0,0,0,0,0.0131623783110445,0,0,0,0.0391412295887038,0.00867545385399618,0,0,0,0,2.90944677300613e-05,0,0,0,0.000364527284489618,0,0,0,0.0155738692872489,0.0233426260638796,0,0,0,0,0,0,0.0176233934543927,0,0,0,0.00403511470755542,0,0,0,0,0.0156323959924259,0.0253245186354627,0.00499969095599482,0,0,0.0173429774649285,0,0.0135508076484596,0,0,0,0,0,0,0,0,0,0.0314225776521787,0,0,0,0,0.0397457188494309,0.01501391332434,0.00196720195142718,0,0,0
0,0,0,0,0,0,0.0113801399252786,0.01925590370952,0,0,0,0.00417571594139665,0,0.00859101200536326,0.00551799966619168,0.0341191098037173,0,0.0105932538284433,0,0.00400371310485779,0.00949373740964809,0,0.00215257169729897,0,0,0,0.00255370890166232,0.0044011287056948,0,0.0058534354486456,0.0245423055300462,0,0.0234600235309258,0.0077987072847572,0.0179630438828374,0.00082565646649627,0.00233856558778986,0.00484271201498624,0.0107660303924659,0.00838275688101747,0,0.014739897232741,0.029446342466141,0,0.0100642347858641,0.0095017228578628,0,0,0,0,0.0152714116863862,0.0080708118369038,0.043654250160643,0.0339885685008545,0,0.00799793200726929,0.000218068522882713,0,0,0,0.00633025629389017,0,0.0332635606453311,0.0272658110295264,0,0.00956750961202457,0.000982807098285624,0.0487578604535005,0,0.00921317999781257,0,0,0,0.0416766417389881,0.00336083519627319,0,0,0.0172925548990552,0,0.0162882476528281,0.00773466947030808,0.00763388322309627,0.0110250961756035,0,0.0428021938347869,0,0,0.014662454011709,0.0108966520604599,0,0.0255584525476124,0.00878325518808096,0.0173331721042425,0,0,0.0173637681245855,0,0.0111134047763177,0,0,0.0227729520875516,0.0222158540772051,0,0.000480071070410804,0.00979439339388575,0.0299250758370194,0.0260834779200762,0.000509417574319482,0,0,0
0.0088125565258999,0,0,0.0138524503977382,0,0,0.0110424844893002,0.0177966693741352,0.00300631464899104,0.0119775293480867,0.0158720205602288,0,0,0.00485193826023612,0,0,0.0105932538284433,0,0,0.00523370525388532,0,0.0162824654811653,0.00349905313939116,0.00767237398997345,0.0109971638979624,0,0,0,0.0107338588430141,0.0040682464157995,0,0,0.00386155946194647,0.00309338997888559,0.0178843805347173,0.00310586957151887,0,0.00508000326083102,0.00443457612781145,0.00328829357721662,0,0.0187160629343651,0.0158851201181823,0,0.00813538462538236,0,0,0.00207867762849963,0.00697579775076617,0.0135409978667325,0.00751673926441367,0.0054278809632437,0.0370453753710289,0.0276417813157306,0,0.0147520839581798,0.0171051864040901,0.0105721033870572,0,0.00205329810244011,0.0239393096141563,0,0.0336182923433099,0.0335742383304255,0,0.0144091026292986,0.00307421026272432,0.0484674369926774,0,0.016606202624216,0.00848384765596193,0,0,0.0154441008970309,0.0229758182494689,0.00673112299324936,0.00966151074923769,0.0126797886032748,0,0.00430513454603636,0.0105364746615704,0.0169516583585929,0.0187663129997228,0.00494062627091409,0.034389546591762,0.00410939266011899,0,0,0.00717163777154644,0.00668299298405829,0.0270373371028957,0,0.0165514110457592,0.000457083591930746,0,0.0196454889832308,0,0.00975299938456313,0,0,0.0310209163010606,0.00862024699455601,0,0.000457592085289113,0.00623861031508184,0.0280915541043925,0.00427785736433854,0.000539020681878477,0.00477855089608439,0,0
0.0216431959452765,0,0,0.00036746803900703,0,0,0.00328477469746175,0.00954823312160312,0.00148087816733924,0,0.0100649616088137,0,0.00771728792857786,0.0174339768270313,0.00284660667692668,0,0,0,0,0.0198336252072368,0,0.00681387093961728,0,0.0355841151777122,0.0208243724104967,0.0120667698017041,0,0.00561429246646088,0,0.00104434450842125,0,0.00576034769868523,0.0163488261609842,0,0.0121731298998086,0.0107594676073385,0,0.0268683428874283,0.0266496694437587,0.00629382229925238,0,0.0152288522720079,0.0120374697787019,0,0,0.00014970765649812,0,0.0396087563835721,0.00838971755386,0.0130718806351595,0,0.0274880646944219,0.02089369427011,0.0108299413914633,0,0.0141505308235376,0.0209683706563631,0.013247558698855,0.00759154886789542,0.0152270053267057,0.00970876538155081,0.035679585899777,0.0122442697767796,0.0170027175009956,0.0178741604732692,0.0167791773206877,0.000999244794936537,0.0254738294488449,0.015758526027629,0,0.00692839139615598,0.0287898454217175,0,0,0.0209266434564844,0.00499185032192566,0.00917875828323072,0.00137959436518955,0.00637569064929655,0,0.00684696865981655,0.0106405156989694,0.00631137529033727,0.0264242039068912,0.0110228815610983,0.00325418066312268,0,0,0.0147021337001268,0.0202952332065526,0.00805556849435653,0,0.0104492547329909,0,0.00355794063467819,0.0236650618263567,0,0.0123972643602718,0.026436181445645,0.00579563757385021,0.0227598586931125,0,0,0.007883815146663,0.0164793989485984,0.0220643027341959,0,0,0,0,0.0212369802154667
0.00515604361738965,0.0142249142820615,0.0237141409839195,0,0.0118081509671673,0,0.0181648893612995,0.0200758577590651,0.00237799305383764,0.0132144628097268,0,0.0234239254859092,0.010701333962717,0.0125247312336607,0.00944529951994039,0.0177600838451306,0.00400371310485779,0.00523370525388532,0.0198336252072368,0,0.00642042897030705,0.0174440648681982,0.0228182620368166,0.00287231361225958,0.00743951900305912,0.00973294375614599,0.00667009116312726,0.0225567796410383,0.00186868886961529,0.000642277174933395,0.0115895475103933,0.0116406594098202,0.0223152670694456,0,0.0149718279418659,0.0116568454070524,0.00134162146970901,0.00822149327907732,0.0262297196695166,0.0263333625391133,0.0069975684651711,0.0100733695394141,0.00564761627292248,0,0.0133590891245417,0.0322346078383131,0.00912631620755249,0.0174762694013751,0,0.00112639937023617,0.0164623894436008,0.037451388781087,0.0134143202832729,0.0139537911354367,0.00539081873628493,0.0204454122175328,0.0237634951494851,0.00383989919692727,0.00518079602470705,0.0179176531022271,0.00503646234413417,0,0.0263402846872801,0.022624553514619,0.0142722310072379,0.0331936709324653,0,0.0345431734082442,0.0170292688252239,0.0117802928939516,0.0116131371792473,0.0234005252508483,0.0122561974253913,0.0238028355496516,0.00376983162401214,0.0343327107958858,0.0167557272683363,0.0217511955721009,0,0.012864307494426,0.0269862510580366,0.0292057065562685,0.0174474084152028,0.00646182617679816,0.0208569668592645,0.0117947377513191,0,0,0.0114370187906408,0.0290589474277559,0.0189838684268412,0.0225672754031315,0.0225540530548371,0,0.0131208552002294,0.037764000657647,0.0113081779823127,0.0339648018449936,0.0253964429958988,0.018927506284628,0.0066862604650808,0.0166282027371199,0,0.0162335091177738,0.0281051343668666,0.00277352970610496,0.0019248069914852,0.00129351473440539,0,0,0.025535082176266
0.00515467995701883,0,0,0.00869837855826711,0,0,0.00596074057689347,0.0152356492389144,0.00337858925861376,0,0.00690559775473677,0,0,0.00638810939678314,0,0,0.00949373740964809,0,0,0.00642042897030705,0,0,0,0.00542386558735152,0.0145214337772248,0,0.00134394613363119,0,0,0.00722728975327818,0.0129501434957694,0,0.0039942027553396,0.00269182557450918,0.0118772910781958,0,0,0.00246073059392473,0,0.00900033170785063,0,0.0172590293267326,0.0316753298547956,0,0.0050396449701453,0,0,0,0.00878751305161893,0.00222948157178614,0,0,0.0419578495960436,0.0399122743175517,0,0.00354322736250028,0.00256849830937327,0.00260214218925948,0,0,0.0115246958502823,0,0.0310686672024777,0.0308562324013776,0,0.0049553975102063,0.0025493067805196,0.050020931421156,0,0.00928064777266036,0,0,0,0.00881532279856644,0.0270343134351923,0,0,0.0154766742104958,0,0.0169760887015948,0.00424419045974469,0,0.0118955616611536,0,0.0378160130474078,0,0,0.0100975534215269,0.0126977826579654,0,0.0270319962005513,0.00458763079215026,0.0145679947166899,0.0037606077022639,0,0.0115401261889518,0,0,0,0,0.0288851149464322,0.0180770842650942,0,0,9.02599636226009e-05,0.0297607189102355,0.00386170512631867,0,0,0,0
0.0257433714883619,0,0,0.0146826867209148,0,0,0,0.0242397451262109,0.00229965131153719,0,0.0243633393007623,0,0,0.0150802368739872,4.96616776163566e-05,0,0,0.0162824654811653,0.00681387093961728,0.0174440648681982,0,0,0,0.0281269986322914,0.0141247558662476,0,0.00508036669763342,0,0,0,0,0,0.00754031044130651,0,0.016087266811494,0,0,0.00244516407448429,0,0.00464139320050066,0,0.024290568750258,0.0167778320399751,0,0,0.000229284546063883,0,3.03586766953606e-05,0.00449838097266663,0,0,0,0.0357619966739834,0.0200656017641236,0,0,0.0136820597814124,0.00221694124424116,0.00368285427874059,0.00144103946738561,0.000625319919718684,0.000794816586890734,0.0235396847823929,0.016238106338537,0,0,0.0070783875172573,0.0270939720739862,0.0123896740560198,0.00133693036978953,0,0,0,0,0.0174456308933573,0,0,0.00789077249021916,0.000112652861851974,0.0138843406294327,0.00616182292404161,0.00670844119776671,0.00333716314578732,0.00558710916021821,0.0408610708601187,0,0,0,0.0109948754201042,0,0.0178167637800676,0.00732744563619709,0.00237103849761225,0.00453094856167632,0,0.0301484772215243,0,0,0,0,0.0320840485148025,0.00305397991905135,0,0,0,0.0270260887157434,0,0,0,0,0
0.0282163571349752,0,0.0143141767331029,0.00542070889841147,0,0,0,0.0166183494413933,9.69801675036893e-05,0,0.0215370784281546,0,0.00433017667394478,0.0185103723615878,0.00700567256092615,0,0.00215257169729897,0.00349905313939116,0,0.0228182620368166,0,0,0,0.0275382498166036,0.0153534510937609,0.0122284622280562,0.00570015944443721,0,0,0,0,0.00557547557570378,0.00998320610174107,0,0.0168841030169742,0.00167066914184767,0,0.0050376396228444,0.000633164675040993,0,0,0.0212501430253182,0.0145848472182549,0,0,0,0,0.00423937947379166,0.00813365975897632,0,0,0.00137741728228387,0.0248985901643718,0.00636770989611895,0,0,0.00524116434470107,0,0.00348811999234257,0,0,0.0113034498420759,0.00114330881540614,0.00128082512990355,0.00261390403166652,0,0.0113116638968113,0.0164472525165224,0.0220350422146523,0,0,0.00863972234005858,0,0,0.0171969846407794,0,0,0,0.00862137214971443,0,6.45573327655455e-05,0.00265795661794843,0,0.019438553617901,0.0165341197363197,0,0,0,0.0144077993584623,0,0.00901325475297501,0,0.000970834279141826,0,0.000935967580385346,0.0143112668096319,0,0,0.0168744606916326,0,0.02649041754548,0,0,0,0,0.0236301246718243,0,0,0,0,0.0102167963069015
0,0.0146995634607219,0.0127784976426806,0,0.00715670676799431,0,0.0376787846220672,0.0284793285300005,0.00427664784771444,0.00474497406892473,0,0.014583323079303,0.0140785568830896,0.00913518932436503,0.00520420314098419,0.0127933928650241,0,0.00767237398997345,0.0355841151777122,0.00287231361225958,0.00542386558735152,0.0281269986322914,0.0275382498166036,0,0.00475711933674321,0.0101198550624346,0.0111118613655199,0.0278548051859593,0.00237975662220392,0.00969069861595148,0.01291734986059,0.00412699861459222,0.030813734812519,0.000902594298560786,0.0184693782927955,0.0225606895023615,0.00207616359714154,0.0133052170542507,0.0396308046490422,0.0328083217076538,0.0169402284841227,0.00824411263101174,0.0175305014994933,0,0.0195828930082551,0.0426407502973626,0.0188420802415556,0.0372818916457772,0,0,0.0192150592792413,0.0457900056876856,0.0345011314192704,0.0357495088406671,0.00707702525912734,0.0212550158392922,0.0282039301763088,0,0.00512504622328148,0.0388387609746482,0.0129672361042914,0,0.0469915623375314,0.0424169671859552,0.016566410668837,0.0384973867734126,0,0.0445998136596832,0.0107283310016309,0.0168597973649634,0.0257938689317326,0.0274828479895289,0.0146701560429708,0.0279568656093506,0,0.0390902824133332,0.025929488714198,0.0417747931556921,0,0.0324643622647495,0.0322701313871718,0.0293201363158433,0.0283004994271083,0,0.0421080712482316,0.00143062901665795,0,0.00319828724547264,0.00490375464996088,0.0362810681973901,0.0292960783264915,0.041989812249554,0.0274493150736832,0,0.00891046163485878,0.0532825344174609,0.0123803956452044,0.045881682379345,0.0262129227624393,0.0186251552771716,0.013122403361492,0.0240240478299975,0,0.011403200446062,0.0217494740468587,0.00968129318002017,0.00411934618701271,0,0,0,0.0117886221734679
0.00382242088317878,0.00980195327869865,0.00294976672085814,0,0,0.00575225355061146,0.0238989605160974,0.0332636319807516,0.00814220253022906,0,0,0.0027864720855339,0.00616749022750643,0.00749747368162163,0.00524387245512941,0.00697885683520205,0,0.0109971638979624,0.0208243724104967,0.00743951900305912,0.0145214337772248,0.0141247558662476,0.0153534510937609,0.00475711933674321,0,0.00472524319328716,0.0125815038813869,0.00105931998901866,0.00240033264606477,0.0199354584792087,0.0349483587591723,0,0.0368686525800109,0.00558577858883992,0.024703901536508,0.014051083558857,0.0126344692802759,0.0010931637353529,0.0108034421641743,0.0165647889733206,0.0268509191142127,0.011351207541781,0.0352551381468019,0,0.0197442196294942,0.0226408753355291,0.0136125653347346,0.0180504542073467,0.00942342071991436,0.000961289426324178,0.0148859033003807,0.0117382422695576,0.0460251422570262,0.0537374728283534,0.0144431733522495,0.000850481978781206,0.0114296643569245,0,0,0.0244334938488445,0.0159274294942324,0,0.0539350756129896,0.0388149582229358,0.000604827995358485,0.0171292479876814,0.00766592382892605,0.0517948764563655,0.0142144281851329,0.0136298458450512,0.0150751822290114,0,0.0103052793964448,0.0317216473635746,0.00948228572856656,0.00849203068716682,0.0108752635407427,0.0414325218335093,0.00681527063728574,0.050642670352578,0.0235684873005423,0.0124536876173488,0.0301499204559958,0,0.0780498184627292,0,0,0.0156077411087478,0.00991824280567317,0.00962647568596699,0.0447100722804775,0.036788622294667,0.0228671830844712,0.00310543734872735,0.0115828581236152,0.0380327707878618,0.00790914920771603,0.0219932695391931,0.0066282769015495,0.00678935084244826,0.0221721146429338,0.0320620208598686,0,0,0.014266423819416,0.0285771851291179,0.00681709719912023,0,0.00090496162078063,0,0
0.0120381183801613,0,0,0,0,0,0.0158789173609201,0.0189747634634004,0.00216833387760993,0,0,0,0,0.0116887134367809,0,0.00152596931541698,0,0,0.0120667698017041,0.00973294375614599,0,0,0.0122284622280562,0.0101198550624346,0.00472524319328716,0,0.00406944823406407,0.0144588743520605,0,0.00510953656486423,0.011951106534122,0,0.036993227953517,0,0.0171872858435318,0.0107959902815305,0,0.011868125667457,0.0378846805093243,0.0137880789426682,0,0.0176283914640233,0.0262113961781162,0,0.0121036088638164,0.0272203437366285,0,0.0229683759886109,0.00780071315049015,0,0.00589790913076188,0.0233147838964253,0.0432690230491569,0.0318728500217669,0,0.00574509890549757,0.00723419755708337,0,0,0.00785587938807647,0.00422317922723126,0,0.0331454736064322,0.0278766531774865,0,0.011033625879873,0,0.0451640584781498,0.00477462355976197,0.00150952629076727,0.00480273197781447,0,0,0.0331085646549781,0.017190885611259,0.00294074724362934,4.28378690807557e-05,0.0177197660237486,0.00466953029501903,0.017185082645197,0.0121785034003741,0.0121221762766694,0.0125539372283565,0,0.0397992267009127,0.00249747652090766,0,0,0.0158659629684573,0.00482812054389231,0.0253709465174629,0.0162818147935522,0.014417067766247,0,0,0.0301051157190253,0,0.0217833458785255,0.00838779901925602,0,0.0314746854385594,0.0114047618846579,0,0.002339496800737,0.0149479109042893,0.0375174842608668,0.0133333451145918,0,0,0,0
0.0073341773418336,0,0,0.00649415755473513,0,0,0.0196361703842352,0.0213606717972721,0.000836723208743334,0,0.00101911852900884,0,0,0.00887572039552812,0,0.00196778898822065,0.00255370890166232,0,0,0.00667009116312726,0.00134394613363119,0.00508036669763342,0.00570015944443721,0.0111118613655199,0.0125815038813869,0.00406944823406407,0,0.00157770778248315,0,0.00659786053312445,0.0115147382512706,0,0.027530546169131,0.000310238318099306,0.0186967539496199,0.00934874220578535,0,0.00592898595608694,0.0296901054845858,0.016016231106004,0,0.0202420414519295,0.0333431568997323,0,0.0111656349414908,0.0151204889227264,0,0.0272270106424174,0.0195208503480651,0.00172451297051264,0.00555385186955474,0.0184500279376676,0.047605350259439,0.0387148052398293,0,0.00577574797420815,0.0115266073953306,0.00145325126730703,0,0.00489836855543781,0.0111482759508213,0,0.0414466782751673,0.031864145012081,0,0.0169644666760017,0,0.0543345791213391,0.00272294181441711,0.0098882680015562,0.00301772986045473,0,0,0.0416692498778015,0.037339015438115,0.00527355221895925,0,0.0197205401677333,0.00671526636400117,0.01545019417921,0.0110556244762118,0.0115336428033009,0.0164715951330753,0.00349506073183964,0.0454308256068457,0.00454362583391533,0,0,0.0214757776990805,0.00553753248553781,0.0297912895440168,0.00667909191496898,0.0117701627568275,0,0,0.0281964152823237,0,0.022049839179496,0.0122293301951071,0,0.0343775581973581,0.0140624956630711,0,0.00583346207745395,0.0212361107340506,0.039081417844843,0.0164519809312577,0.00342969485799288,0.00419674973155921,0.00266977643624789,0
0.0229106878584831,0,0,0.00784325507128007,0,0,0.00167394129082742,0.0233298576038498,0,0,0,0,0,0.0216623843257594,0,0,0.0044011287056948,0,0.00561429246646088,0.0225567796410383,0,0,0,0.0278548051859593,0.00105931998901866,0.0144588743520605,0.00157770778248315,0,0,0,0,0,0.0170674129695629,0,0.02384832949671,0.00561416005542356,0,0,0,0.00529553209444507,0,0.0256931487333865,0.0229241601914661,0,0.00559619163819686,0.000182624294946289,0,0.0165115554747265,0.0278275857275517,0,0,0,0.045570906763467,0.0334969082866485,0,0.00486456360741136,0.00448781299677561,0,0.0111781076359662,0,0.00292793960502394,0,0.0263843072379011,0.025298831485346,0,0.00736269096628985,0.00837769950034705,0.0507322926681508,0,0,0.000744783327480688,0,0,0.0168264131767099,0.0290688004021527,0.00376318264948171,0,0.0161901773255819,0.00719329619321204,0.0124067607392816,0.00448693537720509,0.00468246452641725,0.00422462669049894,0,0.028885606360366,0.00243291093912159,0,0,0.0199219480884581,0,0.0203621034258309,0.0128795555537712,0.00106626846089444,0,0,0.0237745934638564,0.000376294996938651,0.0101796955631308,0,0,0.0359492299946292,0.00698697080487596,0,0,0.00452268873434564,0.0551713046259857,0.00228629435981915,0.0062549503871481,0,0,0
0.00469101517877742,0,0,0.0137076245333255,0,0,0,0.00584642183580208,0.0223184851116631,0,0.00627557508776584,0,0,0.00209948205794434,0,0,0,0.0107338588430141,0,0.00186868886961529,0,0,0,0.00237975662220392,0.00240033264606477,0,0,0,0,0,0,0,0,0,0,0,0,0,0,0,0,0.0117855741180693,0,0,0,0,0,0,0,0,0,0,0.00864871845840742,0,0,0,0,0,0.000529249465176327,0,0,0,0,0,0,0,0,0,0,0,0,0,0.000538916026284507,0,0.000556017102523067,0,0,0,0.0225882565278682,0,0,0,0,0.00106140015391418,0,0.00106759385656387,0,0,0.0126301994521844,0,0.00208505259161756,0,0,0.00102835523310962,0,0,0.0115926589397243,0,0,0,0.00916537530974384,0,0,0,0,0.0131179918189778,0,0,0.000740486795754997,0.0277924944844485,0
