0,0.0164035311925232,0.0212079216375522,0.0442693040987404,0.02404153658036,0.0305285062271614,0.0448649952168654,0.0442624071349928,0.0252214916138995,0.00107593407764711,0.00842243670287607,0.0218558581607931,0.0496000134029934,0.0190950800237438,0.0159658063992495,0.0172008251652355,0.0224399772632526,0.0273079855363476,0.0229893103669738,0.0160958589378845,0.0269338939679865,0,0.00632235171561801,0.021979082111553,0,0.0218301490625058,0.0213963613194449,0.0352355262945935,0.0430034348876259,0,0,0.0272082920469403,0.0406143996773666,0.0354835453949853,0.0237396507272466,0.0279481297084179,0.00451015472743871,0.0164017128262365,0.0294252920415525,0.0397265216683368,0.0537676595774615,0.0067562281867765,0.0223389002719,0.0258366237502533,0.0352236601962163,0.0243389909006327,0.0183895664491739,0.0233708670148726,0.0469112824741343,0.0274427366359463,0.0443255483195433,0.0206261328531127,0.026678266049834,0.00382822000528376,0.0187543763240595,0.0365951285938419,0.0195797455463035,0.0394216754069696,0.0215911793714128,0.0112528874486123,0.02234892580399,0.0308817153844683,0.021345256382394,0.0214374818326557,0.0146893825822535,0.022060219028805,0.0475648848805075,0.03575888789298,0.0154757302746043,0.030021496764564,0.0004827726070571,0.0178081619152079,0.0158799601280039,0.0277792165114611,0.00537438919201981,0,0.0152826552141538,0,0,0.0328262827672292,0.00364532073576682,0,0.00318893573133512,0.00632807813699855,0.0223711324753305,0,0.0168239867848554,0,0,0.0110675897101646,0.00956070094541449,0,0,0.00298724566106473,0.0346697073715699,0.0225331107926323,0.0179251223872874,0.0201756558130481,0.0189693965618409,0.0287147247816826,0.00519917453354632,0.0257233649031447,0.000935675776562833,0.0259772180647394,0.0215667665806858,0.0165048950133862,0.00906571613306325,0.0257789111144307,0.00887876062526834,0.0153778746993845,0.0204663932914245
0.0164035311925232,0,0.0220079099588832,0.0443589621880633,0.0273041500591112,0.0260978397878672,0.0416031885676662,0.0305717518317063,0.0133408596043558,0,0.00578998186485949,0.0151308263236722,0.041251767890869,0.0227829896064919,0.0253370723000012,0.034629584732972,0.024271038601787,0.0190000647657834,0.035126928856454,0.013059357088692,0.0250939480052057,0.00575312031602523,0.0129554181297688,0.0131164236719548,0.0178440229675517,0.0143252819974407,0.0337827081536613,0.025163737620621,0.041598504348542,0,0.00167243474181663,0.0260740078421742,0.0615955614449363,0.0344337868181042,0.0452402025980804,0.0178795613752007,0,0.0110561234415631,0.0265851839642829,0.0455265289523157,0.0739542748083121,0.0160998796818985,0.0169257272348248,0.0365406555661591,0.0475801683226364,0.0178406599531445,0.0133846030518186,0.0375117464722085,0.051943546199924,0.0373385903910025,0.0497817901722286,0.00769668656188208,0.0150889455857883,0.0019141424341478,0.0198870807582104,0.0298704768222693,0.0105864603579004,0.0331055042448419,0.0223644464463045,0.00692360079715952,0.0138028354543196,0.0173044142240774,0.0313201516961605,0.0232000558334551,0.0153016712921097,0.00567531251712126,0.0397346067379429,0.0137793789865472,0.0142660131891343,0.0188523627572726,0,0.00661708183284469,0.0141964632245491,0.0137674007187501,0.00965864192023092,0,0.00351337651694153,0,0,0.0348660329984245,0,0,0,0,0.0223795615760992,0,0.0400393874197766,0,0,0.00417365964126691,0.00325920574129565,0.000754739206570231,0,0,0.0399127948736122,0.0383043491293054,0.0293533137594414,0.0213663958509947,0.0250935355229142,0.0330688748439693,9.8959086588134e-05,0.0357990910109135,0.000132525193286629,0.0294742310576672,0.00910815939806307,0.0205672747829009,0.0104944052007414,0.0326989972770554,0.00563168037310164,0.0183149028750642,0.00863770950236527
0.0212079216375522,0.0220079099588832,0,0.034067293041455,0.0207617163084592,0,0.00946038621814851,0.00517834577655445,0.0133156499547863,0.0330328307781587,0.0173671623675089,0.024191400991396,0.0407156070471991,0.0226814132342336,0,0.0203596792355972,0.000548835740103569,0.0215567225805595,0.0548521709105813,0.0184422585361587,0,0.0196803759930728,0.0118745762163762,0.0129856014233738,0.0166166796309878,0,0.0121379796243983,0.031629055871649,0.00674691610407277,0.0295903276497998,0,0.00133018703838403,0.0150060857954712,0,0.0657186756950303,0.0144438035778168,0.0124564035635091,0,0,0.00146059326995523,0.021022761981874,0.0180047448861421,0,0.0154950159996737,0.0104471308790684,0.00606923499971512,0.00681317875632947,0.0213836270341902,0.00834347250752613,0.022397156673147,0.0357167386112832,0.0144235893843643,0,0.0166145077045074,0.035936606036056,0.0100111033319262,0.0322761652435887,0,0,0.0228803510267105,0.00252516821263282,0,0,0.0376200375098715,0.014648063012002,0.000418656881894994,0,0.0110154834108089,0.0251627977742162,0.00137600608342559,0.03143736940783,0.007867873813704,0,0.0150889538131216,0.0513793585576688,0.0509721277560607,0.00872563615182851,0.0207854036524415,0.0247415550995916,0,0.0651711850892014,0.044363215561515,0.0119618068603084,0.0247975065545327,0.0318168938433345,0.0568453357971965,0.0280537774645945,0.0331017385797725,0.0322471634433001,0.0166473336764147,0.0214832080655962,0.0379116847202087,0.0582020683382741,0.0213689472613657,0.0293888891886701,0.00666943123758165,0.0146592939868833,0.0151893702738976,0.0093630250865368,0.0100683079663307,0.0213154029126858,0.00409334592688294,0.0225213230681115,0.010386910165438,0.0131731495604626,0.0152035779679047,0.0254801983260725,0.0695177021141008,0.013917070142709,0.0235824098162813,0.00735639650713195
0.0442693040987404,0.0443589621880633,0.034067293041455,0,0.0543804991767594,0,0.043883193014248,0.0228329380304416,0.0581980889281058,0.0618874079454304,0.0230894093108793,0.0637034969966006,0.0681497429061939,0.0512296040889133,0.0281014555907055,0.0622612239581537,0.0431283113319699,0.0589435591639087,0.0422271978067818,0.054375338277297,0.0521739323593082,0,0.0107676209008746,0.0704610270368992,0,0.0472369315224175,0.0572877048394287,0.0669933342019934,0.043125307582225,0.019521782942398,0.0105583647711955,0.051877705677294,0.0163817119426317,0.039800106230569,0.0151010948520005,0.0291663187281218,0.0129399759204888,0,0.0372325122485419,0.0482153403324691,0.0509258270551903,0.0566326060421332,0.0278808875012909,0.0509081874695044,0.0686913363234046,0,0.009310830800805,0.0263023687565321,0.00103113557956621,0.0139771515840529,0.0112801566261824,0.0441775395379189,0.0222877111350422,0.00203216672484297,0.018772264960642,0.00130076615946419,0.0151745530482087,0.0540834080991841,0.0500742327728736,0,0.000551216789313321,0,0.039710306278839,0.0425266246430804,0.0480225505608789,0.000131570899638713,0.023810692466149,0.00250341726344609,0.0205096367283223,0.013891986925705,0.0114621914008331,0,0.0158551381281404,0.0255977131430791,0.0176998386299314,0,0,0,0.0214533338496586,0.0244016291665292,0.0160857432404871,0,0,0.0341187499116671,0.0477373360287538,0.0143935904988379,0.0589275172213231,0.0502707187891613,0,0,0.0450256738266642,0.0638686819320246,0.0380162553055693,0.0136748805332116,0.0645839132888558,0.05140282396638,0.0656491692265147,0.0612135002866467,0.0616783095627182,0.0391125298305826,0.0306394883112428,0.0620598593999616,0.0665799724729336,0.0518833676294375,0.0808519189884984,0.0326891311428107,0.0101886254964288,0.029265793405188,0.0636505142343348,0.0329474267145475,0
0.02404153658036,0.0273041500591112,0.0207617163084592,0.0543804991767594,0,0.0256035945143251,0.0431581806006571,0.039300007011359,0.0188581908276156,0.0440681281387784,0.00100845677331758,0.0392772217372462,0.057124289798656,0.0317249974041398,0.0221735792071877,0,0.00444380806209123,0.0418444075879712,0.0793569562014511,0.037483147929473,0.00981158046921204,0.0126210630694084,0.00432576317209993,0.0369954370492856,0.0397213044895867,0.0251577449682266,0.00351067685281061,0.0358664456325046,0.0370572084763061,0.0420390611271929,0,0.0186566129332821,0.0262835455225947,0,0.0563968871037445,0.0113685263523569,0,0,0,0.0015558262584865,0.0285439698623315,0.000619780790151995,0,0,0,0.0296224075431623,0,0.0205939199357001,0.0440699341136878,0.0571841248665401,0.0901765489536771,0.0459511552407875,0.00768055450551166,0.00109276797189829,0.00105256148105142,0.0467998174459257,0.0023742731409944,0.00293171926133841,0.00392174562963274,0,0,0.0437668094606011,0,0.0366052958853629,0.0124249398399264,0.00187454262043465,0.00982628060588312,0,0,0.00474426083860989,0.00231016596283368,0.0280903934221941,0,0.0533754960965463,0.00300856036199689,0.00885221104701847,0,0,0.0126972182457238,0.0103657205342821,0.0153224533992272,0,0,0.0133882944047455,0.0346722254783189,0,0,0.00948916152183916,0,0,0.0149704617765085,0.0174203847651571,0.00661747361900493,0.0038979322284643,0.0397875107446449,0.00569302520792408,0,0.000563135211467206,0,0.0229389189084893,0.0266228523631412,0,0.00358312297406528,0,0.0330627765350886,0.0174197920602721,0.0230139878313534,0.0458134055138607,0.0126976008747045,0,0.00377120350152406
0.0305285062271614,0.0260978397878672,0,0,0.0256035945143251,0,0.0102534329566742,0.0193875808208673,0.0277267901873783,0.0456769879325469,0.00848916806698118,0.0291773756579112,0.0283732642906332,0.0483920084605728,0,0.0457333946600428,0.0169790165015098,0.0293345956324535,0.031799043761483,0.0523118583339317,0.0259362485836708,0,0,0.0501401223257095,0.0512262791564982,0.0018237997905325,0.0448771813357157,0.044533941024057,0.00548603522888417,0.0110057963159828,0.015346623325531,0.00798590568925666,0.00579545457939189,0.0544244114302351,0.00921520242674945,0.0307534211023007,0.00889204157351973,0.0141291441356438,0.0432302416309583,0.057879926873525,0.035054292479074,0.0273398090549071,0.017431678401928,0.00775650738760731,0.0295464339441038,0.00612016059998033,0.0264774990820392,0.0126330729248596,0,0,0,0.0559766430864586,0,0,0.0290640160922408,0,0.0194922351952733,0.0247316541025181,0.00218711669494551,0.00970974923706695,0.000258466164581949,0.00756816320878267,0.00456568870720653,0.0177282239660924,0.00830133604473036,0.00946375459728395,0,0.0067314681242753,0.02398989784741,0.0536857982557367,0.0422501990244998,0.00537759946506138,0,0.0492728399045813,0.0408663657827148,0.0869154558710127,0.0328022078284796,0.0403853629946874,0.029073123314737,0.00774599695963654,0.121809658719064,0.103034127608296,0.0608604071142788,0.0161969576578985,0.0171244059828904,0.0603111101768621,0.00515814481461546,0.0233621443342411,0.0727783508420884,0.00543315493735086,0.0231367769451213,0.0179442618293375,0,0.00704369501789151,0.031584268101516,0.010798977827495,0.010231254968558,0.0172943959125161,0.00948086926935893,0.0100094217427289,0.00682191051694043,0.0112803762654877,0.0138038294084607,0.0114526233125966,0.016197590032122,0.0134958736148732,0.0219625280433288,0,0.0206320624504512,0.019088303349886,0.0291101764364903
0.0448649952168654,0.0416031885676662,0.00946038621814851,0.043883193014248,0.0431581806006571,0.0102534329566742,0,0,0.0463731496362311,0.0430143211355883,0.0109088517683095,0.0487992199306673,0.0197698344021389,0.0414525728288331,0.0222510898683882,0.0714161797215684,0.0258165836011943,0.0186592965875682,0.0192929220246621,0.0261431328687353,0.028537680670268,0.0115673854200159,0.0161681052937711,0.0476716592809453,0.0266885654879173,0,0.0773745170975669,0.0419240526535769,0,0.00540015567305601,0.0259467409342744,0.0212662443198548,0.0747035622183872,0.0735065940131237,0.0210836517480077,0.0377712386154311,0.00956684979235173,0.0304554057879535,0.0506198632322471,0.069664289299297,0.0978822992295975,0.0768583075373714,0.0288057758553111,0.0732871993409066,0.108960653242801,0.0171422793959964,0.0330425992122766,0.0731544200926137,0.0682936327626945,0.0407533729385166,0.0471600237230213,0.00849516914893008,0.00541703473952858,0.0146600990227056,0.0315555660805146,0.0235895981965762,0.00948995880281616,0.0869919810131001,0.0163039668571396,0.00369932827187563,0.00261878170273486,0,0.0516975883850254,0.0252975153125181,0.0277397167512107,0,0,0.000791434249602833,0.0477618265612689,0.0415424953391561,0.00579932172923472,0.00685576285292251,0.00271650083553177,0,0.0090023576917558,0,0,0,0.011521946895225,0.0161491326794615,0.00321187981355412,0,0,0.0275057973900613,0.0227372448288252,0.0058329151507774,0.0837851685726004,0.0472365858567594,0,0,0.0345600597655392,0.053161838947018,0.0365473140856685,0.011313993802227,0.0650820081229027,0.0567268779336533,0.0804574764410985,0.0534191537675452,0.0513487271634905,0.0170563905290831,0.0170529260028214,0.0686957775444017,0.0462644982060784,0.0403597263719899,0.0189576810844673,0.0290705131593941,0.0124131735058516,0.0569402374781659,0.0326935447287718,0.0534678029508136,0.0199785424779763
0.0442624071349928,0.0305717518317063,0.00517834577655445,0.0228329380304416,0.039300007011359,0.0193875808208673,0,0,0.0186215205560789,0.0180921536268848,0.00466656872611456,0.0268937664806501,0.00827949275337088,0.00238913070672488,0.0157680696461988,0.0514512737700299,0.0222239478140325,0.00892635249822693,0,0,0.0236224529063064,0.00806717488673865,0.0044153423624187,0.0192040387527953,0.0100816831652562,0,0.0738302655976251,0.0457555736389012,0,0.014359117865549,0.0311379468902133,0,0.0896644557149274,0.0856215332949651,0.00613938298284421,0.0537101894987289,0.0255636229186581,0.0528685583197882,0.0690515369914326,0.0922755653678424,0.09232791625191,0.020389163489705,0.0492589973560274,0.0520417885546476,0.0712370000817295,0.037791478153457,0.0638917219647441,0.0756151020790469,0.0888530457917329,0.0285063528760516,0.0376691534551773,0.0301719888749631,0.0190192848271425,0.0406435234183964,0.0587525110719061,0.0428416939294636,0.0408456318829587,0.062609640142193,0,0.0627368116037362,0.0571455089835397,0.0151698221308217,0.0247188273788983,0.0204732466722658,0.0105254509472308,0.0128049702422353,0.0254435325555027,0.022867602677119,0.0141759810574432,0.0465684298116748,0.0242747738117725,0.012625681684719,0.000255845101684143,0.021309391163354,0.00440122100186559,0.00184782787311679,0.0244695467701591,0.00989823935958809,0.0264072251031172,0.0245395367847926,0.03152275046715,0.0218008035259421,0.0183734265369002,0.0196708092164554,0.0198118190313196,0.00240872133669419,0.0277854711084414,0.0264189404198016,0.0186842869753315,0.0226329267165581,0.0216423984561643,0.0379444178028241,0.00987257449369953,0.0276664623824798,0.0465588063834686,0.0285312517043812,0.0215292292954036,0.028883387056147,0.023128826217267,0.0181953348754187,0.00801789565695167,0.0212752072557299,0.0375031838341236,0.0137191873854436,0,0.00761603789571156,0.0105746529446409,0.0393105858269734,0,0.05376325831158,0.04711118908107
0.0252214916138995,0.0133408596043558,0.0133156499547863,0.0581980889281058,0.0188581908276156,0.0277267901873783,0.0463731496362311,0.0186215205560789,0,0.0220257397068733,0,0.000487577282688544,0.0424613132733395,0.0236964162697208,0.0216012013876803,0.0417964747030506,0.0165489801829152,0.0173864529857559,0.0478218225036013,0.0143590674199954,0.0167249593471578,0.00929743712736658,0.0183652380281501,0.00732338099068261,0.0241220906228012,0.0130468794830487,0.0271404627041754,0.00437980172511032,0.0467277561911827,0,0.00338025748449711,0.0198223515362073,0.0536877263474164,0.0310985062685969,0.0446419280530984,0.0260892992270571,0,0.0161962139363877,0.022107369839079,0.0357356763103998,0.0674871770447187,0.0192366916008646,0.0169004155037851,0.0247441620109226,0.0453053685676437,0.0235119535957171,0.022105143638587,0.0392143813867223,0.0570727788141988,0.0410214105778344,0.056522835250472,0.00313917137069245,0.00643638939767306,0.00992138389284881,0.0286012127326394,0.0350233231082412,0.0105214161008754,0.028396084269775,0.0139350503871802,0.0088945740812373,0.0120158040225449,0.0176614473199998,0.0276173897350192,0.0178628294422094,0.0136206937690743,0,0.0262930443177374,0.00568453648451946,0.0135763880930631,0.0165768969590541,0,0.00969133436491333,0.0109324139062954,0.00567995420639119,0.00458017430831753,0,0,0,0,0.0283276671987305,0,0,0,0,0.00806307609425733,0,0.0409229903461703,0.00655691813433691,0,0,0,0.0169560890515056,0.00996772823366834,0.00192951896894519,0.0343027948564806,0.0277413355756588,0.0294783980540668,0.011382745153848,0.0185180178659527,0.0291524968596963,0,0.0317833099071466,0.0128038035158932,0.0166837419952193,0.0188083437053536,0.0137160298811882,0.00464848838577841,0.0489995310498294,0.0112189165567884,0.0268567456928451,0.0141989045073662
0.00107593407764711,0,0.0330328307781587,0.0618874079454304,0.0440681281387784,0.0456769879325469,0.0430143211355883,0.0180921536268848,0.0220257397068733,0,0.0166089680240172,0.0273452537711741,0.0433068179122135,0.00632077965725144,0.0359807069346123,0.0657554594014599,0.0335495981298219,0.0226365165152323,0.0383176304494274,0.00769691895399244,0.028755944815377,0.0210605358137509,0.0289206099566415,0.00695994671019744,0.0214849135583638,0.011057197978636,0.0192745485002259,0.029185376435238,0.0450533241096014,0.0079888184570681,0,0.0200923702585516,0.0494837777759008,0.0494737309454505,0.033467093381403,0.0479595358823137,0,0.0273643815156678,0.0378521480273044,0.053973289280739,0.0741535629806396,0.0149887112019254,0.0334601573849634,0.0182300612490627,0.033913002129402,0.035148087472577,0.0329373949085477,0.0372442998107669,0.0599845544455139,0.0623471395989583,0.0716333528278742,0.00629826373223593,0.0158739170643651,0.0129206363127591,0.0331243514322984,0.051672247942306,0.0264664041016707,0.0243478208725796,0.0185421004291941,0.00932343799895079,0.0154727080256031,0.0320380488240061,0.0338479561746155,0.0326583619931964,0.0265009777232874,0.0124594874558482,0.0299312323100521,0.00594970422277361,0.00246413910026054,0.00691420054248901,0.00225685364154777,0.0206444771225811,0.00849767418206014,0.00486773402699229,0.0061434362735672,0,0,0,0.00903838426170349,0.0334665956207155,0,0,0,0.0154969505928795,0.0331063487398516,0,0.0462709222508207,0.00843890538222923,0,0,0.0268948420273232,0.0219743569157461,0.00478185812400035,0.00190584220102764,0.0591904964187729,0.0508519971233185,0.043568032139213,0.0425165609248808,0.0308119503204842,0.0350726365018281,0.014581875616259,0.0387695214445133,0.0225814250632857,0.0373243214663362,0.027941475482857,0.0167769642610743,0.00312156434677383,0.0339111355675232,0.0129154137908967,0.0286324019791669,0.0223204367725886
0.00842243670287607,0.00578998186485949,0.0173671623675089,0.0230894093108793,0.00100845677331758,0.00848916806698118,0.0109088517683095,0.00466656872611456,0,0.0166089680240172,0,0.00868662890290758,0.0316959730942535,0.0143900066644678,0.0218405042760576,0.01987462470162,0.000758615541983799,0.0170089920754697,0.056044140125246,0.0207030424084122,0.00708595994381716,0,0.00010300235457812,0.0233860598937516,0.0283005011109621,0.0125936042254693,0.023173725409609,0.0266704207688409,0.00914862985276121,0.00824085122793685,0.00592566918940367,0.0227634858592863,0.0225961735318225,0.0026134762897328,0.022674380837386,0,0,0,0.00110712910944046,0,0.0265294219942895,0,0,0.0108387891881425,0.0110643173235151,0,0,0.0223043306410646,0.00955873766059677,0.0332976006393142,0.0471896842761762,0.0239913129533932,0,0,0,0.00205573513651058,0,0,0.00861636637667015,0,0,0.00990432359660089,0,0,0,0,0,0,0.00545349865602327,0.00110694592809142,0,0.00574683499510205,0,0.0135845694682106,0.0341472704617586,0.0300857200638406,0,0.00242333501521566,0,0,0.0267480981678375,0.0119457349429508,0,0,0.00936636034362921,0.0137223817764209,0.00603627813675872,0,0.00288791998641097,0,0,0,0.00299007908014018,0,0.00879082245039784,0,0,0,0.00417514860135187,0.0057919231723174,0,0,0,0,0.0113981490823454,0,0.012442317155642,0.0112413229741934,0,0,0
0.0218558581607931,0.0151308263236722,0.024191400991396,0.0637034969966006,0.0392772217372462,0.0291773756579112,0.0487992199306673,0.0268937664806501,0.000487577282688544,0.0273452537711741,0.00868662890290758,0,0.0708867862946117,0.0239689165137159,0.0325060222622181,0.0557339830056039,0.0320851023257218,0.0356872499672845,0.0705355545193703,0.0208640691196632,0.0141907163206377,0.0167704263001749,0.0250702462637754,0.0126941754245438,0.0239490966218447,0.0141485580593363,0.0216411634997481,0,0.0422096399541028,0.0112088883650242,0.00129433535140024,0.0107924225531581,0.052505793729688,0.0313205149808326,0.0548118017041903,0.0384311673815373,0,0.0102149920737292,0.0164911116968962,0.0454276538790045,0.0847855621395335,0.0135105937035863,0.0191618023386754,0.0145326842379039,0.0246231985967592,0.0388200916178915,0.0252475269264149,0.0500586564705833,0.0644401851865936,0.0707383856502403,0.0911859484739166,0.0129116922805664,0.00173470212743946,0.0109949852155688,0.0452716991984208,0.0564360467874551,0.0176148845113252,0.00385915494320267,0.0090287418443284,0.00432226048682327,0.00957414398363695,0.0382992690990829,0.025560435632482,0.0199700462652261,0.0189535599017139,0.00102184283432639,0.0052722991995902,0,0.00348267398272637,0,0,0.0210611470841509,0.0005885951637016,0.00470800890499033,0.0269737750251069,0.00071239286405933,0,0,0.00098411127874207,0.0255037846825111,0,0,0,0.0196150684307294,0.0102174589308011,0,0.0478806054552506,0.016361666682939,0,0,0.00918618954283286,0.0280903414670945,0.0211474692727691,0.00525715026618288,0.0729974639214883,0.0369619987560646,0.0190614121341057,0.0258852055986108,0.0361739371145217,0.035552849128941,0.00821514253772475,0.0229496845665729,0.022179562144353,0.00965098136030958,0.0230244578049533,0.00503790839517726,0.0129798485735905,0.0602495751247099,0.01038399333405,0.0223354840635138,0.0108781861010326
0.0496000134029934,0.041251767890869,0.0407156070471991,0.0681497429061939,0.057124289798656,0.0283732642906332,0.0197698344021389,0.00827949275337088,0.0424613132733395,0.0433068179122135,0.0316959730942535,0.0708867862946117,0,0.0445655668165781,0.0426667327931905,0.0818876793646467,0.0627122673480707,0.0403947108959137,0.0574147220097866,0.0258828651788869,0.056378733364118,0.0207129486188048,0.0246246951054742,0.0415468168691336,0.0190062624372207,0.00718250847761322,0.0572147119925564,0.0641466732892026,0.00900161909919325,0.018895604457505,0.0184277564641703,0.015576726089222,0.0736523748501069,0.0694970932467032,0.0292759772435,0.0628562753133913,0.00284876707330909,0.0301910148916903,0.0495872817026068,0.0802815332851203,0.117169918090072,0.0542611581051754,0.0393470677588813,0.0488400709036408,0.0748315727329267,0.0408706488205834,0.0398355014581281,0.0828104366266365,0.0820617145726222,0.0654731040960561,0.0862567595870909,0,0,0.00788748087335661,0.0512226305812677,0.0564586105586975,0.0254842744162813,0.0212465008139448,0.00713386901126109,0.00143549301890994,0.00909386349891775,0.0276834471012508,0.0429688871547103,0.0335691045452887,0.0429341267879961,0,0,0,0.0181601659603122,0.010071167566196,0.00937179373497179,0.0251460838648731,0.000143405664926032,0,0.0310957691241854,0,0,0,0.0173110342898261,0.017966410612023,0.000514112802542676,0,0.0011478667484268,0.046724529634284,0.0364788583500945,0,0.083623861656526,0.0503603702838063,0,0,0.0402350764770819,0.0609370058972779,0.0394290280435079,0.0169584486685233,0.0874429853364631,0.0628851382936697,0.0757398845314282,0.0633759435934345,0.0694361161247936,0.0379711083221686,0.0312820800178343,0.069810403409237,0.0527475482514924,0.0485737841049763,0.0150530214253694,0.0241961158160376,0.0119045561542947,0.076742034669871,0.0307676263233801,0.0522610493127943,0.0201346422228913
0.0190950800237438,0.0227829896064919,0.0226814132342336,0.0512296040889133,0.0317249974041398,0.0483920084605728,0.0414525728288331,0.00238913070672488,0.0236964162697208,0.00632077965725144,0.0143900066644678,0.0239689165137159,0.0445655668165781,0,0.0233373430089732,0.0478629052885801,0.0329251333731993,0.0296622934848344,0.0268655469868201,0.00459306165885962,0.0358228905011961,0.0131504421923353,0.0246074503379734,0.0149671448780396,0.0124095689681182,0.00692800246190946,0.0214945294355949,0.030694863080744,0.0371687573521664,0.00657164570086867,0,0.0145027929486912,0.051463619359943,0.0473692552865319,0.033514394323937,0.0481657861184005,0.00538085823267167,0.028310706296462,0.0392252170033341,0.0579844283460772,0.0709426436438174,0.0288044015266004,0.031909280608588,0.032542350854615,0.0440969625432054,0.0313315754714341,0.0365395671723512,0.033755299640304,0.0612620345252561,0.0403268474620277,0.0543140099364205,0,0.00705827344818874,0.00774221233796838,0.047425509928909,0.0470380101520879,0.0310064838824202,0.0406663789758801,0.0139059703441753,0.0217876455665805,0.0238076324298402,0.0234701022831957,0.028756837614078,0.0286323866877455,0.0233374770116307,0.0175292617860413,0.0357587608755782,0.0215369321723618,0.0209524161845536,0.0411520999203469,0.0111139048868235,0.0178546075373765,0.017770306503088,0.0128826499368201,0.00491284880052175,0,0.0225563113924793,0,0.0126317487833419,0.0358313127183166,0.0194899466370384,0.00257651404793476,0.00944667516008562,0.0112984418278383,0.0247423135493977,0,0.0243411488762653,0.0146527775937155,0.00358988886708963,0.00437169478598619,0.0170614872660993,0.0211461359349373,0.000938831572548692,0.00573234679888074,0.0409677767845762,0.0288308056001078,0.0211446887128088,0.0171612297080632,0.0199583251327805,0.0383108674007763,0.00655275257055282,0.0302560112082238,0.0185694098901715,0.0297955891202147,0.00291955490019793,0.0202834294844236,0.00321672036051256,0.0424274960738807,0.0011829405807423,0.03855462757488,0.0276985097385504
0.0159658063992495,0.0253370723000012,0,0.0281014555907055,0.0221735792071877,0,0.0222510898683882,0.0157680696461988,0.0216012013876803,0.0359807069346123,0.0218405042760576,0.0325060222622181,0.0426667327931905,0.0233373430089732,0,0.0326893169827981,0.013850030952456,0.0301855390818452,0.0514398239710119,0.0254535687892066,0.0134786308173679,0.0150794017953906,0.0147374885874753,0.0266664698123968,0.0260425601796275,0.0105370264988777,0.0218946806194317,0.0266879662301546,0.0203298688595379,0.0401063815914091,0.0105257165451687,0.0100468241666678,0.0347264304324237,0.0122732757258771,0.0641591938321149,0.017014426732819,0.00143880939599729,0,0.000435893531330963,0.0215287541769214,0.0566254276888806,0.0245116896884091,0,0.0111482981085805,0.0248989601519614,0.00728946672596363,0,0.0459348922321445,0.0297223697635636,0.0381353922866034,0.0587131146294454,0.0209367960904276,0,0,0.0117979286643349,0.0211396721045213,0.0100273817883878,0.000232357554786716,0,0,0,0.0135766618899203,0.000645690310792815,0.047629160002314,0.0238987030867668,0,0,0,0.0131693115033998,0.00239102966543821,0.0115868398051443,0.0040972671373759,0,0.0232588790672867,0.0335076448447723,0.0203048810473015,0,0.000476750363578171,0.0141233731636688,0.00817166119430612,0.0261090949846467,0.010854894289979,0,0.0124110333197509,0.0361844561557625,0.00928820984367331,0.0409780776407931,0.0147312994196924,0,0,0.0131158591102499,0.0211578468207906,0.0243810791650234,7.71609290785702e-05,0.0553073518145644,0.0151881978400628,0.0187718982537564,0.0233572355234975,0.0195036537318738,0.0104711117302063,0.0122179133354937,0.018965840037745,0.00768073580716501,0.0284631410039062,0.0149498256128378,0.0201808399951816,0.0199144119428763,0.0544738398614495,0.0076934355002179,0.000316035138393876,0
0.0172008251652355,0.034629584732972,0.0203596792355972,0.0622612239581537,0,0.0457333946600428,0.0714161797215684,0.0514512737700299,0.0417964747030506,0.0657554594014599,0.01987462470162,0.0557339830056039,0.0818876793646467,0.0478629052885801,0.0326893169827981,0,0.0405833830561451,0.0651206255301353,0.0675726201670137,0.0532662315560557,0.0484121737349377,0,0.00565070457420782,0.0495784419881448,0.0247523549324723,0.0435858926371985,0.0104754460750501,0.0350581842930624,0.0627022559559343,0.0122465480556727,0,0.0380994893767455,0.0271194049769946,0.0224040037938012,0.0527525957244966,0.0127395969026209,0,0.00682736637389855,0.00194989917247452,0.0167037173819999,0.0379875646038228,0.0181593113707891,0.00139442926846868,0,0.00828982528406429,0.0166116083944011,0.00200832698562192,0.0129724623728821,0.0423331632560206,0.0441897953009958,0.0690675783448271,0.0377047031568848,0.0245807276356966,0.00799627557772106,0,0.0429831167803241,0,0.0182588781860563,0.0294931383956271,0,0,0.035243733246536,0.0264179603681243,0.0313720536397955,0.0364243148528648,0,0.0289917688850127,0,0,0.00467937937725694,0,0.0406391926855348,0.0168786470283901,0.0363800406008782,0,0,0.00766886900771159,0,0,0.0279881706003604,0,0,0.00333145508862938,0.00804959283095172,0.033280621471393,0,0.00791950719069866,0.00292166701576126,0,0,0,0.00989350027294777,0.00323379423510852,0.00407472478724271,0.0142420684761644,0.0210168615390196,0.0177852782876186,0.00621859640780427,0.0135773087982144,0.0523466907196866,0.0137999815922191,0.018213156957798,0.00577699877576593,0.0212330710225272,0.0538200970944461,0.0402604306749739,0.0168610178623437,0.0589118433135307,0.0410915912599954,0.00441115334469272,0.021848758035163
0.0224399772632526,0.024271038601787,0.000548835740103569,0.0431283113319699,0.00444380806209123,0.0169790165015098,0.0258165836011943,0.0222239478140325,0.0165489801829152,0.0335495981298219,0.000758615541983799,0.0320851023257218,0.0627122673480707,0.0329251333731993,0.013850030952456,0.0405833830561451,0,0.0558088986154676,0.0746753632964887,0.035546081874734,0.00795832623576143,0.00824460065895993,0.0137933892496887,0.0397274213572758,0.0208472295817877,0.0167788592958853,0.0251196572340618,0.028416196944951,0.0195026484188106,0.0233001766220538,0.00792510641887948,0.00806117165078681,0.0351404280761076,0.00793681800830909,0.0468586922549941,0.00924461974692058,0,0,0,0.0124697596886879,0.0523776350046136,0.0106818548476603,0,0.0126269305968654,0.023156325735283,0.0124095525887115,0,0.038679211578767,0.0322911393655124,0.0390736861851131,0.0608577196397723,0.0102515208104915,0,0.00737206854883337,0.00657911131333414,0.025404686583799,0,0,0,0.00043151637235908,0,0.0164689442282987,0,0.00472969676861855,0.0114562401882974,0,0,0,0.0116867481444226,0.00303846958966369,0,0.0109590944846702,0,0.00774366155011547,0.034210051480645,0.0153715398266367,0,0,0,0.00257581320961355,0,0,0,0.00798010634419388,0.00301061382801875,0.00843075539825258,0.0264061445904531,0.0159028901051655,0,0,0,0.0215482758717674,0.0249864288389288,0.000517106305319519,0.0379807266809287,0.00263292273675967,0.00747894982168414,0.0062221904344075,0.0154271161706362,0.0212773419534453,0,0.00454269995775392,0.00976852060590519,0,0.0226190245539978,0.0193937563324529,0.0117122837039408,0.0551148790338479,0.0177890283748215,0.0148298399275657,0
0.0273079855363476,0.0190000647657834,0.0215567225805595,0.0589435591639087,0.0418444075879712,0.0293345956324535,0.0186592965875682,0.00892635249822693,0.0173864529857559,0.0226365165152323,0.0170089920754697,0.0356872499672845,0.0403947108959137,0.0296622934848344,0.0301855390818452,0.0651206255301353,0.0558088986154676,0,0.0732625215787347,0.0242188727592583,0.049697084034685,0.0168412720528128,0.0234928146851619,0.018774309093621,0.0167489450240422,0.00962168832207112,0.0255596197170134,0.0110870492846653,0.011979770431863,0.0136128745527615,0.00106878305345549,0.00809910426704764,0.0566448253196936,0.0350095402643815,0.0336041643336783,0.0402880572492389,0.00428198658188644,0.00768581772086145,0.0219674311072455,0.0489645541298374,0.0811808664107788,0.0246490142902499,0.0213950432094656,0.0248550652917568,0.0424525222226804,0.0365913649610684,0.0268255704378959,0.052780419289806,0.0607795941022687,0.0577239296136594,0.080084565311765,0,0,0.0126188594183678,0.0449696636217423,0.0475430950509043,0.0197373222586897,0.0113265263268972,0.000120074390950043,0.00876439869138892,0.00871694068757231,0.0275211426018243,0.0348285960342165,0.0184330774019607,0.0291481424021643,0,0,0,0.0127002777400522,0.00695112765759378,0,0.019913341529894,0.00422977659828412,0,0.0292538923818182,0,0,0,0.00551863911544467,0.017646008169474,0,0,0,0.0263400161084388,0.0156831780477752,0,0.0642192645029857,0.0280713342156605,0,0,0.0163847580144256,0.0393332644759102,0.0291145234105916,0.00565719081261907,0.0716049924885389,0.0455796672813934,0.0476078661738372,0.0402475974017729,0.0502220374806551,0.0317133477513231,0.012423166444654,0.0442671005474379,0.0321668298996365,0.0317419496513997,0.0160558877482492,0.00361277836406875,0.000719500682789277,0.0605746510659986,0.0168716940767917,0.0298299247253223,0.0084547193344636
0.0229893103669738,0.035126928856454,0.0548521709105813,0.0422271978067818,0.0793569562014511,0.031799043761483,0.0192929220246621,0,0.0478218225036013,0.0383176304494274,0.056044140125246,0.0705355545193703,0.0574147220097866,0.0268655469868201,0.0514398239710119,0.0675726201670137,0.0746753632964887,0.0732625215787347,0,0.061319892767856,0.0824868952981874,0.0254432840302774,0.0365656887715782,0.109972077093995,0.0266651915114116,0.0462713139953814,0.0563585177493357,0.092242208011191,0.0253280292429861,0.0350889964974199,0.0102373540869544,0.0384948302162131,0.0706176428426719,0.0818636337508696,0.0370096221004811,0.0980368775541466,0.00225838920366394,0.0365068808604122,0.0827392624357873,0.113992065707587,0.113163375364243,0.0414478031071964,0.0781278702500247,0.035788059309534,0.0872599534997364,0.0619337616382268,0.0709551841901742,0.0691418096066372,0.0749359534690348,0.0576478152562153,0.0917683252164602,0.0149588443424128,0.00293131634070359,0,0.0805553446167618,0.0664935765856819,0.062704733845517,0.041442542400274,0.0241663438263398,0.00855147111010923,0.0196971853533707,0.0227993110940554,0.0501679919455621,0.0577261411241052,0.0589697595896677,0.0191124492923594,0.0136103085029618,0,0,0.00648881762753782,0.0447792547043822,0.0434160238614009,0.0128636407905093,0.0064002603562104,0.0362569001399394,0.00637977263995623,0.0150004182768497,0.0175053459293439,0.0463618034823939,0.0399807391541573,0.0400333287803175,0.00966116285566992,0.0204639634487237,0.0638829047741416,0.0588684181271908,0,0.059202294903315,0.054143793849251,0,0.0140637022119686,0.0542022325330719,0.0606212194287387,0.0227914169129058,0.0189955442438341,0.0857975432869921,0.056675222012515,0.0536090087810312,0.0564855892451341,0.0632250143465076,0.0581305120304869,0.0479457701910769,0.0639160465010448,0.0601262519495718,0.0546469108713295,0.0241160526348195,0.0325895569513093,0.00287396775890202,0.0350760046458237,0.0181088339146089,0.0108261675401747,0.0215351376659498
0.0160958589378845,0.013059357088692,0.0184422585361587,0.054375338277297,0.037483147929473,0.0523118583339317,0.0261431328687353,0,0.0143590674199954,0.00769691895399244,0.0207030424084122,0.0208640691196632,0.0258828651788869,0.00459306165885962,0.0254535687892066,0.0532662315560557,0.035546081874734,0.0242188727592583,0.061319892767856,0,0.0392519228608147,0.0195283099544139,0.0268168886919097,0.0211577816072795,0.011928096344763,0,0.0248935670660621,0.0277017723114585,0.0219789448201122,0.00996418007523846,0,0.0069697711504671,0.0615951354453425,0.0480870471751692,0.0341673214836053,0.055309349500787,0.0104194076730435,0.0243749291337285,0.0362497265399292,0.0716449410472664,0.079784474918466,0.0255189895331304,0.0345540103416594,0.0367585466239599,0.0497922126961145,0.0401889722179114,0.0443810219580384,0.0443426313602596,0.067629771256307,0.0441985106967906,0.0653474956347295,0,0,0.00716582093960057,0.0606939030728124,0.0553014114578071,0.0367039816683225,0.0284953654784676,0.00466394761413753,0.0227202456113627,0.0202675761942391,0.0236606825836719,0.0287449744183525,0.0284363445837198,0.0294254591487785,0.0119272272771003,0.0137187782339214,0.00538790755196234,0.0123470956137912,0.027077883376483,0.0129072676161921,0.022371881257728,0.0151591317974023,0,0.0102090930916811,0,0.0158746052913841,0,0.0173938770414557,0.0291248749463449,0.014253982346092,9.02729834659488e-05,0.00739119064251446,0.0168771678497265,0.0235157026391936,0,0.0285410679267216,0.027675738784097,0,0.0024075609020888,0.0172322588060298,0.0328590708282434,0.0118079525879015,0.0105028516713574,0.0445671358799699,0.0256302589801942,0.023057220375548,0.0180566903381656,0.0275391361146728,0.0374420924988239,0.00808405039084965,0.0313358284585857,0.0278803801312871,0.0265206963702346,0,0.0115065136223543,0,0.0511776550874185,0.00135340727036502,0.0334791659325505,0.023359017488039
0.0269338939679865,0.0250939480052057,0,0.0521739323593082,0.00981158046921204,0.0259362485836708,0.028537680670268,0.0236224529063064,0.0167249593471578,0.028755944815377,0.00708595994381716,0.0141907163206377,0.056378733364118,0.0358228905011961,0.0134786308173679,0.0484121737349377,0.00795832623576143,0.049697084034685,0.0824868952981874,0.0392519228608147,0,0.0110882970437981,0.0179707225042075,0.0433127316612471,0.0199941422375003,0.0150180882517027,0.0279627840751277,0.0126952121146221,0.0188701330124667,0.0206192994975294,0.0097776934563174,0.0055206128497855,0.0411480062521486,0.0108590249660918,0.038617436664385,0.0189025978712544,0.00153836656724402,0,0,0.0204633969325455,0.0562118191392278,0.0110068322759218,0.000868925686111909,0.0196775815908653,0.0303318545346742,0.0210798812078951,0.00601095715303682,0.0430674143495589,0.0396351501370506,0.0377802074392204,0.0643058818449368,0.00514060706664152,0,0.00734048249493476,0.016896083591995,0.0332833805525759,0.00415222352314596,0,0,0.00313226096730153,0,0.0190824871368612,0,0.00293320130311725,0.0182153475838198,0,0,0,0.0141536924712492,0.0051065003562433,0,0.0151093173251259,0,0,0.0350950419046565,0.00826979559139184,0,0,0,0.00493151750828093,0,0,0,0.0078727070944093,0,0.00605889944634392,0.0357851744470047,0.0198034377334047,0,0,0,0.0265387611076741,0.0301630058539788,0.00391763482813001,0.0348036411918247,0.00323248617462811,0.0108571349393283,0.00488395983824831,0.0209688595933538,0.0228351745780985,0,0.00966127283168221,0.016338949317317,0,0.0169370553194953,0.0211144537540764,0.00709386352898175,0.0626532177398774,0.0168738768560216,0.019307907325439,0.00193945005172948
0,0.00575312031602523,0.0196803759930728,0,0.0126210630694084,0,0.0115673854200159,0.00806717488673865,0.00929743712736658,0.0210605358137509,0,0.0167704263001749,0.0207129486188048,0.0131504421923353,0.0150794017953906,0,0.00824460065895993,0.0168412720528128,0.0254432840302774,0.0195283099544139,0.0110882970437981,0,0,0.0250970808535926,0.0584576323529285,0.00618003542409664,0.0106874440109753,0.0149320902316676,0.00931529773824896,0.00455791240807521,0,0.0142235055955468,0.0139565872045,0.00529672419855546,0.0151155289646893,0,0,0,0.00146175116354958,0.0128504503650016,0.02569767641303,0.0116935462977525,0,0.00150890015096857,0.0236511577953192,0,0,0.0159412217343588,0.00398699131570764,0.0272066155295083,0.0222962471383413,0.0201181608936113,0.00221456294255566,0,0,0,0,0.0116818522514489,0.00379237797331376,0,0,0.00430255041971276,0.0131671429829145,0.0105920685170765,0.010541008014593,0,0.00184210238511086,0,0,0.0027475903482376,0,0,0.00118324485137957,0.0239353471699523,0.0159770083327459,0.0161036383295855,0,0.00747096255053945,0,0.00491204318145311,0.020764574305776,0.0024690974702357,0,0,0.0155207533987914,0.0102321074583817,0.0100797221163255,0,0,0.0032669500693894,0,0,0,0,0.017554716693941,0.00654492164197696,0.00882867027235559,0.00358637562859915,0.0139571520541051,0.0170128156562535,0,0.0143004057398086,0,0.00999185889597597,0.0168808924620596,0,0.0126461492453796,0.00217712078482746,0.00481477286939852,0,0
