0,0.0233607082841363,0.00235694681113438,0,0,0.0114047026927361,0,0.0162532865245541,0,0.00200013676536197,0.0106040529102698,0.0110006508753266,0,0.00624807877490369,0,0.0155043443492183,0,0,0.00363894536127129,0.00307189433388817,0.0128332169431175,0,0.0219897473016482,0.000592620522165021,0.00433023213319617,0.0159077145450017,0,0.00443802433863492,0.00642166975153296,0,0,0.0110952265822537,0.0101983636526247,0.0167206272002525,0.0103896880982749,0,0,0.00213821663056539,0,0.010234107259878,0.00770307235590725,0.0192703786331182,0.00278535845775155,0.0287560190247633,0.015741251339237,0.0104789407129138,0,0.0083851674681124,0.0326368621392881,0.0350447853539923,0.0255699490303955,0,0,0.0129582649657094,0.00449083423028513,0.0216995891837306,0,0,0,0,0,0,0,0.0155486340265083,0.0219338691947824,0,0.0389508868793567,0.0342616668063134,0.0189205165925919,0.00816723665998504,0,0,0.0362451694809573,0.00558458168810028,0.0514368728041098,0.0305541031621519,0.0195457317600416,0,0.0179701878723544,0.0422898568935225,0.0291719531436273,0.0229413084594543,0.0178412081916218,0.0218393579036039,0.00370921761174832,0.00622959486016246,0.0287039659083129,0.017142968152226,0.0303505845162307,0.0116693823967901,0.0317896019897979,0.0410131117700161,0,0.0313808321022148,0,0,0.00597683455650137,0,0.0131444661387848,0.0207379503314012,0.00123249886456452,0.0183081710768661,0.0126498617021791,0.0103793840726911,0.00926949764813838,0,0.0199947172572941,0.00291538298920878,0.000410132739904711,0,0.00179522891044708
0.0233607082841363,0,0,0,0,0.0105024946133681,0.000643790668071808,0.00902122869842723,0,0,0,0,0,0,0.0131603975142879,0,0.0110269370861707,0.00592638430010272,0.020071884497822,0.00619551375441283,0.0124430401907117,0,0.0425047863976974,0,0.050581454245427,0.0110584639026256,0.0187035864478043,0.04208785738156,0,0.0065481626040608,0.013882748176788,0.00849977421762285,0.0300613928288359,0.0214397089188359,0.00807088125738105,0,0.0572083879312855,0.0583702971965032,0,0.0541578916040137,0,0.000985967831304171,0.00440971308340769,0.00415887742868992,0.0445843117219945,0.00830541598648978,0.020054681730131,0.0714727203765812,0.0532906264514051,0,0,0.00373855047816137,0,0.00833962816858986,0.0780334932671395,0.0156066311558609,0.0256305995646988,0,0.00436655605196402,0.0640918986332251,0.0244466373380192,0,0.00612117553419192,0.00978056030278505,0.00761764312690502,0.000765584760167871,0.00673362843136974,0,0.0833044093259472,0,0.0132115857295658,0,0.0063680500792552,0.106192677531037,0.0301852991498397,0,0.00640076778655492,0.0118225850855008,0,0.0574513005068718,0,0.0891060417742116,0,0.00412897947181443,0.0270111436942677,0.0209622226832775,0.00593917841221986,0.0302980583758349,0.0180763478062491,0.026556267329339,0.0394674210202382,0.0205694129175828,0,0.0452917980494056,0,0.0158616283307115,0,0.00529519011649947,0.0495804974687091,0.0230572005755011,0.00590657665967888,0.11235242516505,0.0235374602063296,0.0687468860944077,0.029160301823562,0.0311811106064118,0.0632640402912273,0.00836555857021024,0.000285164275516378,0,0.0121067099872658
0.00235694681113438,0,0,0.000514902164945111,0.000815587019990067,0.0105708649801967,0.000661183802599339,0.0117430388931236,0,0.00681980424931682,0.00819980719690007,0,0,0.009641394263798,0,0.00401149857389844,0.0153921440785309,0,0.0342263177480897,0,0,0.0040621455961784,0.0102467768140088,0,0,0.0298918472417013,0,0.00831698556534759,0.00674990968967362,0,0.00559140182115504,0.0139947382795005,0.00138341935477514,0.010671544006349,0,0,0,0.00221329140091083,0,0.0432754715659442,0.00571883266718927,0,0,0.00211064856030522,0.0207872508333958,0,0,0.0205402491813449,0.0235905161538827,0,0,0.00319106858599997,0,0.00379410190215947,0.0137971288826889,0,0,0,0,0,0.0241095566766626,0,0,0.0207521887496815,0.0163284475080005,0,0.0174094114330677,0.000290976759553002,0,0,0,0.00897310443361778,0,0,0,0,0,0.00242356187207373,0.00655194507111439,0,0,0,0,0,0,0,0,0,0,0,0,0,0.00235978497102752,0,0,0,0.00221093432148004,0.00729276460341225,0,0.00991433301782251,0,0.00458000484751951,0.00267308041869547,0.00284304186096347,0,0.0191492499266186,0,0.000225517588762773,0,0.0116418011761099,0
0,0,0.000514902164945111,0,0.0057388131476407,0,0,0,0,0.00263358075076175,0,0.00727841261524979,0.00755462429469507,0,0.00837777944450401,0,0.00341418361451849,0.0398726269057516,0,0.00779209617179778,0.00969935463659066,0,0.00312072858942049,0.0124824162300601,0,0,0.000992572466132316,0.00836093137802032,0.00276459304320256,0,0.0149263796106553,0.022600645415783,0,0,0.00754531501606152,0.000524779873971439,0.000194143072652085,0,0,0,0.014517361234765,0,0.0118448974152188,0,0,0.0207443620613884,0,0.00740291533401435,0,0.0421653546149085,0.0195748876890837,0.0100128917953129,0.02405608657197,0.00880519503401389,0.00291565333455949,0.0378724796144317,0.0366994596300047,0.00799762619959837,0.000834182678054189,0.03536083621107,0.00978560013197099,0.00028258901638758,0,0,0,0,0.00756440366749599,0,0.00894716373587589,0,0,0.00221264909905359,0,0.00437331332984395,0.00762280004232618,0.00491974497792174,0.0100173779986533,0,0.00164020817361579,0.0247245514342252,0.00304923019798692,0,0.00184626126141396,0,0,0.00133488051234508,0.023385645744201,0.00338219173078825,0.000980641672304226,0.0141176728609667,0.0113732937167257,0.012139171265596,0.0014836213127258,0.00215146289731724,0,0,0,0.0105609712457025,0.0109979256825121,0,0.0160724229039855,0,0.0150261378504876,0.00889132485528464,0.00490456209159771,0.00474824527349018,0.00265853405976306,0,0,0,0
0,0,0.000815587019990067,0.0057388131476407,0,0.000593651727394286,0,0,0,0.0116070982885858,0.0050383132086117,0.00234776944262282,0,0,0.0135765379345413,0,0,0,0.0136519837952822,0,0.00593111175349478,0.01392429979955,0.00473479909152448,0,0,0.0153662111429314,0,0,0,0.00702730702027386,0,0,0.00246613930184322,0,0,0.00416930202966117,0,0.00491680658973232,0,0.0271263801088806,0.0202909223288364,0,0,0,0.00394240800419553,0.00392232817913157,0,0.00356859004752716,0.00481439691621083,0,0,0,0,0,0,0,0,0,0,0,0.00373822946512753,0,0,0,0.00664529865253109,0,0,0,0,0,0,0,0,0.00479770482144181,0,0,0,0,0,0,0,0.00346955983732029,0,0,0.00305731403299474,0,0,0,0,0,0,0,0,0,0,0,0.00433749883685626,0.00151949372704333,0,0,0,0,0.000211363578231198,0,0,0.000720659234716226,0,0.00803235512589925,0,0.00489585605156951,0
0.0114047026927361,0.0105024946133681,0.0105708649801967,0,0.000593651727394286,0,0,0.0230157590945302,0.0239644974825432,0,0,0.0205160377883514,0,0.0322666646958931,0.0150112437173634,0,0,0.00269090286127083,0,0.037145386355289,0.0152579385299185,0,0.00294687004302061,0.0389556914922012,0.027060100461377,0,0.00730933277744238,0,0.0216135550468019,0,0.026030013117298,0.00807640582564006,0,0,0,0,0.011916584741018,0,0,0.00482527521387369,0,0,0.0182280361182863,0.000848202845711292,0,0,0,0.00700088430322653,0.00507748530581334,0,0,0.0196313837883897,0,0,0.0102114666903579,0.0162398666763939,0.0201895204386901,0,0,0.0251459669209964,0.0127868472555345,0.00368328556367025,0,0,0,0.0113061844242384,0,0,0.0414366329107531,0.0139279703298979,0.00186799067151508,0,0.0162090271610419,0.00815740467525371,0.015467486319367,0.0281498875240259,0.00102304536755833,0,0.0136046985256117,0.0201983781823023,0,0.0165569297387002,0,0.0117219978025754,0.0133725142404761,0.0194840343853444,0,0.0131216468062222,0.017594547815396,0.0118084773735112,0.0138942476178777,0,0.00264005737547143,0.00105472281756064,0.00854929504790941,0,0,0,0.0125156174264958,0,0.00138774933117822,0,0.0024451259716127,0.00472603536848087,0,0.0153560969727505,0,0,0.0108511823991781,0.00448851947249861,0
0,0.000643790668071808,0.000661183802599339,0,0,0,0,0.007015374880728,0.0182883654126478,0.00321395081062956,0,0.0152819010600315,0.00214944906216156,0.00251733370907314,0.0153742135406729,0.000997118678439251,0.0304110684189488,0.00724379863908586,0.0154095493744164,0,0,0.0431213613856792,0.0101291234558844,0.00955214154001894,0,0.0231750463449494,0,0.0484111817102215,0.000218776205320089,0.0174441610454151,0.0132659205491976,0.0205355005992038,0.0379616893804374,0.0267567819015396,0.0257569234733994,0,0,0.0026395263909612,0,0.00922608036474249,0.0111056719550875,0.00200039838372641,0.00450249884284256,0.00361851564757443,0.00875687996403056,0.0309204601451049,0.0404633292153206,0.0221198025898569,0.0199837417542693,0.00888908397842516,0,0.0268261657068331,0,0.013125465932547,0.0106706581953126,0.054084092006826,0.0236363041242333,0,0.00528410154673271,0.0167558050193894,0.025354795005276,0,0.00105149507015829,0.0351450640233014,0.0295135626541172,0,0,0.00910567992579108,0.00789494241406878,0,0.000440823674394111,0.00200471503542539,0,0.0402167426747273,0,0,0,0,0,0,0,0,0.0046455743438233,0.00963974229142687,0,0,0,0.00668192847864211,0,0.00379829901927106,0,0,0,0,0.0104246174012931,0.0462385900538216,0.00489290016559654,0,0.00057796029220032,0.0156775038814433,0,0.0149197391399103,0.00830570505290124,0.0171523973709494,0.0101961221704567,0,0,0,0,0.0109531929905733,0
0.0162532865245541,0.00902122869842723,0.0117430388931236,0,0,0.0230157590945302,0.007015374880728,0,0,0,0.00801724291320636,0.00684758088131619,0,0.0307816431749777,0.011363130656315,0.0167559273749171,0.00875635201093167,0,0.00936338232428275,0.0225378449808188,0.0161142078808142,0,0.0424146530740218,0.00268753956077167,0.0447138276436049,0.0114308582041358,0.0131488776143522,0.0271079864671102,0,0,0,0,0.01972406451325,0.0193781813923959,0,0,0.0144123167055434,0.0219760258383206,0,0.027616434651569,0,0.00997083170403603,0,0.0214026566140231,0.0412669004094472,0,0.0174250798297718,0.0480946720254384,0.0603318780089291,0,0,0,0,0.0122369233358704,0.0542862695274309,0.000208898535942447,0.00405737555787483,0,0,0.0369719614353904,0.0254737877283487,0,0.00941475833993147,0.0353256912111992,0.0329840283767301,0,0,0.00698833742870801,0.0223966862513996,0.00433720603771155,0,0,0.0318953061820986,0.0816665393072701,0,0.00262145330157416,0.00788029957385503,0,0.0206775042287213,0.00916989079529831,0.00678084861406229,0.0401252575016345,0.00469982971234707,0.0023388919998218,0.00103276197935279,0,0.0186064795523928,0.00710280185097084,0.0168682339508021,0.00690995946315994,0.0370850279497853,0.0384778168227188,0,0.055962021654587,0,0.0173905487164945,0.00111603934238414,0.00230904066289351,0.051351434683228,0.0240628260691042,0,0.077778367042535,0.0341940336145358,0.0521171061641826,0.0438030301930968,0.0111612933197555,0.0644481561621571,0.00524129701152564,4.45424471072979e-05,0.000423656630634619,0.00996396888000853
0,0,0,0,0,0.0239644974825432,0.0182883654126478,0,0,0,0.0187245132302227,0,0,0,0.000898301854377652,0,0,0,0,0.0104362746465971,0.00590149877805231,0,0.00264074756806726,0.00591718020215104,0.0430683355465912,0,0,0.00581297740369622,0,0.00723287186459326,0.0010402304001876,0.00485835480604087,0.00954077536776264,0.00360112587431046,0.00512704256202378,0.00398132055778811,0,0.00470994471845218,0,0.00659822319695224,0,0,0,0,0,0.00178594118444542,0.0138126870601921,0.0146136608100082,0.00993219847088742,0,0,0,0,0,0.0154406106530299,0.00589047988958892,0.0162106776228476,0,0,0.0197509151779942,0.00318330371239105,0,0,0,0,0,0,0,0.0401970647702748,0,0,0,0,0.021650976349066,0.00718835173417986,0,0,0.00768933617950231,0.0108074617934241,0.0111154025346311,0,0.00321927754650017,0,0.00199635091008759,0,0,0,0.0196063812030362,0,0,0,0.013219344198019,0,0.0090656009268658,0,0.015616453795366,0,0,0.021728492814903,0,0,0.0361179091755622,0.0208694023249977,0.0267923057238988,0.0100697837151964,0.000696525542004515,0.00198663604752452,0.00127603856173241,0,0,0
0.00200013676536197,0,0.00681980424931682,0.00263358075076175,0.0116070982885858,0,0.00321395081062956,0,0,0,0.00108206762711095,0,0.0102345741913402,0.000871132577111485,0.00846867483242964,0.0168051179233316,0.00129401185497807,5.36491774514469e-05,0.00465406896634322,0.00150214515718422,0,0,0,0,0,0,0.00214173162690601,0,0,0.00904274660780727,0,0.0013697699702974,0,0.00015921705511659,0,0.0164794732027938,0.0022682977575184,0,0.022974234988842,0.00609882434966817,0.0124342892083544,0.0182010328969914,0,0,0,0.0032144397899909,0.00151534238824778,0.00782261937522629,0,0.000160118978138668,0,0.0247638612183124,0.0160907623366475,0,0.0211308469011754,0.0230806089230043,0.0288253676323813,0.00946577882033481,0,0.0427878523234458,0.0278261042732253,0.00853066403190925,0,0.00808061245388762,0.0163596717154565,0.00340340971244995,0,0,0.0169805123283045,0,0,0,0,0.0281175626304947,0.0023182111382086,0,0,0,0,0.0390337826383085,0,0,0,0,0,0,0,0,0,0,0,0,0.000289774973321354,0,0,0,0.00233679884173026,0,0.00908314947973184,0.00852677773795661,0.00789671196662459,0.0152966042842955,0.00565430210841475,0.00410387964216711,0.0130234919654231,0.00212727885752789,0.00285184767101157,0.018271999507962,0,0.0117527961677413,0.00998833592179901
0.0106040529102698,0,0.00819980719690007,0,0.0050383132086117,0,0,0.00801724291320636,0.0187245132302227,0.00108206762711095,0,0.0226796100042473,0,0.0196384831341246,0.00853745445976751,0,0,0.00426784095939619,0.0144704569212436,0.0325384282117656,0.0195205040100025,0,0,0.0434598937416802,0.0314934989886778,0.00512346923991662,0.0044059448593488,0.00666051451463446,0.0215664336316148,0.0169147943267361,0.0354441636985636,0.0073321284511209,0.00317029883233256,3.59532791706142e-05,0.00865095917115902,0.00135679902307378,0.00353698099289937,0.0102071174344141,0,0.0144339789260095,0,0,0.0058715192505929,0.00332260060963228,0.0118279839668161,0,0.0164558229367505,0.0120188121227318,0.00913551476946732,0,0,0.014017662609442,0,0.0055036949622242,0.0149268270723841,0.000331743122757068,0.00961196776021382,0.00785152034935903,0,0.0162157401715141,0.023277816059199,0.0118119765177684,0,0.0100806972952118,0.0222959994928959,0.0155813031188264,0,0,0.0237698345800975,0,0,0.0283851708879526,0,0.0399207033864053,0,0.0107422618298858,0,0.00196283760892194,0.0166565985519041,0,0,0.0150865473016004,0,0,0,0.00938144085585675,0,0.00865668573198013,0.00446389923073274,0.0123596725958619,0.0114276769623833,0,0.0053340918861408,0.00899332810180465,0.0304466375350081,0.0112421969532449,0,0.002479541698867,0.00591768187300532,0,0,0.0113666958413389,0.00969573225566627,0.0168391182106208,0.0104819965335718,0.010833234613911,0.00656567718806656,0.0111818841032136,0,0.00994092282216821,0.00801925337061837
0.0110006508753266,0,0,0.00727841261524979,0.00234776944262282,0.0205160377883514,0.0152819010600315,0.00684758088131619,0,0,0.0226796100042473,0,0,0.0121518695962513,0.0190907647741896,0,0,0,0.0214991696857499,0.0140154075949013,0.0226064175890966,0.00666927021464287,0.00536427040871473,0,0.0340040931803732,0.0266367855235775,0,0.0179389927869685,0.00470375782336808,0.0216412976539148,0.00373656445832056,0.0305080664559356,0.0238781050480516,0.036633641728412,0.019871045150855,0,0,0.0387259461688266,0,0.0530084430050098,0.00749895945381851,0.0307943584965269,0,0,0.00153448052090815,0.0235898193393392,0.0415448917766828,0.0227395864682782,0.0103625226938897,0.000604334799987406,0.0117230100394044,0,0.021261887496521,0.00626801800181391,0.0286313643874133,0.0386322294858478,0.0566969076777225,0.00563326097018255,0,0.0284757801038137,0.0445060955945958,0.00892109312363859,0,0.00890766960940371,0.00484457479072221,0,0.0458755503586243,0,0.0227556527415484,0.0196762060139334,0,0.0165792381372012,0.00510501759733595,0.00217385747205155,0.0193135570673857,0.0100265475491573,0.0188097575821654,0,0.0132375905902297,0.0246036265834793,0.0373086203987559,0.00128042231692826,0.00290091506324729,0.000323451072564715,0.00708214619228389,0,0.0154491975742729,0.0229042523842925,0.00900977812520086,0,0,0.0053176181613375,0,0,0,0.00793366217884005,0,0.0123409792104176,0,0.00440237676897682,0,0.0169856085496806,0.00330538883406839,0.0209322196698194,0.0053429320890782,0.0327969708805786,0,0.00984289585020345,0.00293342590733411,0,0
0,0,0,0.00755462429469507,0,0,0.00214944906216156,0,0,0.0102345741913402,0,0,0,0,0.00906009108617181,0,0,0.00252740834734001,0,0,0.00343282643078316,0.014408289311828,0,0,0,0,0,0.0107654559097623,0,0.00885673839305658,0,0,0.0129300652357092,0.00267057286605337,0.00565967689784309,0.00905951802492556,0,0,0,0,0.0495455818570749,0,0,0,0,0.0104762757931034,0.0151204076019623,0,0,0.00985861429015709,0,0,0,0,0,0.0119857092236643,0,0,0,0,0,0,0.0153386950929055,0.000341166863031915,0,0,0,0.000970474456924707,0,0,8.16662758088664e-05,0,0,0,0,0,0,0,0,0,0,0,0,0.00529465344905923,0,0,0,0,0,0,0,0,0,0,0,0,0,0,0,0,0,0,0,0,0,0,0,0,0.00158757323839227,0.00749050205540948,0
0.00624807877490369,0,0.009641394263798,0,0,0.0322666646958931,0.00251733370907314,0.0307816431749777,0,0.000871132577111485,0.0196384831341246,0.0121518695962513,0,0,0.00471137946013359,0.013299231229499,0.00983162182959303,0,0.011297668971109,0.024251511424925,0.0171198161887954,0,0.0252392741050641,0.00830585425425503,0.0338336314398161,0.0180306765271704,0,0.0295847768440089,0,0.0160387641593535,0.0185390721577745,0.0209929561490727,0.0218361937498752,0.019899990406648,0.00735683419782533,0.000502638817145459,0,0.0131912632852914,0,0.0272203804806841,0,0,0,0.0134112887840196,0.0253094293746566,0.010591274597422,0.0419585559849173,0.0406159351363845,0.0445962814747023,0,0,0,0,0.0186970957699369,0.0403209432197855,0.0228102885014565,0.0175528560221522,0,0,0.0285261169605928,0.0415049914599466,0,0.00715129909863324,0.0459543563148451,0.0372601876343352,0,0,0.00432855111228897,0.0180560335655671,0,0,0.000221503173930306,0,0.0507124441800502,0,0,0,0,0.00985243950494118,0.00291151156395143,0,0.00671804219066234,0.000479125059360411,0,0,0,0,0.0141532020626216,0,0,0.00521881773519285,0.0109011819277249,0,0.0140639971121307,0,0.0281580128212364,0.00467981249880287,0.00484114531333247,0.0312629700875899,0.0162564094364887,0,0.0487265169591739,0.0325659401670247,0.04362751532479,0.0446407494915105,0.0125548089243822,0.0193494102388054,0,0,0,0.00230939287027652
0,0.0131603975142879,0,0.00837777944450401,0.0135765379345413,0.0150112437173634,0.0153742135406729,0.011363130656315,0.000898301854377652,0.00846867483242964,0.00853745445976751,0.0190907647741896,0.00906009108617181,0.00471137946013359,0,0.00405314494307009,0.0260843310810441,0,0.0322392064371184,0.00029869871127515,0.0160041863133367,0.0107636095567494,0.0146654794617646,0.00611431587668621,0,0.0331774005512873,0.00312800163703263,0.0158482227200919,0.0108011791280717,0.0221881131955515,0.0147578863180648,0.0172837569947427,0.0169365884217682,0.0163685683936478,0.0134122723869288,0.0103824804897046,0,0,0.0221196649107516,0.0175725309199071,0.016915645045623,0.0025325159383175,0,0,0.000225410651872903,0,0,0.00490874163511927,0.0065309538508551,0.000364917224372667,0,0.00638308381199684,0,0.0102768762342487,0,0,0.00531050938623917,0.00633465962420577,0.0234640485335694,0,0.0137937139411636,0.00640447635915228,3.38671911186156e-05,0.0109009786959365,0.0142985894755599,0,0.00612699313478765,0.00194847781879619,0,0,0,0.0132304308026403,0,0,0,0.00208111862576846,0,0,0,0,0,0.0123856130058897,0,0,0.00166438835443845,0.00249160466069141,0,0,0.00831314575858011,0.00823987097420257,0.00150880830300535,0,0,0,0,0.00569396782136283,0.00441467586742339,0.0114422500830432,0,0.00318966578850533,0,0.000349636966145675,0.00262358890726087,0.0121837516632038,0.0124593154509897,0,0,0,0,0.00433814755023324,0.00942101654179713
0.0155043443492183,0,0.00401149857389844,0,0,0,0.000997118678439251,0.0167559273749171,0,0.0168051179233316,0,0,0,0.013299231229499,0.00405314494307009,0,0,0,0.00604467039023913,0.0143776460032259,0.00869893365701236,0,0.00588706708809483,0.00607837650544543,0,0.00533276974050921,0,0.00328100082414952,0,0.00144564772059945,0.00660127112197212,0.0027698966439448,0.00258511919940184,0.00162953159590281,0,0.00244421236476225,0.00152728523518393,0.0173076391357244,0,0.04714468764031,0.0130481149212656,0,0.000872938977800751,0,0,0.0045953505873134,0.00908587867747346,0.0224083369511975,0,0.00588765063885006,0,0.0200295652841132,0.0110644768003599,0,0.0246745904442144,0.0195609229801099,0.00881651496218405,0.0135676498231275,0.021959493208523,0.025894436561415,0,0,0.0302010329197159,0,0,0.00784213754283482,0.0394119774512126,0.0817515930024342,0.069351383807805,0,0.0201229335948188,0,0.00150362676500142,0.0278737300329655,0.106467039707093,0,0,0,0.0102711004207111,0.101695449079714,0.00196694165020613,0.00636015436792091,0.0035860157895338,0.00195647413699622,0.0210276088625377,0.0126264429706663,0,0,0,0,0,0.00171551117195112,0.00361837164202519,0,0.00505512549296731,0.00324684265307621,0.00545443538605943,0.00992013625310808,0,0,0,0.0116822621339906,0,0,0.00275030021127806,0.0556132005424136,0.0061161617686909,0.0122795309414104,0,0.0144994172207833,0
0,0.0110269370861707,0.0153921440785309,0.00341418361451849,0,0,0.0304110684189488,0.00875635201093167,0,0.00129401185497807,0,0,0,0.00983162182959303,0.0260843310810441,0,0,0,0.0225201953066312,0.000478630792793748,0.00964397657327694,0,0,0,0,0.000455449674108076,0,0,0.00661517705182374,0.0237638631787527,0,0,0,0,0,0.0188596088182997,0,0.000804300543123439,0.00600152505496534,0.0221514067748966,0.0416895816832567,0.00554252840599685,0,0,0.00317528800601846,0.0082018463848232,0,0,0.0056960278331378,0.00252904199145765,0,0,0,0,0,0.00957404622980546,0,0.00949093496562794,0.00593718367062367,0,0.00358049553440636,0,0.022616430872621,0,0.0049673687443201,0,0.0076828968624471,0.00958899703674329,0,0,0,0,0,0.00360796984730312,0.0184685458774911,0.00268508943502178,0,0,0.00425845960288034,0.0184333831720096,0,0.00189712188715393,0,0.00241894286640789,0.00220735099699206,0.00307667894851985,0.00143329185807664,0,0,0,0,0.00686497755472202,0.0124372345903694,0,0,0,0,0.0102311512270604,0.00222893448444385,0,0,0,0.00433890137227231,0,0,0.00724669524321581,0,0,0.00168130486268227,0.0099583252936511,0.0162280927273042
0,0.00592638430010272,0,0.0398726269057516,0,0.00269090286127083,0.00724379863908586,0,0,5.36491774514469e-05,0.00426784095939619,0,0.00252740834734001,0,0,0,0,0,0,0,0,0.010912872269708,0,0,0,0,0,0,0,0.00171084400233429,0,0,0.00986454010735477,0,0.00342774406190673,0.00978124661255272,0.00180805020018552,0.00130348926824818,0.0139293904191327,0.0144358163537936,0.014076598676411,0.00545552875022738,0.00265766642376796,0,0.0136492018265093,0,0,0.0054599812058198,0.0137103037092103,0.0109780142357424,0.0165201329024888,0,0.00147160242292221,0.0183309453279605,0.0172929280630194,0,0,0.00614162763532862,0,0.00444877691276703,0.0138574181983501,0,0.00136755949524313,0.00631459670082187,0.00523416317137301,0,0.00461619003969025,0.000535008893463179,0,0,0,0.0164964273069469,0,0,0,0,0,0.00888729829509167,0,0,0,0.00311796681193047,0,0.00809355950274104,0,0.000873903562982863,0,0,0,0,0,0,0.0104777612428879,0.000125836546687932,0,0,0,1.84615210316796e-06,0,0,0,0,0,0,0,0.023058568861037,0,0,0.00333981693517584,0.0117683708828165,0.00352855670946326
0.00363894536127129,0.020071884497822,0.0342263177480897,0,0.0136519837952822,0,0.0154095493744164,0.00936338232428275,0,0.00465406896634322,0.0144704569212436,0.0214991696857499,0,0.011297668971109,0.0322392064371184,0.00604467039023913,0.0225201953066312,0,0,0.0103044496667292,0.0121178229344452,0,0.0232616066417647,0,0.00713758720077788,0.00640326745955426,0,0.0417420371683985,0.0104821010326883,0.018709419058577,0,0.00841839179362019,0,0.0151191725278714,0,0.00759002705607729,0,0,0,0,0.0104586251856472,0.0185410728043092,0,0.0125475167835183,0.0167851577220413,0.0208430254988985,0.0400493660821604,0,0.0169691927142916,0,0.00338450392052371,0,0,0,0,0.0184372179677453,0,0.0039367216211717,0.00738696147089435,0,0,5.79966367613045e-06,0.0399707413518093,0.0132529949188603,0.0133042106849553,0.0130545311178052,0.0114277540501218,0.0542334193516863,0.0248567458529107,0.020826073357917,0.0179853769479009,0.00105236209026803,0.0149033619897887,0.00322856513120166,0.0637799588436366,0.025823023890385,0.00255427567769021,0.00537521473837077,0.0327330074471977,0.0419630894493545,0.0191358773913327,0.00655861973838382,0.0137070215845892,0.00518891585911033,0.00617807173362335,0.00357096907170461,0.0105409994075142,0.0183849168907495,2.57670050301971e-05,0.00265729255423697,0.016864329432717,0.0223441422716265,0.0199769113720874,0,0,0,0.00973221567645034,0.0277222772028789,0.0248378602965041,0.0140734580848899,0,0.0119402489203202,0.0304682784897052,0.0196547026548488,0.0645525002446821,0,0,0.0233185660199658,0.00155761663085246,0.027265331533208,0.0132994895128959
0.00307189433388817,0.00619551375441283,0,0.00779209617179778,0,0.037145386355289,0,0.0225378449808188,0.0104362746465971,0.00150214515718422,0.0325384282117656,0.0140154075949013,0,0.024251511424925,0.00029869871127515,0.0143776460032259,0.000478630792793748,0,0.0103044496667292,0,0.00501520331661735,8.25202320845561e-05,0.00869424973977554,0.0111045802277322,0.0254758616703686,0.0204700553801242,0,0.0358431521711682,0.00159846361513374,0.0334774312025375,0.0375875618715111,0.0531518118544582,0.0309111424537335,0.0177996410547785,0.0247775800771603,0.00987435527975341,0,0.00623361536656294,0,0.019115156926839,0,0,0,0.00293971330828645,0.0196917378911695,0.0348271550036243,0.0562122930452827,0.0392030144140094,0.036135554084856,0,0,0,0,0.0257747913922748,0.028372028379497,0.0369955904790342,0.022889868086686,0,0,0.0146584298701009,0.0507985102543841,0,0.0110075419694357,0.0589932993670197,0.0386208225877224,0,0.00668995611090146,0.00875476070261063,0,0.00352500066508641,0,0.0144418191986414,0,0.017557409538852,0,0,0,0,0,0,0,0,0,0,0,0,0,0.00642205350984891,0,0,0,0,0,0,0.000721427672168683,0.0201391997099466,0.00618722888857509,0.00308158052244128,0.0169721226061946,0.00704860942629912,0,0.022690468036841,0.0345817726761313,0.0335928614048558,0.046489420669858,0.00777300301247657,0.00627004263914042,0.00115234977488218,0,0,0.000417980297476472
0.0128332169431175,0.0124430401907117,0,0.00969935463659066,0.00593111175349478,0.0152579385299185,0,0.0161142078808142,0.00590149877805231,0,0.0195205040100025,0.0226064175890966,0.00343282643078316,0.0171198161887954,0.0160041863133367,0.00869893365701236,0.00964397657327694,0,0.0121178229344452,0.00501520331661735,0,0.00493291136632411,0.00936229650844848,0,0.00711335556205841,0.0157739484065264,0,0.0257233228474144,0.00652091833173825,0.0304333073785575,0.0115968217400039,0.0363065878577075,0.0187705324365107,0.0101980826438291,0.0133582078139429,0.0115697095918498,0.000457247062645048,0,0,0.0159999810248807,0,0,0,0.000404585581483152,0.00431801627697031,0.0304418635407738,0.0223734121135953,0.0199761852122861,0.00644606315036025,0.00439680718931921,0,0,0.00331220731976628,0,0,0.022692151189381,0.0111669312134708,0,0,0,0.0165389533791773,0.00457819304751194,0.00286042121051003,0.0171313275175025,0.00204781219591343,0.000283900404917064,0.0045988734382481,0,0,0,0.00733379413662761,0.00800109329129576,0.00799073164714507,0.00681649601202724,0,0,0.00274876748740603,0,0,0,0,0.00179018474529315,0,0,0.000819988867196848,0,0.0109289299067391,0,0,0,0.0170660495522957,0.00101094330456721,0,0,0,0.00368638062918492,0.00416452609954274,0,0.0157304410301042,0.0115758636944267,0,0.0135958676141026,0.0239050381138262,0.0279846398877945,0.0274978707643376,0.00417598629171103,0.0059243843852225,0.0117803576223802,0.00240349668440417,0,0
0,0,0.0040621455961784,0,0.01392429979955,0,0.0431213613856792,0,0,0,0,0.00666927021464287,0.014408289311828,0,0.0107636095567494,0,0,0.010912872269708,0,8.25202320845561e-05,0.00493291136632411,0,0.00392013803537885,0,0.00104927993187338,0.00481646692068996,0,0.00993364800334278,0,0.00878330635174267,0,0,0.000187764585982861,0.0120146555097636,0,0.00627586310576453,0,0,0.000308745800209619,0.0116378597921127,0.00862081837951422,0.00791560096220297,0,0,0,0.00664574510530552,0,0,0,0,0.0013513867067928,0,0,0,0,0.00732288311697323,0.0069911367605713,0.00831298045377567,0,0,0,0.00757582579509247,0.005263706455891,0,0,0,0.00781589662090817,0,0,0,0,0.0167155484594648,0,0,0,0,0,0.00144957347833277,0.0298326491832784,0.00166352388804411,0.00591337373603932,0,0.0126557177362832,0,0,0,0,0.0303604275682681,0,0,0,0,0.0152592019107802,0,0.00554784088711727,0,0.0110412456088398,0.028760423967733,0.00697349531467916,0,0,0,0.0402089831470886,0.0216325389853416,0.0262589939884487,0.00690951281733322,0,0.030547306753666,0.0103669256517744,0.0190732823777205,0.00437568550278638
0.0219897473016482,0.0425047863976974,0.0102467768140088,0.00312072858942049,0.00473479909152448,0.00294687004302061,0.0101291234558844,0.0424146530740218,0.00264074756806726,0,0,0.00536427040871473,0,0.0252392741050641,0.0146654794617646,0.00588706708809483,0,0,0.0232616066417647,0.00869424973977554,0.00936229650844848,0.00392013803537885,0,0.00637165526555569,0,0.0234231206547639,0,0,0.0267291552293973,0.0316829656945556,0.0236133485191119,0.0241893666919614,0.00517189472429773,0,0.0038024040718321,0.0186118800592278,0,0,0.0108630654857235,0.044929394539838,0.0109658002536498,0.0142655696071877,0,0,0.0223679307279247,0.007022585418462,0,0.0134947898610666,0.00719742554626968,0.000549163070409373,0.00243814837232218,0,0,0,0.000619289146713943,0.0196178880574327,0.00832215189817284,0.00462033502467034,0.00592192554680807,0,0.00545846694708258,0.0165729804361291,0.0270924243462243,0.00216043672615544,0,0.00837376249813329,0.0158245123331011,0.0356559146782349,0.0436001852382763,0,0.00248923359366905,0.017133502860978,0.0258036600470741,0,0.0716100938985395,0.0320957763580732,0,0.00780957769484444,0.0262210014114118,0.0481289425554348,0.00544918788720065,0.0187108041699693,0,0.0100935946346944,0.0178574588365257,0.00888260088735853,0.00953577257623668,0.0129919796579977,0.00392643019052507,0,0.016917540787357,0.010944643331074,0.0308734812357967,0,0,0,0,0.0225106855696082,0,0,0,0.0088730413034609,0.00350347150509163,0,0,0.0318486444420201,0,0.0238946454060488,0,0.00285174955580889,0.0258878853811335
0.000592620522165021,0,0,0.0124824162300601,0,0.0389556914922012,0.00955214154001894,0.00268753956077167,0.00591718020215104,0,0.0434598937416802,0,0,0.00830585425425503,0.00611431587668621,0.00607837650544543,0,0,0,0.0111045802277322,0,0,0.00637165526555569,0,0.0576614144166404,0.00784623117067621,0,0.0366911702237845,0.000511787799719111,0.0353650049155275,0.0310501671045345,0.0612817320302033,0.0266272636455551,0.0171604833766765,0.0346093361865708,0.0188232120285323,0,0.0101552883788623,0,0.00638227348836945,0,0,0,0,0.0123484007458846,0.0478693500434417,0.0597844340842848,0.0367316389057161,0.0278662365405386,0.0114495812738573,0,0,0,0.01379597952133,0.0236315635442018,0.045395282752929,0.0334741673260729,0,0,0.0259663224455267,0.0435312509854337,0,0.0124555908117733,0.0466817753056304,0.0209461646338284,0,0,0.00029438003347841,0,0.0157211060345672,0,0.00808976635543222,0,0.0105843582270299,0,0,0,0,0.00835106476140046,0,0.0108952794932217,0,0,0,0,0,0,0.0139293923372159,0,0,0,0.0035801923012895,0,0,0,0.0127624326787264,3.93767882718668e-05,0.00451153233099347,0.0275727462601364,0.00068751870417408,0,0.0159185293951597,0.0366062211237753,0.0341204285430323,0.0387360535623473,0.00744201034559563,0.00294366240727789,0.00339850192726528,0,0,2.65867148587472e-07
0.00433023213319617,0.050581454245427,0,0,0,0.027060100461377,0,0.0447138276436049,0.0430683355465912,0,0.0314934989886778,0.0340040931803732,0,0.0338336314398161,0,0,0,0,0.00713758720077788,0.0254758616703686,0.00711335556205841,0.00104927993187338,0,0.0576614144166404,0,0.0157676260116707,0.00587755888408377,0.016757127301388,0.0322651444670565,0.0340356351127039,0.0439311532624885,0.0687432010487328,0.0211814765162883,0.00570849854014579,0.0346264125159842,0.0194434063945248,0,0.00482991582817864,0,0.0161449425296143,0,0.0123645181893611,0.0112248277515224,0,0.00122514418612913,0.0479839442101688,0.0474702140100637,0.0155315101611231,0,0.0435477971145014,0.0200630393381977,0,0,0,0.00611749737703474,0.0751521322445959,0.0530932453263863,0.00151022376729991,0,0.017931599832232,0.0235774242539007,0.0207729330320579,0.0248390775472982,0.00609509341125079,0,0.0135157078666677,0.0101037834589294,0.0236257107734964,0.0664539815566316,0.0175597078988315,0,0.00780746724179134,0.0471694756059943,0.00706290928626266,0.0690119843086678,0.0493433622630138,0.0118639583260383,0.00917351222691363,0,0.0638011934112904,0.0223677461181876,0.00346429116442703,0,0.0167083099879921,0.00273263331088034,0,0.00873155928828948,0.0270843435752728,0.0125872075250928,0.00733774765771679,0.0192301809135442,0.00789056140559503,0.00961832689087503,0.00292962144287723,0.015999550248768,0.0161627590950491,0,0,0,0.000984326135408001,0,0.0107571987287718,0,0.0066443100536322,0.00757075492380008,0.0189664241518581,0.00809177584281606,0.000124673244280818,0,0,0.00485100607287848
0.0159077145450017,0.0110584639026256,0.0298918472417013,0,0.0153662111429314,0,0.0231750463449494,0.0114308582041358,0,0,0.00512346923991662,0.0266367855235775,0,0.0180306765271704,0.0331774005512873,0.00533276974050921,0.000455449674108076,0,0.00640326745955426,0.0204700553801242,0.0157739484065264,0.00481646692068996,0.0234231206547639,0.00784623117067621,0.0157676260116707,0,0,0.0576174294656146,0.0243699212672331,0.013567885073677,0.00254539236938064,0.00353817269398521,0.000159588928095178,0.0279214321380693,0,0.00600852977022882,0,0,0,0.00288327178254996,0.00787466342581896,0.0074999190059423,0,0.0073006323107389,0.00595519836093081,0.0128264009676513,0.0167357418390019,0,0.00906908269911996,0,0,0.000244612407431947,0,0,0,0.00497581504199003,0,0.00686527907910956,0.00445852718031273,0,0,0.0108817213630624,0.0242459031953301,0,0.00178972397260179,0.0176905185465849,0.000629775941222982,0.0145111695377306,0.00892211146831426,0.0146364666398837,0.00485062749928911,0.00254586177642591,0.00954255752010523,0.000856272116243136,0.0235692899491243,0.0156717022602098,0,0,0.043430351519634,0.00717323896343342,0.00103259717896438,0.0107547143447611,0.00875627953769388,0.00114764580972516,0,0.00877109794682195,0.00143629820106793,0.0213021627702395,0,0.0144759035448407,0.0137960898690598,0.00941337843713785,0.0225562769011048,0,0.0028304288483154,0,0.0109641403901876,0.0383455136086384,0.0182441184228088,0.0124038409574749,0,0.0167855167565832,0.0449781989881012,0.0378787881158959,0.0510475857312319,0.0020514879872451,0,0.0393995489963018,0.00318628962042145,0.0273946833814289,0.0126580684017991
0,0.0187035864478043,0,0.000992572466132316,0,0.00730933277744238,0,0.0131488776143522,0,0.00214173162690601,0.0044059448593488,0,0,0,0.00312800163703263,0,0,0,0,0,0,0,0,0,0.00587755888408377,0,0,0.0139623068358949,0,0,0,0.0023237404078808,0.00306140704117937,0.00888763722206254,0.00944769010157774,0.00135011826785325,0,0,0.000170822833650471,0.0115422695871285,0.0106844025088993,0.0146877199783093,0,0,0,0.0174554810463291,0.0101741528678089,0,0,0.0296632481172943,0.0026971701211654,0.0021147661785267,0,0,0,0.0310668513316405,0.0120279086091179,0.0195025964533436,0,0.0273810123038959,0,0,0.000119718557274605,0,0,0,0.0297607847814161,0.0132336138612467,0.0352367463652565,0.00915303802318153,0.0139230597947004,0.00469526574771609,0,0.0112989789024837,0.0487128187990593,0.0075135386570295,0,0.0506233047196643,0.0033306293622887,0.033432844374844,0.0400019241333171,0,0,0.00232681652541693,0.00889035807311474,0,0,0.0742457850550621,0,0.0131730459653984,0,0,0.00672331254471205,0,0,0.00193695736663747,0.00198662089612879,0,0.00676282546672472,0.00217651910088696,0,0.0119088852745372,0.0365180578051424,0.0434628494956848,0.012855248376177,0.00830374786405641,0,0,0,0.00361884002281393,0
0.00443802433863492,0.04208785738156,0.00831698556534759,0.00836093137802032,0,0,0.0484111817102215,0.0271079864671102,0.00581297740369622,0,0.00666051451463446,0.0179389927869685,0.0107654559097623,0.0295847768440089,0.0158482227200919,0.00328100082414952,0,0,0.0417420371683985,0.0358431521711682,0.0257233228474144,0.00993364800334278,0,0.0366911702237845,0.016757127301388,0.0576174294656146,0.0139623068358949,0,0.0501288801069274,0.024604284139112,0.0169466521421638,0.0155739147743007,0,0.0120068170712671,0,0.0214064250186624,0,0,0.00791310660569374,0.037122311318993,0.0229519453967686,0.0248533047235738,0,0,0.00875468393667063,0.0258332740311902,0.0144278975497636,0,0,0.00518863242611484,0.0129577919592187,0,0,0,0,0.0454711022767296,0,0.0197439454397194,0,0,0,0.00868317412780861,0.0307645575002756,0,0,0.0380513538740196,0.0348991538627701,0.0342331923896666,0.0440776748888316,0.0399514359424,0.0154213524119549,0.0112552519115948,0.0216506209635632,0,0.0762164375635623,0.0533206896888321,0.0271755674321084,0.0160708554583611,0.0518658127036651,0.0509935979171518,0.0216424820646944,0.032911716439609,0.021594811964882,0.00751978086257751,0.0103349092651988,0.0217699626033204,0.0157861080899906,0.0524198054721167,0.021432826089245,0.0172710880265107,0.0157012054897855,0.0259452533408581,0.0479639308875467,0,0,0,0,0.0458690702782543,0.00833263415612463,0,0,0.00679057302624294,0.0218002325927119,0.013793020903162,0.00980495689251664,0.0101173878893051,0,0.0161354865874782,0,0.000406860232627555,0.0216613014331428
0.00642166975153296,0,0.00674990968967362,0.00276459304320256,0,0.0216135550468019,0.000218776205320089,0,0,0,0.0215664336316148,0.00470375782336808,0,0,0.0108011791280717,0,0.00661517705182374,0,0.0104821010326883,0.00159846361513374,0.00652091833173825,0,0.0267291552293973,0.000511787799719111,0.0322651444670565,0.0243699212672331,0,0.0501288801069274,0,0.00469167853868453,0,0.0266198638304898,0.0222323977482152,0.031932246977739,0.035287609469668,0.00370399381585928,0.00296235693943516,0.0203149938380824,0.00312992135137771,0.0179737566583487,0,0,0,0,0.0036472632495816,0.0431229523696166,0.0453561156300347,0.0325806140349913,0.0187622675709865,0.01863668633991,0,0.00804668841310091,0,0,0.00943394752096161,0.0319814318248711,0.00980716249181287,0.0055841933805297,0,0.0326398556111626,0.00480110180386836,0,0.0103674695144832,0.0101702731633877,0,0,0.0281716466418698,0,0.00575142371303327,0.0134547027085229,0,0,0,0.0173694548151796,0,0,0,0.0108862167467757,0.0186305597924241,0.0033792103890031,0.032783095542711,0,0,0,0.00612743053538363,0,0,0.0520713964997944,0,0.00845554120000435,0,0,0,0,0,0.00439264369780431,0.00290177067489734,0.00885036432170303,0.0287316942652428,0.008164712543626,0,0.019505977635832,0.0604663817968385,0.0661270774581776,0.0530810891047933,0.00859212526731094,0,0.00726844178163617,0,0.0156137539354438,0
