0,0.05001543549704,0.0290116740240381,0.0213094048383112,0.0265902984182487,0.0380594299056399,0.02189019366143,0.0429080137374578,0.0260776442994349,0.0286548639782657,0.0372587801231735,0.0376553780882304,0.00943518016040796,0.0329028059878075,0.0183639876828273,0.0421590715621221,0.0247597004406048,0.0236650297158917,0.0302936725741751,0.0297266215467919,0.0394879441560212,0.0249604401296027,0.0486444745145519,0.0272473477350688,0.0309849593460999,0.0425624417579054,0.0265564593813555,0.0310927515515387,0.0330763969644367,0.0104904717674969,0.0172199108958898,0.0377499537951574,0.0368530908655285,0.0433753544131563,0.0370444153111786,0.014892631025585,0.0186691613788108,0.0287929438434692,0.012305871740271,0.0368888344727818,0.034357799568811,0.045925105846022,0.0294400856706553,0.0554107462376671,0.0423959785521407,0.0371336679258175,0.0166406945916247,0.0350398946810162,0.0592915893521919,0.0616995125668961,0.0522246762432993,0.0202547578333317,0.020902208740815,0.0396129921786132,0.0311455614431889,0.0483543163966344,0.0231361826185934,0.0145098697880865,0.0258456727856882,0.0236438421164905,0.0222449556811039,0.0254302404463073,0.0218491544556609,0.0422033612394121,0.0485885964076862,0.0231877953964422,0.0656056140922604,0.0609163940192172,0.0455752438054957,0.0348219638728888,0.0120746560897212,0.0116545626828452,0.0628998966938611,0.032239308901004,0.0780916000170135,0.0572088303750556,0.0462004589729453,0.0189970024770055,0.0446249150852581,0.0689445841064263,0.055826680356531,0.049596035672358,0.0444959354045256,0.0484940851165077,0.0303639448246521,0.0328843220730662,0.0553586931212166,0.0437976953651298,0.0570053117291344,0.0383241096096939,0.0584443292027017,0.0676678389829198,0.0251497770436826,0.0580355593151186,0.0162002488051981,0.0265298275989276,0.0326315617694051,0.019722974147472,0.0397991933516886,0.0473926775443049,0.0278872260774683,0.0449628982897699,0.0393045889150828,0.0370341112855949,0.0359242248610421,0.0182465283222194,0.0466494444701978,0.0295701102021125,0.0270648599528085,0.0239327498454188,0.0284499561233508
0.05001543549704,0,0.0212059821976879,0.0225596630821906,0.0142227945579128,0.0371572218262719,0.0272985178809756,0.035675955911331,0.0192450215536829,0.014818396664445,0.0257951908737337,0.020960701661927,0.0205764003486254,0.0251817589393088,0.0398151247271916,0.0259884239663019,0.0376816642990745,0.0325811115130065,0.0467266117107257,0.0328502409673166,0.0390977674036155,0.0172983884221409,0.0691595136106011,0.0247451981316184,0.0772361814583308,0.0377131911155293,0.045358313660708,0.0687425845944638,0.0188866389859507,0.0332028898169646,0.0405374753896918,0.0351545014305266,0.0567161200417397,0.0480944361317397,0.0347256084702848,0.0208156317724187,0.0838631151441893,0.0850250244094069,0.0259300040961361,0.0808126188169174,0.0224109603904804,0.0276406950442079,0.0310644402963115,0.0308136046415937,0.0712390389348983,0.0349601431993935,0.0467094089430347,0.0981274475894849,0.0799453536643089,0.0248321510785763,0.0156826204297251,0.0303932776910651,0.0201738984693696,0.0349943553814936,0.104688220480043,0.0422613583687647,0.0522853267776025,0.0257661566594854,0.0310212832648678,0.0907466258461289,0.051101364550923,0.0242800029692854,0.0327759027470957,0.0364352875156888,0.0342723703398088,0.0274203119730716,0.0333883556442735,0.0263271022619694,0.109959136538851,0.0224605971876231,0.0398663129424695,0.0211514064849573,0.033022777292159,0.132847404743941,0.0568400263627435,0.0232812898025548,0.0330554949994587,0.0384773122984046,0.0229939364456382,0.0841060277197756,0.0250739111293749,0.115760768987115,0.0164273032341083,0.0307837066847182,0.0536658709071715,0.0476169498961813,0.0325939056251236,0.0569527855887387,0.0447310750191528,0.0532109945422428,0.0661221482331419,0.0472241401304865,0.0208557863396714,0.0719465252623094,0.0152674848277684,0.0425163555436153,0.0147923195911858,0.0319499173294032,0.0762352246816128,0.0497119277884049,0.0325613038725826,0.139007152377954,0.0501921874192333,0.0954016133073115,0.0558150290364657,0.0578358378193155,0.0899187675041311,0.035020285783114,0.0269398914884201,0.0162795650451901,0.0387614372001696
0.0290116740240381,0.0212059821976879,0,0.0271696293778489,0.0274703142328938,0.0372255921931004,0.0273159110155031,0.0383977661060274,0.0207141167504177,0.0334745314622206,0.0348545344098038,0.0200869733375511,0.0239090645396562,0.0362961214767018,0.0211529443210752,0.0306662257868022,0.0420468712914347,0.013394877098631,0.0608810449609935,0.0264062081359353,0.0194262374319985,0.0307168728090822,0.0369015040269126,0.0248090415188711,0.0106585073948254,0.0565465744546051,0.0229326867113253,0.0349717127782514,0.0334046369025774,0.0259245030785723,0.0322461290340588,0.0406494654924042,0.0280381465676789,0.0373262712192527,0.0243759105997365,0.0256291400842983,0.0247022727261898,0.0288680186138146,0.0180069645490321,0.0699301987788479,0.032373559880093,0.0182181656619162,0.0168625420931069,0.028765375773209,0.0474419780462996,0.0192875947898174,0.0147748738494326,0.0471949763942486,0.0502452433667865,0.016995189582127,0.0177662701283614,0.0298457957989037,0.0173170993881883,0.0304488291150632,0.0404518560955927,0.0136102579499733,0.0197712177963338,0.0179540108173795,0.014601382160714,0.0201985524133798,0.0507642838895663,0.01158477643392,0.0175011442048617,0.0474069159625853,0.0429831747209043,0.0202966631140385,0.0440641386459715,0.0269457039724568,0.0133465630155908,0.00948729250366579,0.0165186877907022,0.0356278316465215,0.0216931083757093,0.0266061829247751,0.0150469483651186,0.0170883828669947,0.0153932917357701,0.0290782890849775,0.0332066722840182,0.0183080472691191,0.01765790084717,0.0232529274625884,0.0194853493151509,0.0256982792455928,0.0217737492811963,0.0169759246808125,0.0255637942531818,0.0159311233106864,0.0172871027104808,0.00996764218446342,0.0215826030762166,0.0188635403831984,0.0290145121839313,0.0146398809467465,0.00942222824383307,0.0163634145262489,0.0288656615343838,0.033947491816316,0.0129244966908384,0.0365690602307263,0.0123402965437666,0.0312347320604233,0.0293278076315992,0.0294977690738672,0.0183042858088405,0.0458039771395224,0.0196487170162696,0.0268802448016665,0.0256026929315195,0.0382965283890136,0.0160917586541559
0.0213094048383112,0.0225596630821906,0.0271696293778489,0,0.0323935403605445,0.0243290656352418,0.0216127818038148,0.0210932957666249,0.0237177860281209,0.0292883079636655,0.0141126087368614,0.0339331398281536,0.0342093515075988,0.0250994996479931,0.0350325066574078,0.0112233995186612,0.0300689108274223,0.0665273541186553,0.0219283810452641,0.0344468233847015,0.0363540818494944,0.0173346703188603,0.0297754558023243,0.0391371434429639,0.0233157072381345,0.0198780839016263,0.0276472996790361,0.0350156585909241,0.0294193202561063,0.0260042361943222,0.041581106823559,0.0492553726286867,0.0183687506105375,0.0228554082334666,0.0342000422289653,0.0271795070868752,0.0268488702855558,0.0234317809514579,0.0216828346602207,0.0216371987745853,0.0411720884476688,0.0206633619064705,0.0384996246281225,0.0198568072220371,0.0204979752936602,0.0473990892742922,0.021464243301053,0.0340576425469181,0.0203006800141599,0.0688200818278123,0.0462296149019875,0.0366676190082167,0.0507108137848738,0.0354599222469177,0.0295703805474633,0.0645272068273355,0.0633541868429084,0.0346523534125021,0.027488909890958,0.0620155634239738,0.0364403273448748,0.0269373162292913,0.0111101854563744,0.0209317994571831,0.026132889947888,0.0142184714630127,0.0342191308803998,0.0214297423676482,0.0356018909487796,0.0258739310069664,0.0187156615296618,0.0288673763119573,0.0252858038508815,0.0310280405427477,0.0342775272552299,0.0315744721908255,0.036672105211557,0.0154629641043488,0.0282949353865196,0.051379278647129,0.0297039574108907,0.0246584770522306,0.0285009884743177,0.021781958628551,0.0238577749369479,0.0279896077252488,0.0500403729571048,0.030036918943692,0.027635368885208,0.0407724000738705,0.0380280209296294,0.0387938984784998,0.0281383485256296,0.028806190110221,0.0254937495057957,0.0152659836115933,0.0206525905650653,0.0372156984586062,0.0376526528954159,0.019310544493064,0.0427271501168893,0.0215501805647426,0.0416808650633914,0.0355460520681884,0.0315592893045015,0.0314029724863939,0.0293132612726668,0.024568633153087,0.0130556754789266,0.0232562430043751,0.0227667426575176
0.0265902984182487,0.0142227945579128,0.0274703142328938,0.0323935403605445,0,0.0272483789402981,0.0256618005765801,0.0198122926889566,0.013692935891963,0.0382618255014896,0.0316930404215155,0.0290024966555266,0.0149866616064617,0.0204023760091408,0.040231265147445,0.0207651299848587,0.0262161525038154,0.0182812750225763,0.040306711008186,0.0168794523687298,0.0325858389663985,0.0405790270124538,0.0313895263044282,0.0122021946886443,0.0165153274002537,0.0420209383558352,0.0123165506541326,0.0216708846890029,0.0201047683302759,0.0336820342331776,0.0171585670200408,0.0231028048053671,0.029120866514747,0.0207061408435128,0.0221873881621768,0.0308240292425649,0.0141200846057403,0.0315715338026361,0.0160935046085999,0.0537811073217844,0.0469456495417401,0.0238161529177889,0.020589570239643,0.0240773488146838,0.0305971352170993,0.0305770553920353,0.0198691159147273,0.0302233172604309,0.0314691241291146,0.0258698161374592,0.0203959103803269,0.0118245791688811,0.0209908515498603,0.0241514496609203,0.0259564290987151,0.0249779313697244,0.0151965179100306,0.0175687393660522,0.0217239777476403,0.0155989740656437,0.0303929566780313,0.00983496472726434,0.021273639332304,0.0253512624460032,0.0333000258654349,0.0170669871367877,0.0238168496522666,0.020319159813019,0.0133470575573786,0.0152614143373873,0.018538919650489,0.0202015447333357,0.0148566702401409,0.0314524320343456,0.0172988859068827,0.0176645990287361,0.0103818342477655,0.0142183033243826,0.0257551912510521,0.015279706091747,0.0138307350252717,0.0301242870502241,0.0136935101702453,0.0228472282014678,0.0297120412458985,0.0258384261276591,0.0121304387066967,0.0102166925427929,0.0143836014705859,0.0179663051905362,0.0131925125162683,0.0101930152565279,0.0257980359068439,0.0145143409731167,0.0178327653238745,0.0212317599678048,0.03099222604976,0.0281742209399471,0.0158409222299752,0.0193165974907161,0.0134555994685957,0.0179493683250683,0.026866090791135,0.0155436291248624,0.0156211093110381,0.02737538644762,0.00897628230542517,0.034687082338803,0.0225349201434623,0.0315505832644733,0.0194502317950524
0.0380594299056399,0.0371572218262719,0.0372255921931004,0.0243290656352418,0.0272483789402981,0,0.0170237435424482,0.049670486307434,0.0506192246954469,0.0186265138886713,0.0206951525443817,0.0471707650012551,0.0126513733680199,0.0589213919087969,0.0416659709302672,0.0158542285143122,0.0174590280772056,0.0293456300741746,0.0151717664206284,0.0638001135681928,0.0419126657428222,0.0137992506048792,0.0296015972559244,0.0656104187051049,0.0537148276742808,0.0123192815632413,0.0339640599903461,0.0131872339420197,0.0482682822597057,0.021664087897732,0.0526847403302018,0.0347311330385438,0.0178357839441436,0.0146889366987007,0.019918473355358,0.0161322812095544,0.0385713119539218,0.0235350268476767,0.0232976645050007,0.0314800024267775,0.0168835684266888,0.0158386471183973,0.04488276333119,0.0275029300586151,0.0200821758328139,0.0166546123611286,0.0179025830291115,0.0336556115161303,0.0317322125187171,0.0160632580307977,0.014246510172046,0.0462861110012935,0.0175812083064552,0.0240762140004429,0.0368661939032617,0.0428945938892976,0.0468442476515939,0.00944843240821377,0.0253777478815503,0.0518006941339002,0.0394415744684383,0.030338012776574,0.0191180551923928,0.0221040701296939,0.0261521528550052,0.0379609116371422,0.016860603437317,0.0172496111402618,0.0680913601236568,0.0405826975428016,0.0285227178844188,0.0189352037405466,0.0428637543739456,0.0348121318881575,0.0421222135322707,0.0548046147369297,0.0276777725804621,0.0236447656664053,0.0402594257385155,0.046853105395206,0.0200381521654616,0.0432116569516039,0.0234914383617677,0.0383767250154791,0.0400272414533798,0.0461387615982482,0.0245760334621263,0.039776374019126,0.0442492750282997,0.0384632045864149,0.0405489748307814,0.021107980675322,0.0292947845883752,0.0277094500304644,0.0352040222608132,0.0193162763664081,0.0166088738330585,0.0242327473224754,0.0391703446393995,0.0157933401447587,0.028042476544082,0.0253325329441695,0.0290998531845165,0.0313807625813846,0.020085670746265,0.0420108241856542,0.021841240420792,0.0212218875690984,0.0375059096120819,0.0311432466854024,0.0259394784530025
0.02189019366143,0.0272985178809756,0.0273159110155031,0.0216127818038148,0.0256618005765801,0.0170237435424482,0,0.0336701020936318,0.0449430926255515,0.0298686780235333,0.0166567585788246,0.0419366282729352,0.0288041762750653,0.0291720609219769,0.0420289407535767,0.027651845891343,0.0570657956318526,0.0338985258519896,0.0420642765873202,0.0234478692228486,0.0171680442556642,0.069776088598583,0.0367838506687882,0.0362068687529227,0.0255790726281771,0.0498297735578531,0.0229714889500489,0.0750659089231253,0.0268735034182239,0.0440988882583189,0.0399206477621014,0.0471902278121076,0.0646164165933411,0.0534115091144434,0.0524116506863031,0.0216012329309984,0.0124886106069737,0.029294253603865,0.0147675296736124,0.0358808075776463,0.0377603991679912,0.0286551255966302,0.0311572260557463,0.0302732428604782,0.0354116071769343,0.0575751873580087,0.0671180564282243,0.0487745298027607,0.0466384689671731,0.0355438111913289,0.0194429973551371,0.0534808929197369,0.0169988366327355,0.0397801931454507,0.0373253854082164,0.0807388192197298,0.0502910313371371,0.0204050149149196,0.0319388287596365,0.0434105322322931,0.0520095222181798,0.0218867985104951,0.0277062222830621,0.0617997912362051,0.056168289867021,0.0187376856095441,0.0213013802747301,0.0357604071386948,0.0345496696269725,0.0211734973918496,0.0270955508872979,0.0286594422483292,0.0263079826328069,0.066871469887631,0.0259314780699707,0.0234177078997099,0.016350229001429,0.0187357495631191,0.00830916622391911,0.0226420130800067,0.0139280156995704,0.0261167587107471,0.0313003015567271,0.0362944695043306,0.0194479062477581,0.0234971728927516,0.00973222091613057,0.0333366556915459,0.0190187056607892,0.0304530262321748,0.016300979783905,0.0119891632428794,0.0154348341240414,0.021159579826516,0.0370793446141969,0.0728933172667254,0.0315476273785003,0.0219961607715942,0.0272326875051041,0.0423322310943471,0.0169825651319071,0.0415744663528141,0.034960432265805,0.0438071245838531,0.0368508493833605,0.0212924446902992,0.0252880654333153,0.0186711777691725,0.0193854027680735,0.0376079202034771,0.019586016477326
0.0429080137374578,0.035675955911331,0.0383977661060274,0.0210932957666249,0.0198122926889566,0.049670486307434,0.0336701020936318,0,0.0226559407729117,0.0220470248140417,0.0346719701261101,0.03350230809422,0.0190220703367424,0.0574363703878815,0.0380178578692187,0.0434106545878209,0.0354110792238354,0.0254887325598431,0.0360181095371865,0.0491925721937225,0.0427689350937179,0.0137403677068594,0.0690693802869255,0.0293422667736754,0.0713685548565087,0.0380855854170395,0.039803604827256,0.0537627136800139,0.0223844574691828,0.0258552611636184,0.0262247020757554,0.0168751951869011,0.0463787917261538,0.0460329086052997,0.0209344620251555,0.0172125683907421,0.0410670439184472,0.0486307530512244,0.0203348592513786,0.0542711618644728,0.0148705758547042,0.0366255589169398,0.0152676861257183,0.0480573838269269,0.067921627622351,0.0222105709852353,0.0440798070426756,0.0747493992383421,0.0869866052218329,0.00963379966612124,0.0176158629969135,0.0251557333713561,0.0120194875332282,0.0388916505487742,0.0809409967403347,0.0268636257488462,0.0307121027707786,0.00421823489710168,0.022888010610152,0.0636266886482941,0.0521285149412525,0.0218948943625616,0.0360694855528352,0.0619804184241029,0.0596387555896339,0.0237812671962482,0.0209673901274438,0.0336430646416118,0.0490514134643033,0.0309919332506153,0.0181514166968717,0.0192564259290859,0.0585500333950024,0.108321266520174,0.0197378950215727,0.0292761805144779,0.0345350267867588,0.0166904931224384,0.0473322314416251,0.0358246180082021,0.0334355758269661,0.0667799847145382,0.0313545569252508,0.0289936192127256,0.0276874891922566,0.0253933240273552,0.0452612067652965,0.0337575290638746,0.0435229611637058,0.0335646866760637,0.0637397551626891,0.0651325440356226,0.0230757007073048,0.0826167488674908,0.0128992535770418,0.0440452759293982,0.0277707665552879,0.0289637678757973,0.0780061618961318,0.0507175532820079,0.0243862833547651,0.104433094255439,0.0608487608274395,0.0787718333770864,0.0704577574060005,0.0378160205326592,0.0911028833750609,0.0318960242244294,0.0266992696600111,0.0270783838435384,0.0366186960929123
0.0260776442994349,0.0192450215536829,0.0207141167504177,0.0237177860281209,0.013692935891963,0.0506192246954469,0.0449430926255515,0.0226559407729117,0,0.0196009988459933,0.0453792404431265,0.0215112919587997,0.0215555705137786,0.0232656135413914,0.0275530290672814,0.0208134704502485,0.0183712009975629,0.0224099185943474,0.0175678958657023,0.0370910018595009,0.0325562259909561,0.0115537881730761,0.029295474780971,0.0325719074150548,0.069723062759495,0.0203806823222406,0.0185324333991546,0.0324677046166,0.0166226144250202,0.033887599077497,0.0276949576130914,0.0315130820189446,0.0361955025806664,0.0302558530872142,0.0317817697749275,0.0306360477706919,0.0199950466143476,0.0313646719313559,0.0153004627759583,0.033252950409856,0.0219583809182177,0.0185260698079691,0.0147353675105805,0.0200325920932346,0.0257129168106035,0.0284406683973492,0.0404674142730959,0.041268388022912,0.0365869256837912,0.0205982868286624,0.0129951791553655,0.012748836439055,0.0117583813850265,0.021297007160431,0.0420953378659337,0.0325452071024927,0.0428654048357514,0.00457824896708165,0.0147480355350353,0.0464056423908979,0.0298380309252948,0.0217529387541044,0.0226096285589519,0.0250049501949452,0.0170742791866304,0.00896763169712146,0.0126842458351943,0.0194924634369188,0.0668517919831786,0.0160997917443916,0.0165719398841252,0.0114378368124512,0.0189510050799024,0.0483057035619698,0.0338430789470836,0.0152330592952341,0.0121160180477007,0.0343440633924061,0.0374621890063278,0.0377701297475349,0.0182091217777898,0.0298740047594039,0.0159040928580247,0.0286510781229914,0.0247786591807468,0.0146889080960559,0.0212670572799211,0.0462611084159399,0.014930476450146,0.0162152154924938,0.0198702217888995,0.0398740714109228,0.0168436917920635,0.0357203281397696,0.0233525752064334,0.0422711810082697,0.0214664198349222,0.0259526394418841,0.0483832200278067,0.0229783212618759,0.0145111375546049,0.062772636388466,0.0475241295379015,0.0534470329368026,0.0367245109281001,0.0273512527549083,0.0286413632604283,0.0279307657746362,0.0193095231177243,0.0135083744255182,0.0265351450254035
0.0286548639782657,0.014818396664445,0.0334745314622206,0.0292883079636655,0.0382618255014896,0.0186265138886713,0.0298686780235333,0.0220470248140417,0.0196009988459933,0,0.0277367948400147,0.0206041760831979,0.0368893014042439,0.0275258597900152,0.0351234020453334,0.0434598451362354,0.0279487390678818,0.0267083763903552,0.031308796179247,0.028156872370088,0.0255040838654436,0.016279800651373,0.0234113279326259,0.0186765501851646,0.0221524037852698,0.0220774887643302,0.0287964588398098,0.0211223856662838,0.0205156335527237,0.035697473820711,0.0264914883281037,0.0280244971832012,0.0164146810986698,0.0268139442680204,0.0188620159715662,0.0431342004156975,0.0289230249704222,0.0249785574899981,0.0496289622017458,0.0327535515625719,0.0390890164212582,0.0448557601098952,0.0160290077275999,0.0212675565896507,0.0218411126866753,0.0298691670028947,0.0281700696011515,0.0344773465881301,0.0223322510616214,0.0268148461910424,0.0228494072328924,0.0514185884312162,0.0427454895495512,0.0111207739144037,0.0477855741140792,0.049735336135908,0.0554800948452851,0.0361205060332386,0.0241793890360963,0.0694425795363496,0.0544808314861291,0.035185391244813,0.0186969018726803,0.0347353396667914,0.0430143989283603,0.0300581369253537,0.0253694307722051,0.018588459707366,0.0436352395412083,0.0189934006037541,0.0123682492356129,0.0266007702642319,0.0234806378255829,0.0547722898433985,0.0289729383511124,0.0166035571787427,0.0138322144461547,0.011635630880466,0.0232837660120319,0.0656885098512123,0.0190164268870075,0.0178029778952958,0.0157399893234759,0.0167617489406474,0.0228498158430151,0.019084722557165,0.0229184627582468,0.0216871129570691,0.0245543720304665,0.0203891592247965,0.021736441125637,0.0266400445994691,0.0269445021862251,0.0175189436031169,0.0159047190238574,0.0180471162076083,0.028991526054634,0.0184177268558344,0.0357378766926356,0.0351815049508604,0.0345514391795284,0.0419513314971993,0.0323090293213185,0.0307586068550709,0.0396782191783268,0.0287820060704317,0.0295065748839153,0.0449267267208658,0.024332552349632,0.0384075233806451,0.0366430631347028
0.0372587801231735,0.0257951908737337,0.0348545344098038,0.0141126087368614,0.0316930404215155,0.0206951525443817,0.0166567585788246,0.0346719701261101,0.0453792404431265,0.0277367948400147,0,0.049334337217151,0.0221467123747591,0.0462932103470284,0.0351921816726713,0.0253181954348931,0.0244549411103028,0.0309225681723,0.0411251841341473,0.0591931554246693,0.0461752312229063,0.0259776971726735,0.0263873225544522,0.070114620954584,0.0581482262015816,0.0317781964528204,0.0310606720722526,0.0333152417275382,0.0482211608445185,0.0435695215396399,0.0620988909114674,0.0339868556640247,0.0298250260452363,0.0266906804920744,0.0353056863840628,0.0280115262359775,0.0301917082058031,0.0368618446473179,0.0201402968371734,0.0410887061389133,0.018423314748007,0.0152614925665086,0.0325262464634967,0.029977327822536,0.0384827111797199,0.0219885440884847,0.0431105501496543,0.0386735393356355,0.0357902419823711,0.0223201216783739,0.0228969126631863,0.0406723898223457,0.0132786803820579,0.032158422175128,0.0415815542852879,0.0269864703356608,0.0362666949731176,0.0345062475622628,0.0196356769900073,0.0428704673844179,0.0499325432721028,0.0384667037306722,0.0164254982194098,0.0367354245081156,0.0489507267057996,0.0422360303317302,0.0233910644267257,0.0206145603375371,0.0504245617930013,0.024225471802672,0.0198754060794931,0.0550398981008564,0.0214206933784242,0.0665754305993091,0.0248987420164267,0.0373969890427896,0.0210142880521098,0.0286175648218257,0.0433113257648079,0.0188613992106951,0.019808078889751,0.0417412745145042,0.0189119537495566,0.0182415053563298,0.0246810271511423,0.0360361680687605,0.0204167353877965,0.0353114129448839,0.0311186264436365,0.0390143998087657,0.0380824041752871,0.020256350780128,0.0319888190990446,0.0356480553147084,0.0571013647479118,0.0378969241661486,0.0145319578663231,0.0291342689117708,0.0325724090859091,0.0246552406595743,0.0221775316162498,0.0380214230542427,0.03635045946857,0.0434938454235246,0.0371367237464756,0.0374879618268148,0.0332204044009703,0.0378366113161173,0.0235434166539136,0.036595650035072,0.0346739805835221
0.0376553780882304,0.020960701661927,0.0200869733375511,0.0339331398281536,0.0290024966555266,0.0471707650012551,0.0419366282729352,0.03350230809422,0.0215112919587997,0.0206041760831979,0.049334337217151,0,0.023867198081185,0.0388065968091551,0.0457454919870933,0.0162643737001884,0.0248994735226359,0.0223490352716957,0.0481538968986537,0.0406701348078051,0.0492611448020003,0.0333239974275466,0.0320189976216185,0.0227286780952005,0.060658820393277,0.0532915127364812,0.020331049988576,0.0445937199998723,0.0313584850362718,0.0482960248668186,0.0303912916712243,0.0571627936688394,0.0505328322609553,0.0632883689413158,0.0465257723637588,0.0254570744357105,0.0239281805944244,0.0653806733817304,0.0232154674886323,0.0796631702179136,0.0341536866667223,0.0574490857094307,0.0172979471531519,0.02478711575517,0.0281892077338119,0.050244546552243,0.0681996189895866,0.049394313681182,0.0370172499067935,0.0272590620128912,0.0383777372523081,0.023018584512322,0.0479166147094247,0.0329227452147177,0.055286091600317,0.0652869566987516,0.0833516348906262,0.0322879881830863,0.0253490697147637,0.0551305073167174,0.0711608228074996,0.0355758203365424,0.0259144809125962,0.0355623968223075,0.031499302003626,0.0221973382636467,0.0725302775715281,0.0207165889479317,0.0494103799544521,0.0463309332268371,0.0250450313688313,0.043233965350105,0.0317597448102397,0.0288285846849553,0.0459682842802894,0.036681274762061,0.0454644847950691,0.0166349825222668,0.0398923178031335,0.051258353796383,0.0639633476116597,0.027935149529832,0.0295556422761511,0.0269781782854685,0.0337368734051877,0.0242245683172872,0.0421039247871767,0.0495589795971963,0.0356645053381046,0.0217031650092187,0.0205772068788493,0.0319723453742413,0.022913912237609,0.0193961375083989,0.0216065771312544,0.0345883893917438,0.026289558848443,0.0389957064233214,0.0251627413698497,0.0310571039818806,0.0263286968911609,0.0436403357625844,0.0299601160469722,0.0475869468827231,0.031997659301982,0.0594516980934823,0.0224913168899868,0.0364976230631072,0.0295881531202379,0.0237798700124849,0.0233913701453081
0.00943518016040796,0.0205764003486254,0.0239090645396562,0.0342093515075988,0.0149866616064617,0.0126513733680199,0.0288041762750653,0.0190220703367424,0.0215555705137786,0.0368893014042439,0.0221467123747591,0.023867198081185,0,0.021646942320726,0.0357148182990756,0.0227418695677243,0.024711364763523,0.0291821355602438,0.0190279040115938,0.0185353789017293,0.0300875536436869,0.0410630165247317,0.0241414728804054,0.016010613185766,0.0182221519906558,0.019549642116931,0.0227485854947818,0.0374201831226661,0.0216205164272536,0.0355114656059603,0.0178846102056701,0.0187363678257614,0.039584792448613,0.0293253000789571,0.0323144041107469,0.0357142452378293,0.0151590838996131,0.0233850911111959,0.0258158702395222,0.0246229103883074,0.0762003090699787,0.0168730031212359,0.0190588000080135,0.019419582493833,0.0207878911513181,0.0371310030060071,0.0417751348148661,0.0260062930699804,0.0263532042659117,0.0365133415030609,0.0234909205738094,0.0257528042378528,0.0108809716375738,0.0251239397197558,0.0176951809544511,0.0386404364365681,0.0239011876968972,0.0156898405015329,0.0243733323567681,0.0152273521269167,0.0205187130690623,0.0122656295557033,0.0419934223058093,0.0269958940759357,0.0255346749984764,0.0156563506855757,0.0245409993222933,0.0276252016698285,0.0148309308942908,0.0148645921699975,0.0267363934887126,0.0150158434954243,0.016928625735187,0.0214758041171253,0.0252882524207133,0.0201548549419337,0.0104446467275061,0.0191769522538857,0.0175647303407864,0.0212077964355996,0.0128434647733512,0.0216406701999006,0.0233893468655102,0.031949380661963,0.0214520505424992,0.019471736709648,0.0129953414647577,0.0138722371298882,0.011731699509511,0.0108371517693316,0.0111681145319573,0.0155095767352121,0.0176005159646935,0.0123009073736142,0.0188122695366098,0.0258797694280726,0.0159518356019408,0.0132203460285256,0.0203881919449925,0.0219797508415909,0.0171561963107374,0.0170589125504858,0.0215677640961608,0.0213846684700519,0.0219662955725988,0.0217758088146599,0.0119273475124113,0.0166071607080696,0.028242300451296,0.0341452292683132,0.0262186954999348
0.0329028059878075,0.0251817589393088,0.0362961214767018,0.0250994996479931,0.0204023760091408,0.0589213919087969,0.0291720609219769,0.0574363703878815,0.0232656135413914,0.0275258597900152,0.0462932103470284,0.0388065968091551,0.021646942320726,0,0.0313661066730374,0.0399539584424028,0.0364863490424968,0.0228470338462113,0.0379523961840128,0.0509062386378287,0.0437745434016992,0.0213932992822025,0.0518940013179678,0.0349605814671588,0.0604883586527199,0.0446854037400741,0.0179416625472749,0.0562395040569127,0.0181431399779478,0.0426934913722573,0.0451937993706783,0.0476476833619765,0.048490920962779,0.0465547176195518,0.0340115614107291,0.0271573660300492,0.0218304477170568,0.0398459904981952,0.0199321671504641,0.0538751076935879,0.0150753926694046,0.0219083057470375,0.0149739246437738,0.0400660159969234,0.0519641565875603,0.0372460018103257,0.0686132831978211,0.0672706623492883,0.0712510086876061,0.013979359922584,0.00871827208412566,0.0260923265670807,0.011161488650249,0.0453518229828407,0.0669756704326893,0.0494650157143603,0.0442075832350559,0.00358912603736095,0.0243676230539991,0.0551808441734965,0.0681597186728503,0.0227129441940084,0.033806026311537,0.0726090835277489,0.063914914847239,0.0125127226026903,0.0258352311795791,0.0309832783251927,0.0447107607784709,0.0207196139745826,0.0111712757543342,0.0268762303868341,0.0195313754665089,0.077367171392954,0.0193924890037782,0.0175589343633495,0.0114082177310526,0.016201174749338,0.0365071667178449,0.0295662387768552,0.0189424193327629,0.0333727694035661,0.0271338522722642,0.0225390205516774,0.0228596554752947,0.0156576210898618,0.0200008879393224,0.0408079292755254,0.02583969651018,0.0178758768938141,0.0318735449480966,0.0375559091406287,0.0159326882575649,0.0407187243250344,0.025493936178075,0.0548127400341401,0.0313345397117066,0.0314958725262362,0.0579176973004936,0.0429111366493924,0.0138522330909319,0.0753812441720777,0.0592206673799285,0.0702822425376938,0.0712954767044142,0.0392095361372859,0.0460041374517092,0.0245083512021136,0.0173058950250193,0.0224582005916507,0.0289641200831803
0.0183639876828273,0.0398151247271916,0.0211529443210752,0.0350325066574078,0.040231265147445,0.0416659709302672,0.0420289407535767,0.0380178578692187,0.0275530290672814,0.0351234020453334,0.0351921816726713,0.0457454919870933,0.0357148182990756,0.0313661066730374,0,0.0307078721559739,0.0527390582939479,0.0200339842084967,0.0588939336500222,0.0269534259241789,0.0426589135262405,0.0374183367696531,0.0413202066746683,0.03276904308959,0.0213132658786487,0.0598321277641911,0.0297827288499364,0.0425029499329957,0.0374559063409754,0.0488428404084553,0.0414126135309686,0.0439384842076464,0.043591315634672,0.0430232956065516,0.0400669995998326,0.0370372077026084,0.0199614541550917,0.0229486510398021,0.0487743921236554,0.0442272581328109,0.0435703722585268,0.0291872431512213,0.0160140427393237,0.0206824661040867,0.0268801378647767,0.0257576116160658,0.0264531675650184,0.031563468848023,0.0331856810637589,0.0270196444372764,0.0166628929682889,0.0330378110249006,0.019168105324144,0.0369316034471524,0.0177787112439629,0.022187680870788,0.0319652365991429,0.0329893868371095,0.0501187757464731,0.018955176568962,0.0404484411540674,0.0330592035720561,0.0266885944040224,0.0375557059088402,0.0409533166884637,0.0255626596558453,0.0327817203476914,0.0286032050317,0.0164700234386806,0.0250553218358604,0.021494060386843,0.0398851580155441,0.0188420940842272,0.0238629439392975,0.0207490331050131,0.0287358458386722,0.0208900049303959,0.0146302497504378,0.0219799376700068,0.01368913049653,0.0151219769063729,0.0390403402187935,0.0239747315351815,0.0263438987447068,0.0283191155673422,0.0291463318735952,0.0201839316579155,0.0177785118971568,0.0349678729714839,0.0348945981871063,0.0281635355159091,0.0183476345518286,0.0212341047240038,0.021216157727053,0.0203271349567839,0.0323486950342666,0.0310694030803272,0.038096977295947,0.0209430937098642,0.0298443930014091,0.0127084490025385,0.0270043641790494,0.0292783161201646,0.0388384788761075,0.0391140426638935,0.0159024531198121,0.0217716440014273,0.00858258307515037,0.0223089377342553,0.030992874763137,0.0360757437547009
0.0421590715621221,0.0259884239663019,0.0306662257868022,0.0112233995186612,0.0207651299848587,0.0158542285143122,0.027651845891343,0.0434106545878209,0.0208134704502485,0.0434598451362354,0.0253181954348931,0.0162643737001884,0.0227418695677243,0.0399539584424028,0.0307078721559739,0,0.025444941307369,0.0140729914824024,0.0326993976031429,0.0410323732161296,0.0353536608699161,0.0131923221584403,0.0325417943009986,0.0327331037183492,0.0249928744894811,0.031987496953413,0.0170274652840484,0.0299357280370533,0.020556484330988,0.0281003749335032,0.0332559983348759,0.0294246238568486,0.0292398464123056,0.0282842588088066,0.0220737652523134,0.029098939577666,0.0281820124480877,0.0439623663486282,0.0175758105246683,0.0737994148532137,0.0397028421341694,0.0162709683486536,0.0275276661907045,0.0242309203314639,0.0192270723397622,0.0312500778002172,0.0357406058903772,0.0490630641641013,0.018820021704811,0.0325423778517538,0.0257990599631165,0.046684292497017,0.0377192040132636,0.0126583979633824,0.0513293176571181,0.0462156501930137,0.0354712421750878,0.0402223770360313,0.0486142204214267,0.0525491637743188,0.0216297591824254,0.0233620049033576,0.0568557601326197,0.0143438473446587,0.0169252388675923,0.0344968647557386,0.0660667046641164,0.108406320215338,0.0960061110207088,0.0240408760041828,0.0467776608077226,0.0113916442871271,0.0281583539779052,0.0545284572458693,0.133121766919997,0.0193356792068344,0.0111101903634384,0.0218587980481603,0.0369258276336149,0.128350176292618,0.0286216688631099,0.0330148815808247,0.0302407430024376,0.0286112013499,0.0476823360754415,0.03928117018357,0.018173731344685,0.0245739996013491,0.0186738735200538,0.0244197422112629,0.0125812846454462,0.0283702383848549,0.030273098854929,0.0146085161734654,0.0317098527058711,0.02990156986598,0.0321091625989632,0.0365748634660118,0.0171390840537303,0.0253796310469754,0.0123443361521908,0.0383369893468944,0.0232402008187021,0.0246700172687055,0.0294050274241818,0.0822679277553174,0.0327708889815947,0.0389342581543142,0.0222040949585468,0.041154144433687,0.0255739734195159
0.0247597004406048,0.0376816642990745,0.0420468712914347,0.0300689108274223,0.0262161525038154,0.0174590280772056,0.0570657956318526,0.0354110792238354,0.0183712009975629,0.0279487390678818,0.0244549411103028,0.0248994735226359,0.024711364763523,0.0364863490424968,0.0527390582939479,0.025444941307369,0,0.0134841813863256,0.0491749225195349,0.0271333580056975,0.0362987037861807,0.0261318694386739,0.0169362127758194,0.0199693357384511,0.0188782576390903,0.0271101768870118,0.0223771900757934,0.0199734475912152,0.0332699042647275,0.0504185903916565,0.0202294381045417,0.0229253877660693,0.0193743095426395,0.0113862260172972,0.0183844649507795,0.0455143360312035,0.0161564626343268,0.0274590277560272,0.0326562522678691,0.0488061339878004,0.0683443088961605,0.0321972556189006,0.0116388271876758,0.0218452321662041,0.0298300152189222,0.034856573597727,0.0250018263875321,0.0262011655045891,0.0323507550460416,0.0291837692043614,0.0256378083081816,0.0203144475556976,0.0262727011301927,0.0129266662045078,0.0248875865277016,0.0362287734427092,0.022462273469428,0.0361456621785317,0.0325919108835274,0.0158903191891778,0.0302352227473101,0.0172105179798707,0.0492711580855248,0.0238361669124537,0.0316220959572239,0.020263359025123,0.0343376240753509,0.0362437242496471,0.026160220488738,0.0158736618033498,0.0254308219985352,0.025299645961493,0.0261194776036729,0.0302626970602069,0.0451232730903949,0.0293398166479255,0.0136714986045366,0.0206716781559083,0.0309131868157841,0.0450881103849133,0.0161472858240954,0.0285518491000577,0.0198736057265762,0.0290736700793117,0.0288620782098958,0.0297314061614236,0.0280880190709804,0.0206114799646943,0.020237673994516,0.0161310343860693,0.0242078494668389,0.0335197047676258,0.0390919618032731,0.0151914137391356,0.0203971490317834,0.0247182395444364,0.023151729131831,0.0368858784399641,0.0288836616973476,0.0113599261787128,0.0113883409170592,0.0266279101421151,0.0309936285851761,0.0175647295780695,0.0218106538628175,0.0339014224561196,0.01588691815905,0.025517779243261,0.028336032075586,0.0366130525065549,0.042882819940208
0.0236650297158917,0.0325811115130065,0.013394877098631,0.0665273541186553,0.0182812750225763,0.0293456300741746,0.0338985258519896,0.0254887325598431,0.0224099185943474,0.0267083763903552,0.0309225681723,0.0223490352716957,0.0291821355602438,0.0228470338462113,0.0200339842084967,0.0140729914824024,0.0134841813863256,0,0.0240016768888967,0.0170341881825656,0.00955262262542488,0.0375675994826118,0.0203144051306862,0.0167566824042178,0.0230538111800691,0.0219768186184006,0.0163765230884894,0.0128673067128652,0.0180952360345729,0.0283655712152381,0.0082691836142599,0.0103900453587787,0.0365192673202585,0.0176487966988176,0.0300824712748105,0.0364359738254565,0.0284627774130893,0.0279582164811519,0.0405841176320365,0.0410905435666973,0.0407313258893148,0.0321102559631311,0.0293123936366717,0.0202868597030754,0.0403039290394131,0.0224827939504693,0.0157780539866915,0.0321147084187236,0.0403650309221141,0.0376327414486462,0.0431748601153925,0.00892807310058091,0.028126329635826,0.0449856725408643,0.0439476552759232,0.0144141920790287,0.0204068343077623,0.0327963548482324,0.0190347394308347,0.0311035041256708,0.0405121454112538,0.00737405339358179,0.0280222867081469,0.0329693239137256,0.0318888903842768,0.0121123550734151,0.031270917252594,0.0271897361063669,0.0157209381374779,0.0100102622630317,0.0263668596706242,0.0431511545198506,0.0156848850033952,0.0240080641597319,0.0206167672579947,0.0174124540907457,0.012576524112654,0.0355420255079954,0.0176448862056359,0.0188595205627669,0.0143819673472175,0.0297726940248342,0.0121332438180625,0.0347482867156448,0.0244445381328001,0.0275286307758866,0.0109915277231816,0.0158341681493579,0.0192103421080862,0.0177372401570269,0.0212586588368985,0.0139238803940301,0.0371324884557917,0.0267805637595917,0.00740395024118294,0.0154499165185787,0.0141410665386475,0.0266565733650069,0.0157782074218438,0.00850144538629488,0.0170244301889144,0.0115856243054706,0.0182195025903473,0.0114949898857091,0.0159302094167013,0.0497132960739407,0.0147857720355517,0.017279334316415,0.0299945441480796,0.0384230980957203,0.030183283922367
0.0302936725741751,0.0467266117107257,0.0608810449609935,0.0219283810452641,0.040306711008186,0.0151717664206284,0.0420642765873202,0.0360181095371865,0.0175678958657023,0.031308796179247,0.0411251841341473,0.0481538968986537,0.0190279040115938,0.0379523961840128,0.0588939336500222,0.0326993976031429,0.0491749225195349,0.0240016768888967,0,0.0369591768796329,0.038772550147349,0.0243285842744953,0.0499163338546685,0.0220652040936756,0.0337923144136816,0.033057994672458,0.0237731910884882,0.0683967643813023,0.037136828245592,0.0453641462714808,0.0194671572423982,0.035073119006524,0.0259045059054203,0.0417738997407752,0.0264415174791597,0.034244754268981,0.0174449975668199,0.0218925103711329,0.025208390417117,0.0132976965938006,0.037113352398551,0.045195800017213,0.0114471202056969,0.0392022439964221,0.0434398849349451,0.0474977527118023,0.0667040932950642,0.0238360142923565,0.0436239199271954,0.0249390956471807,0.0300392311334275,0.0230653723696424,0.0221595256715386,0.0254031090685281,0.0157312483800596,0.0450919451806491,0.0180305935666049,0.0305914488340755,0.0340416886837981,0.0114659962350487,0.0185157209447775,0.0266605268765799,0.0666254685647131,0.0399077221317641,0.0399589378978591,0.039709258330709,0.0380824812630256,0.08088814656459,0.0515114730658145,0.0474808005708207,0.0446401041608047,0.0277070893031718,0.0415580892026925,0.0298832923441054,0.0904346860565404,0.0524777511032887,0.029209002890594,0.0320299419512745,0.0593877346601014,0.0686178166622583,0.0457906046042365,0.0332133469512876,0.040361748797493,0.0318436430720141,0.0328327989465271,0.0302256962846084,0.037195726620418,0.0450396441036533,0.026680494217934,0.0293120197671407,0.0435190566456208,0.0489988694845303,0.0466316385849911,0.0182762499341158,0.0215592277563108,0.0247229283278074,0.0363869428893541,0.0543770044157826,0.0514925875094079,0.0407281852977937,0.0129470752961481,0.0385949761332239,0.057123005702609,0.0463094298677525,0.0912072274575858,0.0201860537001537,0.0264903786519707,0.0499732932328695,0.0282123438437562,0.0539200587461118,0.0399542167257996
