0,0.0455122752282407,0.13083337130424,0.103788668255741,0.14284683716787,0.0226995868283349,0.0804914379468619,0.00931616359425038,0.0910949636467529,0.117334809992999,0.0119777519764488,0.149418660360499,0.0216373223213253,0.0179554307625537,0.0389792907626011,0.00850204675049352,0.0605929191234184,0.0922085012683664,0.0431991037978617,0.0369565518083558,0.082822788488528,0.0840102178057644,0.0308741670791732,0.120512394172192,0.0779606254389904,0.0807635609830037,0.0427249701591308,0.119305737258884,0.0173215312476966,0.0948973843956093,0.0187077745093304,0.0752834850962484,0.0820672103662867,0.0762605290256701,0.0931800981215572,0.115462587296639,0.0883036532054971,0.0826284486955546,0.0458414745004978,0.0134035175027692,0.0963435597891722,0.129291150769788,0.0456555093941314,0.0928751305745613,0.0311612216829766,0.0838576009719443,0.0471520166773347,0.0988054161860404,0.0961690494203483,0.0919019396326684,0.0969069531497565,0.0808939541102242,0.108048602415915,0.0484866458054517,0.107673360694673,0.0391839826426852,0.0285656150852751,0.0722045307468251,0.103720051852456,0.10986545553757,0.123681639252287,0.103639775925641,0.114908628854867,0.100400894506575,0.11554917613637,0.115645401282939,0.0189935055422325,0.0158603558305841,0.113675185417581,0.11745079011761,0.0971426755860757,0.109773694643445,0.0382250549197701,0.015060244027914,0.0682070020464027,0.151887493889853,0.149695484914717,0.0320894702917399,0.040624624805833,0.064264438720552,0.0601903172405757,0.0251837411757275,0.0657392880560919,0.041432726774956,0.0158032894262795,0.0942464998997004,0.0419191482727914,0.0720258818091603,0.111684174409032,0.141409147310876,0.0665624917215506,0.0554662818402268,0.0745692414223251,0.118548012918727,0.0740096037084898,0.0507691464638101,0.0396693764748351,0.0234686907996661,0.0161591878790326,0.113316037561018,0.0527781165200548,0.0886519306619412,0.0273515574866123,0.113420389560599,0.137250488236126,0.0670130970601099,0.0837298792975788,0.0934780256108908,0.0814577707119623,0.106034945417578,0.0634634465727593
0.0455122752282407,0,0.0548790904798911,0.0336319270039919,0.0418803477894285,0.0316947875524049,0.0431785245610684,0.0482765988242916,0.0418433691213818,0.0445126790617134,0.0210091424266239,0.0434486473439013,0.0176905012369015,0.0286511620026875,0.005929681216024,0.00741234707097524,0.00776926445082614,0.021732583194443,0.0112206493062004,0.017862051572934,0.0106943546440876,0.0114049253283673,0.021381328190871,0.025052815459263,0.0344368679365658,0.0347130970284801,0.0237807360694241,0.0306206369700183,0.0158070108288351,0.0289726771618527,0.0286538273827001,0.0266754118967982,0.0284744477639128,0.0202659637274911,0.00571041209172044,0.0474733870297769,0.0239287848249808,0.0404506640113696,0.0156187692219704,0.02413141065404,0.0390631944974613,0.0149845538825876,0.033118813493068,0.0656771959280638,0.0290362690394671,0.0395102631172116,0.0295754218321313,0.0251837869194715,0.0343066159059275,0.0418645327373198,0.0148417100781759,0.0291337894077377,0.0302643554372422,0.0238117671368482,0.0358545485685886,0.00629479611978325,0.026414207206318,0.0415956340742256,0.0182008476288298,0.0094076548409249,0.0227758726087402,0.0222623364287122,0.0175819447706827,0.0074077655874624,0.0111841862437105,0.0137322355401818,0.0248274950856659,0.00977313030843913,0.026442294574269,0.0195329687997343,0.042175937664778,0.0399681572570221,0.0318037017617465,0.0243650557181515,0.0254715862163999,0.0246998254980883,0.0303546395344456,0.0625374353693768,0.0203594157732384,0.0482064006148147,0.042020751888818,0.0269500716681995,0.0304724433223483,0.0364449091574351,0.0422187935379187,0.0348882977510355,0.0220551446302032,0.0238998752532338,0.0253472844682523,0.00981336662738114,0.0299808350910505,0.020101268372552,0.0316677147928615,0.0293699340429396,0.0253528162166899,0.0176823094864337,0.041070757449861,0.026874518118411,0.031374547110765,0.0467722747277757,0.0360289319936646,0.049804666515261,0.0455200279738319,0.0375880412069239,0.0527530801158939,0.0503048094233911,0.0253090739573591,0.0573088194817348,0.0256772992923955,0.0502939863318928,0.00776305793649047
0.13083337130424,0.0548790904798911,0,0.0683203646890394,0.0991082637247815,0.0479896895877638,0.0579170879308618,0.0536056855689511,0.0570740320746538,0.0736466730502804,0.0418314101805344,0.06967809548096,0.0304157810774208,0.0316644334314142,0.0110032473116715,0.0286393901391762,0.0445198250515188,0.0712219557672499,0.0395605715842145,0.0128397288494427,0.0583105588308246,0.0765544544673441,0.0122542654001857,0.0853814786381868,0.0388711810796022,0.055713459357121,0.0265176735890113,0.0609823444635889,0.0148788219035361,0.0569861470733444,0.0201283480482401,0.0515544443608235,0.0711506670402988,0.0472891330674764,0.0700446323426669,0.0477713905976375,0.0598019332018861,0.05638496244306,0.0536954899057116,0.0269335773063071,0.0375864855943261,0.100783785953975,0.0468679639741044,0.0169925238700182,0.0207198564419345,0.0485465087955106,0.0417698277381712,0.0693606179470719,0.0302216673993358,0.0120993708149477,0.0680193483787645,0.0417806160793101,0.0733224422812731,0.0253166889578412,0.0800607530913285,0.0505222996671736,0.0139731708730505,0.0415929590014231,0.0849358413993912,0.0766610828905989,0.0817285752838497,0.0541722592177001,0.0592984163129798,0.0759763211161853,0.0828344686791478,0.080181018188935,0.00833922770127555,0.0459739868582921,0.0478363720358712,0.0594659909181555,0.053260285418875,0.0715876702325815,0.0102468401324423,0.0527144451193777,0.0290015378742881,0.0883673023924175,0.0845631686280867,0.0334828803410965,0.00814103108862459,0.040183368473515,0.0307783413869174,0.030404103302132,0.030192957169773,0.0206097207491545,0.091923720938085,0.0620618285786141,0.0133942801716232,0.0104483297850025,0.0854530278177425,0.0842018882553843,0.0175250884613762,0.010375594175206,0.0463810667541635,0.0132806269705768,0.0374054510807576,0.0452047491475426,0.0230179978122998,0.0324044792055255,0.0141342035520504,0.0685123493065056,0.097897424886739,0.0877804696029468,0.0379125494222438,0.00875116321096692,0.0628029640226023,0.0534889631552547,0.0656172286345144,0.0855045769334905,0.0217505698374692,0.044006170189654,0.0897393367869806
0.103788668255741,0.0336319270039919,0.0683203646890394,0,0.0345259106751284,0.0348804127006208,0.0309233427045678,0.047714184252202,0.0317387757642463,0.0385044886391048,0.0270785032143565,0.0216423882828622,0.0130759070743655,0.0235613161283192,0.00498467613077747,0.0181872394371567,0.0282525130503595,0.0329188065905937,0.0118727068488193,0.011643676052562,0.0293981330608974,0.0218961838830495,0.0140279340745717,0.0104723849098113,0.0163668045420131,0.0196325133901967,0.00669503258795782,0.0232757441967451,0.0130233006398715,0.0249521324895224,0.0151813228180299,0.0289979298629139,0.0578134289290028,0.0223130635682818,0.0265854318038778,0.0258029011706312,0.0271891517332345,0.0315256957726003,0.0280931650500775,0.0206928178155586,0.00845845530887193,0.0477933203241501,0.0296596772527818,0.0293898280343197,0.0151652412147136,0.0232275690535055,0.0155639962274273,0.04546946167929,0.0169299819998798,0.0171389718307374,0.0313725908457221,0.0218703726115246,0.0396369608719362,0.0106750723923061,0.0465210234206134,0.0226640483984005,0.0243816138424413,0.0278302639679072,0.0370673944625123,0.0335706297472495,0.0308203722506439,0.0214994398828304,0.0154743349058976,0.0321578778163235,0.033999479367566,0.0369335396575484,0.0128086539527164,0.0209126413307119,0.0107094065876202,0.0147848775308418,0.0338152894234994,0.0401634196884668,0.00974537864685389,0.0335409717418148,0.0176270300576335,0.024534757541813,0.0346977512540385,0.0457420083987025,0.00736758534136192,0.0340079890770834,0.0200442393035238,0.0240606230328046,0.00941183566560143,0.0179607498977699,0.074280604235115,0.0363374344028719,0.0177357776382318,0.0272935853094579,0.0636554941333039,0.0371763871558281,0.0181141162018996,0.0134548963286259,0.0399896096031269,0.0231458428810883,0.0200476805973953,0.0465363630287859,0.0223349613963154,0.028658631536105,0.0128344339602918,0.0172113445121661,0.0998618537352946,0.0916488040585806,0.0445847919573658,0.0402556557679319,0.0610572950760102,0.0814231514565729,0.0335175040727495,0.114801086477419,0.0305257575468787,0.0885018515719447,0.0465542836763159
0.14284683716787,0.0418803477894285,0.0991082637247815,0.0345259106751284,0,0.0299560800091912,0.0218286813755055,0.0570674320177739,0.0221221376578635,0.0395484799335004,0.0267529151908665,0.0199285424551112,0.0113711756446032,0.0244519910560812,0.0108909758991455,0.0169629085728639,0.0255256023883555,0.0275730511957229,0.0146276335901371,0.014893322578274,0.0249906972037173,0.0223338307755812,0.0122637532659872,0.0201686130267852,0.0168067106622962,0.0222802995656457,0.00874081333798584,0.012156251802508,0.0144012791670758,0.0175969132992303,0.0156894448342995,0.0161725672406911,0.0385297077914574,0.0162571615105137,0.0333063477260142,0.00988062332238092,0.0341620418778456,0.0283357229433825,0.0369929210969198,0.0180570156162852,0.00325576583942956,0.0662877344867834,0.0257338492723125,0.0246117447847074,0.0159217750054921,0.0264899990599738,0.010297436202868,0.0272123463194044,0.00260256313142888,0.0211804183795304,0.0269404630590741,0.0227576161414658,0.0509240805776999,0.00682116674946987,0.031184811692883,0.0176864181922399,0.0232498019125617,0.0191598363061619,0.0335261425567283,0.0277033645340988,0.0293579094994435,0.0259198541701034,0.010476808022404,0.0304791045965512,0.033381370590965,0.0387171619273187,0.0114265417037614,0.0271674294761046,0.0145406119420333,0.0138635561140235,0.0258754635736122,0.0312623421126568,0.00078670643300971,0.0280404632937187,0.0147865424770203,0.0349302009952058,0.037459119005956,0.0419302805171156,0.0049891688674979,0.0268138597991727,0.00791556480969895,0.0165574099436306,0.0112804059340321,0.0128086989147524,0.0827649893476611,0.0238187532257427,0.0144237976015113,0.0274341495464528,0.0719293659764787,0.0457772042573895,0.0180959346397048,0.012649624136487,0.037235232753242,0.021528387358356,0.025475343456241,0.0459479775212848,0.0186040729075487,0.0343002272045608,0.0114467923226336,0.0304632179028049,0.0854000280473332,0.1139283688524,0.0528096683816301,0.0450047094170888,0.0873075651325832,0.0835519872918879,0.0213042976926022,0.121567027484598,0.0470447566203527,0.0547365788758595,0.0590777858827534
0.0226995868283349,0.0316947875524049,0.0479896895877638,0.0348804127006208,0.0299560800091912,0,0.0316960856887596,0.0293868470398331,0.0316334950787553,0.0325243873364719,0.0389730924430513,0.0315894668927776,0.0307293445547324,0.0248228608857293,0.0156913400309627,0.00893539507913556,0.026768524502363,0.0278103199527057,0.0108427755341112,0.0140634429217419,0.0266906514375911,0.0220797837868644,0.0230640646471167,0.0248078005107814,0.0286716218941495,0.0268866585846226,0.0332854867659175,0.0361208615776204,0.0290557520045059,0.0287861827127984,0.0112683804909113,0.0290038145282236,0.0275411702979165,0.0273494093570183,0.00499072335422183,0.0358897785212571,0.0198415552012784,0.0274407342851262,0.00971164500968095,0.0297014449669017,0.0350642759448967,0.019719791191534,0.0258369171795716,0.0241030254884653,0.0431608593900266,0.0326919093028311,0.0406004221836156,0.0283843214454158,0.0484994667364379,0.0528270709351414,0.0253426635145327,0.0371049511781855,0.0179536494633118,0.0332487910050111,0.0310853375115763,0.00622578295805639,0.00901274030693176,0.0283755615915246,0.0254287583134294,0.0202676058228302,0.0197944066987907,0.0191505880620508,0.0175194463783763,0.0117699937662037,0.0192743497685996,0.0163242630946487,0.011652886720249,0.034053180467793,0.0236850906930312,0.016347459019611,0.0281734083368052,0.0259044032738782,0.0405699040723126,0.0139049233427084,0.0112124972848633,0.0185646411202799,0.0206495968749931,0.0593030928268308,0.0559112432481628,0.026150520740464,0.0398665367265765,0.0334271128560678,0.0313316895684509,0.0622945417407223,0.025644088112293,0.0315303497451585,0.0700031832272645,0.0728613179593927,0.0246620228700502,0.0116710578987943,0.056824483610265,0.0679570064673292,0.0340240174075992,0.0203280093620089,0.0209515458196611,0.0666998689940461,0.043334085155295,0.0446177106836329,0.0218838562509964,0.036258537404754,0.0309755504660161,0.0588897212242757,0.0359787690647088,0.0408999808111174,0.0454401608955665,0.0483647072237505,0.0347384568107463,0.0501741678033041,0.0448463139206447,0.0408124902875827,0.0101931112023133
0.0804914379468619,0.0431785245610684,0.0579170879308618,0.0309233427045678,0.0218286813755055,0.0316960856887596,0,0.0547678669919815,0.0101943199242682,0.0330167289369593,0.0198703203027342,0.0222807664882964,0.0102796649749897,0.033594201454515,0.00624369795430676,0.0138268537194945,0.0340854473166177,0.00906561703002807,0.0047103551429769,0.0166522470548447,0.00911948326551699,0.00662733591252075,0.0260080627339687,0.0040938507383879,0.0234831371532898,0.0318868219418135,0.0089196976717836,0.0293620727358687,0.00599145269473165,0.0281499173139644,0.0106752678404969,0.0404817912030197,0.0326654389691793,0.0298452582276155,0.0107595482876764,0.0242940960525568,0.00764629142976054,0.0448194000773127,0.00887415566559517,0.0267022684940176,0.0210958811738588,0.015636934850468,0.00857116327455705,0.0535793132924464,0.0141600565541828,0.0504212006169596,0.00989318543671177,0.0356822897640189,0.0268279218524738,0.0223298172998488,0.0356052691729142,0.0351236280142294,0.026393134869697,0.0104675884230976,0.0213694601939806,0.0123742340139943,0.0236044904357381,0.020859924390968,0.0238885988344256,0.0198346583583009,0.0176846854352841,0.0163531841782254,0.00991335584841509,0.0197209984553742,0.0169794735529417,0.0137816504298132,0.013785512331049,0.0151606684950675,0.0083826475637234,0.00827870152163128,0.061590307834032,0.0313042964587458,0.0256954118606539,0.0231702611349992,0.014082920219628,0.0101257748567611,0.0199826469577572,0.0640790125629373,0.0187899868573412,0.0511369666666564,0.0303303072962825,0.0169819409934278,0.0118008835848557,0.0361942523664323,0.0703484836221761,0.0247866804830764,0.0259196600845915,0.0412200540475212,0.033042116507511,0.0170232504980233,0.0376797377836013,0.0235238608981302,0.0436091473011771,0.0256195717304903,0.0197616625542688,0.0454943856808042,0.0295528379628414,0.0225495240373076,0.0197743127833523,0.0313134236852754,0.0755322140204469,0.0821894033366759,0.051907989804315,0.0378873227927961,0.0515404901969019,0.0773437486052998,0.0352404162988023,0.0999908979450621,0.0267822988313674,0.0617463774821835,0.0247466024167051
0.00931616359425038,0.0482765988242916,0.0536056855689511,0.047714184252202,0.0570674320177739,0.0293868470398331,0.0547678669919815,0,0.0577266751208541,0.0576422678112136,0.0271502422799205,0.0627847581388171,0.0253370076608268,0.0197386570763599,0.0138535797876619,0.00214805261930119,0.0374798983172046,0.0432263723824569,0.0289409933167091,0.0261778947471901,0.0345923907253168,0.0327711533387353,0.0186280303188255,0.044960559827603,0.0609933363315046,0.0440662320598263,0.0322170340458983,0.0496983580087198,0.0106614033746436,0.0529390433926923,0.0143446872754594,0.0411605447049501,0.0394516586903775,0.0449102018692244,0.0228448706132512,0.0649353245845108,0.0371124946357303,0.0515403909315924,0.00769502611294292,0.0258751004744658,0.0564898926126493,0.0437925436564793,0.0325336656493384,0.0641142454866401,0.030520732792386,0.0542603864681384,0.0329417418072018,0.0442997674031385,0.0591279962729866,0.0543223009477935,0.0525835732251527,0.0445847194975664,0.038741427129832,0.0389829280451504,0.0507920436917772,0.0134307123244283,0.0239519587112168,0.0395781720359144,0.051328867407473,0.0399888575048686,0.0484269972256706,0.0386984445171131,0.0398594152974854,0.0238497875258391,0.0414145071095436,0.0396719511981349,0.0323152931417448,0.019124242502527,0.048789823670177,0.0397649842172449,0.063424486840991,0.0545307938246521,0.0318381222901094,0.0109196576839476,0.0210768949293279,0.0615435071259898,0.0573350934640072,0.0541375465150869,0.041444631430163,0.0447252532299241,0.0476232751275637,0.0188719909926427,0.0405026988719771,0.0412116785896445,0.0401010407315456,0.0498441585502855,0.0360736128643465,0.0481513794593057,0.0442858410708159,0.040075518480859,0.0482048522277634,0.0405050170481451,0.0419450113205429,0.0496436634367631,0.0424815144776882,0.0382846640202586,0.0336303984320221,0.0240949931437273,0.027062469714676,0.0590688507155099,0.0292247867161043,0.0395245717789117,0.024485687066974,0.040267184927385,0.0562352338909347,0.043314181356646,0.0517325828877721,0.0421811253537103,0.0257719931871546,0.0556081903867088,0.013079536196735
0.0910949636467529,0.0418433691213818,0.0570740320746538,0.0317387757642463,0.0221221376578635,0.0316334950787553,0.0101943199242682,0.0577266751208541,0,0.0262857962882387,0.0197080896318755,0.0218326492549982,0.00876390207426936,0.0299196993320496,0.00564442016523616,0.00947811982020684,0.0491939291040461,0.00954779424340716,0.00403446850224961,0.0141132492587217,0.0221433127080719,0.00862963633103435,0.0253496093684959,0.00285740727503656,0.0148751441092945,0.0203057624140907,0.00261662528513765,0.0369741358573015,0.0107380628872096,0.0234706595492747,0.00788326479211912,0.0430458692621138,0.0414222475795442,0.0213253005216398,0.0150776162350005,0.032460561033932,0.0123487997908404,0.0265378128431134,0.0157469920213316,0.0255516681237677,0.0227602169921852,0.0171228749243312,0.0121028855400828,0.0402113853218274,0.0144670109680297,0.0266437646815716,0.0135477220396089,0.0301978103329024,0.0278839430059667,0.0294221272649732,0.0234634136760082,0.0405810867376284,0.0216924723858708,0.00666859182542351,0.0177999938236671,0.0118190836014601,0.0262367660224099,0.0165546222880771,0.0250188489258633,0.019917029268067,0.0131962151051521,0.0101466925349803,0.006637403596729,0.0197498709894629,0.01502980479479,0.0104028654012572,0.0144353497339481,0.014387810373534,0.00388334356735446,0.0058802702422945,0.0554678243339725,0.0279512945284686,0.0143188389831146,0.0207117071759434,0.0137672767309945,0.00745435470899504,0.0148800046216015,0.0534927150002822,0.0137979367793967,0.0450905495333889,0.0314848822372039,0.0140363574937976,0.012404000270214,0.0201124691954819,0.0737266788899698,0.0202094371571534,0.0213306212770148,0.0370266584237022,0.0363096314216261,0.0147103207892736,0.0342174046285064,0.0220057975931041,0.0395885870385751,0.0254466458421015,0.0148814945980415,0.0468101147815473,0.0181296588252569,0.0290597658031592,0.015790483702033,0.0309029094139154,0.0802024098778327,0.0793427538396233,0.0570579080903352,0.0397243811818102,0.0506341913253037,0.0754873492904254,0.0210987869653195,0.0882520318653943,0.026466997733087,0.0536868207309262,0.0258854427448925
0.117334809992999,0.0445126790617134,0.0736466730502804,0.0385044886391048,0.0395484799335004,0.0325243873364719,0.0330167289369593,0.0576422678112136,0.0262857962882387,0,0.020121094414259,0.0318768464250926,0.0098148936751522,0.0250372927640276,0.00946077711060881,0.0174180449656663,0.0262581260272744,0.04753318202877,0.0243233189862477,0.0163415101549209,0.0322261857352526,0.0338861221779838,0.00726238836867418,0.0248348916196687,0.0143908980780733,0.0175198376000727,0.0112223770789691,0.0303685034022497,0.0193508428019806,0.0329160425898352,0.0182964420072038,0.0241192789472418,0.0449380257692068,0.0265382398550066,0.0350732302937112,0.0413114201408426,0.0468121524016907,0.0303691408388856,0.0403045371841494,0.0173769836998647,0.0133377876638561,0.0686031195739547,0.032121201710498,0.0159156798604327,0.0194728910776386,0.0161033594530413,0.0144094174520722,0.0414933342448749,0.020721648257014,0.0257792559808825,0.0353579373712488,0.0280763603739534,0.0335341106989593,0.00893249113360572,0.0425266690083235,0.0259424703140936,0.0270363614055149,0.0183573268885685,0.0321477989809868,0.0386588442209427,0.0482334441249378,0.0240442228694987,0.0281562464074554,0.036945730345949,0.0505216679740509,0.058259805581369,0.013259324705135,0.0241091402967602,0.0223026988866874,0.0168115022033251,0.0152694549099238,0.03408853592373,0.0018884345896468,0.0323069695766389,0.0181790170470341,0.0300256871661466,0.0364462339980264,0.0472810956085961,0.00707420894847983,0.0170901916440257,0.00942934058733218,0.0160342732767314,0.0128337046022419,0.0183978471216022,0.0771443136348806,0.0315662202665874,0.0171390470477679,0.0270429067940438,0.0681524578072418,0.0414000002194466,0.0189370250923535,0.0142972312898015,0.0278353452090438,0.0260720311019214,0.023185069275627,0.0434291915986201,0.0228022758514158,0.0254862634500449,0.0105810459023816,0.0402659382717527,0.0910775231776579,0.0909425107611293,0.0519015216353703,0.0411848924204726,0.0676344112327643,0.0776403049733384,0.0341642500993928,0.099807497134211,0.0282408840801579,0.0546448102910853,0.0510509524050536
0.0119777519764488,0.0210091424266239,0.0418314101805344,0.0270785032143565,0.0267529151908665,0.0389730924430513,0.0198703203027342,0.0271502422799205,0.0197080896318755,0.020121094414259,0,0.0296540343937478,0.0271537120415633,0.0199378524504712,0.0149179547551514,0.0154538439725183,0.0270074634386103,0.0182703709103702,0.0140835082502432,0.0253473889543829,0.0178484646894507,0.0180238709000004,0.0205616117723983,0.0177018832808989,0.0137959655770884,0.0201686715671548,0.0164523219660333,0.0244221545391773,0.0225135376348528,0.018668050819671,0.0193781334547267,0.0206466805252236,0.0192555757860237,0.0187309554407199,0.0189399553324531,0.0193350543090495,0.0155377709037659,0.0243535628987488,0.0305256095895627,0.0491224568335894,0.0234301856167136,0.0256793929347932,0.0232702166362752,0.0242839699685638,0.0615766859439858,0.0253911042384536,0.0130354288522573,0.0277457437154968,0.0422802704591447,0.0475806519354518,0.023119417202345,0.0257261488569872,0.0247092875350304,0.0135282961026023,0.026650277347356,0.0199753574993619,0.012972254060661,0.0184658976797399,0.0254127153992182,0.029963590126192,0.0284723311588345,0.0207598334500155,0.0283433424246839,0.0340973359473482,0.0302632120270742,0.0252408025394979,0.010228200381662,0.0252511978066858,0.0239751577186484,0.0207031860726511,0.0161667737365204,0.0131416085714659,0.0560558413854387,0.0239377880809923,0.0422520600419563,0.021931498474159,0.020750146094253,0.0221071720993392,0.0265523582714782,0.0212521715164163,0.0235810110104729,0.0132280309010382,0.0147925831845524,0.0273724617769803,0.0156884183706247,0.0205245097024488,0.0257668789661078,0.0384413381213124,0.016647844060534,0.0211646627143294,0.023662911764625,0.0298330880102617,0.0166630197746677,0.0332882891227146,0.0141571512772572,0.0278614000208884,0.0101491815752549,0.0117535552112311,0.0239443498312331,0.0241153101456683,0.0223443216754142,0.03105401238212,0.0372277195561048,0.0503462542520381,0.0390447748206383,0.0177955875877494,0.0201246408522373,0.0291592471064513,0.0301463595935603,0.0254518822333784,0.0121225604245062
0.149418660360499,0.0434486473439013,0.06967809548096,0.0216423882828622,0.0199285424551112,0.0315894668927776,0.0222807664882964,0.0627847581388171,0.0218326492549982,0.0318768464250926,0.0296540343937478,0,0.032170968660289,0.0311684930593029,0.0223079625223809,0.0255502657756902,0.0256499420137849,0.0255599190117318,0.030762034977639,0.0243733199505449,0.0216418613999544,0.0263582149233444,0.0120433411674361,0.0318960292137008,0.0300787014934771,0.0232546749386291,0.0171641396424729,0.00931271804521718,0.0225803576889856,0.0224931017244169,0.0222452593361081,0.0187185282005809,0.0280560045154441,0.0197138906717051,0.0396508180443084,0.0179703914396384,0.0245892607330366,0.0294123036435706,0.0395044629177646,0.0301042884377991,0.0187800502344913,0.0356676912791695,0.0280317920990937,0.0142181353237034,0.0365389991009974,0.0272976709860742,0.0167917644554201,0.026187853956472,0.0245562769773131,0.0334540550316747,0.0260745766770508,0.0181195259417256,0.0386607922521235,0.0153781390291129,0.0264302038154136,0.0338669698054826,0.00958769108203746,0.0209522896527891,0.0409477966416533,0.0260682243761042,0.0241545018574364,0.0316788941282048,0.0158392181425445,0.02278022932714,0.0248734767102059,0.0254304249319765,0.00663733473478354,0.0601575630905253,0.0204585865859828,0.0467297677304963,0.0244607485590161,0.0317130670189471,0.0212189464074926,0.0481835183030254,0.0161499412876053,0.0505913830498078,0.0415651720616257,0.0276863416914926,0.0128926188415316,0.0228707395313786,0.0185761006607044,0.0211525345550721,0.0152563391271152,0.0189590616217826,0.0852684550221,0.0240303636837716,0.0260317629702116,0.0275497256424094,0.0436332001451147,0.0304848830384152,0.0204845661518062,0.0253344667305168,0.0441890747306915,0.0166055171291326,0.0368013724773879,0.0547145312845342,0.0189493071211037,0.0471399826478928,0.0204807813352749,0.0219741405411352,0.0482814215421195,0.101851024089343,0.0571421027129318,0.0326579864091355,0.0441299633618063,0.0536195199317147,0.0243461451264919,0.0803523469631439,0.0410619072633431,0.0224026902927657,0.0887528894970191
0.0216373223213253,0.0176905012369015,0.0304157810774208,0.0130759070743655,0.0113711756446032,0.0307293445547324,0.0102796649749897,0.0253370076608268,0.00876390207426936,0.0098148936751522,0.0271537120415633,0.032170968660289,0,0.0170679505905291,0.0378872136955979,0.0106401472597947,0.0109359007858069,0.0155859776679471,0.0314948487088155,0.061601360274667,0.0165407598104885,0.034454452032631,0.0122893391837426,0.0292465863286237,0.0149964740898287,0.00446275214273996,0.00734749875009327,0.0178415087212066,0.0244202988859399,0.00601829837096867,0.0214586671245145,0.00902166766776598,0.0122693989131515,0.00922861848931098,0.0149500408671649,0.0122738360677973,0.0094782093189371,0.0182833677428533,0.0366105830599406,0.0452814595631003,0.0105147252174119,0.0099993150315791,0.0160737805443147,0.00758087635652805,0.0545813494178218,0.0128916200631749,0.00993379408365864,0.00843961925364467,0.0326674190472954,0.0389977218647564,0.00696416259313306,0.0132864861292724,0.0118741580535487,0.00734487993601175,0.00954715303793155,0.0203787274243674,0.0134247468121571,0.012368767612008,0.0125188443548129,0.0132963524518673,0.0103152963981586,0.00552899646954306,0.00781027979838363,0.0156381981384787,0.0110729578993371,0.0100630570497712,0.00422491013077408,0.0496135812287027,0.0124156576148042,0.0287587556151037,0.00499112910790638,0.0122338610037626,0.0833601798428126,0.0395412493855949,0.0372407335815965,0.0113337402047961,0.0145067447085479,0.0330055859118512,0.0308174942389317,0.0173475515599644,0.0117307064181281,0.010762072709538,0.00386453247584322,0.0389806392742566,0.0275428192861789,0.00941487418605418,0.055560362794126,0.0420254259958925,0.0118794464985275,0.00519874270361529,0.0233009407551999,0.0436778087246469,0.0270022096856368,0.0277130634915875,0.0214572293126103,0.0528054596602153,0.0259219232209744,0.050420838477176,0.0458613893882003,0.0140315660348065,0.0128572053708125,0.0345683912083972,0.0250773795720177,0.0324002313462503,0.0257734400222329,0.0174983798769038,0.0114534698914244,0.0151530682743696,0.0148668782668512,0.0170375900319738,0.00498152597250905
0.0179554307625537,0.0286511620026875,0.0316644334314142,0.0235613161283192,0.0244519910560812,0.0248228608857293,0.033594201454515,0.0197386570763599,0.0299196993320496,0.0250372927640276,0.0199378524504712,0.0311684930593029,0.0170679505905291,0,0.00538212054537948,0.00344315627342624,0.0116004095355252,0.0153356806251872,0.0164258429444812,0.0164988340465908,0.0131915217477928,0.0159445448940699,0.023162552469471,0.0177858257748841,0.030330269710186,0.0205656375956548,0.0225922585535001,0.0285689487218187,0.0125510589692744,0.023199838113896,0.0087535996352917,0.0146091866167944,0.0136762302357155,0.0201950723517938,0.00128797136533794,0.0413689304046944,0.0150506799278266,0.0210534601341362,0.00516160704941993,0.0246271924392915,0.0367504810739312,0.0103408050420683,0.018674046207844,0.0478364121546853,0.0333524650752171,0.0223415918681787,0.0229050299208313,0.0213902961615714,0.0504759417716617,0.0483000903504062,0.0223975987605888,0.0281402717567611,0.0128092433607518,0.0222592287420619,0.0211445277130193,0.011457431536925,0.0262780372666212,0.0169298826134889,0.0259036772008145,0.0202535518502983,0.022655114860143,0.00983061899916833,0.0159355515805261,0.0127649019756904,0.0189903003742985,0.0138920697649338,0.0250478407540539,0.0148172697146697,0.0159432538834563,0.0136297234645706,0.0230543721512165,0.0178198538143826,0.0291682344293902,0.0154943590928013,0.0119580126638574,0.0198059653981144,0.0171718254246104,0.0857217043809545,0.0473616850779628,0.020690632802649,0.0278305682015207,0.017715433941303,0.0274314613434085,0.0397699338581384,0.0433674051901859,0.0190873162117337,0.035127649390399,0.0434593165208475,0.0113384628708644,0.00923409470762931,0.0447973297769506,0.041283789754106,0.0227219383612915,0.0338402172488057,0.0132603861696305,0.0385908038840094,0.0245687694509489,0.0261509460457715,0.0241661944451607,0.0349584376840018,0.0296884110804133,0.0430185994212214,0.0256149612994476,0.0231520691950024,0.0331636539449865,0.0453838456057121,0.031126699844528,0.0394337695616751,0.0170100589421281,0.0337530707602494,0.0020824791606775
0.0389792907626011,0.005929681216024,0.0110032473116715,0.00498467613077747,0.0108909758991455,0.0156913400309627,0.00624369795430676,0.0138535797876619,0.00564442016523616,0.00946077711060881,0.0149179547551514,0.0223079625223809,0.0378872136955979,0.00538212054537948,0,0.0399591696080041,0.0059861957615658,0.00668454061299291,0.0239537641755747,0.0106931908790659,0.00611394211576071,0.0137039830463586,0.00355311958648196,0.0141595541389375,0.00661879563520162,0.00545392774860567,0.00291451882166459,0.00928332347868937,0.0240079242172374,0.00554890124248408,0.0107399787245731,0.00395208972732024,0.00625594702213724,0.00399519903741148,0.0156354189797782,0.0190391718930764,0.00459525033955703,0.00952289119050964,0.0166852130193394,0.0186682747137842,0.00867136555987647,0.00649176925962471,0.0146039422915779,0.015419388412125,0.0331913687300713,0.00599897116889476,0.0216954683558439,0.0065161008742323,0.0224260259506143,0.0261526937114585,0.00976081839543493,0.00560112910049619,0.0101309998131769,0.00499379402415923,0.00714175691105265,0.0235289165803608,0.00806904468316494,0.00559788972566433,0.012574859871243,0.0120904178862917,0.0122018675554731,0.0118401588159577,0.0125816108596455,0.0165120763329054,0.0120304357713289,0.00861781138754602,0.012916060962868,0.015500897151489,0.00795647399179677,0.0263617045763107,0.00564376047504379,0.00600345429171606,0.0292637783161828,0.0284317543228702,0.044195937135756,0.0194892762120017,0.0155438603479909,0.00832297397243468,0.00426844061577937,0.00454258675108593,0.00946201140172273,0.0090529000691384,0.00346606814761605,0.00209238298297571,0.0382117935306533,0.00517569747099011,0.00630499647556824,0.00717062266361182,0.0106465432105828,0.00827713912678125,0.00397732596135723,0.00546428045657632,0.0184125408484096,0.052522885474394,0.0121637666187758,0.028006519358694,0.0262596678587516,0.0106345499097328,0.00978209266368239,0.00714065650651661,0.0188746835180182,0.038220628855016,0.0292036255368333,0.0125270790972068,0.0113821477858198,0.017621582554937,0.00504159115400095,0.0251688241575723,0.019169161005751,0.00555351236216038,0.0229998001538584
0.00850204675049352,0.00741234707097524,0.0286393901391762,0.0181872394371567,0.0169629085728639,0.00893539507913556,0.0138268537194945,0.00214805261930119,0.00947811982020684,0.0174180449656663,0.0154538439725183,0.0255502657756902,0.0106401472597947,0.00344315627342624,0.0399591696080041,0,0.00344245924369306,0.015403957915427,0.0306960156781247,0.0270893148738154,0.0109125483974484,0.0216937059734976,0.010032463007597,0.0226786092834632,0.00518955140888494,0.0108526667790342,0.00785097467448623,0.0145006016412043,0.0168867096830555,0.0087831533370342,0.00495346847222474,0.011391163120155,0.010670932457277,0.00796699600839408,0.0197819545350264,0.011688910862113,0.0092916586160421,0.0121681538705659,0.0135880230926393,0.0229549044358719,0.00968586605484538,0.0174686541761103,0.0106544016490377,0.00592862589193176,0.0171309229875095,0.0114649482957768,0.0131170983426945,0.0101734269252057,0.015904858225337,0.0170008362912192,0.00913234617970557,0.0177372350841296,0.0218622587988364,0.00539122650873767,0.0150137427978319,0.00847660983620123,0.00824672743788217,0.0120071982564961,0.0184470543435184,0.016886745877851,0.0131457459345532,0.0103609407308634,0.0126032172025392,0.0133505379886925,0.0141491730195756,0.0114518940588771,0.019748184252949,0.0366882117285235,0.0114515694473399,0.0160590959180671,0.00929686938082354,0.00650725211877174,0.0471808234983106,0.0200243355319568,0.00853737826900784,0.0118998373414762,0.0146583356891017,0.0131730777804642,0.00918456578520927,0.00854531992642773,0.00983869528258007,0.022223986870798,0.0111036741749686,0.0164452719296129,0.0163210120297824,0.0116651813133796,0.0147566090350891,0.0171655997923245,0.0114825168235492,0.00759600384880657,0.0109017025221039,0.00868074030515415,0.0248020382164362,0.0128713219917007,0.00817122505761935,0.0156661540654469,0.0123403659043444,0.0160783409679531,0.0194264918844476,0.0206446241353122,0.0185595925496008,0.0217387270102509,0.00385708491537019,0.0131226348244287,0.0238929254305629,0.0108685185398873,0.0108319285459689,0.02210764006254,0.0112380873621572,0.0169347632377366,0.0127808848634845
0.0605929191234184,0.00776926445082614,0.0445198250515188,0.0282525130503595,0.0255256023883555,0.026768524502363,0.0340854473166177,0.0374798983172046,0.0491939291040461,0.0262581260272744,0.0270074634386103,0.0256499420137849,0.0109359007858069,0.0116004095355252,0.0059861957615658,0.00344245924369306,0,0.0262998414982524,0.00610261079997344,0.0139977856042312,0.0244366938516869,0.0181058157379587,0.0107358655423082,0.0234746124546547,0.0275166316588113,0.0176478426215408,0.0217541101102216,0.0338929181212772,0.0162737375611934,0.0181845228684822,0.0161615849129801,0.0232043882428879,0.0261070288508866,0.0252812481329466,0.00202695607605001,0.0344661950481413,0.0260792073429905,0.0319655726864246,0.00875849021163515,0.0294939000489299,0.0236540372857342,0.00998139309962337,0.0329481405097564,0.0387952985069357,0.0175803449770597,0.0365041686344671,0.0284816243786438,0.00996786117815201,0.0298599408491106,0.0349401264821692,0.0163618811864702,0.0307778185803611,0.0158460919572623,0.0300746461258168,0.0207812972471723,0.00553512657394159,0.0320121173126358,0.0289450918531743,0.0153132496829706,0.0106258992267025,0.0139127627771107,0.00380979716355678,0.00602326997340987,0.00932435475300262,0.0101175261355541,0.0110692518951217,0.022065360061496,0.00880267222813868,0.0213025380006443,0.00864896510324639,0.0323617646126861,0.031926384186188,0.0263417635177485,0.0128703173519505,0.0174279103616144,0.00937447173270001,0.0152514896273302,0.0551953711555435,0.0296595430064993,0.046371532848911,0.0279527280119813,0.0256684577884978,0.0328928656953363,0.0291154458528975,0.0685011866947941,0.028969761717853,0.0410299823085669,0.054752766233498,0.0222594742075713,0.0121266390422781,0.0490922081431904,0.0439572831350649,0.0329416129734796,0.0395759159406454,0.0164789049101132,0.0592764120335268,0.0245217801974771,0.0427568425769507,0.0190993996609999,0.0390390351050825,0.0401730741283954,0.0650708892917647,0.0355096610021853,0.039966962563234,0.0438333293817648,0.0627461107999303,0.0274060743720698,0.0622253670832776,0.029737971995842,0.0464643035591046,0.0136350407729902
0.0922085012683664,0.021732583194443,0.0712219557672499,0.0329188065905937,0.0275730511957229,0.0278103199527057,0.00906561703002807,0.0432263723824569,0.00954779424340716,0.04753318202877,0.0182703709103702,0.0255599190117318,0.0155859776679471,0.0153356806251872,0.00668454061299291,0.015403957915427,0.0262998414982524,0,0.00195846025213214,0.0121842436569742,0.00695303754819423,0.00504970145277846,0.0166263142106281,0.00895860358216878,0.0192477043604714,0.0085992383524183,0.0034652150575424,0.0323375528351904,0.0160342311647797,0.0100145705424285,0.0142898846315407,0.0143890439126734,0.01129161712083,0.00556336013680982,0.0225266790541253,0.0267761389744589,0.00244950307727654,0.0434517275081351,0.0141642000802161,0.0309888974856708,0.0187938295157107,0.0167315281247398,0.00752412034070235,0.0526392316361527,0.0118578782959324,0.0312552520520448,0.0214757837097487,0.0132475364745896,0.0149657867264917,0.0226737452454418,0.00995093935814337,0.0212018423341684,0.035416385225593,0.00686110993549534,0.0224835363201118,0.00853070167851891,0.027914362440926,0.0233047770982858,0.0165048826768119,0.0131949050581027,0.00230439000667263,0.0168039706923707,0.00114617699840649,0.0113244803677625,0.00378740641856461,0.00242992962316198,0.0179751937750625,0.0203996223399149,0.0151483294334892,0.0175692295701539,0.0385560373730825,0.0351160651002035,0.0370033049931882,0.0168079161738504,0.0093284875998519,0.00843420562321651,0.0263662599844167,0.0621223028122926,0.0238150079713544,0.0401141262400494,0.0383650749800527,0.0114899147118083,0.0122699494950668,0.0448672623420465,0.0832589978433865,0.0249635187389173,0.0360286302522944,0.0527381120418788,0.0480273619415823,0.00923576786963694,0.0372000951843539,0.0281849732535737,0.0661877220808236,0.0330389391992172,0.0297351987062549,0.0567848695155298,0.0434710263433882,0.0365616354784157,0.0176509185569082,0.044470590213246,0.0755734569398152,0.0819406829545933,0.0463662918023504,0.045762897185047,0.063349840671353,0.0767483784182643,0.0108604118059122,0.102205550358015,0.032182323168964,0.0653759636659421,0.0311505539322789
0.0431991037978617,0.0112206493062004,0.0395605715842145,0.0118727068488193,0.0146276335901371,0.0108427755341112,0.0047103551429769,0.0289409933167091,0.00403446850224961,0.0243233189862477,0.0140835082502432,0.030762034977639,0.0314948487088155,0.0164258429444812,0.0239537641755747,0.0306960156781247,0.00610261079997344,0.00195846025213214,0,0.0304947326296944,0.00478852508723826,0.00615507400132501,0.00901217598667887,0.0183238996616582,0.014514141366754,0.00657592720668858,0.00521275058889262,0.00901026093315282,0.0156145920806065,0.00725032286560637,0.0141173784454449,0.00644439435134743,0.00944200661400114,0.00558546831265962,0.0162653969988181,0.00975400714406575,0.00296018449419477,0.00771557580390292,0.0101399436100587,0.0215384058303615,0.00703803003176566,0.00979839660900648,0.00583924189907118,0.0139821965499156,0.00970383190209701,0.00986482622036764,0.00512862422436036,0.00784778682465865,0.00444212226938858,0.00818038217130499,0.00562615459510004,0.00229270855529479,0.0171599458259885,0.00337173081717274,0.00991918354729612,0.016569169830086,0.0126151589874244,0.0099118345345603,0.00525013389133672,0.00469620732686197,0.00636693368182224,0.0169368537644141,0.00507755603583092,0.00339311154419403,0.00344014006572956,0.00382986758979522,0.0266516358311617,0.00838347784721514,0.00970864163427353,0.0191326979502735,0.0140431908803511,0.0135360544484847,0.0474587249788045,0.00863644197458702,0.00670557317272383,0.0142324672650522,0.0190641456700214,0.0282006962959228,0.0125065412879311,0.0123899814927946,0.0247895282725968,0.0162081748907102,0.00658032999771052,0.0312376429902388,0.0333207432794033,0.00986280849668429,0.0222831970332795,0.0193870807372951,0.016365602105063,0.00524462932777514,0.0101568735149173,0.0144029373305971,0.0427065828590395,0.0266555312768038,0.0160151324297532,0.0291694308800107,0.0344911446528916,0.0291403102101608,0.00699036490495838,0.00889042990879357,0.00862185251565453,0.0300237988816473,0.0336763009507592,0.0225091370274521,0.029805407870508,0.0132687519589853,0.00442408822355804,0.0311255836075766,0.0136212420740961,0.0151153555026096,0.0176650594353063
