0,0.0266952027625916,0.0466572749418888,0.0276224969261001,0.0358993900107762,0.0658301584291559,0.0644328356175869,0.063562946354133,0.0205319844521641,0.0282109784752061,0.0455268786404699,0.0368160865286513,0.036575367262553,0.0578017025951225,0.0381832092618681,0.036725765066886,0.041890327393844,0.0640210096542801,0.0578472755430464,0.0554063707567124,0.0257101657182478,0.0320300031806173,0.0322795320665772,0.0438083834798356,0.0566811157041872,0.0396657135266493,0.0272416302307125,0.0314814348111559,0.0602750205593569,0.0337622680689936,0.0567427251103274,0.0375773960784993,0.0126608163931301,0.0582679639764409,0.0341243340881978,0.0434570809899562,0.0136624306004612,0.050940748538182,0.0491331668223687,0.0241569005217285,0.0321782187099835,0.0275002530629475,0.0365889125688908,0.0425479616452023,0.039723694157377,0.0388046849708896,0.034131953563767,0.027903049026016,0.0325944881360829,0.0284962455368722,0.0228038757752585,0.0276031024301395,0.0618247772454646,0.0202686339703447,0.0668567651469216,0.0430435262941016,0.0218396528936415,0.0287204312404997,0.0293556781615404,0.0304024403169589,0.0318291217759568,0.0587751852505427,0.031205475041158,0.0323852605606051,0.0156314450383614,0.0449551932886346,0.0465508231680688,0.0311612452696193,0.04918313121802,0.0468790508360513,0.061652799618037,0.042104312674212,0.0247037545209307,0.0683031321311856,0.0876736165871354,0.0159981957092619,0.0412236155921287,0.047201327613612,0.05100196784316,0.0478957870010125,0.0658337892808268,0.0514095763399393,0.0494470981959407,0.0555362527134144,0.0588715995760458,0.0307112385314319,0.0480020685367165,0.051523505801888,0.0420316009983476,0.0474091472968769,0.0309083881933325,0.0788689560811581,0.0608839168085794,0.0214816106034154,0.0436158656228992,0.0586644871708805,0.0731480235248082,0.0527127770518798,0.0611551390346511,0.0563961433735119,0.0230322133093629,0.0884662227056134,0.0719138050489982,0.0338315592159967,0.0232306863852661,0.0102291049025953,0.0469380996386122,0.0308016788734885,0.0167411004207936,0.0462210592938233,0.0129455069394218
0.0266952027625916,0,0.0365292541170987,0.0341082261383545,0.0301786089123233,0.0459037672366833,0.0627240379136083,0.0520240300035349,0.0222066091998031,0.027647662452347,0.0468714011839522,0.0276113444919835,0.0282228716091252,0.0438817857785211,0.0397939370104837,0.0437208258203956,0.0355948015830883,0.0579417732047247,0.0421823568065076,0.0366918809640589,0.0226572213535746,0.0287780876338846,0.0339662598001656,0.0349963776862979,0.0476682636261592,0.0333697403210088,0.0305654461539454,0.033097097835787,0.0399032574646974,0.0246415318786022,0.0356539535875212,0.0263203295029808,0.0180920558314152,0.0741435581028039,0.0424424376544734,0.027343020213161,0.0143365987691142,0.0546156727369638,0.0486687778125307,0.0191222245115973,0.0275246767748891,0.0427202647088902,0.0330124141851722,0.0455808192500581,0.0465975742457762,0.0353491689842937,0.0357992478277642,0.034045416993727,0.028674051409266,0.0245019734662931,0.0234388015064287,0.0247930766384044,0.0744074144746869,0.0119722008533526,0.039012576502951,0.0419703048258351,0.0259037214948781,0.0288171242702659,0.0415215095729021,0.0409287147943887,0.0351723626796586,0.0430900867247974,0.0353508003028354,0.030430392774294,0.0145412146363481,0.0424862744183816,0.0375360511241504,0.0233245729142565,0.0583487830297293,0.0646033891188576,0.0492663365838228,0.0426314572834585,0.0198147037312174,0.0573317607603996,0.0791223845864206,0.0265605403229132,0.0366034174929691,0.0476644311780745,0.0350574746615786,0.0378386083586478,0.0473784738209656,0.0633736572731848,0.0522112865147136,0.0600024886683182,0.0538917459911079,0.0259760587094326,0.0617330063825866,0.0651118941390637,0.0372064804136676,0.062090555757367,0.028245699883155,0.0545085809045488,0.0379927641404779,0.0302062942576587,0.0336214069414673,0.048991197104703,0.0666858269220848,0.0363113740597039,0.0376320151187083,0.0663227801827688,0.0228000247125839,0.0746426999883886,0.0623695036175481,0.0315799341578143,0.0270925551206997,0.0161853669014751,0.0287438074346094,0.031420869802753,0.0264847417871361,0.0551428335324626,0.02348768180157
0.0466572749418888,0.0365292541170987,0,0.0415929359930998,0.0452172949427714,0.0385636235095767,0.0377392522610172,0.0462359489852304,0.0444857259405809,0.0322645532546955,0.0447698030967201,0.0552238701388082,0.0446097288643753,0.0454408937271454,0.0412235663166653,0.0263289787159353,0.0615043088015466,0.0461150527644335,0.039545674512751,0.0477930974963053,0.0300195524330801,0.062908913244196,0.0716021035322112,0.0496452485659514,0.0330129047883111,0.0408843143394259,0.0392318759383037,0.0366430383674707,0.0423700139587741,0.0531051013942896,0.0577950673307251,0.0559662732022221,0.0321134396858649,0.0284315332272885,0.0333099293171845,0.0328962059504083,0.0514097236125075,0.0381375413896561,0.0405423123563976,0.0300690056685639,0.0354632354246141,0.0655704740685983,0.0389049063860795,0.0420853444503012,0.0414527414298137,0.0381874310963786,0.0251473095753761,0.0387300748617503,0.0373250030068799,0.0384788444973532,0.0466985760285001,0.0476787198495131,0.0357013951932391,0.0589872875721256,0.0285588740396998,0.0404040802338,0.0542543561124625,0.0487283332336154,0.0328773638874185,0.0345561147494852,0.0301674154141135,0.04348858843927,0.0396429026219763,0.0439184243183037,0.0384554607004668,0.0315299061386006,0.034899837839219,0.0376368106783689,0.0418980554999536,0.0293042940826195,0.0451863799481401,0.0532518149135175,0.0474245091519202,0.0483113296140665,0.0296254691971164,0.029392337091309,0.0351148710500888,0.0342010336347421,0.0397766295977637,0.0565508615158068,0.0472726631833031,0.0407386523143103,0.0329785581481458,0.0324998488169814,0.0478087344171652,0.0459672036539398,0.0507489703281746,0.027985526364003,0.0288537595717653,0.0663111429643347,0.0357540237520647,0.0529404607175321,0.0442076977694724,0.0260669277824624,0.0455196159540284,0.043265700326493,0.0340502308128244,0.0412980439063177,0.0462758901560803,0.0621998594776862,0.0494144384981932,0.0369949192157953,0.0423065406934686,0.0575366960785442,0.0566473282783852,0.047743488556687,0.0444025572905063,0.0296255665906305,0.0450554837170464,0.0539032869440258,0.0436663975070207
0.0276224969261001,0.0341082261383545,0.0415929359930998,0,0.0197967220073622,0.0367112719235263,0.0336292192028367,0.0359394302087781,0.0350006990397754,0.0389267899191969,0.0294543387315687,0.0311886217411183,0.0343365026401775,0.032307037368423,0.0481282273034364,0.0336870171607591,0.0296183517748418,0.0752366120528516,0.0466912027674966,0.0321588827832809,0.0451054024200366,0.0295995496493586,0.0377882116983304,0.0378840441967822,0.0370110442055904,0.0364867511754411,0.0267971712498415,0.0316245440304745,0.0387254238890696,0.0290814640242837,0.0328511530693435,0.0314663011862179,0.0326093916896737,0.0409388204266068,0.0424672512503184,0.037226294674224,0.0211824128314111,0.0405914389805198,0.0508669129629529,0.0383545476825846,0.044593650028571,0.0220114659226176,0.0263428691114483,0.0427262754713557,0.037997009387506,0.057881058741572,0.0235749776939278,0.0337551292691138,0.0295612489091415,0.0281928671134327,0.00697805819441802,0.0137159484979645,0.0408864565096877,0.00911921269558259,0.0763621812859421,0.0278304798511165,0.00758106780848447,0.0139518301138249,0.0301511619282297,0.0151000450658439,0.0178638628763851,0.0513334896534946,0.0184273287896181,0.0396106599689111,0.0302437554128856,0.0470012142218977,0.0379233073406869,0.0338754526659261,0.0347364451143486,0.0341914923132714,0.05630869767478,0.0400865880171578,0.0139429712767602,0.0471985917359174,0.0618193422232609,0.0127554645407747,0.0283922229951097,0.0628906890092039,0.0428830044808147,0.0280691951681394,0.049721151244748,0.0230340315696279,0.0266765316622309,0.0367930874413435,0.0543506119674087,0.020674831734579,0.0230716583565871,0.044586243317597,0.0399753959787373,0.0331406793504692,0.0568446093293136,0.0382055510451945,0.0394601324241926,0.035711169540938,0.0400834859397186,0.0251198608701101,0.0559855601696778,0.0388719546027936,0.0256457678512207,0.0577871759847643,0.0131886753838192,0.0502534395741061,0.0337378328679674,0.0205661021619172,0.0297318466076474,0.00562532356860795,0.0405918701062159,0.0208792431598216,0.0204995832288135,0.0224766768726174,0.0168092362727659
0.0358993900107762,0.0301786089123233,0.0452172949427714,0.0197967220073622,0,0.0264083088277708,0.0502087769242527,0.0379432958746365,0.0266587482569459,0.0321513004425296,0.0319712190749509,0.0308457349900833,0.0361359388059207,0.0326073160197486,0.0348122892597638,0.0331422538349472,0.0313638301257424,0.0489387733909166,0.0576129855025264,0.0425231161693834,0.0310560688312072,0.0227973360839089,0.0250542564164523,0.0267935846880393,0.0485275104262824,0.0423665444348899,0.0372698898166895,0.0414753094491926,0.0544733030497136,0.0355367951773443,0.043763022837543,0.0467938410150654,0.0557149199608958,0.0483467643968671,0.038948391573001,0.0367323103989592,0.0177190964308069,0.0329136538038374,0.0352653008829971,0.0282232478850804,0.0451727814764322,0.0302329467678218,0.0265210298562997,0.0478655073523891,0.0281796132945996,0.0354341786870377,0.0182726056214504,0.0246410893958935,0.0178692058482629,0.0365303574980047,0.034938144595509,0.0320483655339891,0.0425471343563796,0.0212603797179253,0.0632868471803424,0.023316663526765,0.0187105773272152,0.0274511382158521,0.0200970721122473,0.0207702544561101,0.0136398913764366,0.0565440800733769,0.0194685876205573,0.0331129124669371,0.0269379449595142,0.0334083095988327,0.0298343028616014,0.0252144827255159,0.0395630205242106,0.0165588425132407,0.061022864692549,0.036112011416372,0.0255261620007831,0.0449003555068043,0.0718052038934158,0.0130140621980996,0.026365769442128,0.0223225185879749,0.0251497050936326,0.0429303189900217,0.0559281685357782,0.0131492748925326,0.0217363233920779,0.0399687420190291,0.0448716903540394,0.0323741671589886,0.0181981655866414,0.0483301684691789,0.0462773285369436,0.02841882952127,0.0275454048084463,0.0326797402282802,0.0434843547880787,0.0200541561626207,0.0477393722745606,0.0320241409884908,0.0618928944733225,0.048248380660014,0.0161731659356744,0.0349066493667604,0.0150767587284817,0.0534352607189374,0.0524371276669994,0.0363283665999716,0.0239880321369177,0.0219856543061353,0.0406884424061376,0.0387138828335909,0.0231008841645395,0.0288836918464228,0.0183341509316585
0.0658301584291559,0.0459037672366833,0.0385636235095767,0.0367112719235263,0.0264083088277708,0,0.0451897009012802,0.0680185550656026,0.0353324765620048,0.0289078363419602,0.0353177169474701,0.0338902328100589,0.0427839568545789,0.0581404968024326,0.031128451046679,0.0320695244008217,0.0259496888636882,0.0669039609019942,0.0303250572444175,0.0609962636016492,0.0253575614885226,0.0314666792443659,0.0451762471998825,0.0586774087475231,0.0591116985274258,0.0442151386370618,0.0333873068427056,0.0462841481044483,0.0557548972732754,0.0348627558537557,0.0593579762373512,0.0384198429376351,0.0547121472450212,0.0632897741736464,0.0409368047970318,0.0403287829610634,0.022082699725505,0.0293320902862665,0.0601886161257951,0.041708165386956,0.039629884653802,0.0334218937883211,0.0274086428152321,0.0412734758618683,0.0382724615996502,0.0303365573077058,0.024937237789123,0.0368295433682467,0.0410382507653043,0.0313643493666246,0.0213677600079174,0.0277996096122491,0.0510297263131648,0.0120727856518617,0.0601334761005085,0.0230325753684656,0.016626732778858,0.0208985703340634,0.0204100879227738,0.0228388361715369,0.0214296907660037,0.0716223153478891,0.0153249067278385,0.0332109587748675,0.0285201251023048,0.0407664492718411,0.0308890208909096,0.0296279108754785,0.0480507036060274,0.028061182552241,0.0694685354784475,0.0316920815661181,0.0227551367914148,0.0537053989079705,0.0616490099044185,0.0182704469938608,0.0435973109593499,0.0500731658719238,0.048985209496484,0.0399863555982775,0.0674887149571271,0.0285523257975387,0.0359682709471689,0.0447769687009343,0.0566321667955174,0.0282611541012382,0.0275647419806143,0.0484097493127987,0.0425317093761174,0.0426173384942107,0.0456233035057647,0.0518339968896454,0.0535600803211778,0.027646159390954,0.0448533612168819,0.030689487993814,0.0769114960056137,0.0526872959199398,0.0510022255990403,0.0519385675406432,0.0161390310999049,0.0586884282950273,0.0540922910262203,0.0430953228845542,0.0314960453449493,0.0269552231899932,0.0474745254771049,0.042267960259636,0.0252343631198947,0.0346486424093477,0.024383591009209
0.0644328356175869,0.0627240379136083,0.0377392522610172,0.0336292192028367,0.0502087769242527,0.0451897009012802,0,0.0497311543661057,0.0412841313955169,0.025468850174811,0.0441948835398686,0.0423677159290907,0.0574444632830898,0.0512613737829904,0.0485547510704768,0.0290779608493168,0.0429810778333906,0.0435082778284033,0.0393229396636443,0.0516243052059723,0.0286356435456005,0.0368570402484098,0.0367506260384622,0.0482584321340157,0.0395439367831989,0.0390934876803381,0.0456992571334934,0.0389418976135098,0.033775538655161,0.0304401056084282,0.0454191610708109,0.0504433822417777,0.0568933524093689,0.0580011088771601,0.0432275504381124,0.0353693946721165,0.0332980776899033,0.0370724632170553,0.0596125089572384,0.0426539030168898,0.0353797703578891,0.0353871679176236,0.026300324647255,0.0314389519240973,0.0396316515615867,0.0383431910767841,0.0393979842892719,0.0466921964067899,0.0411658501686278,0.0391348530497858,0.0418509899549367,0.0410792565038532,0.0472834388231486,0.0337022921866791,0.0711576269281364,0.0377831324557095,0.0394664820032637,0.0356011525871645,0.0287231770561008,0.036838581876811,0.0293030170715727,0.0469278566736633,0.0284003759756638,0.0321803421471696,0.0345273696551015,0.0379405768234162,0.055621684875232,0.0316224228297418,0.0571376581459082,0.0344254714110552,0.0407033668731402,0.0423391663344171,0.0465521628563812,0.044499252103182,0.0519909153693151,0.0311754010914301,0.0295654388867878,0.0342060290105436,0.0344995663310328,0.0370874167483395,0.0854219417707799,0.0295815056359659,0.0274929999835909,0.0368922282297877,0.0564368260108984,0.0603565986534248,0.0258785631103502,0.0373006275486086,0.0431071098305683,0.0487267657103183,0.035380369954752,0.0378742384813085,0.0289553024941279,0.0359420525627804,0.0307054538055829,0.0320303412278668,0.0616977021943885,0.0509972267107507,0.0526384014536726,0.0314475097352582,0.0365020288549101,0.0377547597581448,0.0503195208975476,0.0639879809410469,0.0305078811928553,0.0628238718717159,0.0425873901769392,0.0507359962050687,0.0632366688485878,0.0327519704914472,0.0576408867612751
0.063562946354133,0.0520240300035349,0.0462359489852304,0.0359394302087781,0.0379432958746365,0.0680185550656026,0.0497311543661057,0,0.0349944414341468,0.0250746096404014,0.0348710145705099,0.0487041618499794,0.0495970896848018,0.0479761672304454,0.0405547996711525,0.0347474544226991,0.0571853168034849,0.0768347893888217,0.0523399830703079,0.0496598280733778,0.0290348039599678,0.0298739205478099,0.0479521044597326,0.0458988057385387,0.0687994404576304,0.0348884776917826,0.0392038759919317,0.0548124001262605,0.051459899004417,0.0305325506698775,0.0528369412032809,0.037498111560269,0.0378905334518228,0.0468833350340128,0.0252455740575622,0.0538209549345497,0.0147420365093404,0.0512805917954741,0.0441216806748671,0.0376937862852595,0.0421529778220293,0.0317210662161779,0.0292997001359737,0.0360842234630586,0.0492360178223224,0.0323695817446777,0.038282458135168,0.0198696395280504,0.0204460620994943,0.0289823060452806,0.0263633606581856,0.0235039034988374,0.0604230865588216,0.0334804090706409,0.0548663091622459,0.0395395888586371,0.0279954739224,0.0339791977938249,0.0270545299456638,0.0340628840423536,0.0282679014812037,0.0674992743852261,0.0328920312939984,0.0309938657699093,0.0246718347405433,0.0496589467896052,0.0480677713450242,0.0292896229959133,0.0526974748914083,0.0428623774959336,0.0526850276286444,0.0377374145708212,0.0393842493037735,0.0662475326521899,0.0726539833897177,0.0162993568038986,0.0408074263913915,0.062161070590834,0.0465108349969137,0.045440766923489,0.0652838634136627,0.0464940427397136,0.0487419087366262,0.0520767066845838,0.06510692229628,0.0239102580194746,0.0487109516019249,0.0452068499345884,0.045812726078982,0.0549122887599881,0.0421743055369645,0.0637674626776274,0.050257022228792,0.0194590429048964,0.030808133272121,0.059796203411383,0.0663379010415406,0.0556845051341609,0.0374082749450121,0.0662599809988834,0.0305088205947698,0.0723111435138271,0.0704908024095557,0.0261819896141971,0.0254336887354634,0.0269710830796912,0.0570220072717693,0.0321527842092563,0.0260889239039773,0.0481326092631454,0.0335019743093751
0.0205319844521641,0.0222066091998031,0.0444857259405809,0.0350006990397754,0.0266587482569459,0.0353324765620048,0.0412841313955169,0.0349944414341468,0,0.0298009806404128,0.0237640871891664,0.02390013227496,0.0257492985561748,0.0258406540729485,0.0287996114610946,0.0336485310121553,0.0362066419328185,0.0314742655075914,0.0314081100006429,0.0257941552393478,0.0394361217720072,0.0163454105931733,0.0333495675980185,0.012302938836059,0.051427840829616,0.0273793983928646,0.0459439184093127,0.0403413588381145,0.0321092472362991,0.0294770549181166,0.0249694985832757,0.0457739764871937,0.0372776984652314,0.0437011249325885,0.0302951289575518,0.025036097033941,0.0402462817265595,0.042483543104421,0.0327688853326133,0.026465677248042,0.0497227467853609,0.0538053995339621,0.0371490078587222,0.0494190300718228,0.0302759641763905,0.0372873305595597,0.0259553165524624,0.0320147676844371,0.029051562701395,0.0252250521249239,0.0276763406165542,0.0320751908328914,0.0291535858160422,0.0219640207564949,0.0379134484080879,0.0423747654285455,0.02824984149163,0.030030178139132,0.0692963549507689,0.0380697901224154,0.037029777128047,0.051979809042822,0.0455822799100955,0.0402774532415108,0.0371665156222432,0.0253493760741719,0.0415259330485896,0.0249742379348562,0.0371971353539942,0.0493915419641501,0.0227811375769747,0.0416634152342253,0.0307032797263955,0.0331420614515137,0.0360347343199617,0.0457973983585836,0.028873075222872,0.0262840813734918,0.0181306116532923,0.0346529947377591,0.0346888883089635,0.033729344246779,0.0285713817122319,0.0541632748813786,0.0208441129792647,0.0413223448429087,0.0343478558178631,0.039178860799071,0.0466284844073314,0.0372107068126605,0.0170575452487013,0.0327374281692281,0.0192557636368837,0.0326390480126999,0.038924958533036,0.0268826305382131,0.0377414375546496,0.0573425884399706,0.0176013080464739,0.0230078313263339,0.0260756516218501,0.0592193963830079,0.0468582720507931,0.0285713232611011,0.0241715075348573,0.0240774299782164,0.0256512247412357,0.0412163138016013,0.0459745801800498,0.0436326652934819,0.0353494450938007
0.0282109784752061,0.027647662452347,0.0322645532546955,0.0389267899191969,0.0321513004425296,0.0289078363419602,0.025468850174811,0.0250746096404014,0.0298009806404128,0,0.0297029605561683,0.0358945075114089,0.0257639792380042,0.0276524102000026,0.0374177427479719,0.0287352061151063,0.056781477751523,0.0429395501247175,0.0498860761857675,0.0260904314504713,0.0503312681107123,0.0332421255107408,0.0335135891544732,0.0222307286101669,0.0286634047938211,0.0291289568392891,0.031589037433433,0.0293725085849308,0.0244854302193899,0.027663345179876,0.029085199303468,0.0255768916624456,0.0300821220072932,0.0242605308622679,0.0346271225617372,0.031032788797931,0.0330332697445676,0.0375282620577873,0.0421473263893953,0.031925235198648,0.0327531948044549,0.0294565673668563,0.0497059269269259,0.0450809962448444,0.0368969508664428,0.0685590182996131,0.0269871064958496,0.0272361991112722,0.0310648907440786,0.0312644810795309,0.0301951630218853,0.029479569227117,0.0391682008429363,0.0399890391906346,0.0454838913964646,0.0292951403395518,0.035070283971805,0.0365445631645222,0.0292156904114336,0.0457612707248527,0.0334805748231354,0.0286633599014061,0.0452140752697454,0.0380951098253805,0.0277360760779355,0.0285002040625618,0.0352310817780692,0.0305491625766907,0.0276870049318355,0.0275650869860762,0.0285345111225479,0.0482100452564037,0.0296829077289042,0.0332988983952482,0.028845402474413,0.0420311922160248,0.0306946418924857,0.0469494207511766,0.0392707996693927,0.0281893195243482,0.0264003644606411,0.0389662112544798,0.0377758650448118,0.0363518633379134,0.0312681419541558,0.0414414230813897,0.0356323350742435,0.0241017509176505,0.0351419742106799,0.0559605892626099,0.0276323781905705,0.0237943525277932,0.0267827115511597,0.0294014520121722,0.0325424249144352,0.0270284480303769,0.0333714738014015,0.0255598801076919,0.0261421524779907,0.0327482938068177,0.0442375006186065,0.0299215464081841,0.0274141758919422,0.0398626122052987,0.0377048089078224,0.031139942555814,0.0283448042528663,0.043426868447411,0.0364093267710331,0.0447769617804615,0.0286184862559202
0.0455268786404699,0.0468714011839522,0.0447698030967201,0.0294543387315687,0.0319712190749509,0.0353177169474701,0.0441948835398686,0.0348710145705099,0.0237640871891664,0.0297029605561683,0,0.0448013041248842,0.0409659333798188,0.0413726722087804,0.0353616542444706,0.0489793536257178,0.0327694902488726,0.0435061188399221,0.0362554055361412,0.0451724360088056,0.0297798427485309,0.045687079735501,0.033234874873769,0.0337359917628592,0.0268810781395387,0.0313089474055765,0.0327132978398052,0.0422444084579612,0.045901931666155,0.0457531017048026,0.0566384408317253,0.0603269438707985,0.045922301041973,0.0384488652297439,0.0556533551984781,0.0458511710196204,0.0384031885366298,0.0288891973971403,0.0412475561739667,0.0303879376250393,0.0383688212594085,0.0654192409927452,0.0244303578229834,0.0285627438548974,0.044673560276012,0.0469714526867892,0.0343864249934346,0.0307414495294298,0.0276382162950694,0.0383203409224857,0.0397606411897797,0.0288905563730809,0.0510384399197317,0.033438608135591,0.0378569343222219,0.0382546133892257,0.0246599060760433,0.0334488579822299,0.025107999250887,0.0250919046591205,0.020261138249696,0.035736721987355,0.0189284350889111,0.0344968385776285,0.0255520896180121,0.0440007277765637,0.0341718853889241,0.0354575187537595,0.0670888790286877,0.0255257558116018,0.069130394991745,0.0276086591352099,0.0373384470508967,0.0396889497057694,0.0518757183524774,0.0192553092643661,0.0460355831102857,0.0266564774801682,0.0379691126107333,0.0310329024601251,0.0446085180530812,0.0309053147493492,0.0330547536710703,0.0316033585711256,0.0438002583031059,0.0294448797019805,0.0291093182421504,0.0556598845168606,0.0327214958713352,0.0387256111322929,0.0347876149296801,0.048131373566138,0.05155376622938,0.0321442900350886,0.0386621581715855,0.0433534675410727,0.0596115260090903,0.0376679945983829,0.0366426222648639,0.0539016441730112,0.0255033533898707,0.0455403729695138,0.0700657643862671,0.0300006937817216,0.0313970933199356,0.0383072049548301,0.0362072901062457,0.045246098237527,0.0302090039329994,0.0628153095792421,0.0225894889325275
0.0368160865286513,0.0276113444919835,0.0552238701388082,0.0311886217411183,0.0308457349900833,0.0338902328100589,0.0423677159290907,0.0487041618499794,0.02390013227496,0.0358945075114089,0.0448013041248842,0,0.0337304311763726,0.0380751143008601,0.036203655499587,0.0478962731529311,0.0194314125413364,0.0486805441092428,0.0367216174198828,0.0427757702198845,0.0318555819225176,0.0371836853285907,0.0386908510779932,0.0424054417323323,0.0414619880853593,0.0504739424544713,0.0349925499788157,0.0378573798062404,0.0293350040001328,0.0300074257339767,0.042564418540691,0.0477194409964614,0.0271057792111074,0.0477699675061356,0.036896277388891,0.0307897424782237,0.0203521339636862,0.0524602659699852,0.0369878815399679,0.0261943270006027,0.0384257844119635,0.0393858780870958,0.0260745759125097,0.027891013555432,0.0380769802947671,0.0334112041322191,0.0287331089606062,0.0300963604062309,0.0236556443148549,0.0453950633160548,0.0310893449894545,0.0332215215637582,0.038815879440619,0.0109474374600596,0.0467206107236521,0.0305624724611033,0.0202592083299967,0.0276368020627135,0.0179836545405252,0.0296658501442626,0.0171772298964173,0.0450577739911197,0.0353179140882726,0.0311108371491803,0.024791498300583,0.0410045556355887,0.0336103337615271,0.0380030864496417,0.0390595314511658,0.0281748321598284,0.082184296330222,0.0414688924397219,0.0292223305415227,0.0511105181408636,0.0608204267117668,0.0110088012516546,0.0365365097843612,0.0334443454171187,0.0360601047250287,0.0361007475630933,0.0550837765961503,0.0365266490842287,0.0314948296456314,0.0378632404221583,0.0366635674884778,0.03244602936344,0.0292207676410385,0.0589323507522207,0.0318578032060614,0.0284046543886187,0.031700107899814,0.058262424329966,0.0611834551458034,0.0256612208597087,0.0466640619102718,0.0319317269741064,0.0568328696583347,0.0418863668683936,0.0409704585684027,0.0665778424986416,0.0247159093438206,0.0622674485050521,0.0438113844957299,0.0394145985537551,0.0320474153242366,0.0139021452509457,0.0390309633238471,0.067900630256866,0.0208647888230028,0.0370500466622933,0.0158994753583884
0.036575367262553,0.0282228716091252,0.0446097288643753,0.0343365026401775,0.0361359388059207,0.0427839568545789,0.0574444632830898,0.0495970896848018,0.0257492985561748,0.0257639792380042,0.0409659333798188,0.0337304311763726,0,0.047592281494181,0.0314064150817607,0.0298176302769848,0.0310860249054695,0.0575191988452457,0.0432646784995351,0.0526484500258461,0.0275580317029243,0.0281235853480971,0.03569496967354,0.0502617714035203,0.0584034637374657,0.047837150155701,0.0301420421695845,0.0456298057170554,0.0686708356499115,0.0340883738497401,0.058014215508277,0.0427020041523762,0.0355785558659957,0.0563097469807654,0.0336319125728234,0.03973083450726,0.0192258726672279,0.0454145385729137,0.0463235511566814,0.0403059781430198,0.0370705976391213,0.0304662905582174,0.0426969215994755,0.0438493988062604,0.0352739201898407,0.0332955906135442,0.0225662833495044,0.0226773200290944,0.0301488743782175,0.0335419909526993,0.0354037255433113,0.0390651301620283,0.0506827668470102,0.0136954190154033,0.0711407866915851,0.0256113661910811,0.0234322705603983,0.0239055187724369,0.02441803397333,0.0228519446055607,0.0210330048496473,0.0606151079393183,0.025268714562289,0.0291590470602183,0.0211051162757231,0.0333833134478986,0.03417170387664,0.0332833036337021,0.0423274959626599,0.0340663639673493,0.0663170219622079,0.0399796146468095,0.0300262113111319,0.0541458618881327,0.0762725836180248,0.0171976854086344,0.0468220638210957,0.0425707758825887,0.0483235574679558,0.0531548370189149,0.0680607162798772,0.0345749058300801,0.0436025802647824,0.0533311340264712,0.0540559119598674,0.0336155014595955,0.0399765552865549,0.0473358755042243,0.0527729853051519,0.035229946296931,0.0207884277142596,0.0588722056354177,0.0571581066208637,0.0211161272888245,0.0530693928988865,0.0467688797161167,0.0725068296551311,0.0604357149579661,0.0406371385748264,0.0506655692693126,0.0198890839439259,0.0666254608552533,0.059311551581827,0.0429248208549443,0.0268269020327386,0.0183434275462805,0.0423779983662049,0.0339135374496347,0.0273033034883663,0.0283738793836975,0.016779090320423
0.0578017025951225,0.0438817857785211,0.0454408937271454,0.032307037368423,0.0326073160197486,0.0581404968024326,0.0512613737829904,0.0479761672304454,0.0258406540729485,0.0276524102000026,0.0413726722087804,0.0380751143008601,0.047592281494181,0,0.0444334380713914,0.0388445764570888,0.042907135145881,0.0726537527871695,0.0497190517675851,0.0186977933478756,0.0298488122864881,0.0246535789936172,0.036783068476649,0.0509347566660415,0.0554438518361537,0.031457220930888,0.0315543668335908,0.0474279630200372,0.041176590120999,0.0288157603141934,0.0222199791509257,0.0269404703180567,0.0287213316883946,0.050126181635907,0.0350916784447232,0.0384459683699413,0.012407377198894,0.0448684602319867,0.037781621040396,0.0317997758143082,0.0384023114808512,0.0318199122690819,0.0294113121998025,0.0369727320432864,0.0470250880054145,0.0397810971190369,0.0349470092460353,0.0201544593147245,0.0115730837144951,0.0241384838678068,0.0137377664871318,0.0272307125737915,0.0609751382459363,0.0197581885729392,0.0537663192368783,0.0301947604640106,0.0189578219887472,0.0320359805889949,0.0243125955211642,0.0333794954062013,0.0202809569879286,0.0607102050634541,0.032364591403981,0.0359838010904889,0.0250267426051695,0.0547676800356692,0.0517202238907229,0.0330445989950133,0.0562529613382619,0.0470228447760431,0.0559907096519814,0.0436385282524435,0.0307493232984543,0.0678496664992767,0.0719091881058941,0.0116156337222084,0.0314381006828403,0.0535697413107328,0.0360713410599771,0.0369417892993338,0.0647540279136209,0.0386612898291754,0.0391271070735846,0.0465141394709513,0.0723383593710423,0.0251648203620734,0.0445817943366267,0.0547351588368094,0.0423101232520129,0.0618492047024121,0.0488030750498865,0.0530675155004127,0.0400374747299547,0.0208949507919161,0.0267087700231103,0.0453737199936331,0.0756461825775803,0.0554407463206358,0.0473806225407627,0.0622160793869489,0.025822108005988,0.0747649440228818,0.0556760784881023,0.0379870252728331,0.0258189110498102,0.0104355031475383,0.0535751355855755,0.0316962306606689,0.0197237369666607,0.0402331704686063,0.0288649105861311
0.0381832092618681,0.0397939370104837,0.0412235663166653,0.0481282273034364,0.0348122892597638,0.031128451046679,0.0485547510704768,0.0405547996711525,0.0287996114610946,0.0374177427479719,0.0353616542444706,0.036203655499587,0.0314064150817607,0.0444334380713914,0,0.0561689667953495,0.0438970202010235,0.0295733697341256,0.0282078239182157,0.0418347783738289,0.0336600745470563,0.0296483877804359,0.0394380797220928,0.0385070633667776,0.030653026133633,0.0329358471102958,0.0243480351707021,0.041640307033372,0.0326204883209365,0.0320339533472313,0.0427519819408799,0.0489652287111217,0.0298227036852934,0.0396827974533218,0.0644074877188606,0.0479594453135813,0.0380321396698666,0.037391873823462,0.0333417310207402,0.0306479346491575,0.0459700355928334,0.0482898318004503,0.0515509953602288,0.0426153130975119,0.0284497529232063,0.0342543366288393,0.0311534930972609,0.0379285036769433,0.0469569952344958,0.0387097174575432,0.0314852722381747,0.0334290390868394,0.046129637069992,0.0321020743764878,0.039276062604737,0.0341160918460638,0.030854553284575,0.0361803017549605,0.042883310824379,0.0393802158169464,0.0534167819240292,0.0439824013744836,0.0393588025261982,0.0476486266498012,0.0242136503658822,0.0444406015622847,0.037361764453372,0.0431183168516967,0.0301994991862413,0.0460004978728342,0.0666176474718432,0.0483678521954284,0.030879023018662,0.0371065180273135,0.0382582154729718,0.0499434407654915,0.0495416642762576,0.0343875346032769,0.0481687693704844,0.0405191439388017,0.0416348225371154,0.0530735897820189,0.0460687124371695,0.0415561935848628,0.0369983931144727,0.0363264353555106,0.0482501810979631,0.0477780406658649,0.0343332325108304,0.0434079202092553,0.0512559756456598,0.0426410917417058,0.0394319511080136,0.0463995232079457,0.0338394623915951,0.0316731723628711,0.0360739194435041,0.0335048192769922,0.037589966326687,0.0469357657362172,0.0309589696916571,0.0320838195518231,0.0337637195105253,0.0375523905634979,0.0264241065695859,0.0276299971164126,0.0367189924062611,0.0334420584855311,0.028656016277268,0.0538726358387314,0.0341289902851394
0.036725765066886,0.0437208258203956,0.0263289787159353,0.0336870171607591,0.0331422538349472,0.0320695244008217,0.0290779608493168,0.0347474544226991,0.0336485310121553,0.0287352061151063,0.0489793536257178,0.0478962731529311,0.0298176302769848,0.0388445764570888,0.0561689667953495,0,0.0422197495205731,0.0567815232041243,0.0493494487055593,0.0394319288161881,0.0267671192961614,0.0392270991349503,0.041778879978829,0.0478179692476078,0.0362241255185977,0.0315570313001831,0.0274264692077421,0.0310675624523455,0.0187522425386933,0.0256776119692542,0.0314971175269205,0.0241023164151374,0.0262791231382493,0.0494808547698886,0.0463390035150345,0.0212961202257304,0.030351749230223,0.026439250440576,0.0381640104083943,0.0303502641293087,0.0349077629434852,0.0385617489042372,0.0285590527141633,0.0332521717142846,0.0447022395752538,0.0346250054233119,0.0298939914209578,0.0241587702943432,0.0262564743478242,0.0272313539528876,0.0264624509242904,0.0297702703173735,0.0592340050270426,0.0232135018031633,0.0384590515285523,0.030038293590522,0.0295354924198565,0.0419369419450871,0.0370550120104744,0.0377226841804902,0.0297690292612176,0.0614506598263143,0.0320525968096234,0.0375434464999949,0.0190323886599988,0.0371512813608092,0.0549629207346375,0.0380397089014653,0.0414868438171533,0.0471845563204571,0.0177874945160879,0.0412019980040446,0.0292214434777571,0.0611468628678948,0.0344710465045188,0.0188509327141351,0.0281340655896535,0.0537235574314757,0.0334419714927232,0.0332008928080473,0.0469163677596133,0.0369112464618897,0.0338463228598305,0.0256799691139972,0.0630568745981631,0.0341823285033043,0.0363861467028517,0.0289815524734061,0.0256188641935385,0.0661182672616014,0.0324403524043618,0.0433523857496566,0.0390206073615701,0.0242890772128872,0.0252582741712381,0.0306017542569419,0.046714869317818,0.038238595542795,0.0422905569683344,0.0723218057476439,0.0314615614672582,0.0513427857391202,0.0395037618185855,0.046614710383579,0.0534608487957761,0.0259103825177685,0.0430726263127353,0.0351464678685572,0.0449143344535613,0.0323092212107063,0.0307552631523711
0.041890327393844,0.0355948015830883,0.0615043088015466,0.0296183517748418,0.0313638301257424,0.0259496888636882,0.0429810778333906,0.0571853168034849,0.0362066419328185,0.056781477751523,0.0327694902488726,0.0194314125413364,0.0310860249054695,0.042907135145881,0.0438970202010235,0.0422197495205731,0,0.0415703020432008,0.050536960260482,0.0456929603672764,0.0424101965498872,0.0111955008518294,0.022623760852221,0.0382561173326599,0.0382286189384723,0.0397384284889571,0.0270198081511977,0.0343263254678642,0.0211824783785757,0.030581071833534,0.0526083325853751,0.0231448271146707,0.019793948305705,0.0260991065749714,0.0480821261284213,0.0290893345396576,0.0261899946330632,0.0343453654581483,0.0116175296615929,0.0174587510390509,0.0511161582996498,0.0577727826373907,0.0283901618924269,0.034210091831329,0.0268863093900892,0.049383454947148,0.0303911074495553,0.041068431393481,0.0289965590922724,0.0252427978761711,0.037200107595063,0.0562645608073,0.0386200840444205,0.0373356642419352,0.0551532942771231,0.0221373600310744,0.0408795896602236,0.0323488902948544,0.0290930672613392,0.0408371779176561,0.0269862555265644,0.0426137462862753,0.0329061671141276,0.0501410730955311,0.0327819065498988,0.0553831288168064,0.0435723694761664,0.0391201576145602,0.045014089164672,0.0350662243090862,0.0585503888378183,0.0730445032974497,0.0384681824950232,0.0581088612164543,0.0297251400674294,0.0234723942175434,0.0283602765634001,0.010824172283578,0.0244210919639599,0.0305891989400934,0.0437352496269636,0.0206317479036234,0.0202982464125734,0.0569069239371551,0.0365668689847034,0.0498499007104473,0.0126661852942756,0.0525743185268491,0.0244491047155355,0.0415318369570968,0.0429542295409562,0.037837977478943,0.0154773713199831,0.0299668285800541,0.0297007911638381,0.025910360795623,0.0662318499548424,0.0408674856780098,0.0356997310687805,0.0327804789445265,0.0423733857819214,0.0381124559185534,0.0277763034054024,0.0554889868174572,0.0311123210645089,0.0349081963431284,0.0375509107992214,0.0373287439548107,0.049162780657879,0.0298125332790888,0.0466507173490236
0.0640210096542801,0.0579417732047247,0.0461150527644335,0.0752366120528516,0.0489387733909166,0.0669039609019942,0.0435082778284033,0.0768347893888217,0.0314742655075914,0.0429395501247175,0.0435061188399221,0.0486805441092428,0.0575191988452457,0.0726537527871695,0.0295733697341256,0.0567815232041243,0.0415703020432008,0,0.0396797545818353,0.0716068230301804,0.066163154822731,0.0522601249760591,0.0569518890041767,0.0721828321865483,0.0318014934911857,0.0466383835721577,0.0361225214407642,0.0446316886730502,0.0637756903836714,0.0483368741052815,0.0672998685627688,0.0310161612416584,0.0534973767606603,0.0577209486500666,0.0414122498330706,0.0636950084491917,0.072551386013641,0.0649429403080148,0.0930576250437647,0.0710015417883111,0.0645322281208312,0.0612451782068809,0.0773967583857966,0.0411378975178341,0.0506953883458781,0.0490778262437614,0.0618787906959857,0.0578754041259087,0.084987374944756,0.0330726316293432,0.0459729486718013,0.0518014213268503,0.0527928252669564,0.0343265562873771,0.0489258451376294,0.0663653680946543,0.0400195848783701,0.0359316581686096,0.0334095995819706,0.0380800979306916,0.0813377851179398,0.0287545069573364,0.0368648797228389,0.04638102128275,0.0440157762204306,0.0647316866084143,0.0412664966702574,0.0672266033823204,0.0317061541207321,0.0592142812160424,0.0805577017298383,0.0477498967099765,0.0445381339137899,0.0335327522609836,0.0365318847452748,0.0557941952816375,0.0847280857886923,0.0679224802033095,0.0921936759467142,0.0584833850015399,0.0432888901477462,0.0868707501414681,0.0795581854062455,0.055709519604001,0.0390365435181154,0.0453381493540134,0.0775190132586157,0.051183550987858,0.0437072599271602,0.0439028628299653,0.0836385182738785,0.0497850090218872,0.0680125602608551,0.0715307082850683,0.0478789626002032,0.0443740266515215,0.0487339023714529,0.0507409726925015,0.0684557994672986,0.0383348990497313,0.0319113633917909,0.0334800401339423,0.0482962144261684,0.0653707759947933,0.0575418559685174,0.0515916263173981,0.0565426125761802,0.0524167661624836,0.0539714013149812,0.0479800368701438,0.0396308929219007
0.0578472755430464,0.0421823568065076,0.039545674512751,0.0466912027674966,0.0576129855025264,0.0303250572444175,0.0393229396636443,0.0523399830703079,0.0314081100006429,0.0498860761857675,0.0362554055361412,0.0367216174198828,0.0432646784995351,0.0497190517675851,0.0282078239182157,0.0493494487055593,0.050536960260482,0.0396797545818353,0,0.0509354174294912,0.0266886174310996,0.0420037746949548,0.0227075341898037,0.0403963501507695,0.0324027869604506,0.0327520759190761,0.0367453252015078,0.0565400352341572,0.0327233758232993,0.0548401737034128,0.049951580181433,0.0490597591144936,0.0471525986904422,0.0434808549826192,0.0744876609962373,0.0313454733759203,0.0223591822392573,0.035091713866265,0.0422351482518815,0.0284611799173377,0.032276927110653,0.0459643034197444,0.0224612168238596,0.0406211934629617,0.0344810599949747,0.0423231192717238,0.0217671097363398,0.0366495728716991,0.0321009220493706,0.0351223334651657,0.0500210788902263,0.0420056340855113,0.0557691002511095,0.0410826573017767,0.0462789186753274,0.0254654667516844,0.0318780965546107,0.0576329320781119,0.0208101882069643,0.0529945010486801,0.0176506052791302,0.0589171140637863,0.0269730173499502,0.0570801112220394,0.0340498773756066,0.0440280946101885,0.0395524923034131,0.0325049747023604,0.0606933895777057,0.0241564368778228,0.053459922123698,0.0356481059120862,0.0299018660501212,0.0489957643118023,0.0530418505934484,0.0246462172971248,0.0234874232663646,0.0219416428367294,0.0275878382997013,0.0224111051566651,0.0525317482660474,0.0143461950598624,0.0214299413568068,0.0517960182086703,0.0536204477072237,0.0351927218970142,0.0195179595999589,0.0475493823468181,0.0292156473727937,0.0476950644139363,0.0346901647342308,0.0384263216642444,0.0330935770471329,0.0272473722956684,0.0268635697255904,0.034996673924609,0.0537655966800272,0.0425453829336597,0.0510142246700653,0.0623785824968864,0.0336232120458738,0.041056061081792,0.0591219079897803,0.0576148696043492,0.0468538206501581,0.0508121025008275,0.0504663874139222,0.0549317894751069,0.0409124034862435,0.04421810384455,0.0549836592479565
