0,0,0.0113560362792177,0.00421107363044151,0,0.0021949148804107,0.0051840861362684,0.0114178769313633,0.00226663956809098,0.0283718322472192,0.0207375744068047,0.0171743563341243,0,0.00415556636199233,0,0.00619146930334334,0.00775314753434814,0,0,0.00746116555418667,0,0.0111513086111852,0.00492791198876789,0.017817806303289,0.00857489196079684,0.00876578155693634,0.00236513842283392,0,0,0,0.0306630603381751,0,0.0184862197659738,0.0134220965110089,0,0.00543211912320836,0.023467172970405,0.0044170509250251,0.00222071878149223,0,0.00965786510127303,0.0157709912298922,0.00445217220791206,0,0.00122268270147245,0.00106437216284314,0,0.00325121130561989,0.0262326497237906,0.0238406503086167,0.00729100166016805,0.0286511588147325,0.0115733172026035,0,0,0.00237744180242334,0.0147887890878713,0,0.0271340654352396,0.0114689734128112,0.00532061333552414,0,0.000942012299601581,0.0196386506426758,0,0,0,0.00374338595948015,0,0,0,0,0.0066766058407128,0,0,0,0,0,0.000909144183677058,0.00849781553971527,0.00408153100275341,0.00387133049624766,0.0131530324813531,0.00103253439151884,0.0177562684425514,0.0157682714730726,0.0105984714880581,0.0093378066590175,0,0.0165868732273764,0.00957539341895967,0,0,0.00304271796794172,0.00368300828019234,0.000533780722712459,0,0,0,0,0.00140110428250744,0,0.0225251303748601,0,0.0139278315319384,0.00265919289866161,0.00217965167425404,0.00703168873211509,0,0.0229659895121806,0
0,0,0.000201624379658654,0.0125612183384943,0,0,0,0.0174048078263635,0,0.0120314301540059,0.0102710301534372,0.0573977283734039,0.00229153806724076,0.0124168685829746,0,0.0256869595365574,0.00210729297151966,0,0.00276309816338296,0.0251169087935103,0,0.0443031668870372,0,0.0256877999385577,0,0.0238064036894754,0,0,0,0,0.0322350409029509,0.00692745491697359,0.0136147598114019,0.0363729197179642,0,0.00495146102794397,0.0333692306453419,0,0.00564767533877211,0.00716959823595993,0.0283143606610011,0.0366306243668087,0.00435044765743127,0,0,0,0.000710349763469123,0.0108844705037502,0.019190718967761,0.00263258323723651,0,0.0145020047866218,0.0191457147699533,0,0,0,0.00236991652606541,0.00125785273462785,0,0.00807394908550012,0.0172069919544664,0.00842008815699049,0,0,0.00185971042541608,0.00119390236479524,0.0146692136629427,0.0392191187609889,0.0122292440754278,0.0045698096587464,0,0.00616342003781768,0.0161749937602031,0,0,0.0153797636951684,0,0.0126570888957031,0.00899508930856013,0.00163040491332534,0,0.0287020383826697,0.0341138428206455,0.00279621315295115,0.0451227929462062,0,0.00848070248095893,0,0,0.0176787895623289,0,0.00202255755153814,0.0198028338278078,0.0339147470830925,0.0304488694665435,0.00672314158235093,0,0.0138396651210848,0.00413941249382177,0.000179385266201139,0.00289288959214199,0,0.000217974167313857,0,0,0,0.00213991453225812,0.0182514588570835,0,0,0.00982049691741849
0.0113560362792177,0.000201624379658654,0,0.00568037837710316,0.0140888990499815,0,0,0,0,0,0,0.00722332810654687,0,0,0.0122944587964643,0.00133157806501342,0.0420292599866698,0.00294031482381879,0.00942815730027155,0,0,0.00784615571035428,7.86164207537681e-05,0.000412952573788368,0,0.0141107549004128,0.00423059067049945,0,0.0024725426936183,0.00226025856674629,0,0.00299520932424609,0.000623346873025449,0,0,0,0,0.0139560277236315,0,0,0.00881872668400038,0,0.0193884333531953,0.0167637633288172,0.00386291987018308,0,0.0119465161067273,0.0223578119255392,0,0,0.0066386155809664,0,0.0146271860376542,0.00632891773771857,0,0.00328377720849456,0.00162568817605358,0.0113338795899725,0,0,0.00701833299094662,0,0,0,0,0,0.00454516419254512,0,0,0,0.00661853872542308,0,0,0,0.00874401428253377,0,0,0,0,0,0,0,0,0.0168286394990302,0,0,0,0,0,0.00112527229598479,0,0.0195081829874139,0,0.0108734465803112,0,0.000962368023419111,0,0,0.000597189833517136,0,0,0,0.000600530752819083,0,0,0,0,0.00491261723644428,0,0.00580231097163895,0.0110437425668413
0.00421107363044151,0.0125612183384943,0.00568037837710316,0,0.0289434298428879,0.0172283664026974,0.00874663271405474,0,0.00863050574707686,0,0,0.0084430319088553,0.00141059219786699,0.000775786884999724,0.00232981864616267,0.0151092105929622,0,0,0,0,0,0.0214432305280753,0,0.0104212048647124,0.00476088313635272,0.0104936631143601,0,0,0,0.00635201601259134,0,0.032205883532071,0.0103859199675519,0.0169738536473933,0.00336276020620855,0.0188395411519387,0.000190501106495659,0.0426548439614026,0.0156119941019619,0.00359099712844874,0.0140167151776312,0.0080839846369327,0.00820155553564586,0.00871520487412501,0,0.00397529733564331,0,0,0,0.009225209290888,0.00954350129065379,0,0.000188791364025196,0,0,0.0038771071922231,0.00801499569800242,0.0228018174088735,0,0.00752971390422182,0,0,0,0.00797235108068927,0,0.0121173671672279,0.00208321940295412,0,0.00697297531476622,0,0.010366778332135,0,0,0,0,0,0.0081169047765078,0.0115203644321086,0,0.011050745334781,0.00144181082764796,0,0.0109383238794202,0,0,0.00220688428808827,0,0,0.00275582899534537,0.0312885731301039,0.00340928215716536,0.0145426852034554,0.00369786531503309,0.0312986315242327,0,0.0173634842457663,0.00282456737933826,0,0,0.00135559805762417,0,0.007375666345003,0.0148557603896722,0,0.0117201013508998,0,0,0.0167026284475647,0,0,0.0293822686435238
0,0,0.0140888990499815,0.0289434298428879,0,0.0137493274115104,0,0,0,0,0.00705074124550622,0.0257693421662812,0,0,0,0.0132495052692579,0,0,0,0,0,0.00753454827677433,0,0.00766623738255881,0,0,0,0,0.0105562137222086,0.00635166100301946,0.00673662223961068,0.00589974234687178,0.0147061026202476,0.0230575803820971,0,0,0,0.00181546525430062,0.0089245047044918,0,0.0229546351356935,0,0,0,0.000370802094251656,0,0.0217232413729272,0.00874097526673142,0,0,0,0.0102397905400261,0.0209719249243769,0.0258202735684029,0,0.0200303965566084,0,0.00245975927528143,0.0143383607076803,0,0.00429824436043391,0.00956671798976494,0,0,0,0.0475577681033564,0.0116107775211546,0.00529775362656075,0.00598713194626621,0,0,0,0,0,0,0.00558421460377558,0,0.0177156236011211,0,0,0,9.57349558857537e-05,0.00110651221487712,0,0.00646711694773449,0,0,0,0,0,0.00121327101774836,0,0,0.0302089762994858,0,0,0,0,0,0,0,0,0,0,0,0,0.00186503086066107,0.0115146163506421,0,0,0.0114715643153889
0.0021949148804107,0,0,0.0172283664026974,0.0137493274115104,0,0,0,0,0,0.0056009605292219,0.0402814249568455,0,0,0.014568883960398,0,0,0,0,0,0,0.0117827356334578,0.00783298478827241,0.0176125697339068,0,0,0,0,0.00871475161318128,0.0144002845860666,0.0125260851944261,0.00787965856518877,0.00646576109686031,0.0194419025417106,0,0.00347116989557618,0,0,0,0,0.0287344505479863,0,0,0,0,0,0.0185928717434311,0.00430527178434661,0,0,0,0.0326368213898217,0.0258503712194699,0.0231092402247124,0.0153398973033509,0.00575330534613564,0,0.0115057966324311,0,0,0.0113931772853562,0,0,0,0.00222271065844065,0,0.0115100093913392,0.00389600447462748,0,0.0107724209247809,0.00430886938642327,0.00112801971078678,0.00208901002420552,0,0,0.00883652728776549,0.00276803892048513,0.0315567444159846,0.00134663770391457,0,0.0019722929571261,0.00460687160648252,0.00782239257895756,0,0.00605166076652462,0,0.000579398753602913,0,0,0.00845567974327868,0,0,0,0.035078910454619,0.00995559878735783,0,0.000910494923694296,0,0.00234260597534769,0,0,0,0,0.00200395825967668,0,0,0.013763872263373,0.0176727601768832,0,0.00126156476999295,0.0249049452867285
0.0051840861362684,0,0,0.00874663271405474,0,0,0,0.00684018183392675,0.000369815659740571,0,0.000372306608441892,0.024463757849844,0,0.00619146609001742,0.0171275021078784,0,0,0,0.00764333090280962,0.00660627478862791,0,0,0.0175929180079608,0.00792018219154479,0.0057340323507127,0.00777041134298417,0.00120515794009448,0,0,0,0.0156744177200446,0,0.00724872291089231,0.0117188185591275,0.00282744599524725,0,0.00871736045903407,0,0,0,0.0129469739161291,0,0.00374292200631173,0.00310650421299106,0,0.00134440980320964,0.00385373090198191,0.00227947863471136,0.00992076728144126,0.0120010938930426,0,0.0221752136903287,0.00860884708916893,0.00621971659848366,0.0139313862166872,0,0.00715557019379079,0.00928411763141379,0.0044637538956723,0,0.00398196088909911,0.00234104141314833,0,0,0,0,0.0223575967448323,0.0133176925327883,0.00349483358866891,0.00396811757840542,0.0124234035309149,0.00336490002028784,0,0,0,0.0125538664263877,0.00356205077301589,0.0205511536192454,0.0118538059316694,0,0,0.00401661892086648,0.0137295098215785,0.00277945026205527,0.00167743752237877,0,0.00633828208594761,0,0.00608120486060182,0,0,0,0,0,0.00625504244955178,0,0.00176065773772288,0.00232635950961664,0.00654440834811931,0.000934944738143499,0,0,0,0.0027617396502468,0.00433871372254357,0,0.00201313532619802,0,0,0.00252763786772433,0.0175224564900819
0.0114178769313633,0.0174048078263635,0,0,0,0,0.00684018183392675,0,0,0.0134038072947863,0,0.0542617312527134,0.00381449171250039,0,0,0.0163482840171144,0,0,0,0.0013658143667719,0,0.0258896944915744,0,0.0285750181766841,0.0029995496754209,0.0302644666233307,0,0,0,0,0.0300966111010188,0.0104186205776775,0.00369140342031243,0.0176061218978151,0,0.00559551714885728,0.0312380477874033,0.000591214398177871,0.000344295277411724,6.4861043392316e-05,0.0294452722388326,0.0209849234340642,0.0121382838459016,0,0,0,0,0,0.0223801961009029,0.0146000284869822,0.000981879669054763,0.00443423212563262,0.0040821320595337,0,0,0,0.00601910660198291,0.00143988285344823,0,0.00525066381829432,0.0022190633525446,0,0,0.00375266270241861,0,0.00112759374003014,0.00787088322004542,0.0175340263288588,0.00658496881215467,0.000719392981064743,0,0,0.00434418228531819,0,0.00361272400256702,0.00350787132970035,0,0.0105826143597226,0.00817797306193304,0,0,0.0245760050113944,0.0324102537349611,0.00251265045744315,0.0301522951506299,0,0.00884301770012358,0,0,0.032063960226106,0,0.00389879735469938,0.0121180650206359,0.0186127479909134,0.00432189994968432,0.00946663740161853,0,0.00891139338955127,0.00404717517825067,0.00741938290440223,0.00498646694152215,0,0.00938998809974643,0,0.012845364071979,0,0.00203200024978003,0.0228843625037446,0,0.0025375650064581,0.0116712458343974
0.00226663956809098,0,0,0.00863050574707686,0,0,0.000369815659740571,0,0,0,0,0.0153484033151527,0,0,0,0.0166022017855522,0,0,0.00744557185920606,0,0,0.0255531795162314,0.00698892839981287,0,0,0,0,0,0.00468621740263304,0.000108674220777214,0,0,0,0.00684521837765027,0,0,0,0,0,0,0.00157589418142576,0,0,0,0,0,0,0,0,0.0170674725585883,0,0,0,0,0.000944173148405832,0.00108582966443746,0.00345191932358994,0,0,0,0,0,0.0111941395734817,0,0,1.64460883030823e-06,0.004790435921837,0,0.00745857640538739,0.00698127858936273,0,0,0,0,0.00629139624372796,0.00894113219140615,0,0.00357676202458034,0,0,0.00162900361691494,0.00444679464292846,0.0205745608659933,0,0,0,0,0,0.0096985152298827,0.00955447827817923,0,0,0.0143874522960166,0.0128615917968203,0.000714766875733049,0,0,0.00740458770320915,0.00512290487122644,0.0137504934846696,0,0,0.00373175456706589,0,0,0.00496609996894404,0.0027375192517183,0,0,0.0261546940716528,0
0.0283718322472192,0.0120314301540059,0,0,0,0,0,0.0134038072947863,0,0,0,0.0249726987406694,0,0.00356474790558109,0,0.00622598341412467,0,0,0.00351598280731577,0,0.00110176918961517,0.0109553610743973,0,0.00627034593090725,0,0.0189938358042718,0,0,0,0,0.0108137477544646,0,0,0.000477777085090559,0,0,0.0107381756684079,0,0,0,0.0340085033156492,0.000281717985128203,0.00542519183757142,0.00186950879937359,0,0,0,0.021133133634929,0.0355688456628232,0,0,0,0.00510461559876486,0,0,0.00869058763925888,0,0,0.00391641829673314,0.0130818138351629,0.00636976782507404,0,0,0.00111101305655095,0,0,0.00242107928011305,0.00181826636415307,0.00252370711915095,0,0.00753918380591696,0,0,0.00847837839071423,0.0314453459233131,0,0,0.000942106774232755,0.0206579524700743,0,0,0.0206663610562286,0.0158599475001281,0.00778189265304716,0.0225120938212279,0,0.0161823978245798,0,0.000529598828432645,0.00686960073177705,0,0,0,0,0.000353623516016236,0,0,0,0,0.0059621569224744,0.00218986982681043,0,0.00496351290310601,0,0,0,0,0.0083119969387858,0,0.00184595980977092,0.013009358924505
0.0207375744068047,0.0102710301534372,0,0,0.00705074124550622,0.0056009605292219,0.000372306608441892,0,0,0,0,0.0368541133025035,0.000215838601927196,0,0,0.00912274391368684,0,0,0,0,0,0.00579862952275659,0,0.0314353604660252,0.00816856995872647,0.0344429924127861,0,0,0,0.00415854446005893,0.0163607735825658,0.0361220992060015,0,0.00827900851886495,0,0.00167863264812465,0,0.0154904312634714,0.00765650927964568,0,0.0149918595194921,0,0.0160897489263518,0.0148461913496333,0,0,0,0,0.0133383295523157,0.00683740004039976,0.00516858986082034,0.00101065692646018,0.00971128748126079,0,0,0,0.0146619018561861,0.0230041195405137,0,0,0,0,0,0.00242818791866186,0,0.00155887021938573,0.00755811977761654,0,0,0,0.00504422602286269,0,0,0,0.00103643889625772,0,0,0.0125023125117568,0.0111839870990302,0,0,0.00802953128984591,0.0177486717297989,0,0.00510958788807427,0,0.0084247724376761,0,0,0.038942734500605,0,0.0099658095749085,0,0.0268986114359886,0,0.00269342907935407,0,0.0037515981699151,0.00399240032023403,0.00412846579881623,0.00537411246611179,0,0.0131204375811009,0.00744013620224612,0.00429310083340579,0,0.00458107104906804,0.0318685185373779,0,0,0.0123574864480811
0.0171743563341243,0.0573977283734039,0.00722332810654687,0.0084430319088553,0.0257693421662812,0.0402814249568455,0.024463757849844,0.0542617312527134,0.0153484033151527,0.0249726987406694,0.0368541133025035,0,0.00452377423582455,0.056201859374585,0.0460738646042765,0.0299126125467589,0.00691320964321861,0.015575311459072,0,0.0583949517997008,0.00837973723128462,0.0200584428274648,0,0.00802539314747757,0.080788529537667,0.0335707342579199,0.00132092562676048,0.050662986720114,0,0,0.0441450519763878,0.0617710237785413,0.0570579659997289,0.0306447013674652,0.0652417265472222,0,0.0439838848531579,0.0517299621888252,0,0.0496381226290403,0,0.0579942195700229,0.0285932263496412,0.00694150968692858,0.0363429550553182,0.0322741325654409,0,0.0136812545441571,0.020581566327602,0.0360812548130714,0.0246483637390543,0.0275216125344659,0.00853903364635109,0.000238409168144677,0.0104539539477055,0.017079882893691,0.00619903283077012,0.0144854612756459,0.0502898232427251,0.0402389599144938,0.00923777188515511,0.0206078225018225,0.00639704680592741,0.00279092313681596,0,0.00936876046194117,0,0.0311084038214744,0,0,0.00319073499809308,0.0336103247955841,0.0425242106604811,0.0386701312258484,0.011741063264075,0,0.012174373241861,0.00567764993975348,0.0187590753093687,0.0291522198562104,0.0194534562335396,0.0128098288469564,0.00167749052698111,0,0.0313313719373736,0.00676484648527032,0.000250093440289325,0.0341009522398657,0.0202857745106353,0.0611100146699105,0.0658007938663882,0.0546066049523772,0.0399503637874257,0.0268291686798689,0.0415262514815092,0.0843551215089979,0.0347851442381999,0,0.00708633121784561,0.0413070221687296,0.0240886537204082,0.0420591760928523,0.0450330251023764,0.0295764578279049,0.0772417047811795,0,0.0107064232879752,0,0.00226843268904714,0.0485910863456906,0.00914309661438924
0,0.00229153806724076,0,0.00141059219786699,0,0,0,0.00381449171250039,0,0,0.000215838601927196,0.00452377423582455,0,0.00463923550360574,0.0126202046944682,0.0226196103098885,0,0.00427192157174494,0,0.000466676061147649,0,0.0136514654523597,0,0,0.00667436105379852,0,0,0.00619484986485563,0,0,0.00168985180669715,0,0.00789334814641531,0.00774286533276434,0,0,0,0,0,0.00416788939648021,0.00131270326501045,0.00105354128917791,0,0,6.66110075850246e-05,0,0,0,0,0.0103416481361524,0,0,0.0143541345865571,0.012498346752831,0,0.0188730726688464,0,0,0.00508113889523038,0,0.0046107965297628,0.00654522696657951,0,0,0,0.0161776092746943,0,0.00433060055410267,0.00484365064010188,0,0,0,0,0.0192876105882652,0.0118351687909277,0,0,0,0,0,0,0,0.0023479261123509,0,0.00378735488899708,0,0.0137402935930024,0.00257697224812779,0,0.0270595805343635,0,0.00015468261305083,0,0,0,0.00900070016732189,0.00140766174281663,0,0.00967193768522155,0,0.0191725091703481,0,0,0,0.00997968376721647,0,0,0,0,0.0370732838368839,0
0.00415556636199233,0.0124168685829746,0,0.000775786884999724,0,0,0.00619146609001742,0,0,0.00356474790558109,0,0.056201859374585,0.00463923550360574,0,0,0.0135466648090253,0,0,0.00283419303003445,0,0,0.0281102081072139,0,0.0187638869731845,0,0.0309831323138251,0,0,0,0,0.0178382203629765,0.00667548716103432,0,0.0182952567960933,0,0.00310495021362059,0.0197897390668246,0,0,0,0.0268919358436951,0.0124997049149267,0.0066383551730106,0,0,0,0,0.00492441175240922,0.0172303343060199,0.0124117268021835,0,0.00460383913368682,0.00109300084448899,0,0,0,0.00340375153530722,0.000624143154995492,0,0,0.0035483044020191,0,0,0,0,0.00324264120470778,0.0132176208195675,0.0228456003618397,0.0111349797915142,0.00511853431350065,0,0,0.00326999276590233,0,0,0.00852396806244078,0,0.00830133468698162,0.00970743596850594,6.24438968937034e-05,0,0.0287655741625692,0.0403854004477192,0,0.0255381631897233,0,0.00194871220439243,0,0,0.0285942038094449,0,0,0.0113352117611129,0.0197928174819364,0.00284280962037252,0.00394925543747763,0,0.00203707143385474,0.00728966907548172,0.00338663395252416,0.000772174675160909,0,0.000190363887836761,0,0,0,0,0.0208459562442895,0,0,0.00650307048121477
0,0,0.0122944587964643,0.00232981864616267,0,0.014568883960398,0.0171275021078784,0,0,0,0,0.0460738646042765,0.0126202046944682,0,0,0.0148012485986606,0,0.00751881608260086,0.00796377696081139,0.00020792577340786,0,0.0348742406002931,0.0014106204691817,0.0175579944957976,0,0.00727550613832053,0.0107656898479342,0,0.00333903279639169,0.00717061522892528,0.008813439947853,0.00462861574140474,0,0.0216325673719929,0,0.00428027504179755,0.0144386711110067,0,0.0174110277455085,0.000390053003735587,0.0270444945829459,0.0115389706929017,0.00274312970152184,0,0,0,0.00398193825617817,0.00931810711361052,0,0.00564912313812164,0.00277397485529618,0.0187656214539854,0.0152413162271396,0.00203875716147704,0,0.0123386700969267,0,0,0,0,0.0120750903447275,0.0100454349052657,0,0,0,0.00935285958571874,0.0283108041887431,0.0162580092666715,0.0108578568760439,0.00442184643918539,0,0,0.0031120250017787,0,0,0.00678892054298932,0,0.0120494411001912,0,0,0,0.00621387205453994,0.0178443177639598,0,0.00986191276824187,0,0.00075627293913134,0,0,0.0138062422296025,0,0,0.00513384721273155,0.0175012688884334,0,0,0,0,0.00129008024596284,0,0,0.00162594958160211,0,0,0,0,0.00219904298535224,0.0292311267551422,0.011292044225498,0,0.0029349062621788
0.00619146930334334,0.0256869595365574,0.00133157806501342,0.0151092105929622,0.0132495052692579,0,0,0.0163482840171144,0.0166022017855522,0.00622598341412467,0.00912274391368684,0.0299126125467589,0.0226196103098885,0.0135466648090253,0.0148012485986606,0,0.00501900823632148,0.0183208560389223,0.0183281464793565,0.0131063458930458,0.00976092758333346,0.0221262185398913,0.00302381604095534,0.0111708317660303,0.0133123660644788,0.0152423184462688,0.00219476924010629,0.00416664528661988,0,0.00449410356347978,0.0200899988576214,0.00255452436476387,0.0256049403264307,0.0196205651923604,0.0155828774498428,0.00226243488452447,0.0227137569424564,0.00393011099867924,0,0.00876021881183731,0.0412298986526903,0.0184143073852204,0.00178058441400516,0,0.0104749038168078,0,0,0.0315785604340449,0.0113039045651397,0,0,0.0184234910711548,0.0137878468709514,0.00754238585030361,3.07772792160401e-05,0.0196603785516787,0.00238696566722179,0,0.0145342109153625,0.0165096925267524,0.0161066708977347,0.0076940721128407,0,0.0197932211957702,0.000252173230784538,0.0051970322677703,0.0239808936111722,0.0102176392608047,0.0155024278347895,0,0.0156972167423917,0.0137229553544864,0.00210312080801274,0.00167067829792087,0,0,0.003388443551043,0.000332781427160093,0.0182258822194829,0.0274810636967287,0,0.0122753210767046,0.0166729986501117,0.0042042132221721,0.0252859145325454,0,0,0.00923424293259181,0.00699691633010991,0,0.00484559197406907,0,0.00105429056722606,0,0.00415404089989365,0.00160721690703532,0,0,0,0.00485053815183207,0.00525317839802006,0,0,0,0.0121686836122946,0.00860962782937339,0.0102362009590456,0.0133124256832228,0.0404095215102869,0,0.000751000753198608
0.00775314753434814,0.00210729297151966,0.0420292599866698,0,0,0,0,0,0,0,0,0.00691320964321861,0,0,0,0.00501900823632148,0,0.00817742515980822,0.00365618098119063,0,0,0.00847933684715274,5.83267005261207e-05,0.0052362147367417,0,0,0,0.00684976411139695,0.0078583671533902,0.00836916173466935,0,0,0.0072839514634927,0.0132014893569507,0,0,0.00331132561091866,0.0126729936501654,0,0.0222160909842592,0.0155866673130393,0.00649413974543215,0.0244271811463177,0.00969468726637009,0,0,0.00666148907674402,0.00719896203188804,0,0,0,0,0.0305239983580218,0.0311655281847952,0,0.0311494839881293,0.00640322567824361,0.00657851726879088,0.00282624760674437,0.00383095633614252,0.0169733254205951,0.0262594889975998,0.00406536515704233,0,0.000970911117739852,0.0112303768406182,0.00324621032093491,0.0113796532198306,0.0145127187107462,0,0,0,0,0.00801660666563771,0.00535867681720656,0.0104331428763292,0,0.017518133473199,0,0,0.00715443215895215,0.00794660213890711,0,0,0,0,0,0.00131229797242495,0.000751624030507331,0.0025234913110575,0.0137252293443179,0.00875211149277335,0.0178037707927075,0.0206166662382985,0,0.00845530098696377,0.000994080306810803,0,0,0,0,0.00206617318351355,0.00271826327658455,0,0,0,0,0.00789543216639231,0.011492746293959,0.0103575199615661,0.00488813392703259
0,0,0.00294031482381879,0,0,0,0,0,0,0,0,0.015575311459072,0.00427192157174494,0,0.00751881608260086,0.0183208560389223,0.00817742515980822,0,0.00764241999850235,0,0.0041274016916124,0.000265632830640027,0,0.00346059023022459,0,0.00650550011245385,0.00258471982220505,0,0.00356203951729631,0,0,0,0.0103840595803739,0.0240792115462594,0,0,0,0.0333177664626376,0.0111446346013633,0.00871033484063682,0,0,0.0394259276567368,0.0048893613976115,0.0133526194921192,0,0,0,0,0.0126976306927192,0,0,0.00250416195616791,0,0.0188223972794286,0,0.0158832132629474,0.0270270385145691,0,0,0,0.0104260052701039,0,0.00130375853483974,0.00457393195908417,0.000643795033965597,0.00995812043285741,0.00424364564923505,0.000690028917301842,0,0.0249082916780575,0,0,0,0,0.0102838644917734,0,0.0229562136263766,0.00597231475821381,0,0,0,0.00158753835524018,0.015449593466083,0,0,0,0.00100291583408431,0,0.0291816778133473,0,0.0438411646042165,0,0,0,0.00769127809414255,0.0178159927738521,0.0313200330987206,0,0,0,0.0034652608330246,0,0.0142195603023184,0,0.00374996193702717,0.020981750279365,0.0183171161212556,0,0.0072184609057662,0.0101621824433302
0,0.00276309816338296,0.00942815730027155,0,0,0,0.00764333090280962,0,0.00744557185920606,0.00351598280731577,0,0,0,0.00283419303003445,0.00796377696081139,0.0183281464793565,0.00365618098119063,0.00764241999850235,0,0.00152803773257531,0,0,0.00660270956802053,0,0.00392288513764019,0.00154763922376393,0,0,0.00575262079525106,0,0,0,0.0169237827416322,0.00960658479606737,0.00279290144111376,0,0.00579341295964669,0.0128085961868832,0.00233576181947344,0.00471289034069521,0,0.00937719575236804,0.0167801391630443,0,0.00798243726153463,0.00343417209836033,0,0.00628614881197263,0.00366651360562077,0.0118981311980908,0,0.000195208996273416,0,0,0.0114625578708567,0.00229684783351514,0,0,0,0.0111109031844305,0,0.00578591016580405,0,0.0311175971187441,0,0.00684567174507324,0,0.0110930400443795,0.0148843384869057,0,0,0,0,0,0,0.00841122802435802,0.0022533582234398,0.0092502139223763,0,0.000696994476380557,0.00519133711682229,0.00878220296827948,0.0110569161285934,0.00654362398272431,0,0.00639548553580125,0,0,0,0.0170355359795777,0.00993513985878242,0.0282770987980418,0,0,0.00078438979374067,0.0177707170631604,0.00573769253088839,0,0.00996047863959691,0,0,0.0149932396656765,0.00672808351455028,0,0.00554095701992991,0,0,0,0,0.00840998304309175,0.00537374379806421
0.00746116555418667,0.0251169087935103,0,0,0,0,0.00660627478862791,0.0013658143667719,0,0,0,0.0583949517997008,0.000466676061147649,0,0.00020792577340786,0.0131063458930458,0,0,0.00152803773257531,0,0,0.0162489956576884,0,0.0169139128711559,0,0.0329249538002483,0,0,0,0,0.0208528814143481,0.0116118390795742,0,0.0174099005691968,0,0.000765440272169367,0.0101391996808975,0,0,0,0.0247101730780853,0.00453503087057474,0.0092542471280878,0,0,0,0,0.00650812226678769,0.0213675882584608,0.0102839583564722,0,0.000353140017949062,0.000663237511581869,0,0,0,0.00484686072960599,0.0040025403235246,0,0,0,0,0,0.00198824868199288,0,0.00406330890592769,0.0125621222868261,0.0173189489165615,0.0086209817829034,0.00561882838805844,0,0,0,0,0.00129603160344831,0.00709217248914294,0,0.00907978344259216,0.019920204799041,0.00112324922755995,0,0.027287352661599,0.0434724141073671,0,0.0276659277769099,0,0.0025924725598572,0,0,0.0329361496601239,0,0.000493038926862593,0.00821758224644269,0.0220746851535501,0,0.00819035174250006,0,0.00266831430196796,0.00902402898700524,0.0025922108095251,0.00534630061808664,0,0.00123879599423807,0.00630744789633581,0.00126415082862516,0,0,0.0220201382919435,0,0,0.00930754382879048
0,0,0,0,0,0,0,0,0,0.00110176918961517,0,0.00837973723128462,0,0,0,0.00976092758333346,0,0.0041274016916124,0,0,0,0,0,0,0,0,0,0.00249095785749898,0,0,0,0,0,0,0,0.00469090136476322,0,0,0,0,0.00560606625314772,0,0,0,0,0,0.00289861877612918,0.00161647393762511,0.010223850696541,0,0,0,0,0,0,0.00942764111936482,0,0,0.0067156847353136,0.000239743542843198,0,0,0,0.0193996211832536,0,0.0203602325086401,0,0.000260167267413638,0.0029467433790109,0.00123872593663489,0.0018551288311761,0,0,0.00365487514812856,0.0213294274138691,0.00995919516292797,0.00660853544912985,0.0048545280556932,0.0215526787723216,0,0.000311140675936098,0.00266910076821887,0.0127130070588424,0.00123513583831025,0,0,0,0,0,0.00350508555543225,0,0,0,0,0,0,0,0.0108393874956249,0,0,0.00507329253634593,0,0,0,0,0.0177206112986628,0,0,0,0,0
0.0111513086111852,0.0443031668870372,0.00784615571035428,0.0214432305280753,0.00753454827677433,0.0117827356334578,0,0.0258896944915744,0.0255531795162314,0.0109553610743973,0.00579862952275659,0.0200584428274648,0.0136514654523597,0.0281102081072139,0.0348742406002931,0.0221262185398913,0.00847933684715274,0.000265632830640027,0,0.0162489956576884,0,0,0,0,0.0265381797391268,0.026535684395989,0,0.0157096205121208,0.000465874432311184,0.000362492427288075,0.00706429372393646,0.0109496921838305,0.000633153816283805,0,0.0048045912269183,0,0.00940847971752561,0.0109797023763862,0.00111434046476624,0.0180809708474067,0.0113611010038077,0.0162872412135507,0.00811950799344694,0,0,0.0107807654565052,0,0,0.00196171200825275,0.0405512017093892,0.0124874519097573,0,0.00554701988131773,0,0.00241485442520396,0.0144955137163759,0,0,0.0156626739714426,0.0137137846013817,0.00110669990151117,0.00194086029366807,0,0,0,0.00266096631022255,0.00301734388235915,0,0,0,0,0.00415480032941837,0,0.0187461264030848,0.00897335854734669,0.00244251521387851,0,0.00892032532527295,0.00621748327092578,0.001300593819466,0.00460795742117647,0.00210940358644116,0.0023763207232869,0,0,0,0,0.0100042506024679,0.00536467953123713,0.0589341217618506,0.0214340052052673,0.0154330122731171,0.0444657145194191,0.0151285933175,0.00746691674374706,0.0371590621887229,0.0186877935455593,0.00252680250554166,0.0159514024894691,0.0158219031041995,0.00622976153289529,0.019598223094747,0.0129629382817165,0.000993605610399735,0.0296866592791045,0,0.000837782145134954,0.0106852334261484,0.00137603318355681,0.014139516943009,0
0.00492791198876789,0,7.86164207537681e-05,0,0,0.00783298478827241,0.0175929180079608,0,0.00698892839981287,0,0,0,0,0,0.0014106204691817,0.00302381604095534,5.83267005261207e-05,0,0.00660270956802053,0,0,0,0,0,0.00150622437538679,0.0132157253005015,0,0,0.0111232888627583,0,0,0.00683023724157841,0.0137191267632102,0.0151964197671208,0.00239567805337571,0.0111061609486096,0.00191734360328259,0.0102202956014144,0.0141677426748195,0.00655973349587677,0,0.00360948797263257,0.0116497878066736,0.0142884304369787,0,0.00416814087683248,0,0,0.0080209286802164,0.0197677720174122,0,0,0,0,0,0,0.015975855765676,0.00682650566501139,0.00344270113570512,0.00588918205254054,0.00223393673628926,0.0161502818367551,0.00245139329148317,0.00710791184372816,0,0,0,0.00367925679844558,0.00484960450749048,0,0.00601735776520442,0,0,0,0,0.00365072422778697,0,0,0.0116510100459228,0.00307500495777506,0.0121372163473926,0.0060911385352846,0.00196856681142414,0,0,0.000861918917989371,0.0011236650920762,0.00249716463547441,0.0165092265110809,0,0,0.00381615662649394,0.00336807658932619,0,0,0,0,0.00832932253907337,0.0144317671157434,0,0,0.00145620463024943,0.00715474053250526,0,0.0175118793055662,0.00303228823037309,0,0,0,0.0149571981885344,0.00255783154916998
0.017817806303289,0.0256877999385577,0.000412952573788368,0.0104212048647124,0.00766623738255881,0.0176125697339068,0.00792018219154479,0.0285750181766841,0,0.00627034593090725,0.0314353604660252,0.00802539314747757,0,0.0187638869731845,0.0175579944957976,0.0111708317660303,0.0052362147367417,0.00346059023022459,0,0.0169139128711559,0,0,0,0,0.0183051215944224,0.0207595843103086,0,0.00290806959955992,0,0,0.0286650405570318,0.00503070281691938,0.0228635656436227,0.00507247469439401,0.00283396299052576,0,0.00914059639647342,0.013038728846098,0,0.0124894176649714,0.000209663886043168,0.00999958690953609,0.0203387214409364,0,0.00784707966037251,0.00509383067622167,0,0,0.00166635959021957,0.0251822944430757,0.0169498342201349,0.0216925253443214,0,0,0,0.0194290310602413,0.0143798266396023,0,0.0529303156609556,0.0154190498623601,0,0,0,0.0160487458439043,0,0.0140234372465717,0,0.00328637940573647,0,0,0,0.0111443336358224,0,0.0314323902647825,0.00636687489311212,0,0,0.00298199950615211,0,0.00369657241572048,0,0,0.000642223787777425,0,0.0076662086656935,0.0058919949291612,0.00288998158245595,0.0201374899710762,0,0.0494574957166702,0.0174793268237785,0.0155979920197107,0.00593204039150258,0,0.00153335576780181,0.0171502264302012,0.00501092361581642,0,0.00223522684550627,0.00286566629180666,0.0248459807838507,0.00535202320759527,0.0174160446052358,0,0.0291713046740927,0.00157710812797792,0.00574614619460967,0.00678481938135677,0,0.0365460648475477,0.0146060355425773
0.00857489196079684,0,0,0.00476088313635272,0,0,0.0057340323507127,0.0029995496754209,0,0,0.00816856995872647,0.080788529537667,0.00667436105379852,0,0,0.0133123660644788,0,0,0.00392288513764019,0,0,0.0265381797391268,0.00150622437538679,0.0183051215944224,0,0.0251303306557812,0,0,0.000415108818232791,0,0.0305843309852929,0.0301835350246823,0.0136022587853854,0.0306502452373585,0,0.00119871980722839,0.00823786368185344,0.00275270798775954,0,0,0.0243593714632143,0.00777730198998837,0.0115010601750406,0.000730648911866224,0,0,0,0.0208052342662033,0.0132454633547937,0,0.000979631829953953,0.0247480390882477,0.0144689746582536,0,0.00244295174324662,0,0.00537480483066418,0.0138683243602376,0,0,0.0110294893729138,0,0,0,0.00418800477800835,0,0.0189188602183734,0.0139602507135147,0.0110479593816268,0.00777260046560794,0.00634197145259874,0.0072498317532113,0.0146366857355162,0,0,0.00881449725672336,5.89091185537504e-05,0.0178455172118604,0.0170253357983912,0.00831404127349331,0.00128677407715598,0.0118520437223311,0.020384221881277,0,0.0455832647239787,0,0,0,0,0.0130131096726719,0,0.00219616697227725,0,0.0372083372728729,0.0152339417631042,0.00876213706363288,0,0,0,0,0,0,0,0.00810714880941824,0,0,6.2107351708592e-05,0.0190142854324788,0,0,0.0218157940522801
0.00876578155693634,0.0238064036894754,0.0141107549004128,0.0104936631143601,0,0,0.00777041134298417,0.0302644666233307,0,0.0189938358042718,0.0344429924127861,0.0335707342579199,0,0.0309831323138251,0.00727550613832053,0.0152423184462688,0,0.00650550011245385,0.00154763922376393,0.0329249538002483,0,0.026535684395989,0.0132157253005015,0.0207595843103086,0.0251303306557812,0,0,0.0216305820310481,0,0.00655476846511102,0.0342405618866123,0.00314849540291134,0.0599482717610214,0.0635581467806194,0.0346538410678649,0.0195869456237089,0.0344100523177892,0.0488797653576898,0.00980910953174832,0.0473276574056083,0.012089027067795,0.0318226297259654,0.0249430280299469,0.00380447194558533,0,0.0181983492327572,0.00818299234442928,0.0271848723209737,0.0260779117885924,0.0080543162541064,0.00589691910187046,0.0364170167741418,0.0212225798265702,0,0.0169928925810933,0.00877946956861691,0,0.016797967242532,0.0254338737258184,0.0376922969901432,0.00705751700152742,0.0289574039831881,0,0.00984148402984072,0.012129777600498,0.0104715650445672,0.0126222345878473,0.0372280099225366,0.0245944992050648,0,0.00836978153917174,0.019808332607318,0.0296136561006236,0.00996061317682225,0.0105342445250972,0.0240050701925152,0.00217933802406748,0.028160842244668,0.0021240146924368,0.00664135855538811,0.00303089258077962,0.0272330870507527,0.0225924076747442,0.00686061694258111,0.0411014236166417,0.0176093192801504,0.0150710569301682,0.022572740814429,0.0193311255052685,0.0250208565911565,0.0287928798621496,0.0410674490433588,0.0278934267640298,0.0310216398219975,0.0500153717084427,0.0255114659490857,0.041916442844691,0.00913909378282651,0.0101739964009708,0.0246710067834727,0,0.0451014074567259,0.0202609692997946,0.00310284769026738,0.0306307049043564,0,0.00948350440702923,0.01706306265551,0.00200760580236117,0.00834271656485146,0.0148946330515488
0.00236513842283392,0,0.00423059067049945,0,0,0,0.00120515794009448,0,0,0,0,0.00132092562676048,0,0,0.0107656898479342,0.00219476924010629,0,0.00258471982220505,0,0,0,0,0,0,0,0,0,0,0.00468973431034377,0.00749387074170223,0,0.0115234037269664,0.0119158882455222,0.00992985285502556,0,0,0,0.000447678583783943,0,0,0.00186949401328841,0,0.0183251591901763,0.012898738713982,0.00826035881242938,0,0,0,0,0,0,0,0,0,0,0,0.00954878786664252,0.011524934211575,0.00258139771119823,0,0,0,0,0,0,0,0,2.51728392013619e-05,0,0,0.00923890205987907,0,0,0,0,0.000664396871764413,0,0.00309498029244929,0.00352969719276071,0,0.00237581200258379,0,6.78860708862982e-05,0.000580517874800436,0,0.000926940431951317,0,0.004039838960146,0.011410198544903,0,0,0.00313841408847165,0,0,0,0,0.0017300289300296,0.00120007448585667,0,0,0,0,0.000668271994879568,0,0,0,0,0,0,0,0.019120420391049
0,0,0,0,0,0,0,0,0,0,0,0.050662986720114,0.00619484986485563,0,0,0.00416664528661988,0.00684976411139695,0,0,0,0.00249095785749898,0.0157096205121208,0,0.00290806959955992,0,0.0216305820310481,0,0,0.000297420878839947,0,0,0.0051663838874683,0,0.00871270748399606,0,0.0149358338377545,0,0,0.0157028241633567,0.00145115733900566,0.0152533564278023,0,0.000427313522706666,0,0,0,0,7.77359011626718e-06,0,0,0.00348280810356136,0,0,0,0,0,0.000811712248618395,0,0,0,0,0,0,0.0102880750449579,0,0.00853081663769611,0,0,0,0.0044595538945274,0,0,0,0,0.000460121791737029,0,0,0.00529501323914496,0.0134867232975021,0.00218725821817147,0,0.00135613490431565,0.0231865860747026,0,0,0,0.00213454498049793,0,0,0.0190210227687397,0,0,0.00882575238029717,0.0354415504237236,0,0.00190042049970239,0,0.00621438456712158,0,0.00187763079481125,0.00179212554082843,0,0.00431806296455383,0,0,0,0,0.0137305242197617,0,0.0126281399975328,0.00275944541954345
0,0,0.0024725426936183,0,0.0105562137222086,0.00871475161318128,0,0,0.00468621740263304,0,0,0,0,0,0.00333903279639169,0,0.0078583671533902,0.00356203951729631,0.00575262079525106,0,0,0.000465874432311184,0.0111232888627583,0,0.000415108818232791,0,0.00468973431034377,0.000297420878839947,0,0,0,0,0,0,0.0116749492316309,0,0,0,0.00194223898697864,0,0,0,0.000240806894845314,0,0.0055929644711558,0.00451230560038303,0.00980982107733127,0.0124964107635647,0,0,0,0,0.000294489519272052,0.00956474914580743,0,0.00962283290375906,0,0,0,0,0,0.0106750658685174,0,0.0161341022017839,0,0,0,0,0,0.00485778581053967,0,0,0,0,0,0,0.000850234766222379,0,0,0,0,0,0,0,0,0,0,0,0,0.00911338180806308,0.00338363549596264,0.00975085572270653,0,0.00623634612681281,0.00302422805274833,0.0069064668985889,0.0244352443435281,0,0,0.00545449456217544,0,0.0139112179515705,0,0,0,0,0,0,0.00270318967454709,0,0
0,0,0.00226025856674629,0.00635201601259134,0.00635166100301946,0.0144002845860666,0,0,0.000108674220777214,0,0.00415854446005893,0,0,0,0.00717061522892528,0.00449410356347978,0.00836916173466935,0,0,0,0,0.000362492427288075,0,0,0,0.00655476846511102,0.00749387074170223,0,0,0,0.00188446464262187,0,0.0144858108625835,0.0170725327679305,0,0,0,0.00850379845795063,0,0.00247940757310713,0,0,0.00637300055142889,0,0,0,0.000294582616676515,0.0141899220588797,0,0.00899273889261321,0.00110962990042283,0.00351648883103831,0,0,0,0,0,0,0.00408994663675713,0,0.00112977512584638,0.00651402829017117,0,0.00263117444850394,0,0.00600836765914626,0,0,0,0.0136208158672448,0,0,0,0,0.000571251449433068,0,0.00662404292335798,0.00377809924579905,0,0,0,0,0,0,0,0,0,0,0,0.00821108803471298,0,0.00751223214269651,0,0,0.000254437317064176,0.000757454702251255,0.00947069262006186,0,0,0,0.0199570575611808,0.00292248264117294,0,0,0.00454879349690416,0.00311293192455618,0.00549194699451603,0,0.0199681146781905,0,0
0.0306630603381751,0.0322350409029509,0,0,0.00673662223961068,0.0125260851944261,0.0156744177200446,0.0300966111010188,0,0.0108137477544646,0.0163607735825658,0.0441450519763878,0.00168985180669715,0.0178382203629765,0.008813439947853,0.0200899988576214,0,0,0,0.0208528814143481,0,0.00706429372393646,0,0.0286650405570318,0.0305843309852929,0.0342405618866123,0,0,0,0.00188446464262187,0,0.0266455297614984,0.0116510749678313,0.010600701842329,0.00164179777314021,0.00506041737451514,0,0.0162509795101923,0.00145559404423332,0.00871417645662037,0.0185745618140392,0.0132789461513516,0.0249644294567272,0.00787484274029135,0,0.00664117848191403,0,0,0,0.020346153831243,0.0114551632877192,0.00423402712957722,0,0,0,0.000288512518459411,0.0142116029901006,0.00982688234378856,0.0116849109307005,0.0039917965641715,0,0,0,0.0066162020613069,0,0.00289476353765252,0.00248872382829279,0.00104050609018179,0.000413654872748664,0.00142925961251719,0.00105806286697092,0,0,0.00344786729996719,0.00756859679920449,0,0,0.0150781199051266,0.00375006807210508,0.000149017459565958,0,0,0.0189538867885694,0.00353055500909752,0,0,0.0104455049043264,0.00295935461762848,0,0.0537494271338232,0.0095270449163216,0.0167011712476079,0.0125541331242849,0.0178693747071344,0.00313080538707121,0.027488393544898,0.00567999391881947,0.00639839525338347,0.00107758420981969,0.0178850617197049,0.00947745407431805,0.00553468020793477,0.0224351149410947,0,0.0408031597065718,0,0.00837940849581146,0.0271766775078688,0,0.0123711457370264,0.0232577740970795
0,0.00692745491697359,0.00299520932424609,0.032205883532071,0.00589974234687178,0.00787965856518877,0,0.0104186205776775,0,0,0.0361220992060015,0.0617710237785413,0,0.00667548716103432,0.00462861574140474,0.00255452436476387,0,0,0,0.0116118390795742,0,0.0109496921838305,0.00683023724157841,0.00503070281691938,0.0301835350246823,0.00314849540291134,0.0115234037269664,0.0051663838874683,0,0,0.0266455297614984,0,0.0625669772159788,0.0599954502889421,0.0478979861270414,0,0.006381025225449,0.00928008242071869,0.00871217879402047,0,0.00640083656346217,0.00631388410513278,0,0,0.0114622693611501,0.0280328415594091,0.0266472785771373,0.0281509940093395,0.000810827218228491,0.0101846352289165,0.0435384505090333,0.0365843515543486,0.0100959650685974,0.00624901863960306,0.00909694851332444,0.00136844587561083,0,0.00356041639322043,0.0157664448505478,0,0.0108094528114638,0.00585498649812395,0,0,0,0.0175161046460903,0.00974485082608378,0.0080934219648811,0.00378008403820081,0.00313668290098165,0.00610921263722247,0.0157940534099549,0.00919323150519376,0,0,0.00365383420466538,0.00376651233256821,0.0201042459535865,0.00586699382964445,0.0122404280430485,0,0,0.0024544737653959,0,0.0216107087926542,0.0254082400961078,0,0,0,0.000332521925402627,0.0168533773015324,0.0178104980381069,0,0.0273268541607373,0.0220345359774997,0.00720865321714154,0.0246761516546196,0,0,0,0,0.0210960975623977,0,0.0147020499496069,0.0184480899010566,0,0,0,0,0.00815583128570218,0.0205955294879078
