0,0.0495685116285717,0.0172130422046278,0.0173253662452879,0.0284690971306399,0.0160389985306618,0.0406326515490179,0.0167689435349257,0.0514718065916378,0.0101355824324106,0.010636768259387,0.0430730274764843,0.0690046220580997,0.0116259716346296,0.0346330355849948,0.046482075105206,0.00750852937100842,0.0223192067929337,0.0263991117030821,0.0111028407390456,0.0435409177453166,0.0198920018034372,0.0337544776183485,0.0147929591281408,0.0625716371144778,0.0306602798452121,0.039654257207624,0.0463002956229226,0.0762562379320475,0.0215736607441588,0.0325079173616558,0.0155543034105719,0.0208039460498568,0.0521587285335646,0.0758952051527426,0.0504309506070656,0.0844773606187531,0.01610173623637,0.0291005486224924,0.0575540128213856,0.0248959803285105,0.0350511511144531,0.0365113235221312,0.00629954918969488,0.0490547151684293,0.0537726649772708,0.0774657006499984,0.021135018986482,0.0263342707357684,0.0292220185298216,0.0663826615698315,0.0305843122479424,0.0428427175543325,0.0451387596488577,0.0848038126183881,0.0082227286980633,0.0272764642523969,0.0304838528611001,0.0510419270485779,0.0583654461893032,0.0306200402277477,0.0563540248290277,0.0536900033080179,0.0269014334415154,0.0725340726759538,0.0229483699273095,0.0461516443407834,0.0498786307622847,0.0284414744770836,0.0241009730168242,0.0476958273567095,0.0530739228512205,0.0365916330723061,0.0426124753724801,0.0779959989381701,0.0555654034137023,0.0586321212950391,0.034144887942507,0.0320875208433117,0.0473990541675192,0.0368180870965164,0.0622181376707354,0.0702331755451072,0.0344093802476873,0.0240517060044936,0.0336036681838892,0.0316108136498717,0.0560772826417362,0.0586746347113984,0.0468508736873386,0.0513813590669891,0.0514790213496063,0.0459811753544387,0.0537240184307924,0.0366740837405742,0.0590442261475642,0.0782543246026128,0.0793652061235408,0.0246989650653822,0.0344162657818319,0.0693569988320499,0.0248286450981008,0.0593295997302747,0.041026517353777,0.0238156028561062,0.0557883312414087,0.0458014678070582,0.0231467315163207,0.088965286114743,0.0216149123973624,0.0408098051602614
0.0495685116285717,0,0.00732972686724257,0.0133687522824008,0.018705763654,0.0197895858885142,0.0365411380023571,0.0566917593216484,0.0358627850544617,0.0132533548219528,0.0116500293444775,0.0218389397987083,0.0415258142019138,0.0184899614101218,0.0321004596486305,0.0190011046887212,0.0180219913295285,0.0110792500885355,0.0137992005312056,0.0129653491828242,0.0437742717265244,0.0357540189326737,0.0332555684233001,0.0195684635130408,0.0353544833161478,0.0217367556148307,0.0208039053337937,0.0456814483508664,0.0553090666653921,0.0212863592421867,0.0456760769164796,0.027433862942689,0.00954254478652672,0.0446226873360947,0.0505865855842703,0.0521411935153492,0.0619951300289524,0.0186514687692028,0.0267262279058624,0.0481984105505051,0.0183978495583115,0.035486469694678,0.0321839436549188,0.0410011475407809,0.0495587025627254,0.0419381293594104,0.0682066368860909,0.0223896404175566,0.018145493473671,0.0315256449232316,0.0343034073090739,0.0408427316009077,0.042491267299957,0.0390605432342151,0.0500355434894992,0.0158037302736847,0.0164370722813474,0.0226543835967823,0.0387326937927709,0.0465326982696529,0.0274859502695486,0.0259812742225139,0.0311559084506743,0.0435430818028156,0.0501972495853262,0.0156583809917,0.0367934299419481,0.0485552098100136,0.0242386608983364,0.019871228423286,0.0290763083096087,0.0484134525215427,0.0303700798354979,0.0363422819529284,0.0543323070542172,0.0513026604749947,0.0462279589287169,0.0273961473038291,0.029086036220768,0.037695261442911,0.0385840666322893,0.0459482248717394,0.0435639698728493,0.0430090640844161,0.026672804959961,0.0450770085810781,0.0381560079870267,0.0362106018505292,0.0715685507598691,0.0515901901515836,0.0541317856716499,0.0463093609272753,0.0506206955694866,0.0300650460278835,0.0347826038151078,0.0551682315541418,0.0587538087517581,0.0136007187310242,0.023997622885907,0.0279136071450352,0.0146993762536873,0.0190789679883906,0.0558009121123707,0.0275801899198651,0.024861117078178,0.0165864165986911,0.0457405760714943,0.0261650961214893,0.0686442501040228,0.0406762450031221,0.0410406500799128
0.0172130422046278,0.00732972686724257,0,0.0167636657164282,0.0172921096510513,0.0273545595473446,0.0291713706873931,0.0215628561336136,0.0210168372188506,0.00805000372665898,0.0185976348536868,0.014271564637701,0.0165472970293555,0.0340150682712483,0.0291390311593824,0.0131545532281003,0.0216765447398197,0.0203571968845243,0.0215040483608152,0.0200933844294975,0.0253518594635117,0.0522037067163134,0.0281626649404807,0.0206414427731311,0.0227286943404742,0.0262076291468205,0.0190527530366296,0.0297513854499508,0.0341048253309788,0.0432089520061215,0.0515971435242263,0.0318322722231321,0.0101286059254721,0.0434845393205892,0.0229778410288712,0.0423774022213928,0.0312051069306772,0.0154170496356799,0.029423525104771,0.025933179878879,0.0193390337698281,0.0380937362970634,0.0441868042583543,0.0268975542915588,0.0545962520627152,0.0431450109931691,0.0576154481709996,0.0180086340789139,0.0196935864952379,0.0418010283375497,0.0117292169568613,0.0446922700279019,0.0279770124571123,0.0411539383363298,0.0392308444948029,0.0132771574250471,0.0106875298093493,0.0253793704254507,0.034333197534356,0.0295143201905155,0.0348978664788927,0.008113085134193,0.0207402049807582,0.0399613405703854,0.0246669298616395,0.0144439678981691,0.0360505921858981,0.0512885880241079,0.0279267456847215,0.0248608570634287,0.0283353712303038,0.0435438091401608,0.0308684657342408,0.0339583500119863,0.0302452920015232,0.0413415594234292,0.0391161905020582,0.0328603636322531,0.0344080032829092,0.0378437902762478,0.0427795757360018,0.03461793776294,0.0356848767624102,0.0351729906159363,0.0220282766800442,0.0518984328034797,0.0430688552000245,0.0228272174452184,0.0804975207139124,0.0567580827773424,0.0480088231946387,0.0290737778014705,0.0537005034969286,0.0165869424521184,0.034070804036443,0.0456873035898678,0.0361630391103486,0.0106124213793342,0.0193750152996725,0.0290935881622522,0.00910113401093862,0.0106588046435466,0.0519472221849375,0.0189099193986674,0.035806110476989,0.0136915375789818,0.0417925994534834,0.0131808749537726,0.0475121648525136,0.0213804646814078,0.0360563084692596
0.0173253662452879,0.0133687522824008,0.0167636657164282,0,0.0351887656119946,0.0219978441323522,0.0238176278033313,0.0194397890951342,0.0148544735444343,0.0128166819957018,0.0101455322528676,0.0168467169456363,0.0192807972321751,0.017109794896685,0.0142328539739639,0.00789261368250084,0.0303178414628175,0.037219950808438,0.0274168429044862,0.0179997042176266,0.0200410523440474,0.0480483370999122,0.0243874294533205,0.0117627092669973,0.0103827505809873,0.0456463799121916,0.0223713856562055,0.0170025911047746,0.0252791136532822,0.0392308256374328,0.0395650770930301,0.0417103802094598,0.0510571657671618,0.0499879890004276,0.0111598715402051,0.0548501163146639,0.0138062342200184,0.0345049230144673,0.0284148419711181,0.0288348496556857,0.0238258494808621,0.0414217526382199,0.0222716097982057,0.0294865420583373,0.0564474177572203,0.0428959569328717,0.0707935672504869,0.0188452757150296,0.0205037341678839,0.0424674391968256,0.0123456969114271,0.0325528133565404,0.0225169904864017,0.0467087888361948,0.0289616757963359,0.0120290256746863,0.000895209366362715,0.0277057460826093,0.0303071464327574,0.0185937844066604,0.0345885623972966,0.0112111322432258,0.0169412748450241,0.0299784646020413,0.0367121528263284,0.0166098803338643,0.0372549602857271,0.0604053781971351,0.0405694826104873,0.0222095196551217,0.0276821898345143,0.0412581257956489,0.0223823856187247,0.0351150354352737,0.02229864270597,0.0293227595161597,0.0282605693145002,0.0315824373557189,0.0347243400389091,0.0370209119150294,0.041394793039714,0.0179581710553076,0.0260186371307079,0.0334502548359498,0.018366397388096,0.0531136162061337,0.0433451750629761,0.0396423723859947,0.101599449188651,0.0515829056708877,0.0400951677615576,0.0299556494048118,0.0564388981628599,0.0238694475247969,0.0433200211364088,0.0661073230250421,0.0368602044370522,0.0155776119824627,0.0238061629120201,0.0436189437142091,0.00935031655166063,0.0115720277789037,0.0554146120643886,0.0181639293451231,0.0253360220796596,0.00898107480678157,0.0383362637918447,0.0138854857450416,0.0602703029425807,0.0245429718541258,0.0367770899135779
0.0284690971306399,0.018705763654,0.0172921096510513,0.0351887656119946,0,0.0279055649724144,0.0270993546823884,0.0259519424917404,0.020694645183698,0.018367104307861,0.075574517715351,0.013591455794404,0.0136696722579445,0.0200107859368391,0.0123925739525726,0.0163717525341103,0.0500736272540875,0.0221801700998385,0.0758791484295699,0.0191844603410873,0.0300311327399085,0.0259919262943019,0.0308842519591504,0.0181473267825298,0.0138302569005775,0.0507971979289665,0.0254351983003899,0.0266667266174875,0.0202240201210693,0.0351399349610399,0.0449174735438346,0.0476146067873189,0.0302259000572381,0.0546229317825485,0.0125530218845824,0.051913899606435,0.0106358471345874,0.0119961630558227,0.0344862633290407,0.016055518531556,0.0308347966693484,0.0309771808667661,0.00871144747968618,0.042669829442942,0.0472345918367408,0.0356578459021137,0.0625181904662898,0.028475046722407,0.0237619808344379,0.0336925113297461,0.00141124652537091,0.0425904856617697,0.0275694087286604,0.0463812049161372,0.0259905366963105,0.0131426122833102,0.0135432122893892,0.0238797252872644,0.0331491870356551,0.016864976460238,0.0298153590850866,0.0121706004261847,0.0264697397164931,0.0331375607780615,0.0272576103253251,0.0180963048090689,0.0294524702988835,0.0494278918587946,0.0348933801123405,0.0197031794246454,0.0233253411057178,0.0399004228988731,0.021741621061484,0.0280341105866425,0.0146748495929588,0.0316620476810032,0.0308342524638183,0.0309472307149555,0.0283722321678433,0.0260811982174158,0.0424202185370103,0.0172967284857339,0.0208249037164704,0.0406036012009509,0.0270667949693944,0.0592236181162885,0.0450764323160845,0.0191304840888771,0.0914737250436627,0.0417213708905364,0.0374726974326836,0.0311244039259365,0.0521183484028702,0.0344407788489576,0.0517981503271212,0.0159417690089867,0.0329176521869719,0.0229719164186072,0.0365396261482735,0.0503189609714969,0.0100028910060857,0.0201434314538851,0.0384584677338196,0.0245883141061649,0.0371866165701917,0.01736624133913,0.0323817000324178,0.0249113639056624,0.0428019977263536,0.0344650951651071,0.0430985342137808
0.0160389985306618,0.0197895858885142,0.0273545595473446,0.0219978441323522,0.0279055649724144,0,0.0276515533535679,0.0197632856141099,0.0213465602865505,0.0157718219526318,0.0274470726718534,0.0340654066178601,0.0285880822876269,0.0299760480758838,0.0233511909572038,0.0174930091529456,0.0292808663136592,0.0406075299047658,0.0213479622134004,0.0381242638133067,0.0191046326607175,0.0360895113798232,0.0133231051592204,0.0354595681630443,0.00856885366202051,0.00833849164128497,0.0256005640360119,0.019507315188462,0.0279313913988024,0.0320912502954812,0.0177611427363505,0.0220292833918214,0.043580146698237,0.00755649154819554,0.0227502841136296,0.0177653504679279,0.0155569149378994,0.0622749083050728,0.0226174111300094,0.0205267545258193,0.0184389115903298,0.0233987426865654,0.0230448865255402,0.0211866252280879,0.0233872002070307,0.0252376053297431,0.0292091377145145,0.0296344462737205,0.0491726886192125,0.0309360124673866,0.0251312826339456,0.0274790482114007,0.0200910194665901,0.028488241594114,0.0275610699978394,0.00937401756982023,0.0199374802743157,0.0496829282033124,0.0226066518887692,0.0152402722090725,0.0340461589239988,0.0230515119032787,0.0217020015505755,0.0208864925884081,0.0195683195002689,0.0480883107084674,0.0366604341693745,0.0308273257915757,0.0270452362387859,0.0475437521603801,0.0368151159215999,0.036242721948401,0.0220194255446779,0.0350793648911822,0.0258344342052212,0.0237924052303324,0.0186549807937143,0.0531868723979287,0.0391059293434447,0.0385453078359303,0.0304214187549377,0.0197143462366262,0.0251011700124883,0.0220517482296144,0.0228014957616281,0.0386921761114644,0.0207650132586121,0.0257415639781381,0.0395251624896596,0.0541288448648537,0.0251785059529823,0.0216914046770171,0.0326757913344301,0.0158968772873546,0.0458738952715545,0.0275549493427239,0.0251869572618609,0.0161640282231249,0.031844036723533,0.0502311113609848,0.0243456411504523,0.0254583818847748,0.0171838119081807,0.0151581205169511,0.017037179272649,0.0209387288896585,0.0335467920142096,0.01777130418285,0.029812401934664,0.0118039798456707,0.0210064883317642
0.0406326515490179,0.0365411380023571,0.0291713706873931,0.0238176278033313,0.0270993546823884,0.0276515533535679,0,0.036949105988312,0.0282124916309563,0.0349253336539819,0.0143362622920728,0.0241914634298776,0.0324124431474727,0.0274149895333655,0.0240983516155694,0.0278298838904593,0.0380959453880556,0.0340472466301658,0.0420550675685474,0.0288689426356276,0.0365507820841818,0.0182844400030289,0.0412568033198199,0.0351987740394921,0.0230685874873481,0.0455519377274747,0.0312702455014722,0.0407033187093153,0.0426278226949923,0.0334650417804169,0.0577662102012326,0.0352060265211102,0.045965535360004,0.0527502135066392,0.0245817579037879,0.0503833107351262,0.021650682738837,0.0307865814657596,0.0222125163559859,0.0321682520823413,0.017388637990211,0.0385699223361218,0.023542023267506,0.0423997102145511,0.0293029296384185,0.0258655334582047,0.045551938626131,0.0250153875953678,0.0348470022493055,0.0162820023402914,0.00921830934697604,0.0467479788297018,0.0292879695952591,0.0428313251022711,0.0272474549022776,0.0150669348554524,0.0282880660326068,0.024580310223003,0.0325783591675319,0.0145263000417549,0.0253245546771428,0.0282603830363396,0.0351340169077135,0.0379210690408264,0.0549115558135755,0.0208162033201851,0.0280637853757941,0.0564088839510056,0.0472538835244609,0.0172581217069062,0.032277217230648,0.0758837111298321,0.0144015787504245,0.0275985791160683,0.0267231136616406,0.027561126216495,0.0243271829430918,0.0220306418923817,0.0236154706445205,0.0211311323754299,0.0450236346899787,0.0197109511014432,0.0180674644848236,0.0366937451465615,0.0319861738154278,0.0474921077379142,0.0372300091339769,0.0367939414970745,0.0890067351813432,0.0234487782945172,0.0425094678197209,0.043504145507608,0.0471410044319507,0.0488404241976515,0.061597706843834,0.0399080757893042,0.0374314628640112,0.0380590826132548,0.0557107812963385,0.0468015299869617,0.0290690161627272,0.0371522622668159,0.0563923712778768,0.0396600374147274,0.0375490916764181,0.0301339307974519,0.0383887089637728,0.0403861683652219,0.0733594310605333,0.0451933777858325,0.0523572622267322
0.0167689435349257,0.0566917593216484,0.0215628561336136,0.0194397890951342,0.0259519424917404,0.0197632856141099,0.036949105988312,0,0.0418234253465384,0.00815277672697379,0.0103456809460149,0.0273176731656375,0.0456906378769348,0.0102914712424666,0.0546045650475625,0.0271658364444381,0.0123569804590133,0.0220814066261947,0.018011005874373,0.00929603666480377,0.036577737694633,0.0435728793293197,0.0351610372917741,0.0217598606499645,0.0539506128583751,0.0234612661897521,0.0279135545674985,0.0523553541202357,0.0553398398230024,0.0257796128752192,0.0501829425470553,0.020549816230495,0.0143425793085957,0.0437387429906204,0.0587142535623329,0.0477553016706618,0.0770558450692572,0.0104646936716594,0.0307774256243636,0.0525453042487797,0.0233910928851585,0.0441161935327733,0.062589454244719,0.00896812278259707,0.0568639019215552,0.0476104809981321,0.0706142320814674,0.0136168677467821,0.0193488217847845,0.0415470334518855,0.0377373380240523,0.0306072643095097,0.0470533961988445,0.0379342925595235,0.0514701384287669,0.00883435696084056,0.015534320850424,0.0280345696417833,0.0380988278113791,0.0564915552663646,0.032557838713519,0.0323733558517556,0.032347402910028,0.0419526788075065,0.0581367295066249,0.0189620900873989,0.0379579660498033,0.0491131644077732,0.0277776826221726,0.0255132243747734,0.0347952460516666,0.060164843423213,0.04072725146999,0.0359934562940306,0.0615568218280001,0.0518418017584523,0.0436045778836901,0.0356755584329333,0.0320547519066444,0.0428602585723548,0.0423334174189307,0.0523969346690682,0.0505664144397483,0.0376557974018683,0.0262964512025349,0.0449615053853362,0.0389492576459772,0.0450654470766316,0.0821218212897099,0.0578497587883857,0.0500407653321387,0.0383823241918526,0.0491790177389005,0.0180992601882395,0.0341400888275619,0.0613729098585083,0.0548116926824054,0.0210034513774294,0.0189258113174422,0.0294920240690539,0.031018841899475,0.0148647649939876,0.0614626473866129,0.014994741962662,0.0328220673827398,0.0270274397119268,0.0465023016248794,0.015007961757442,0.0779321051005165,0.0155953481722695,0.0344599886465737
0.0514718065916378,0.0358627850544617,0.0210168372188506,0.0148544735444343,0.020694645183698,0.0213465602865505,0.0282124916309563,0.0418234253465384,0,0.0284265639968335,0.0158021489454738,0.0384444108754783,0.0633087811571285,0.0227488525370242,0.0259160667292938,0.0320413109940015,0.0118708390261339,0.0267422662664393,0.0247638580111031,0.018503646881187,0.0736308675112194,0.0144178360405212,0.029953523997807,0.0145072446321653,0.0111915611357532,0.04307851057295,0.0147806078739111,0.016967905196233,0.0431781236346929,0.0306042733685547,0.0376255700256023,0.0281483256770742,0.0246922098189645,0.0586896161127751,0.0286988195327053,0.0587926997526217,0.0249104983162221,0.0256795349892034,0.0171647712605881,0.0328845882129997,0.015175641000956,0.0434736493002859,0.0273947843447808,0.0558956354558413,0.0501455720880088,0.0473162230541685,0.0713428473202364,0.0292544004387865,0.0273627806506858,0.0243411514702489,0.0386906788740518,0.0464867551424517,0.0137196082117536,0.0536707381359175,0.065424823842392,0.0160186203187068,0.0047004497468888,0.0274313851888843,0.0509147382854773,0.0359776524643657,0.0317050509055082,0.0327601097053048,0.0192676723958709,0.0409157869190967,0.0514411644171215,0.0174892801769454,0.0491264645232998,0.0602400614432141,0.0331537201091668,0.0204834887165835,0.0404185010675267,0.0415027348300913,0.016117116603887,0.0455149907759203,0.0570032047748706,0.0357872396756249,0.0486107472067273,0.0285182953439676,0.0338174908175474,0.0435265685164432,0.0370973378040871,0.0308783986665925,0.0380762738509915,0.0349659999593327,0.021085479465466,0.0350088254397925,0.031424567538187,0.0527436535261124,0.0597479626648358,0.0365567145311531,0.0542917077068186,0.056601267082414,0.0590522805021335,0.0280454870861968,0.0397274513502645,0.0641913865869763,0.0619028494188639,0.0368441258614736,0.0225576521641639,0.031897758399526,0.036599872526158,0.0333693269185273,0.0605272386933962,0.0414484906369234,0.0226761727203449,0.02035959424272,0.0476154274744073,0.0410655532019387,0.0798071249213491,0.0481456777137388,0.0517275322919982
0.0101355824324106,0.0132533548219528,0.00805000372665898,0.0128166819957018,0.018367104307861,0.0157718219526318,0.0349253336539819,0.00815277672697379,0.0284265639968335,0,0.0105965621713086,0.0210779735370432,0.0310517939803828,0.0134827620315119,0.0153264815370152,0.0196256617897437,0.0101589711365627,0.00962879120423667,0.0206238724649195,0.0141876343722935,0.0278636128666445,0.0154898997153299,0.0212449841096875,0.0380946487063895,0.0670255777807001,0.0130159424514158,0.0252837850021101,0.0357687683530623,0.0505590798389949,0.0190270930415545,0.0381994188964598,0.0143083553443805,0.00431279197975352,0.0177385013283927,0.0480220270675143,0.0315688466880726,0.0362457846972933,0.0154523152726118,0.0170990352758459,0.0313587381076858,0.0159580565464153,0.0238055068391569,0.0169302212838747,0.00519201902976361,0.0316432747075196,0.0297462191159245,0.0467585494575135,0.0155425596714217,0.0272766181578138,0.0251942796353026,0.0416367810286835,0.0432387857631605,0.0280656527038555,0.0293479546301506,0.0463214409909193,0.00963670063091983,0.039396949833008,0.0201550886656529,0.0335676910040346,0.0348488037757099,0.0306543453930632,0.022975678782786,0.0332983809444667,0.034438092566259,0.0399100292433508,0.017812814652163,0.0432015584974894,0.0373193026338417,0.0195388354890373,0.0170700959758675,0.0447038489868894,0.0492940495074314,0.0202369412494718,0.0263576176835969,0.0410269778259049,0.0407482428789434,0.0308830322771744,0.0199174164561323,0.0439878934681871,0.0353250882555543,0.0491990867251376,0.0468951957438056,0.0408300739054461,0.0354792065231708,0.0438869800808096,0.0436814008704909,0.0271399052413329,0.0188459798945498,0.0484613099702978,0.0528231931054239,0.0553071123636266,0.0286933540207803,0.0525235290387518,0.0231284460193477,0.0187360445024143,0.0185718981340684,0.027409419667879,0.0184315946606364,0.0343041629183704,0.0316267924415193,0.0282344119420775,0.0227134033743438,0.0379114410750369,0.0127717507604481,0.0217653010829188,0.0222634690572499,0.0721656027892562,0.00864587277164564,0.0150404442528702,0.0131044555072995,0.0314811696854035
0.010636768259387,0.0116500293444775,0.0185976348536868,0.0101455322528676,0.075574517715351,0.0274470726718534,0.0143362622920728,0.0103456809460149,0.0158021489454738,0.0105965621713086,0,0.019562698858232,0.0172503953404838,0.0161226722033651,0.015409624375693,0.00895137378728364,0.0243376246884799,0.0397333813854715,0.0178269895384763,0.0287605231165778,0.0176011755369458,0.0402193094958473,0.015844907322059,0.0163904132878361,0.0102193784234302,0.0400546376221583,0.024796463320267,0.0150562387764711,0.0212532972368851,0.0389206650309672,0.0441236358181557,0.0269335898241494,0.0701058638494778,0.0447045856157592,0.0118452492189629,0.0542665783674742,0.0126056735962259,0.0400804382211827,0.0248469241831721,0.0205307877416155,0.0155911860700125,0.0332825786655141,0.0221600578230034,0.0151625437985581,0.0523616832045224,0.0390037902995074,0.058720537342094,0.0165035388796449,0.0240497177505491,0.0478443288108191,0.00792346618581544,0.0273020635322622,0.0178790749678181,0.0412648129863357,0.0236277791866643,0.0126257411074594,0.00343491003263528,0.0282038242573639,0.02629936468959,0.00601683859065276,0.032731189753814,0.0125522059552697,0.0176569888609012,0.0256831294144642,0.0283867252961239,0.0218379043825376,0.0318300301960067,0.0518818650019892,0.0399320323388907,0.022750918133506,0.0275248152033978,0.0441200603393543,0.0190116515261276,0.0275191132001946,0.0210742252273951,0.0249711920264245,0.0209845989275932,0.0352433570437511,0.036105840094922,0.0299685001111435,0.0421838731832472,0.0167586219703771,0.0222826177898893,0.0285738927664359,0.0211314143515622,0.0522735712750825,0.0403758503650438,0.0267124618054965,0.0935420355624754,0.0495327434882575,0.0267532115054158,0.0241875664445145,0.0505440363039244,0.0162597958424735,0.0475746158111683,0.0409034052438112,0.0340610040986086,0.015222419214325,0.0268719692042258,0.0590046000258689,0.011544975113015,0.0117544919101302,0.0325864924717699,0.0113246426322463,0.0162576482833537,0.0118408412247886,0.0323460406056423,0.0105456537717141,0.0466202561758446,0.0149973883371946,0.0329272218408113
0.0430730274764843,0.0218389397987083,0.014271564637701,0.0168467169456363,0.013591455794404,0.0340654066178601,0.0241914634298776,0.0273176731656375,0.0384444108754783,0.0210779735370432,0.019562698858232,0,0.0167453836800204,0.0159996191411798,0.0167694378274427,0.0240203341297707,0.0398261471642069,0.0237334798169321,0.0262146980228353,0.0189482157184455,0.0528887996075671,0.0486744254248524,0.0401274911669843,0.0240000562511114,0.0229152144451626,0.0290401532130527,0.029297986459594,0.0179555351690904,0.0426841776512555,0.0251655340164706,0.0448841909615609,0.0600700345499925,0.0148983988113357,0.0486731525826007,0.0178361676967059,0.0387295215022895,0.0184106617109707,0.0152649266308621,0.0474155155302236,0.0212269321647131,0.0259789751228413,0.0380517043306016,0.0151046614110496,0.0648272365837395,0.0593417119583638,0.060666814876826,0.0761157077195372,0.0377891272592817,0.0290624412784902,0.0383154555705574,0.0101146756412005,0.0392725617246776,0.0360724952092103,0.0662916612603588,0.0515874842663473,0.0125008376624203,0.00992267782671834,0.0261992522679799,0.0655527224666441,0.0227750955423029,0.03181352089059,0.0193986970645868,0.0403466651542868,0.0449690558590996,0.0352356851152773,0.0199805831304879,0.0371573264926241,0.0420099395485998,0.0240034313885932,0.0227075010461015,0.0339651362668902,0.0398323250794295,0.0269993057778986,0.0418157266838748,0.0382214997900962,0.0425381772144945,0.046887117468536,0.0462363679078426,0.0287221486386824,0.0396129891259065,0.0312822205671767,0.030780182222303,0.0426609729369208,0.048182250905529,0.032827779513046,0.0367933528353734,0.0256095478143486,0.0306193756950032,0.0759121695809393,0.0420926873916032,0.0572562023760531,0.0600229042298432,0.0522307922564421,0.0356534382350909,0.0420061897280433,0.0339409171007176,0.0702388289104917,0.0386824371979855,0.0419851246872044,0.0330730464734178,0.0210947119468252,0.0389436616251835,0.035592250311928,0.0390499280719011,0.0231830679370763,0.0308506622458074,0.0337464756670537,0.0427661607353785,0.0566785576161775,0.0444518494790349,0.0530481550250011
0.0690046220580997,0.0415258142019138,0.0165472970293555,0.0192807972321751,0.0136696722579445,0.0285880822876269,0.0324124431474727,0.0456906378769348,0.0633087811571285,0.0310517939803828,0.0172503953404838,0.0167453836800204,0,0.0206407639900983,0.0213261647063472,0.0489932171514927,0.0382262087874671,0.0144911025569789,0.032086084275589,0.0171579161955197,0.0817008129310519,0.0351867820725702,0.0670807073403776,0.0185504895815253,0.020578354458816,0.0313287769377139,0.0303754833906005,0.0264991913429345,0.0453427867587914,0.0241600012291069,0.0424843571759773,0.0694288259211681,0.0186183430031708,0.0541221373917651,0.0160154743282625,0.0505093232526978,0.0230006000481834,0.0230061328882482,0.052600083061896,0.0289646186902422,0.0345965721880458,0.0339536198547457,0.0180549039414625,0.0898773675492235,0.055605577456375,0.0572193248393921,0.0658446064746416,0.0416195793688768,0.027949833007467,0.0274592200964822,0.023018697170401,0.0582704314530112,0.0438651516394867,0.0657774921660192,0.0771521909157263,0.0242412381368656,0.0192828645643963,0.0312964524262593,0.0728652869579001,0.0299836029544287,0.0359036472808988,0.0266920298110968,0.0538666586637433,0.0486795057679952,0.0486925774827321,0.0284247298100142,0.0430355991928787,0.0572996334794223,0.0304884582226182,0.0274510685765084,0.0274717126548403,0.0373156903786719,0.030207902811869,0.0432105929528887,0.0244189838370683,0.0668182528354317,0.0832609739611314,0.0430711190174497,0.0278373783185192,0.0356754571880905,0.0381837675068859,0.0531694971141837,0.0528249178731437,0.0466511182168362,0.0363281129753512,0.0395475600503637,0.0290127135184892,0.0194464550779318,0.0709723261915784,0.0372339278333617,0.0614308588154506,0.0712912716275061,0.0661080072714007,0.0495001700312567,0.0414538611580579,0.0460607143119626,0.0639277530126916,0.0531351307008818,0.0449112614002865,0.0281278780173124,0.0366533831299527,0.0587273123962541,0.0624563079933798,0.0564021238095001,0.0289668520507892,0.0574663408786375,0.044269890918239,0.079293809735771,0.0731765654205994,0.0657084991760803,0.0648763954044284
0.0116259716346296,0.0184899614101218,0.0340150682712483,0.017109794896685,0.0200107859368391,0.0299760480758838,0.0274149895333655,0.0102914712424666,0.0227488525370242,0.0134827620315119,0.0161226722033651,0.0159996191411798,0.0206407639900983,0,0.0332721601351496,0.0161241700910863,0.0193738947916929,0.0266390983783157,0.01466886966353,0.00828886362152083,0.023206749020697,0.061801010186981,0.0264604485337783,0.0232828656712874,0.0281955882703384,0.0261387830897285,0.0172356553328874,0.0302387490827356,0.0251707725713288,0.0385690187901428,0.0571111445059028,0.0268979002575791,0.019362086373395,0.0373488704638946,0.0246572087433336,0.0484347254114245,0.033102358872892,0.0124006038240568,0.0282155359400522,0.0251999979123019,0.0159561455633348,0.0370056502033495,0.0531035353846905,0.0128406178348732,0.0635287786664522,0.0448285633569054,0.0598469957283521,0.0133656649504,0.0217666836027188,0.0516724151558963,0.0121717529048268,0.0414079051646274,0.0245443655968006,0.0376894656443833,0.0343655991816187,0.00942293521552431,0.0106237052280378,0.0315723790610588,0.030929317171913,0.0169419661333129,0.0366232396665263,0.0123581433170743,0.0188782624197335,0.0357785331922984,0.0262913845679783,0.0185422203071047,0.0371688406679359,0.0570355478807291,0.0363645521331258,0.029538067384173,0.0300645742843376,0.0565311320418722,0.029102256883515,0.0315957140902888,0.0328874668468124,0.0420472909455556,0.0365060235160892,0.0389405078764229,0.0354985682907867,0.0398173495831013,0.0519551806615322,0.0354492425836581,0.0346063134932565,0.0288861173862706,0.0226230203157918,0.0614644498305797,0.0503633402509416,0.0291470843376293,0.0880950007043713,0.0621681971664825,0.034033961687007,0.026468396796739,0.0565083283570317,0.0112123910195303,0.032961504172664,0.0464104052574202,0.0326858958149711,0.0119233231032641,0.0160790167970005,0.0314677526939684,0.0202170990423204,0.0120786454061359,0.0626302036533215,0.0135374987139488,0.0184346204195773,0.0173976646520305,0.0468962143517449,0.0133892673214669,0.0509096245148796,0.0123326718320175,0.0305727583883513
0.0346330355849948,0.0321004596486305,0.0291390311593824,0.0142328539739639,0.0123925739525726,0.0233511909572038,0.0240983516155694,0.0546045650475625,0.0259160667292938,0.0153264815370152,0.015409624375693,0.0167694378274427,0.0213261647063472,0.0332721601351496,0,0.0189170320530555,0.0236748160025309,0.0225545900552003,0.0213128672414118,0.0200963350424757,0.0397456228678323,0.0536421431614701,0.034018807936412,0.0170461775352957,0.0197016985487518,0.0372614302483677,0.0143344701681704,0.0258729795957223,0.0349414771663305,0.0333904118070855,0.0472437587180699,0.0415753353781974,0.0161787682510855,0.0547033737136851,0.0217652281745485,0.0560685124215538,0.0296761356312923,0.0230687518345413,0.0290175879510885,0.0209853695855262,0.012047386875353,0.0381310779795483,0.0302959720496872,0.053676577323017,0.0591588525583573,0.0473382125620129,0.0652488704116019,0.0275047676515751,0.0230357435466737,0.0358177939436846,0.0212096368337753,0.0563344402519152,0.0476264385903617,0.0491864856620217,0.0511902521878533,0.0165754329175438,0.0158299254690675,0.0259581923797002,0.0444158990900003,0.0312270563849344,0.0332694006115482,0.00997959101524858,0.0257011800415299,0.047228075873892,0.0408664766897671,0.0143924612760666,0.0455403894846186,0.0594416400225261,0.0306850882371779,0.0210477172385157,0.034364518111369,0.0478492453342427,0.022233034483771,0.0421075850752213,0.0370164988211643,0.0484269636833112,0.0501084787438534,0.0295641672348468,0.034350653875197,0.0446945926239884,0.0457429831416699,0.0442801215374251,0.040660050578728,0.0438751983642322,0.0266401469986402,0.0501134459035233,0.0435340856029576,0.0372064876911288,0.0699918785524746,0.0502649438179409,0.0494806343041271,0.0374942993741792,0.061040190262945,0.0250773266912024,0.0407543908450108,0.0582827013465009,0.0447579568464668,0.0160497852221673,0.0222626088920891,0.0271060348169569,0.0105925691514623,0.0160227361264341,0.0559585189493298,0.0279591783155758,0.0371542516453046,0.0147054471692434,0.0441780762251094,0.0232015114426453,0.0636404570921597,0.0362359548444961,0.047264529369306
0.046482075105206,0.0190011046887212,0.0131545532281003,0.00789261368250084,0.0163717525341103,0.0174930091529456,0.0278298838904593,0.0271658364444381,0.0320413109940015,0.0196256617897437,0.00895137378728364,0.0240203341297707,0.0489932171514927,0.0161241700910863,0.0189170320530555,0,0.00999433108123821,0.0193234693461154,0.0102277779561082,0.0136898401365658,0.0361323098492824,0.0196345275283427,0.0150721074463611,0.0153194346428405,0.0464103252819306,0.0275139550583798,0.0222076233535617,0.028657557812262,0.0501219069853442,0.0274419811051885,0.041385052621948,0.018179048991346,0.0160728606688683,0.055494891658018,0.0484165019810052,0.0548404413492976,0.0679164413198265,0.0224841574837432,0.0156382751198489,0.0326328347733653,0.0115386270755443,0.0394489546393454,0.0292218885578479,0.0309232299542374,0.0535074417946599,0.0514032760962942,0.0705408667260076,0.0319886634322986,0.0278436460422522,0.0265363426881728,0.0468223152378923,0.0453473707906422,0.0293041485986139,0.0478987897466119,0.0728019597841152,0.0147544435105361,0.0190825536723966,0.0284669049349109,0.0468714744182201,0.0402838194404712,0.033693126079994,0.0347640198583282,0.0320182289417111,0.053053560927903,0.0593204900761714,0.0208967285430967,0.0570264885679589,0.0634908902947476,0.0321584995558801,0.0213408383456991,0.0496533202836081,0.0519202968748641,0.0156732920113985,0.0481147886917587,0.0719580571494228,0.0508143020534642,0.0483952286049265,0.0261521001240259,0.0364434382734031,0.0521284092715782,0.0444511131082499,0.0719043185329309,0.0530768162255379,0.0418620953103628,0.0346430966206542,0.0396586676588677,0.0329495411892279,0.0391871686535569,0.0523919132467943,0.0482284275964193,0.0531459890968069,0.0578916997207038,0.0616989047549474,0.0262788875963313,0.0362913098799599,0.0490612426111071,0.0759846307881085,0.0341274684711308,0.0270042951876244,0.0278761107008756,0.0441357144288297,0.0278293732580498,0.0584154870337675,0.0278977821074002,0.00951045132797198,0.0187706896115656,0.0442375171090601,0.0200494993698841,0.07412096610003,0.0292429489285671,0.0522054736414875
0.00750852937100842,0.0180219913295285,0.0216765447398197,0.0303178414628175,0.0500736272540875,0.0292808663136592,0.0380959453880556,0.0123569804590133,0.0118708390261339,0.0101589711365627,0.0243376246884799,0.0398261471642069,0.0382262087874671,0.0193738947916929,0.0236748160025309,0.00999433108123821,0,0.0467338700406635,0.0398438732332533,0.0236467008013783,0.00864933431066577,0.0284963707932251,0.016992688872365,0.0138395586431122,0.00670074511953067,0.0521009550241145,0.0254662771545539,0.0284266654305144,0.0430451422138462,0.0263516481999378,0.0411430424374019,0.0258319892270634,0.0663496767167496,0.0647774187715015,0.0160176318327463,0.0807435452522869,0.0211149080381434,0.0432388585722997,0.039077638325186,0.0390034069247266,0.0302826436740696,0.0349775269301298,0.025831481879016,0.0208961563752401,0.0564170337563907,0.0468032066040202,0.0957308566268989,0.0134619791082908,0.0161178296522163,0.0342708733060328,0.0292026630267042,0.0229076338618424,0.0109194238696612,0.0453527430962549,0.0269496386140988,0.0180593003167829,0.00301484064263919,0.0216850324152429,0.0148331709847164,0.0162299598738802,0.0233111986120544,0.0278845998494401,0.00912941295605549,0.0222046849931664,0.043581517813605,0.01186704404746,0.0268190268531926,0.046773718407773,0.0353505927730371,0.0154087598195229,0.0290075487918746,0.0545404318631727,0.0231946226102844,0.0264565022571789,0.0280672997171864,0.0149947457461985,0.0149394949905439,0.028038204830175,0.0253855664640188,0.0296831998883113,0.0308440990277792,0.0119041687930387,0.0228477966309886,0.0219638125016621,0.0115187331090155,0.0353353203020069,0.0358953638173472,0.0452890176776176,0.0626950417672542,0.0343232817407731,0.0239187271186326,0.0202930925542668,0.0362862633499716,0.00882464027856436,0.0452160552799444,0.0574289312210792,0.0265561475669435,0.0139781766743812,0.0114910714593225,0.0409447799707678,0.0207880796287943,0.0113394715410599,0.0334022336967994,0.00921142034108459,0.0178591508118521,0.0122187224236134,0.0261440824936819,0.00657790774102882,0.0550140132172314,0.01629191203456,0.0255267832167056
0.0223192067929337,0.0110792500885355,0.0203571968845243,0.037219950808438,0.0221801700998385,0.0406075299047658,0.0340472466301658,0.0220814066261947,0.0267422662664393,0.00962879120423667,0.0397333813854715,0.0237334798169321,0.0144911025569789,0.0266390983783157,0.0225545900552003,0.0193234693461154,0.0467338700406635,0,0.040688885096086,0.0244874265169811,0.0332788197422621,0.0693370031223334,0.0310219612573333,0.0255417993392606,0.0156870079470283,0.0274734996630941,0.0250647181673804,0.0309332203981187,0.0455753845349933,0.0312968843774494,0.0531336124463064,0.0565364205185302,0.0190342644170475,0.049542873926209,0.0146975351881532,0.0540331325660064,0.0219760581183486,0.0208598390650278,0.052870462538706,0.0296897867867653,0.0318207686204168,0.0336739975661347,0.0197715598803243,0.0473179990158056,0.0644145532237306,0.0540090056341126,0.0631923362647473,0.0245111802254463,0.0199572441047993,0.048794510816584,0.014896989710032,0.0416398254574258,0.0300898833774277,0.0515066714923189,0.0463475203386868,0.0164059286709255,0.0135758216064539,0.017291777621327,0.0415254847160311,0.0266017852110837,0.0278994989391592,0.0179796831789568,0.0295319219534065,0.0346426181465038,0.024185031219166,0.0100742119919794,0.0358287305581728,0.0453315483957491,0.0240533666951712,0.0149334502828999,0.0290757661368568,0.0340881707861329,0.0390424144547867,0.0336474635524472,0.0257918893333696,0.0438246629191123,0.0436109732951497,0.035295707714876,0.0300497721353589,0.0348180241273593,0.0298493248301832,0.0338690922491956,0.0432867230562101,0.0408525034599061,0.0242660020660114,0.0477170136387556,0.0386443722031605,0.0173697097238808,0.0555039377948147,0.0505085328973717,0.0434129587109943,0.0314898710101691,0.0478813967346466,0.0184321240534207,0.0318889203369648,0.0326971373506727,0.0386653023001739,0.0154393391483699,0.0180609149474993,0.034013396925477,0.0082061683726418,0.0153112668835225,0.0231538255482301,0.026793791742035,0.0293318664820717,0.0187060301838945,0.0286989248272111,0.0200440503021268,0.0241716224538583,0.0252269682918245,0.0348733546081641
0.0263991117030821,0.0137992005312056,0.0215040483608152,0.0274168429044862,0.0758791484295699,0.0213479622134004,0.0420550675685474,0.018011005874373,0.0247638580111031,0.0206238724649195,0.0178269895384763,0.0262146980228353,0.032086084275589,0.01466886966353,0.0213128672414118,0.0102277779561082,0.0398438732332533,0.040688885096086,0,0.023067872650611,0.030746905440083,0.0569760725695188,0.0274779907059914,0.0157683284315321,0.0148155101068238,0.0423415675972239,0.0369580982819552,0.0390230422800386,0.0512580094984755,0.0314663165201874,0.0414340274472179,0.0629094256225758,0.053922638850027,0.0659141799806865,0.010795574204744,0.062220576293311,0.0251379633121953,0.0291565710773194,0.059926639549834,0.0736338728260764,0.0386343507735874,0.0386457954040607,0.028285684671915,0.034733297824962,0.0723491772805204,0.0575682405389219,0.094521097413237,0.0228400273068878,0.0240015734903014,0.0501046349325927,0.0213954845654723,0.0284656456803479,0.0306796532386318,0.058528468283548,0.0487548132130485,0.0106125584889956,0.000237169603180234,0.028148753004651,0.0409223756698888,0.0190323761145077,0.0340324044506014,0.0232382937436575,0.0272825761796388,0.0335600451321584,0.0480455345670398,0.0210753939787337,0.0350401576951766,0.0562713817376978,0.0394892494146902,0.0220699657330243,0.0262790704849189,0.0441415614441251,0.0387459783752926,0.0323492321610528,0.0272740103846972,0.0457614663366148,0.0435000651019107,0.0342153752087604,0.0266515311710652,0.0314147093466517,0.040345411702106,0.0244130182235786,0.0366564718496827,0.0411635843951387,0.0262125303291795,0.0475713795479786,0.0354677085277234,0.0399026052647469,0.102790641568601,0.0441952599400885,0.0465516067554902,0.0395585889179973,0.0581133432470017,0.0249632553926248,0.0561996766036096,0.0694156922479024,0.0464697898199939,0.0221201109089741,0.0325793132106865,0.0553486876692036,0.0143143193989505,0.0235469534522617,0.0450509871476165,0.0208273389082552,0.0131321863968297,0.0140676561485819,0.0447561963179189,0.0225638008390881,0.0585853522107281,0.0302205099196246,0.0472115805733085
