0,0.0383578991865733,0.0305528361598172,0.0628053540250699,0.0515836756357589,0.0643791940221343,0.0701189627189572,0.032033875433267,0.0583944683047591,0.0861931710633455,0.0329131293767256,0.0487392669319677,0.0456971697301105,0.0953657612023461,0.0824224653382945,0.0386735836358893,0.0333208272108574,0.0384509695016042,0.061335096494998,0.0733367973332789,0.0588586119395867,0.0546063380015964,0.076919004123484,0.0581758663743841,0.0523441010835921,0.0461961400135441,0.0489736451612613,0.0432494496827216,0.041687784341099,0.0477448381833104,0.0418147398567911,0.0603073543681688,0.0455864413385387,0.0347746831063382,0.0481774822098009,0.0960690953177079,0.0437770922085529,0.052039260301062,0.0404520711822707,0.0550705510020322,0.0515062722291507,0.0635738181685967,0.0620650721540317,0.0780041787982981,0.0367931204835022,0.0361972297775423,0.0632385462119694,0.0512474661769725,0.0527470345061044,0.0471163582579506,0.0623007754245791,0.0379182721604686,0.0461584333019848,0.0400139138917459,0.039770738330774,0.0620745177954572,0.0359310685941591,0.0524278572072586,0.0405272347024566,0.0541356730414531,0.0511390386003822,0.052328967264316,0.0456700341526676,0.0390323606123093,0.0499291673389051,0.0452193000126134,0.13423174201331,0.0530351338567914,0.0320002212239404,0.0453921180734487,0.0701152117768828,0.0555822252590303,0.02725199134244,0.049162595636061,0.0557856582640181,0.0425510753033005,0.0673902845461264,0.0709410161393666,0.0488651457878195,0.0560982768673439,0.0363434547529139,0.064285728163548,0.036773798848236,0.0450204110641859,0.0533269422260282,0.0370303896901518,0.0385830267730688,0.0351185605780206,0.0668630049521979,0.0469288940593019,0.0283326726479236,0.0397606992267884,0.0523996798457908,0.0451711569604941,0.0528150745338867,0.0390616809968309,0.0369669681106133,0.0181027568917747,0.0615567184366905,0.0305455844808802,0.0284278290366147,0.0435606741460182,0.0483996050664778,0.0444089600401497,0.034641880424951,0.0704085121383383,0.0480261627344374,0.0453333135893264,0.0791623864558331,0.0586467756551261,0.0689589960986531
0.0383578991865733,0,0.0609599364377598,0.0589683173714923,0.0561527607568912,0.0648186190847444,0.0697744216619163,0.0635243194580442,0.0566777223801452,0.083473334980568,0.0515738325791427,0.0457222820922345,0.0483233755874082,0.086909848612514,0.0772392962493591,0.0540556777413119,0.0402742481827462,0.0397173275953008,0.0539517679213262,0.0717426045434499,0.0561957965200926,0.0543408440812205,0.069540399740949,0.0560572741867405,0.0633791905980831,0.0417920444569592,0.0603529810993502,0.051757118275042,0.0469123379442942,0.0490940725665565,0.0370910730453289,0.0536439070474768,0.0395883343114089,0.0364076349019729,0.05813079174202,0.0856745517119107,0.0321051506445374,0.057023786229626,0.04820594682773,0.0478372214606246,0.0597210408457087,0.0380072464961654,0.070281405236866,0.0620528587376636,0.05601241984664,0.0496821066347705,0.0561774212026785,0.043362510694241,0.0588488712213116,0.0544085700426781,0.0612292132360985,0.0428290525349029,0.0627218632847784,0.0417495141435104,0.05201957354864,0.0777239691911845,0.0400969843191586,0.0520664363217442,0.0545886603447081,0.0600939645147016,0.0762419534215761,0.0521416224674681,0.0660950079431607,0.0527018908650302,0.0550552535332193,0.0476880188929756,0.109993132523626,0.0524488503291136,0.0450696756388149,0.0460175119134676,0.0692146732778009,0.0503488906356863,0.0512034148902639,0.072214890497701,0.086238082190904,0.0545391306000489,0.0893739064870699,0.0689897346029675,0.0611129166723269,0.0521688659480596,0.0435096378296967,0.0631263690883523,0.0623421754236382,0.040804271446063,0.0715360699611007,0.038086682367171,0.0457633133031833,0.0441097917952454,0.06592964021489,0.0503073931113037,0.0372383265505258,0.0360772183733083,0.0565588854260146,0.0470481283048944,0.0493686748074072,0.0413197894559667,0.0494209987124462,0.0239815394488832,0.0540482418248403,0.0387829219311412,0.0353204876014072,0.0519323440862897,0.056927144956487,0.0537967591564186,0.0359657489873359,0.0501572161987871,0.0455171125625104,0.0480725203175738,0.0720791943410156,0.0723878833793685,0.0546423378685275
0.0305528361598172,0.0609599364377598,0,0.0591543985814071,0.0557666562200089,0.0671413933946428,0.0700646631237002,0.0768764237301786,0.0515865041538632,0.0865232975194354,0.048891535290547,0.0530597895961671,0.0505769832152951,0.0899587387784983,0.0730185861752689,0.0522026513841807,0.0406641574913828,0.0752689826544099,0.0619712946251413,0.0663315378548244,0.0583916754584542,0.0468670679866245,0.0701061003686778,0.050136152644142,0.0603082836103696,0.0459225335408369,0.0572112672717568,0.0506926564985845,0.0593299272318325,0.0515392842744325,0.0400536730476237,0.0556956859643193,0.0516801229572875,0.0467763360041054,0.0629240673793246,0.0929095936983248,0.027447066382825,0.0786181290908909,0.0613795795402849,0.0517084973269231,0.0591305621330304,0.0425901751289725,0.102017555191142,0.0767999618270258,0.0517659161035868,0.0516163106903175,0.0584331342458446,0.0463408520695637,0.0460082179063982,0.0469942161994127,0.0771263617505098,0.0406828494770361,0.069244757498145,0.042856441883029,0.0724835120199011,0.0722999463409573,0.0405389703642536,0.0569638127869544,0.0812031136225012,0.0557581792517942,0.0771603765705847,0.0622818154738644,0.0681864053683988,0.0684076312414398,0.0683226265263163,0.0558942774681131,0.115308915909674,0.0592242805251256,0.0570144817984358,0.0481205335172368,0.104813471944417,0.0640351754214816,0.0442968050318075,0.0720265545058475,0.0888843865032688,0.0507743474622397,0.110182015484951,0.0785542668971107,0.0870736044164303,0.0453568010604046,0.0550837849018296,0.0642631140750519,0.0599931522821511,0.0416389713323169,0.0811078052866837,0.048122828854723,0.0530478512516487,0.0476183355819158,0.068533711568326,0.0539551801212989,0.0386995231119614,0.0389323071240127,0.0585119266815479,0.0510004874718276,0.0464602925146294,0.0382761388803451,0.0548694545751025,0.0206120852331647,0.0532375950533543,0.0580120642898508,0.0490602700160025,0.0510325144974726,0.0495336186642266,0.0620260195763064,0.0456627836676559,0.0567701195000239,0.0485768016649151,0.0546726959857609,0.0797420076792855,0.0779209845342683,0.0546185614298098
0.0628053540250699,0.0589683173714923,0.0591543985814071,0,0.045091861475998,0.0457486895571844,0.0461911147209036,0.0547669424426544,0.056228707605448,0.0523944829670177,0.0470184516185882,0.0511933754847499,0.0432849660304431,0.0587694155844222,0.0539131057975354,0.0469902770612249,0.0577104734237154,0.0556062814551536,0.0573698735894883,0.0497966204037795,0.0768206002230496,0.0587562788951636,0.0840977243046269,0.0498730240408621,0.068748483945594,0.0571857844390334,0.0579464726453976,0.0613010654566602,0.0597807190132753,0.0504425191722908,0.0541076050074713,0.0499648140485593,0.0614535224668028,0.0480965144444026,0.0355216826701605,0.0598227665043144,0.0670920022402039,0.072077926199748,0.0470710430196715,0.059887389973319,0.0366523175529754,0.0640895444622243,0.0637801361683962,0.0799853725494438,0.0480848158209166,0.0484728886502179,0.068175575372815,0.0589966484714807,0.0574208638303577,0.0644490886625226,0.0663007624239122,0.0319714831066471,0.0674702087479306,0.0438534583088099,0.0450497222690642,0.0411038106052299,0.0395282029922312,0.0622862456586522,0.0461744041554955,0.0486358347447032,0.0377747957006461,0.0576071373597541,0.029431457882628,0.0516109801487206,0.0682131451549519,0.0516166437477212,0.0891829348940624,0.0676009145215481,0.0458593778174884,0.0685347797120602,0.0703801311217636,0.0605656079233336,0.0451102501065148,0.0420403479399873,0.0428083582719226,0.0354686550903101,0.0672340515197673,0.0768149575987567,0.0548236358329826,0.0647686301034565,0.0461963578031609,0.0637482344612421,0.0434236861506395,0.0462853684040611,0.0621984165936562,0.0496994927762401,0.0357262073147026,0.040822883681277,0.0787186128950009,0.0495241249550296,0.048131912552068,0.0527237442322656,0.0511724871913775,0.0593992701408237,0.0481524148433434,0.0457376097383528,0.0481574212847729,0.0273109445358811,0.0517144049421416,0.0554956978503256,0.0596358081314116,0.061568727849818,0.0437041868025789,0.0407504022436723,0.0496420833781931,0.07691456481378,0.0523337943383932,0.0492619295992861,0.0654018188565094,0.0543232932029569,0.0671530652198766
0.0515836756357589,0.0561527607568912,0.0557666562200089,0.045091861475998,0,0.0521869882613683,0.056975071070997,0.0519978373507672,0.0513575187562418,0.0754653487662976,0.050163046784663,0.0390239682077764,0.0429070376433686,0.0816675261640663,0.045102545442934,0.0429153247591601,0.0547994351911548,0.0476079615217706,0.041384355944257,0.0524743243883834,0.0626819586350481,0.0586024806383194,0.0865680222080639,0.0544078767932424,0.0607079247768645,0.0455586261066009,0.0659175218158911,0.0581297494846063,0.0465210144832524,0.0460852323236881,0.0520424680730359,0.0570538190605947,0.0438833446188605,0.0345476451906879,0.0469688718359916,0.050444454808042,0.0498709282287096,0.0545504451562981,0.0359454938927817,0.0707387951303533,0.0653574817448503,0.053534153940649,0.0555537085255184,0.0632259072267338,0.0487562462704524,0.0411827248700686,0.0664723442513676,0.0457345113883016,0.0469921522262155,0.0480064083523258,0.0467547442485145,0.0373596107587028,0.0607055138859525,0.0484347542087429,0.0358598526119056,0.0469796439885688,0.0290748249099272,0.0469237227647425,0.0355616466812931,0.0493906552872083,0.0461491976638132,0.045715847608814,0.043845219362209,0.0422046167992071,0.0569097273355948,0.046161627628129,0.078878465599878,0.0514136111455284,0.0382767476006171,0.0473013927627483,0.0495029607915603,0.0511355386122515,0.0459682930070035,0.0433600409950958,0.0524067797718994,0.0511020100386625,0.0519516900141916,0.0462630817932023,0.0397968976299391,0.0472168421003112,0.0377142146691433,0.0581855114767549,0.0390971838758579,0.0467833625895621,0.0500403371949168,0.0455037926377772,0.0248883155549202,0.0207117645199908,0.0551789627005908,0.0492738066845683,0.0453179007581302,0.0477978251985283,0.0602075016298459,0.0497007818710321,0.055548782790512,0.0339299176580086,0.0348059654521464,0.038870890653316,0.050483359299319,0.0480956342640448,0.0532895965848155,0.0545640403324714,0.0456471116826856,0.020883703694959,0.0450628872820673,0.0557147707520842,0.051896442094778,0.0562445406693289,0.0704057067053595,0.0469686708516699,0.0586612855984499
0.0643791940221343,0.0648186190847444,0.0671413933946428,0.0457486895571844,0.0521869882613683,0,0.0503786878771412,0.0623901213342193,0.0584649603634814,0.0555603111170256,0.0578302848676027,0.0573504338456286,0.0480103675033869,0.0610113670017223,0.0551505101229718,0.0539149386287093,0.0646084046647617,0.0623324316110778,0.0889116481538803,0.0501153734262556,0.0617890636082198,0.0505542939027354,0.0719841001363693,0.0473507029301095,0.0655345991933185,0.0491333991985682,0.0579880718961178,0.0654703344283155,0.0654060581524064,0.0605782738563438,0.0604024643607475,0.0659785214782719,0.0658854783954829,0.0602910380767648,0.0564450631056359,0.0551344256701597,0.0539870633491387,0.0742752882195981,0.0540642777146701,0.0649384893448917,0.053823700579824,0.0637282088987818,0.0693946063313591,0.103709490905868,0.0653698053253248,0.0632622069531795,0.0602513354858779,0.0633234846620611,0.0661657661309084,0.0686086907511422,0.0682647043103919,0.0491106717084203,0.075380872486203,0.0679768928866046,0.0554876559194914,0.0618573780705246,0.0515426728717774,0.0587930645611437,0.0603909245315264,0.0502820873117071,0.061485487646754,0.0592870827950894,0.0382260962932596,0.0680859454830262,0.0792542791518052,0.0717661921504275,0.0719902329954049,0.0766062660482422,0.0625875205201923,0.0607928807222087,0.0644593349007052,0.0556770357075487,0.0604464382345141,0.0570202747088386,0.0548933998176106,0.0506471515711737,0.0700029707894751,0.0750091308821399,0.0631047468396358,0.0669867288934126,0.0670665304159014,0.0509482691187596,0.0566371002134124,0.0491132565874853,0.0654113756470975,0.0640449197858604,0.0545421017711293,0.0610192431422246,0.0630334348156672,0.05222103450709,0.0621715499787579,0.059601626398164,0.0515963316683639,0.0649565548411581,0.0514899018128061,0.0429849922502584,0.067327588713634,0.023629992408637,0.0644519070804231,0.06766489720965,0.0617644866115604,0.0661524757051797,0.0540108703999467,0.0644909344894288,0.0569935999662088,0.0759035480528654,0.0626318896970474,0.0492951887110398,0.0677575055828048,0.0653100661308949,0.0677224179016316
0.0701189627189572,0.0697744216619163,0.0700646631237002,0.0461911147209036,0.056975071070997,0.0503786878771412,0,0.0645458011773347,0.0702203455081781,0.0529236246648201,0.0611178512405904,0.0808444845495186,0.0705855210693951,0.0520295151507022,0.0683698518914525,0.0655759920642807,0.0643106413555547,0.0772827927573808,0.104283836455566,0.0534861686279262,0.0629541870541012,0.0408169745553662,0.0833164954974923,0.0441907495530661,0.0773502749022083,0.0704586653375371,0.0712459757619928,0.0719753615120376,0.0812534118834007,0.0545603704694598,0.0640157206518764,0.0807685010002617,0.0840899965585764,0.0796729595391867,0.0492952584600629,0.0760249367938907,0.0543465153593463,0.0866977901642879,0.0743357686736123,0.0655846719465897,0.0547351641668043,0.075772182853176,0.0852850806890037,0.114289847734068,0.0646874392657111,0.0673668708924974,0.0559858486155584,0.0715641009429398,0.063200767252073,0.0690433403538267,0.0762033457710956,0.0576352875839018,0.0745908161205005,0.0556489081413918,0.0760165534574013,0.0606303676277441,0.0851598203396178,0.0549828071458063,0.0853649157733789,0.061426645376742,0.0617206586428421,0.0570611015116072,0.0574991318213116,0.085745257600984,0.0769815648942618,0.0761132673097814,0.0870680803428984,0.0721399512876811,0.0734685676786994,0.0514333887269431,0.0746360219670242,0.0574703730204975,0.0727507147089526,0.0641081082771126,0.0489818064946782,0.0580056632868197,0.0850140732006839,0.0769837933314566,0.0760098979421494,0.071049682096787,0.0812260019799737,0.0746274110906198,0.06218932341067,0.063090936196743,0.0781404602484071,0.0874729638207487,0.0693767840802455,0.0697959188521532,0.109360980107876,0.0538666557787285,0.0686427787617253,0.0689282892543897,0.0621366531423473,0.0808809093120724,0.0679706230422001,0.0573874168301442,0.0757367603532004,0.036149459637976,0.0876868439351251,0.0829222053339405,0.0763473723748471,0.0742044528361084,0.0661033719571676,0.0730004392464817,0.0765362769854636,0.0864300478606038,0.0675407579557917,0.0534604565756451,0.044971983426463,0.0766893426185347,0.0755244791775231
0.032033875433267,0.0635243194580442,0.0768764237301786,0.0547669424426544,0.0519978373507672,0.0623901213342193,0.0645458011773347,0,0.0457809973817762,0.0798181059419354,0.0565705777200396,0.0453501415413985,0.0470542380772898,0.0845981855442709,0.0618700595326419,0.0493834179381723,0.0434285605165656,0.060556772280571,0.0547112808292987,0.0564591830146007,0.0612649078659009,0.0444989541702917,0.0640641645699985,0.0439213260906662,0.0697384865841684,0.0420107596291803,0.0715756904785739,0.0511915745324373,0.0542732234859603,0.0571478307434826,0.0355707255134589,0.0528837671065439,0.0505886693488588,0.0384845010703163,0.0565275011950926,0.0823307379455983,0.0322677167267384,0.0689860575127704,0.0476580955575136,0.0405451753929316,0.0558654999584689,0.0434404219901654,0.081587590323048,0.0641536437660198,0.0665485794802591,0.0570661110459116,0.0546204001611737,0.0460458980925908,0.0587325858282953,0.0600975722657203,0.0824310203565402,0.0421058309364865,0.0870939360148912,0.0445134984033361,0.0623357713936149,0.0789701824127327,0.042789695335484,0.0599179969978386,0.0585595615693153,0.0534181835214109,0.0755635810348464,0.0682555950707501,0.0592416785454502,0.0608122754520447,0.0718692309640063,0.0582794251666949,0.102690396731074,0.0678070830100108,0.0481430989422954,0.0533406053028332,0.0920633593237809,0.0583324829972613,0.0495332652448334,0.0641463573385766,0.0890047883379454,0.048771080520594,0.0952328757627075,0.0828209992657785,0.0791243349195618,0.0535882408626653,0.0511983513092708,0.0579370114465239,0.0544191384770006,0.0430702766741256,0.0699394162870309,0.0367003065612438,0.0514847465086333,0.0502266359214372,0.0768819188519831,0.0621913742878427,0.0419680356642458,0.0397924226478251,0.0545251101308911,0.0515906498498992,0.0472293224219418,0.041633399521602,0.0573746633637438,0.0159530513799698,0.0576045541758475,0.0552395409140575,0.0430816019894129,0.0544308953806152,0.0436726340574588,0.058315668842718,0.0377275336426675,0.0617796429985191,0.0497431362282241,0.0444997073116766,0.0711610069812049,0.0728773096422555,0.0607504372876953
0.0583944683047591,0.0566777223801452,0.0515865041538632,0.056228707605448,0.0513575187562418,0.0584649603634814,0.0702203455081781,0.0457809973817762,0,0.0914532968277912,0.0372156208289753,0.0407727335751925,0.0495938903069786,0.0899330973957973,0.0907687417862903,0.0548301510236358,0.0402102038129436,0.034455336695267,0.04364755096131,0.0795897158566489,0.0597921448915269,0.0531065975579135,0.0838334636876764,0.0562566336311287,0.0667064921309024,0.0498218814657222,0.0582190260799072,0.0647300030326138,0.0459559955421174,0.0541931210038443,0.0487216563136422,0.0595152796832441,0.0412828608245515,0.0328687231232376,0.0448039914720965,0.0711786609421907,0.0333445568825392,0.0521736616459049,0.0283455279718878,0.0628582004331767,0.0523106101221854,0.0603398004596721,0.0690873847040176,0.0679231317599184,0.0180999051421331,0.0225963231501575,0.0664178916548507,0.0394063225622855,0.0401054900274393,0.0363544058258401,0.0461130198080568,0.0346873338166802,0.0509144822869759,0.0413709145396938,0.0221195868599581,0.0448685771762238,0.0295803753163862,0.0510083496896481,0.031005335708885,0.0692593921043058,0.0367532014836524,0.046378626209355,0.044751709850511,0.0237138586607596,0.0482491739662742,0.0363085618985838,0.104889854064592,0.0512089431307737,0.0217083577928873,0.0490189851425622,0.0517949414607734,0.0464467005863265,0.0290857427620588,0.0433595590765931,0.0560475654811563,0.053673974653478,0.0620625153944064,0.062108889666708,0.0331852354630979,0.0423065184014477,0.02675599346657,0.0686494129608434,0.0267627628356412,0.0453421551740051,0.0483074131586154,0.0331614670512769,0.0221104451037872,0.026071474343819,0.0686433388026626,0.0412807134305138,0.0210126225303657,0.0447140639116444,0.0614138908582232,0.0568713541134664,0.0643920708986492,0.0395921319518059,0.027314889576174,0.0214551066694727,0.0629668643611059,0.0379266394856789,0.0475684208672725,0.0548187213621549,0.0589145558341181,0.030202337839277,0.0377161929810103,0.0617287694393849,0.0496413481852161,0.0499463349040653,0.0752192749848993,0.0390441380268201,0.0658610677301721
0.0861931710633455,0.083473334980568,0.0865232975194354,0.0523944829670177,0.0754653487662976,0.0555603111170256,0.0529236246648201,0.0798181059419354,0.0914532968277912,0,0.0694306053115866,0.0567470493914469,0.0524616959193495,0.06805751794879,0.0804559476149059,0.0730659456916836,0.0583270045413922,0.0835095036669882,0.0542901276407954,0.0719615208462883,0.0611746787691108,0.0563699785822518,0.0643564718113662,0.0556430065763272,0.081404162570246,0.0575960973389691,0.0937941758733519,0.0764802746484715,0.0726206502855623,0.0781938456805889,0.0716900921059501,0.0599839389512239,0.0593880510096733,0.0398116049684598,0.0624021780351297,0.061367185243607,0.0729785554381735,0.0854204290177397,0.0556785910920444,0.04534834857138,0.0678560496146251,0.0913005455572301,0.0857545996425748,0.0467082843898317,0.0700008447554397,0.0595053119041382,0.0567682556953409,0.049970831934672,0.0601766156946709,0.0672521317049168,0.0664760736075535,0.0568090932793732,0.082840805148071,0.0523181818890218,0.0576150051763325,0.0627734573776592,0.0365146132074027,0.0746125502520844,0.065633008645981,0.0729325356875029,0.0598803566621487,0.0674079025828591,0.044112971483873,0.0709631869372816,0.0878008406391141,0.0761536922610701,0.0638970096837589,0.0819902606262849,0.0721876795074962,0.0685995106089337,0.0730321608765235,0.0737328374287638,0.0783128566142126,0.0555085141276209,0.0715356848758035,0.0790233166585735,0.0747111933840843,0.0744608610317444,0.0769858061445787,0.0729179132786347,0.0741953027201283,0.054564290849803,0.075722309908206,0.0585004352456322,0.0760914583433662,0.0719277508607734,0.0541702129864686,0.0651669078700904,0.070788215921531,0.0854122171680415,0.0754711555784921,0.052225226942324,0.0653437260513694,0.0926716917694357,0.0827409805672053,0.0739440114880122,0.0765654716940814,0.0478339441254097,0.0918784279486501,0.0828361052626155,0.0882477534173543,0.0919505818343125,0.0896696612817295,0.0725546273425783,0.0694977354137172,0.0779025879252943,0.0580857861285899,0.0870627085928641,0.0481201428874424,0.09712816087277,0.080725869534174
0.0329131293767256,0.0515738325791427,0.048891535290547,0.0470184516185882,0.050163046784663,0.0578302848676027,0.0611178512405904,0.0565705777200396,0.0372156208289753,0.0694306053115866,0,0.0567920718160564,0.0488318557190911,0.0715730052551247,0.0495144848829296,0.0571529080495108,0.0379593464751052,0.0796150355902595,0.0586460565945934,0.0468689802561966,0.0574533967569674,0.0452186933384908,0.0560645067115493,0.0416571937240002,0.0650016210795815,0.0455236893179151,0.0600238646026714,0.0517492806747517,0.0722556959204671,0.0462197096411895,0.0400509294401427,0.050289680019603,0.0580515788337615,0.0538991002047257,0.0569057212376554,0.096105349084325,0.0270395576007928,0.0624055491939452,0.06741553162597,0.0530060377790045,0.0547140321580024,0.0399011870433064,0.0820246012086912,0.0747055752649835,0.0533917621005576,0.0515731911318095,0.0558369336299626,0.0500003927152662,0.0411099352729392,0.0469480670465551,0.0671112896615188,0.0432376510706461,0.0539486767635671,0.0444120761178432,0.0742635411755436,0.0655353470764009,0.0406628112868974,0.0437790917996786,0.0836481930168506,0.0541708583471442,0.0694767816507936,0.0611105572522444,0.074322974947591,0.0689417333991308,0.0599317462196505,0.0476013846119506,0.11076201749935,0.0541270811564767,0.0596926345283976,0.0450887292960329,0.0884169352072375,0.0495260440887011,0.0520775104099237,0.0766848563010133,0.0817056083850606,0.0557468606971195,0.127247100841258,0.0691981827672215,0.0962530952397609,0.0606330477385281,0.0563528830714562,0.0580967894136828,0.0740795863375608,0.041510028931951,0.0795834066558589,0.0445667719653514,0.0540358731557376,0.0575552501230909,0.0581933084664874,0.0478983925481459,0.048783254140007,0.0401549440748547,0.0609835090812257,0.0613793863574197,0.0447116388885938,0.0355065664879206,0.0635047721013565,0.0165600442045116,0.0496591258186082,0.0668604490283262,0.0552887301814317,0.0548458862144673,0.0519125011838069,0.0599905966293776,0.040736000924388,0.0568150610342579,0.0455461816065742,0.0520252537998857,0.0648145334797091,0.0610059157026601,0.0516883479643167
0.0487392669319677,0.0457222820922345,0.0530597895961671,0.0511933754847499,0.0390239682077764,0.0573504338456286,0.0808444845495186,0.0453501415413985,0.0407727335751925,0.0567470493914469,0.0567920718160564,0,0.0551584430735793,0.0679901058977893,0.0416239625947053,0.051568213529262,0.066027160640772,0.0513884462201827,0.0502518944107721,0.041768513341744,0.091494394792573,0.0401320491294471,0.0416795856876151,0.0371954077631978,0.0713027499040371,0.0415558769407854,0.0482019109700169,0.0627615120233684,0.0489740602305471,0.0780015773576232,0.0425539526956976,0.073737481837906,0.0539586180291564,0.0528339415304197,0.060895351613638,0.0539820763009739,0.0387945568383997,0.0499991109562691,0.0569081550992468,0.0353450489179225,0.0567632493624304,0.0424565400620747,0.0469793574640024,0.0526275538411054,0.0526614473757085,0.0552586502207777,0.0469572281863904,0.0533883844567822,0.0713281024563933,0.0662641016104262,0.0590910534251507,0.0630358378184329,0.056685360696133,0.0543452539835652,0.0476807413635733,0.083628344923843,0.0492989791224669,0.0642763108123565,0.04265165891405,0.0418887961062604,0.0741075153212149,0.0471927208591,0.0564099036317617,0.0490367887979321,0.0519674710791507,0.0554320420291119,0.0535797079941559,0.0570836343879207,0.0481572581380661,0.0569140792741148,0.046951867706827,0.0476810754126583,0.0504130617519462,0.0632543512615988,0.0619115178865723,0.0476398316002473,0.0456605128903041,0.0559837880781622,0.0477479583831142,0.0398560560335889,0.0471025118249463,0.0603421872898835,0.0443479415911143,0.065479014836913,0.0436640683544765,0.0557587229507544,0.0514696628141595,0.0433247134879853,0.058231908124415,0.0453848187327563,0.0458086032995297,0.0531068969626873,0.0530903558946058,0.0463841990726325,0.0598530671697253,0.052836289740221,0.0430682846910786,0.0594273645254574,0.078244553558241,0.0468396066994085,0.048081688683608,0.0405548583187152,0.0346345572361387,0.0422762194270834,0.0582370208775571,0.0655062380501686,0.0559775357438383,0.0540525238036813,0.0516069686404073,0.0414011160408715,0.0669319801271666
0.0456971697301105,0.0483233755874082,0.0505769832152951,0.0432849660304431,0.0429070376433686,0.0480103675033869,0.0705855210693951,0.0470542380772898,0.0495938903069786,0.0524616959193495,0.0488318557190911,0.0551584430735793,0,0.0555595373444398,0.0463007521712181,0.0432526633425087,0.065046206150048,0.0543788946705535,0.0496502407260838,0.0454133180582203,0.0776198078932485,0.0472679403000214,0.0546031181363754,0.0429223443079054,0.0636244164896323,0.0592158039361019,0.0480289396871461,0.0610597219364626,0.0505178892169006,0.059962819834285,0.0434065787602819,0.0562350844946386,0.054307124988449,0.0563706413621013,0.0543269944439621,0.0477199997472803,0.0499340685017311,0.0519403728528243,0.0573093023944461,0.0564984828395834,0.0593020545463722,0.0485413120708219,0.049537820726716,0.0626724507004519,0.0502788195814037,0.0516715055553664,0.0485886213181515,0.0490073272462329,0.0505287825706046,0.0571375471805539,0.0555085456495734,0.0457146014621935,0.0509204394435942,0.049615030824706,0.049636146223504,0.0566201522247467,0.0520605956762988,0.0541571653629564,0.0508361872066929,0.0410963670698312,0.05654512702397,0.0490136227741663,0.0488684781690869,0.0540148293505653,0.0562274033698508,0.0599199661046585,0.061743160616463,0.0663958004899481,0.0517471947107104,0.0502716315220842,0.050858694090153,0.0487379569700249,0.0516752198720488,0.0428693882114551,0.0391394497172832,0.0415297961905902,0.0492959631951548,0.0519736369912637,0.0511784510998146,0.0467968956038535,0.0540154234138658,0.065656669295173,0.0412094897231301,0.0689141544997371,0.0521016799206918,0.0634990973175505,0.050152047208893,0.0421324029021918,0.0749649741384,0.043590068085876,0.043970566256329,0.0730177794383369,0.0645675109334145,0.0508887162824984,0.0497384037420112,0.0392983455555847,0.0476399046713744,0.0703802171315911,0.0565676478738451,0.0484339972974347,0.0562774011029113,0.0507839606739585,0.0344337916285194,0.0438656723569848,0.0695632278134579,0.0551939993745327,0.0616301752120599,0.0599386246610304,0.0417188685219684,0.042943487232987,0.055092829139273
0.0953657612023461,0.086909848612514,0.0899587387784983,0.0587694155844222,0.0816675261640663,0.0610113670017223,0.0520295151507022,0.0845981855442709,0.0899330973957973,0.06805751794879,0.0715730052551247,0.0679901058977893,0.0555595373444398,0,0.0874920641574154,0.0687334416544096,0.065596175565025,0.0888961113380413,0.0624731423024495,0.083799558317501,0.0661054650228841,0.0673529017190964,0.0690740435175179,0.071898954899849,0.0806896527358262,0.0699357567896554,0.0926772272727687,0.0685252058125299,0.0753991200445753,0.0957001943846359,0.080086623867125,0.0654528958953166,0.0680510724073714,0.0410585854415022,0.0625910058627044,0.0689007266898471,0.0827951139439714,0.0933135834569347,0.0554298427009732,0.0538000905547174,0.0716812230192147,0.0956807965394832,0.0935848164498737,0.0674195971880237,0.0715295049215822,0.061830249912637,0.0601389862260995,0.0543976210352823,0.0588531711274194,0.0671789516664917,0.0753256392755382,0.0509363046626401,0.0865031897586456,0.0351289140310064,0.0666464699480659,0.0599481591858902,0.0381449271827288,0.0879351614027795,0.0701087698436962,0.0697316809573055,0.0578404370580406,0.0902975911059201,0.0415389390491307,0.0776501399427177,0.0932082078440763,0.0872746237099794,0.0793236030719453,0.100951051303501,0.0746459916672271,0.0789319240864445,0.0856864590887992,0.0821641954347146,0.0793082001629856,0.05027579464849,0.0617771110781205,0.0731189432998756,0.0837792948051019,0.0901295425637844,0.0849288633201348,0.0769867513317317,0.082090317893573,0.0505616496583507,0.0753036576126144,0.0649364785934797,0.0808300764557499,0.0788661567363469,0.0630431741236534,0.0767797895539738,0.0975838149794669,0.085919035769723,0.0789910371381929,0.061045823937585,0.0638147236408011,0.0936014720859638,0.0803038539400786,0.0661879366444736,0.0835658962598249,0.0422824390095357,0.106230219945994,0.0845685671453915,0.0865482483174887,0.0919133548813366,0.0921168336437045,0.0851497156552937,0.0615747587665534,0.0926901842901832,0.0877170427570937,0.0793679707807376,0.0498940415070618,0.0985689586911391,0.0977514071982008
0.0824224653382945,0.0772392962493591,0.0730185861752689,0.0539131057975354,0.045102545442934,0.0551505101229718,0.0683698518914525,0.0618700595326419,0.0907687417862903,0.0804559476149059,0.0495144848829296,0.0416239625947053,0.0463007521712181,0.0874920641574154,0,0.0672904309734393,0.0461259176333567,0.057626427859786,0.0332596214334921,0.0646375441385168,0.0639354427226418,0.0501263672368918,0.0850012031523074,0.0424863962172784,0.0776681448548526,0.0461750328158814,0.0673216776722572,0.0739536249744811,0.0645664841156135,0.0710241111732227,0.0656223475508892,0.0685218599426961,0.0498859450427286,0.0277916628583447,0.0417296286793414,0.0638463530113973,0.0680504884264544,0.0746040827024921,0.025637163150885,0.053935672608318,0.0513070829114832,0.0926855922626987,0.077847861857385,0.0541358145839335,0.0316726549034593,0.0284520535556333,0.0671937631021911,0.039992880575996,0.0469887505820589,0.0455428594303147,0.0453446434184535,0.0406935036376127,0.0673413329578408,0.0414814317257891,0.0272773733142316,0.0505397568581175,0.0284664775289639,0.0565466017891314,0.0327454189912729,0.0824389540634181,0.0377004953754948,0.0463372906527322,0.0364481938964407,0.0373780440939958,0.0622714844756698,0.0440864569112726,0.0860083584638028,0.0568341491199451,0.0333867969261198,0.0532637152195132,0.0530317657935488,0.0526278255286715,0.0488414384892528,0.0390933393844667,0.0633147529269045,0.0620478043007699,0.059676662792086,0.0617779514847157,0.0420590903836708,0.0549026931616598,0.0360096570917298,0.0626723224320525,0.0449308165046088,0.0535426183676563,0.0659786954777618,0.0383384969052511,0.0200672411319246,0.0334534400207048,0.0751016269728567,0.0563982080423302,0.0412588623731608,0.0491415499099689,0.0618593336873714,0.0894981220107144,0.0834263749266849,0.0474833394194825,0.0439754944495691,0.0219679070323189,0.085051746975343,0.0631170380895098,0.0738332812385226,0.0892577053093249,0.0884842064257722,0.034171276521201,0.0437915158688031,0.0751357201247365,0.0545881058721941,0.0701116994381502,0.0653660585090818,0.062180378807579,0.0860786581346635
0.0386735836358893,0.0540556777413119,0.0522026513841807,0.0469902770612249,0.0429153247591601,0.0539149386287093,0.0655759920642807,0.0493834179381723,0.0548301510236358,0.0730659456916836,0.0571529080495108,0.051568213529262,0.0432526633425087,0.0687334416544096,0.0672904309734393,0,0.0690007305280958,0.0760534268341373,0.0382076646030333,0.0598605904424573,0.0562007533946853,0.0424157961350138,0.0327071439236132,0.0479271643466245,0.0672842051669358,0.0387173970542119,0.04881612502974,0.0460691323682059,0.0569714029444733,0.0476928535667115,0.0432842065116446,0.0480706693380421,0.0412428304174807,0.0336277882466716,0.0537585946784814,0.0644498490839333,0.0391184128857825,0.0581435698788503,0.0662439869302883,0.0299694262119302,0.0527574078814283,0.048671397969612,0.0580582002373872,0.05105005266263,0.0680635773091582,0.0632004848163462,0.0494721067682454,0.0410059466867547,0.0587363952802818,0.0585512659274698,0.0619613452401351,0.0629653350359063,0.0553036490140056,0.0471299346564472,0.0760786000523135,0.0857515163109653,0.0493615641652137,0.0494087057904838,0.0667976266895386,0.0268032657054941,0.0826077489386849,0.0526834629612054,0.0825084474068219,0.0740849177239038,0.0563507031546685,0.0546536629810757,0.083069149362097,0.0515000820136768,0.0592395444099264,0.0448844254483551,0.0725180810806102,0.0522762535337859,0.0616039856762285,0.0807505955871719,0.0900541812391249,0.0526025070882378,0.0780003318076243,0.0594268091767353,0.0694572398365754,0.0292817735457831,0.0500312852982723,0.0525257583979276,0.056373362162442,0.0447231447781463,0.0780082184133397,0.0494796144126346,0.0553527799351483,0.0519677005681483,0.0490932932386463,0.0481491348776185,0.0553912132382603,0.0366218243497155,0.0554917236232377,0.0537211035526049,0.0430320336079963,0.0448270503450225,0.0516125467880756,0.0437466478276925,0.0450398949254465,0.0528692564913569,0.0769186678296076,0.0442400411355827,0.0226300295610143,0.0536240914450366,0.0470977788314979,0.0471420643246787,0.0374844084525281,0.0578381435361633,0.0515971421007116,0.0631498174103549,0.0474231017237842
0.0333208272108574,0.0402742481827462,0.0406641574913828,0.0577104734237154,0.0547994351911548,0.0646084046647617,0.0643106413555547,0.0434285605165656,0.0402102038129436,0.0583270045413922,0.0379593464751052,0.066027160640772,0.065046206150048,0.065596175565025,0.0461259176333567,0.0690007305280958,0,0.0655920904765852,0.0640486746128113,0.0476884190031873,0.0532708260877549,0.0585893162912415,0.0638230194704997,0.0487405930465912,0.0476790809185008,0.0506640892826722,0.0645875736856073,0.041475499988269,0.0595168035900141,0.0453310776821817,0.0422442448684856,0.0513035679905702,0.0630168949386552,0.0688828039839248,0.0650225764050588,0.0875615789124794,0.0352475817221557,0.0514511213017341,0.0645500416895801,0.0626806998419647,0.0621481428863618,0.0396488816921673,0.0638258751973334,0.0859243720606048,0.0503716246396344,0.0541665044185603,0.0497336444759874,0.0422300662198278,0.0378643760492313,0.0391066982223011,0.0479443517454168,0.0466695118375638,0.0462730528316097,0.0560720180610172,0.0593647005276534,0.0460582562239999,0.0699218880941631,0.0375515658103197,0.0660320127167936,0.0425188693153432,0.0623880298757765,0.0622168794624051,0.0759692626225266,0.0614269277337895,0.0526448550711095,0.0538984669822041,0.0916154057025856,0.0500748739260704,0.0593679324411226,0.0329092099529164,0.0574960016401365,0.0351471404867593,0.0531457601910811,0.0615045026142954,0.0602149345097809,0.0635966185964787,0.0737833789501667,0.0607312363236954,0.0590394230428964,0.0401582294099171,0.0598994411650623,0.0892125180117432,0.053629134192788,0.0521133861815048,0.0607124829981328,0.0480799554179934,0.0626368154539366,0.0704936250930609,0.0702876540709479,0.0501609470936296,0.0516599373481439,0.0462720947559191,0.0653404602312515,0.0546093007490231,0.053625181437245,0.0433648565370859,0.0652533371301731,0.0449472938611789,0.0430396822203605,0.063858469571604,0.0466805553749134,0.0487239715946372,0.0409207480038114,0.0639453100138827,0.050186310124036,0.0473994670037224,0.0441826923881964,0.049921014002869,0.0661173186915854,0.060378689395441,0.0448506220475763
0.0384509695016042,0.0397173275953008,0.0752689826544099,0.0556062814551536,0.0476079615217706,0.0623324316110778,0.0772827927573808,0.060556772280571,0.034455336695267,0.0835095036669882,0.0796150355902595,0.0513884462201827,0.0543788946705535,0.0888961113380413,0.057626427859786,0.0760534268341373,0.0655920904765852,0,0.0503276307427662,0.0582112466668062,0.0641735234640202,0.0469517831882427,0.0647392267950899,0.0485019244652669,0.0808897272907818,0.0365018844383427,0.056561309217784,0.0599139606334558,0.0507718241352111,0.051613873851978,0.0406054234525244,0.0630812320307718,0.0456003189465779,0.0458143867600998,0.0673554144751167,0.0724092082734243,0.0300044091474035,0.0373129035829467,0.0714938141651426,0.0500056339884786,0.0663023739788105,0.0343987555641447,0.0486110372864105,0.0612987193506497,0.067209475045895,0.0555993402752868,0.0538808098136748,0.0347054732384462,0.0460212804102749,0.053515687364478,0.0482883352064343,0.0399149235318468,0.053505060784648,0.0396080390419361,0.0707895557580373,0.0758379859204492,0.0478942402562406,0.0462325655348247,0.07062011036693,0.053959783214145,0.087802576224835,0.0405759682151319,0.0754375722997114,0.0622234379366932,0.0433818931672057,0.0495107204586495,0.0750432301261096,0.04257720418587,0.0604379512902105,0.0388421660775025,0.0415065213772413,0.0441230047617232,0.0716305328349212,0.0703797714244085,0.0856230014228318,0.0592488967524706,0.0573135985382404,0.0544883236993659,0.0532136427619225,0.0222963894813991,0.0512614165928856,0.0645372598242412,0.0605773086567281,0.0428588559103094,0.0407372646634223,0.0520731067025187,0.0526513957965136,0.0463623246031275,0.0614790544780965,0.0443789290052369,0.0553148568967109,0.0422703318445689,0.0598350576403942,0.0473560873597315,0.0541600817082119,0.0450477187676477,0.0457553745241945,0.0371734918424873,0.0579312232896721,0.0597020288563967,0.055331465234336,0.0312948750993502,0.0435251275372853,0.052582598954218,0.0530011798787203,0.050145323754177,0.0499667365185585,0.0632116261608568,0.0726037693826019,0.0444763204576442,0.0572083357226781
0.061335096494998,0.0539517679213262,0.0619712946251413,0.0573698735894883,0.041384355944257,0.0889116481538803,0.104283836455566,0.0547112808292987,0.04364755096131,0.0542901276407954,0.0586460565945934,0.0502518944107721,0.0496502407260838,0.0624731423024495,0.0332596214334921,0.0382076646030333,0.0640486746128113,0.0503276307427662,0,0.0346500847415833,0.0702357299833924,0.0343025324455412,0.0566748549009963,0.0335377514712458,0.0563472508869222,0.0375146193771535,0.0451876509707778,0.0473485283431148,0.0450057759017653,0.0822376448061986,0.0550645224809907,0.0821541496356282,0.0569810930330897,0.0295561594845062,0.0946820688682588,0.0541895637081353,0.0472810879923418,0.0609871058624272,0.0489298069082755,0.0653322225985434,0.0786433757921031,0.0551968029763869,0.054949355488889,0.0968209007118577,0.0599524924169318,0.0554533817788805,0.0709218080531839,0.0533709846585054,0.0711531928535903,0.0691814537513697,0.0608777284641952,0.041250987951322,0.0764315379985265,0.0453312943252176,0.043161476810791,0.0985274065562131,0.0383332374029634,0.0705809152429307,0.035951161965337,0.0455175072090152,0.0909754806570865,0.0446938599765724,0.053100013064597,0.0491370445247871,0.0661590400133937,0.0689494764726649,0.065984474947902,0.0634825734946599,0.0477332967756559,0.0583193501705519,0.0443444259201575,0.0592355781398261,0.044535811664453,0.0505299951388399,0.0606404074862508,0.0357167349069255,0.0414651800921201,0.0613602284983184,0.0513596956465148,0.05268825512891,0.0531478634993789,0.0651013412863578,0.0480392684452786,0.0553230605856326,0.0403268246387433,0.0620850961944081,0.0656247709387724,0.0453320443050787,0.0661747150036809,0.0541142913663106,0.0470194078358447,0.0570367284964171,0.0507129173565125,0.0505194473968287,0.054345948430525,0.0512369170236032,0.0467728490741827,0.0411109641666389,0.0978421328469728,0.0448290741655162,0.0463189377214085,0.0514557417768839,0.0463664868329956,0.0459238990789414,0.0463733232922599,0.0742592752398956,0.0887434601499181,0.045360240946598,0.0642533053445805,0.0492164170824909,0.0836359019806449
