0,0.0848867401292328,0.0524640284576156,0.0418069884600061,0.0134277539002001,0.0135824634100732,0.0694499204056062,0.0702585564960918,0.0119742861187121,0.0194691373437964,0.0330668772927577,0.113908725161893,0.104452585032474,0.0422086775321696,0.0175534892780835,0.0176337105550664,0.0118914526865761,0.0725838034850874,0.0651397524433795,0.00116800026560621,0,0.0372342107711101,0.0688247118320819,0.000307834118133544,0.0260594811632151,0.0143912699685238,0.0955120004937574,0.11813846306992,0.0391978600131738,0.122544387565305,0,0.0743883407321626,0.095946324508602,0.0706971252762606,0.00718812659649926,0,0.0435246278573332,0.0247072719730793,0.0857907164547366,0.0552871286552999,0.121213342319956,0.0196766663298071,0.0790629566388378,0.0844636408392694,0,0.070147702667253,0.0753781301286141,0.0971501238581196,0.0511988779552135,0.0494883734020068,0.0673976253522814,0.11077266167166,0.0391902907818635,0.00836419622660503,0,0.0418826309291256,0.0438413857239111,0.0846115587289416,0.00405201149301696,0.0911746980168106,0,0.0338903553589005,0.0958016727788145,0.0739685124477878,0.0194398986841892,0.00676549649589409,0.0087514277875829,0.0631004347355973,0,0.0619895575476918,0.0735411030108318,0.0468146151681684,0.066661650657755,0.00718604244998439,0.0807492895880325,0.00151153763966171,0.0587799955528257,0.0921945812627651,0.0799104048397761,0.0267952986670275,0.0500041037060525,0.03991707024548,0.0649812110753395,0.0748167262565904,0.0750392800404356,0.0912587126790834,0.0693882351604939,0.0886097750546972,0,0.0416405470738884,0,0.0481979199591537,0.0683407865050052,0.0752270256515267,0.0415700085114635,0,0.0707114561286294,0.020365733443485,0.0382346545065803,0.0589627732576565,0.0375992276507731,0.0521215056249953,0.0615359994517229,0.0396707841518181,0.0187950588885272,0.0134063354015308,0.0177285122236638,0.0659530526364043,0.0665221578414452,0.0558848598868451,0.0800271160676974
0.0848867401292328,0,0.00233487683558108,0.0564919823093777,0,0.00725998958280645,0.117845214563559,0,0,0,0.0608117162088885,0.0890511458274279,0.0300357207615997,0,0.00916078045218535,0.00479915524778789,0.0139065698634078,0,0.00161342467909004,0.0269478466056689,0,0.000126590276822607,0.0137595519259291,0.006820341109047,0.0447720842620586,0.0217182804983229,0.00403921696610808,0.0727730469644366,0.0780816614949166,0,0.0405440879155275,0,0.00184544598093733,0.00154416229364985,0,0.0154042568798139,0.0247827389071007,0.0557475105668972,0.0135386811011857,0.0409415449844111,0.020716404210621,0.0173077637308933,0,0.00903852112770445,0,0.0490377236333371,0.0631007964478398,0.00981441455558042,0.0468457557178138,0.0131063943703185,0.0557417985747122,0.0180810993691333,0.00551025400698781,0,0.0787795549321114,0.0607645255255748,0.0738253727716734,0,0,0.0930059846865552,0.028813959890976,0.00369974555998858,0.0857083562748942,0.0911240067552763,0.0472861053618789,0.0472351617048101,0.0220961129515846,0.102703297840989,0,0.00581920614554905,0.00226670386548441,0.0734953155191005,0.015861260382218,0,0.0489795680320681,0.00383549882336952,0.0164911857688816,0,0.0357644385298065,0,0.0135528464421385,0.0401766923076213,0.071529817996105,0,0.00653091883335072,0.0758862619118216,0.00235477334843114,0.053610208297335,0,0.0535601019915749,0.020439433457869,0.0098292569613405,0,0,0.0273783626420797,0.0122191730818797,0,0.00634363380075697,0,0.0432304297912041,0.0378770429846885,0.0339403405198456,0,0,0.0141792898047881,0.0308703001862164,0.0648612017897273,0.0406838855792841,0,0.036378299483646,0.0864652959612484
0.0524640284576156,0.00233487683558108,0,0.0864114373767473,0.00137996681952274,0.0243517309825154,0.0817239621997737,0,0,0.0092144948980813,0.0435912939897241,0.0146240556699675,0,0,0.0166522707838436,0,0.0119195890442345,0.0150604620648074,0.029085195158333,0.0495106239535625,0,0.0147588671982472,0.00798044716819594,0.0317609822715502,0.0391636466878647,0.0532883502826616,0.0560425719412656,0.0072136536991752,0.0744200542654202,0.00983761820041575,0.0368707147521812,0,0.0448235100310329,0.0465430682481929,0,0.0365411501403756,0.00475234836910489,0.00750623359420793,0.0538482307568488,0.0725510846657914,0.0344460572223736,0.00410962835713098,0.0422944398389145,0.050712739028058,0,0.00690225812569556,0.0215271841333207,0.0426078835125925,0.00961827981500044,0.043471189016744,0.031440748460832,0.0107867441348192,0,0,0.0822045377887159,0.069940476046521,0.0655671147165833,0.0244408864736647,0,0.0304637798409226,0.0381631834080094,0.0208946250953326,0.01995351113822,0.0567210517611209,0.0565451507858167,0.0651514462160964,0.0377131013981284,0.0744587589420513,0,0.0152222603599052,0.0023655608717665,0.0622155186576609,0.0490429342374757,0,0.0143211510170947,0,0,0.0198643574843158,0.0702077431162667,0,0,0.0362993669014054,0.0581067906439807,0,0,0.0444966872657961,0.0138349888791056,0.00178581281742519,0,0.0385665695128454,0.0102694874095032,0.0769959498269466,0.0749047532604657,0.0102189309801232,0.0553279757146346,0.0300535349305279,0.00901845475478572,0.0578766497422783,0.0329442639925217,0.0359422485908264,0.00781594576292885,0.0245201052574294,0.0335756529485288,0.0345968151974912,0.0221990138354018,0.0147318629293431,0.0752757184504587,0.00914023715811182,0.0449726459433458,0.0818062232463696,0.0637956512319663
0.0418069884600061,0.0564919823093777,0.0864114373767473,0,0,0.00266812897168581,0.100856396142222,0.0289762629940897,0.0166337981071317,0.00488444478286425,0.0421397170046437,0.146079363880145,0.0806471403510258,0.0437721409704268,0.0245638453703596,0.0240277414647042,0,0.0447012300405143,0.0532486798792294,0,0,0.0490201063867805,0.050637334981509,0,0.0226052761503418,0,0.0372043873159718,0.110783916606835,0,0.0706057244436546,0.00904580517062715,0.0538150970634393,0.0142563085694417,0.0645724728571204,0.020444688710415,0.028468741866589,0.0659034461435001,0.0531666141168188,0.0358339063702425,0,0.111662688450851,0.0103430184367349,0.0563986888517994,0.0476091888633217,0,0.087333752279875,0.0886949235001041,0.0336495667474412,0.04134895355974,0.049799879003049,0.0848477229678437,0.111679506990927,0,0.0122639373974416,0.0188598206472036,0,0.0716501497865364,0.0818079237438816,0.00850336475613096,0.100143573143748,0.0257389532013135,0,0.0842224743648919,0.087971441223291,0.00487782931883269,0.00525579784138622,0.0473109121834675,0.0858600111417594,0.00753511808369861,0.0225068524125879,0.0813719244405337,0.0749688283355987,0.0355494565769238,0.010032528087915,0.0895239146664198,0.0107921669063124,0.0490325934912093,0.101203108368125,0.0424994103090433,0.0317153935879798,0.0546482644022527,0.069221655905984,0.111042743476181,0.0415665154077905,0.0762127985939015,0.104343994180485,0.0907400616994938,0.0641581185644495,0.00430013083414865,0.0689178361233818,0.0074464974571387,0.0376338687052428,0.0742770277677606,0.00675149167788082,0,0.00365682661809562,0.108198369777747,0,0.042157958598027,0.102202628767317,0.0553228254081144,0.0470314007191351,0.0749995945382501,0.0250973436516006,0.0104094163976921,0.000911217495329061,0.00390815046514554,0.0990752555894926,0.0750147518923934,0.0394896532347186,0.110831958200578
0.0134277539002001,0,0.00137996681952274,0,0,0,0.0280633019337911,0,0.0123038759389353,0,0.00457095355115244,0.0136170515154145,0,0,0,0,0,0,0,0,0,0,0,0,0,0.00453011874309779,0,0,0.0042969933168373,0,0.0157376108887999,0,0,0,0,0.0136059423945081,0.0031556559265287,0,0,0,0,0,0,0,0.0162398335087874,0,0,0,0.0370854610152322,0,0,0,0.0269154408909835,0,0.0200626568110182,0.0023118846125997,0,0,0,0,0.0103553625888186,0,0.00294676204451383,0,0.00669235102544071,0.000906751260912077,0.00722885801248739,0.0238338194818093,0.0161382425310185,0,0,0,0,0.00267228951990691,0,0,0,0,0,0,0,0,0,0,0,0,0,0.00444728459563907,0.000953737869624757,0,0,0,0,0,0.00597866183816362,0,0,0.0011933280595474,0,0.00422321125317364,0,0.00958205614365598,0,0,0.0228092835484941,0.0212664648439542,0,0,0,0,0
0.0135824634100732,0.00725998958280645,0.0243517309825154,0.00266812897168581,0,0,0.062294468720089,0,0,0,0.0392082867833174,0.0460494453296818,0.0373372836945757,0.0176793996109209,0.0104479083668094,0.00555466600749336,0.00593536851839378,0,0.00479939250299711,0,0,0.0126735350667172,0.0315663827892229,0,0.00274204417889539,0,0,0.0521701034830959,0,0.00955677492634194,0.00619979657025596,0.000331261295693171,0,0.024537684767055,0.0195333421005381,0.0332011330044787,0.0535181929104506,0.0109679731156302,0.0114233538584664,0,0.0472315078645627,0.0236267018148671,0,0,0,0.065037026029919,0.0407355919673287,0,0.0254037191673993,0.0165962121763088,0.0351202395204948,0.0460205709439935,0.0152802381278798,0.00720515242444034,0.0189793237317443,0,0.0236637679755047,0.0398094082352722,0,0.0622769907624126,0.0138706915983433,0.0113680683477315,0.0726679765289284,0.0620816266234165,0,0.00754473859890949,0.0200164891103384,0.0911446287778294,0,0,0.0283670361547914,0.0286192638668412,0.00375167195518066,0,0.0434969711183552,0.00789486299565692,0.0174468484755385,0.0502133300348748,0,0.0149401546375469,0.0243003871936406,0.0244926719963599,0.0610430195529736,0.0121528245083003,0.039204993384411,0.0623266606249466,0.0460723307238825,0.0258778081652763,0,0.0229849133546674,0,0.00453765169748631,0.00447137005944909,0,0,0.0214039153465486,0.0438366222346104,0.0092672429383421,0.00433381645166662,0.0778382442988896,0.0132324612774326,0.0617259584946084,0.0148448391774952,0,0,0.0213049876252008,0.010757126904604,0.0274166673663387,0.020832901377915,0.00810964468842991,0.0492641050954138
0.0694499204056062,0.117845214563559,0.0817239621997737,0.100856396142222,0.0280633019337911,0.062294468720089,0,0.132307598468806,0.0584793366403809,0.05045791473144,0,0.0530702193036905,0.129116543230595,0.14321692411272,0.0998809148247799,0.0590676907290268,0.00482840092792707,0.0876598733645298,0.115396045779551,0.0480226879817558,0,0.0621539876496047,0.0430316072249317,0.0205003122763717,0.130301592853279,0.0638071709273716,0.141062548131698,0.129147660457166,0.101708352681598,0.106401671383789,0.00792271804237748,0.0987955912840374,0.144774229178414,0.11756806391628,0,0.0385969491884281,0.014060808996404,0.0124711405221371,0.119745914250872,0.121424364773164,0.129174044144591,0.0237271832333481,0.114384275540191,0.161609791227195,0,0.0431764851307071,0.0767054448561363,0.121819986631486,0.00982599751864171,0.12763588471845,0.0764213926663089,0.114127889010708,0.00605265975819098,0.0760927737274319,0.0313536939154673,0.131365906068599,0.0312289354319345,0.123917575419888,0.037910986784334,0.0939668163657648,0,0.0586660765292103,0.0890536524172705,0.0572247821168054,0.0682949169447377,0.0767135978916903,0.0398764151192468,0.0117871333351154,0,0.0584132894168228,0.104779118198454,0.0236983396173453,0.114364005739924,0.0351059896430974,0.0154791798641566,0.0162069329409505,0.0711113792075243,0.109354346055011,0.158348825027171,0.082312594348352,0,0.0336150319333897,0.00976072733062637,0.113288062236997,0.084366790775077,0.0581161105921421,0.0811065973742206,0.0294717244085404,0.0148465604792757,0,0,0.133932283302445,0.141848483109289,0.0983080499016372,0.119042021380214,0.0199243238641264,0.09324195644058,0.0863322826976007,0.0954008649253908,0.0371026838585729,0.0123159829382721,0.0572504177395462,0.102522448177277,0.108011895366173,0.0499058862873725,0.0132788246098541,0.0777357755879059,0.0391152010031387,0.124346588258481,0.121539777308111,0.0700577835536979
0.0702585564960918,0,0,0.0289762629940897,0,0,0.132307598468806,0,0,0,0.044241187280176,0.0509024717028896,0.0151498812121297,0,0.00212342946775927,0,0.00582955742943881,0,0,0,0,0,0.0160983312475518,0,0.00960169873230563,0.00102930458299694,0,0.0330968148881832,0.0354245356624854,0.00202140157325294,0.0272949003027902,0,0,0,0,0,0.0303554538266545,0.0516413757195417,0,0,0.00833703282533299,0.00710603736509214,0,0,0,0.0379177866933777,0.0227485072478567,0,0.0674768337874926,0,0.0106936150852885,0.000572770633857773,0.0131857609141936,0,0.0545813985585556,0.0153010139491795,0.0482751138960079,0,0,0.0483155590665863,0.0181002297822866,0,0.0658460846381586,0.0582048164405691,0.0193947145924162,0.0387679613727849,0,0.102100605875136,0,0,0,0.0302106558786109,0,0,0.0135211003419651,0.0100467691929205,0.00816956572269751,0,0,0.00113951604782885,0,0,0.0316965676381906,0.0196866532868173,0,0.0440011488527356,0,0.027837787120936,0,0.0111715640322453,0.00960262355039739,0,0,0.000789692008641624,0.0184113845293194,0.0136008061021734,0,0,0,0.0227532116053888,9.07923023386198e-05,0.0485838950754204,0,0,0.0111841171636829,0.0382153670439468,0.0319973572991264,0.00166819284324438,0,0.00411178512760564,0.0430830801811702
0.0119742861187121,0,0,0.0166337981071317,0.0123038759389353,0,0.0584793366403809,0,0,0,0,0.023922546862514,0,0,0,0,0,0.0121549460997393,0,0,0,0.00144501636738193,0.00997824195177174,0,0,0,0.000108503704931967,0.00935165546698778,0.0123878652922355,0.0126461112473652,4.59360221425762e-05,0.00219710353237773,0.00239433593232433,0.00449351053832237,0,0,0.015283721494163,0.018035070486612,0.00968681977004085,0,0.0110243329269461,0,0.00703216907809594,0,0.0190503988496391,0.0107094474413199,0.00423558444393271,0,0.0338335086727806,0,0,0.0100378999795733,0.0138366986198858,0,0,0,0.000946793697604271,0.00366153581203,0,0.0103504945391979,0,0,0.0113204270063823,0.0104954909035928,0,0.0265326767656563,0,0.0212406964506483,0,0.00880358835896467,0,0,0.002056613384288,0,0.00305064330873046,0.00119906419431627,0,0.00287390447819508,0,0,0.00345492577162778,0,0.0154916975159838,0.0052736883553263,0,0.00992324622609248,0.00117174701885944,0,0,0,0.00350935684126911,0,0,0.0137448101519116,0.0155899358836561,5.58960541873256e-05,0,0,0,0.00421493372629084,0,0.00690268746677171,0.00461493345251994,0,0.00488462975542471,0.00146595990928232,0.00796215531808741,0.0045988397857935,0,0.0149454063724235,0.00522430000647811
0.0194691373437964,0,0.0092144948980813,0.00488444478286425,0,0,0.05045791473144,0,0,0,0.00554092367089835,0.0375384103063584,0,0,0.0241449979045325,0,0.00520368779438765,0.0206470450204805,0.00400877654659885,0.0247333873171301,0,0.0108361963574561,0.0120383273024483,0.0126391856578674,0,0,0.00373413324781381,0,0.0288356014061124,0,0,0,0.0123041889413938,0,0.00193562672280427,0.0398187468292089,0.0242957829719031,0,0,0.0524834749128537,0,0.0228319677156903,0,0,0,0.0159453397855016,0.0332687737970518,0,0,0.00186990306707869,0.0268413243436358,0.00637430169879535,0.012315929672017,0,0.0582726037232793,0.0146320512182162,0.0430051680498565,0.00146836619416407,0.00161584232696196,0.0225111646560699,0.029857254143796,0,0.000618942633758357,0.025992693801979,0.00501460932494984,0.0427047818206909,0.0436887437545154,0.0219017684965308,0,0,0.00585705637874533,0.0418678642952949,0.000540946005348856,0,0.0116426000720952,0,0.000480267406582498,0,0,0.0176572260711322,0,0.0240874882882986,0.0198223259650939,0,0.00640564817261959,0.0225097309883839,0.00710991108240798,0.020402334351744,0.0158280487358238,0.0343025074890319,0,0.0115239732627184,0.000317862302517094,0,0.0175868649305181,0,0.0179956039231659,0.00690371742647062,0.00644665883937087,0.0169397415483995,0.0197934590427596,0.00536033527461696,0.0147724385509964,0.0190811920182185,0.0190491033454564,0.000394071261829944,0.0192599578725942,0.0171843528345709,0.00547471765977295,0.00974446399057806,0.036733100542884
0.0330668772927577,0.0608117162088885,0.0435912939897241,0.0421397170046437,0.00457095355115244,0.0392082867833174,0,0.044241187280176,0,0.00554092367089835,0,0.000963142963445039,0.0550229429720868,0.0298213083059286,0.000689176224286699,0.0128140318855404,0,0.0562025605514844,0.0558828056519763,0.0361690776289958,0.00121758161970547,0.0510045271361104,0.0164498405189005,0.0181203819051855,0.0436863550715691,0.0389947896491226,0.0648975374666058,0.0434347496086212,0.0606428410459939,0.0525202699569491,0.0165381609327906,0.0213326026604993,0.0690302693877562,0.0635867491851915,0.00304078733267789,0.00515974601219832,0.00917663389155278,0,0.0623850975561896,0.0646976081862889,0.0569115394503426,0.000687420714598438,0.0556331449250151,0.0497859898843672,0,0.00568392225683434,0.0116639970412415,0.0560217271426163,0.00461833729175938,0.0485317613722325,0.0105803095028015,0.0463379515373558,0.0087361226010858,0.0262004971389102,0.0228997864376915,0.0531180301205262,0,0.0524326674307433,0.0298234526784319,0.0196042872151372,0,0.0435771106665611,0.0264862997117879,0.0102933457704288,0.0306643694057008,0.000939028111877076,0.00271308449920002,0.0107757779371293,0,0.0259567197100781,0.033668010444156,0,0.0629419777707564,0.00991349934697462,0.00398844108891201,0.0217521372697795,0.0333698736007223,0.0680267459906414,0.0539435751327225,0.0190561016713527,0,0.00474518945086308,0,0.0460310605965747,0.0294955936218239,0.0127530929592917,0.0343263595452512,0.030976237486777,0,0.00106710721565978,0.00358247168146496,0.0542614459544823,0.0495224187744068,0.0407606444977969,0.0537779518156981,0.0195209268942494,0.020218854282547,0.0412916166780544,0.0451942336621862,0,0.00403386740722567,0.0112782808768373,0.0533510683349113,0.0384854768432334,0.0268781548888149,0.00381146563685124,0.0383595366928326,0.0027115575046097,0.0550672565299483,0.066798786934576,0
0.113908725161893,0.0890511458274279,0.0146240556699675,0.146079363880145,0.0136170515154145,0.0460494453296818,0.0530702193036905,0.0509024717028896,0.023922546862514,0.0375384103063584,0.000963142963445039,0,0.0901921893291832,0.039296761438307,0.033760176612278,0.00722721461935337,0.016796494588321,0.0894149404338919,0.101726063362718,0.100221114018176,0,0.0150724167959548,0.0397788640453123,0.052400331070343,0.102625249367341,0.104084469523844,0.137126291876038,0.0849962412702329,0.124629499636113,0.0624778526152876,0.0492740394059706,0.0337340724007292,0.146283392412566,0.124018772450225,0.0035596303246434,0.00184846951615086,0.00607226446056312,0.00089443417651659,0.143111321847715,0.177463432393837,0.0875832009664101,0,0.114227252199547,0.129905433338932,0,0.00570922282738123,0.00801465481900706,0.127155706650885,0.00903470039104938,0.115184602957023,0.00998384063366062,0.0757861635036462,0.0118298377036727,0.0472369435583027,0.0726697935263073,0.15389736024902,0.04594826786661,0.112263760888746,0.0447544191707319,0.018485344842945,0.0314179096962857,0.100651274398913,0.0289216098341528,0.000252632824698382,0.0781885631297377,0.0967126491985213,0.0144775057983465,0,0,0.0716300442405052,0.0640074345709991,0.0223382173868671,0.127180258883825,0,0,0.0212526855586951,0.0165162864072855,0.0824735889537333,0.125579754852756,0.0158967429058856,0,0.01313021264066,0,0.0513439821080102,0.0391402535806656,0.0209696107951305,0.0387593485802663,0,0,0.0130249204754641,0.037332367433116,0.123853114992784,0.0840654679017048,0.0704512653033457,0.136697018427314,0.0102661074296543,0.049689271562794,0.113559965165619,0.102086788172192,0,0.000361946405117255,0.0386323916823934,0.0844498273849609,0.113836717856017,0.0507307178611575,0,0.102461029418686,0,0.0978300164875368,0.141373979376665,0.016129442663437
0.104452585032474,0.0300357207615997,0,0.0806471403510258,0,0.0373372836945757,0.129116543230595,0.0151498812121297,0,0,0.0550229429720868,0.0901921893291832,0,0.0242227415786235,0.0185196404825,0.0039571220458689,0,0,0.0365796054181984,0.0426118506619423,0,0.00118104336508713,0,0.00918454131741332,0.112910987874935,0.0169852976499806,0.0278701160663593,0.0170322635466611,0.0647906257356226,0,0.0452897977922236,0,0.0240532140453239,0.0278188481036544,0,0.0304018355671558,0.0298963674400304,0.0276769325628613,0.0523302847668893,0.0617407659341737,0.00823870312510052,0.0219645269704083,0.0312970532693449,0.0380358781862044,0,0.0474912133881253,0.0269525820833823,0.0280562143544397,0.0380839480373215,0.0249001230077969,0.0238335619793458,0,0.0123307039569251,0.00822462024666273,0.0681108697337292,0.0869014466093625,0.0550185992023982,0.0100061207628462,0.00271205240029603,0.0498502049901474,0.0205081131155898,0.0102300664302679,0.0625582428522119,0.0556417897996682,0.032473750105294,0.0578773062841574,0.0261317628211236,0.102927782646695,0,0.00488746014490669,0.00420935910088049,0.0573729111525122,0.0319566964410337,0,0.0384980683242036,0.00656515595721001,0.00148241333819593,0,0.0680670540826303,0.0194849897004681,0.0120621273737875,0.0287032387340214,0.0753683062552205,0.00376486275346932,0,0.0856066494577062,0,0.0220043157922121,0,0.0475766157297958,0.0261280327743966,0.026782519277313,0.00346654364575546,0.0135099754813186,0.0302279576380578,0.0241372557031352,0,0.0240984340252161,0,0.0512530989770828,0.0269161303716984,0.0272935157156091,0,0,0.00519544831375697,0.0190253217026467,0.0770223005551049,0.0162561786244217,0.0131747086414941,0.0481986470110286,0.0675315312173204
0.0422086775321696,0,0,0.0437721409704268,0,0.0176793996109209,0.14321692411272,0,0,0,0.0298213083059286,0.039296761438307,0.0242227415786235,0,0.0285971128278116,0.00346878229436682,0,0,0,0.0171191643004469,0,0.00167182881220975,0.00879784842403711,0.0120776964566045,0.0323136597703015,0.0150228494025189,0,0.0316567005771187,0.0359212747685505,0,0.030374046938913,0,0,0.00489837053695008,0,0.0168705001488669,0.0289631501208069,0.0472950144401709,0,0.0159902184026858,0.015676192302928,0.0152768072492148,0,0,0,0.0614295912822271,0.0245852495789409,0.000303004570354851,0.0420533406013935,0.00298033010621337,0.0078230499843775,0,0,0,0.0556085151879122,0.0375848506160697,0.0451214258570008,0,0,0.0473901451665278,0.0294335043923938,0.0141834246212778,0.0708326980757247,0.0618519566835237,0.0234438300840935,0.0559144414169331,0,0.116783736501345,0,0,0,0.0297867633237013,0.00792558843997376,0.0162312500492331,0.0107206061555279,0.0109953942713341,0,0.0074276762013464,0.0143491183127463,0.0228495646726508,0,0,0.0463609877880841,0.00985360329554036,0,0.0456617918381887,0.00377767517278888,0.00718455111012609,0,0.00643048426934636,0,0.0107001854438655,0,0.00227503727706069,0.0252718753586764,0.0136030952606033,0.00538692148232594,0.0211367988160305,0,0.0514237764822171,0,0.0543652790131483,0,0,0.0155865139504154,0.0442129504982928,0.0365921189964136,0,0,0.0195836855468488,0.0460278328573399
0.0175534892780835,0.00916078045218535,0.0166522707838436,0.0245638453703596,0,0.0104479083668094,0.0998809148247799,0.00212342946775927,0,0.0241449979045325,0.000689176224286699,0.033760176612278,0.0185196404825,0.0285971128278116,0,0,0.000293937731717679,0.0319810191565981,0.0119340938046293,0.0102241580027086,0.0188533010457328,0.0104777266743339,0.0243100201874026,0.011680368677965,0.0125787140501972,0.0281453610775949,0.0167552244290873,0.012127046137408,0.0353492473854785,0.00493923028168934,0.00689487888142713,0.00215931090871335,0.0131376010080497,0.0180732487243495,0.0137856042488308,0.00876284235341563,0,0.00987154938177861,0.0109984940722154,0.0207172806154396,0.0175084462604154,0,0.0174158785027731,0.0148291524329852,0,0.0314621636380825,0.0121743250725442,0.0244518379959187,0,0.0239835733113897,0.011389371525578,0.00870604927038549,0,0.00764066035277621,0.030812194210893,0.0272865845917249,0,0.0242184213734619,0,0.0108841764350714,0.00739766224472466,0.0114870398718568,0.0268478791269375,0.0157819158179403,0.0174286229065935,0.0292248907987762,0.0207005823730805,0.0445052099679103,0,0,0.0219963219477878,0.00402427892937504,0.0306912626600009,0.0559726657300671,0.0294146910763795,0,0,0.0178819869091895,0.0264383089746089,0.038916542765914,0.0323084160421224,0.0250746581713455,0.0321953500795564,0.0185656766200908,0.0317951882998744,0.0176125534468996,0.0190963287853643,0.025452727762867,0.0177348491100345,0.0232380711904557,0,0.02795554759554,0.0296166104337358,0.0153592205805463,0.045907730765841,0,0.0352288471539453,0.0265580356165217,0.0196293025800302,0.0460758237080924,0,0.0101369619989675,0.020344419660254,0.0228622566666533,0.0447152345045969,0.027115961925689,0.0212154421226698,0.0124363777657701,0.0239505046036875,0.0289751675434491,0.0173615039114898
0.0176337105550664,0.00479915524778789,0,0.0240277414647042,0,0.00555466600749336,0.0590676907290268,0,0,0,0.0128140318855404,0.00722721461935337,0.0039571220458689,0.00346878229436682,0,0,0,0.0162226691161392,0.00769358933943263,0.00617526775474381,0.0057513242060537,0,0.0101482883226507,0.00513934868987076,0.000514052856711449,0.00922268375439153,0.0105380151720775,0.00737091442800407,0.0267320336240792,0,0,0,0.00864681834492377,0.0148716109474231,0,0,0,0.0123261268955898,0.0160977749113481,0.0190030805317504,0.014114503854247,0,0.0147940277495953,0.00561309404885172,0,0.0312160560765971,0,0.0221446241011922,0.00607967445991376,0.0134055921774876,0,0.00675440141192192,0,0,0.0156332409039984,0.0166709074971339,0.000295137631104224,0.0126195206944188,0,0.0201832773636622,0.00131764628257344,0.0208021332569205,0.053275897247028,0.0379062742838901,0.0246824582288866,0.0182556776236306,0,0.0825199989714542,0,0.000313713195000155,0.000221619826556293,0,0.0253269348316772,0.0197145452776053,0.0133725846323169,0.00531926828686633,0,0.01920780723138,0.0112036415165653,0.00355688629331463,0.00689237824309688,0,0.0246660102545736,0.0106064699969314,0.00249614753452575,0,0.00686711761554201,0.000876653790914785,0,0,0.00327983921473408,0.0192767253196881,0.00471447695200286,0.00456603130215561,0.0392729843799529,0.00346750925871381,0.00808281561236487,0.0087228425985637,0.00118325598621022,0.0469907075833717,0,0.035917146337035,0.0155523175384227,0.00960146417361911,0.0222766166940763,0.0315943736573865,0.0354547385519957,0,0.0148481260471153,0.0277186209405296,0
0.0118914526865761,0.0139065698634078,0.0119195890442345,0,0,0.00593536851839378,0.00482840092792707,0.00582955742943881,0,0.00520368779438765,0,0.016796494588321,0,0,0.000293937731717679,0,0,0.00508937991070786,0.000755998951597952,0.00377063209475669,0.00778469215182607,0.0103463030113784,0,0.00117162799898253,0,0.0115954557833497,0.00124378290838631,0,0.00472059138388203,0.00644783279949546,0.00773640972998497,0,0,0.0111436519730392,0,0,0,0,0.00351264571219148,0.00777966461533996,0.000933173492702543,0,0.003705035167372,0,0,0,0,0.015608599796125,0,0.00848295586966596,0,0.00108573046606936,0.0109703800926087,0,0,0.0110298503011407,0.00130990779783207,0.00558541080536985,0,0,0.0161167680899262,0.00793932593686023,0,0,0.0229081226697524,0.00186874284125061,0,0,0,0,0,0,0.0195070141737083,0.00541117293101497,0.000106165925248203,0,0.00192411838495497,0.000805572372367757,0.00239100434683985,0.00109750473872415,0.0139540436013302,0,0,0.00841348662078369,0,0.00102030357861716,0.00276274755493421,0.00815706780390644,0,0,0,0.00891767268751672,0.0113584354694032,0.00759177812950868,0.00202535367272523,0.0114926146126019,0.00204940514940104,0.0157786573847492,0.0073758911915247,0.00721797654846571,0,0,0.0116790843167234,0.00711828256983036,0.0136105358910082,0,0.00913036299478685,0.00842744984007937,0.00798925676111893,0.0118015872856205,0.00513289320664816
0.0725838034850874,0,0.0150604620648074,0.0447012300405143,0,0,0.0876598733645298,0,0.0121549460997393,0.0206470450204805,0.0562025605514844,0.0894149404338919,0,0,0.0319810191565981,0.0162226691161392,0.00508937991070786,0,0,0.0370342151932565,0,0,0.0218709007249193,0.0244820435605673,0.00667304495907188,0.0135599994834254,0.0070857705760377,0.00666432688953297,0.0773160879010793,0,0.0288213589146354,0.0103392829695336,0.0147752476443539,0,0,0.0402787026129019,0,0.040563569964317,0,0.0551900971069603,0,0,0,0,0,0.0192648988565486,0.0567408984879468,0.0179328351487332,0.0026943794465908,0,0.0635273572053081,0.0284696145826539,0,0,0.0691283135175465,0.0362678370782232,0.0726127666134242,0,0,0.0544260759798468,0.0232899886323689,0.0228222132048714,0.0229246806001589,0.057179857568329,0.0176264430282304,0.0281538073318607,0.041626469838208,0.042191314435247,0.0136414280053222,0.0211255136882233,0.0110218725195937,0.0761271930195517,0.0231824847491309,0.020487675375039,0.0488854324016403,0.00787540075061803,0.026378676929651,0,0,0.0159618846102341,0.0250249598932805,0.0542246601053236,0.0730043230778887,0.0104942193288564,0.0188287677991872,0.0565540533638561,0.0200810905493166,0.0482743945682804,0.0276586534134384,0.0687698662962327,0.0329460185655353,0,0,0.0149427163870046,0.0446234331958847,0,0.0251177485884505,0.00499338571603745,0,0.041993782912455,0.0476089242369991,0,0,0.000511998945368561,0,0,0.0435977467772873,0.0549286297366618,0,0.0231839530474063,0.0784599306646053
0.0651397524433795,0.00161342467909004,0.029085195158333,0.0532486798792294,0,0.00479939250299711,0.115396045779551,0,0,0.00400877654659885,0.0558828056519763,0.101726063362718,0.0365796054181984,0,0.0119340938046293,0.00769358933943263,0.000755998951597952,0,0,0.0183887063953291,0,0.00989672177955007,0.0218896215752682,0.000191411829825699,0.0260760725127042,0.00494240953267516,0.0142255695207386,0.0740279959578558,0.0530127085246227,0.023702936452033,0.0226233103869272,0.0132082332357551,0.0165700550674709,0,0,0.029797864842216,0.0285331634658074,0.0328747182991921,0.00983592971236858,0.0418587966188169,0.0609675873619303,0.0120651696558737,0.00454329742992386,0.0189583217614575,0,0.0787243656470354,0.070269017217587,0.0205812145003766,0.046562329239587,0,0.0583136862738041,0.0738031052501198,0.0120961970608909,0,0.0592455335925325,0.0465152499476804,0.0592647645410055,0.00514309811549856,0.00362820367316019,0.0994542926705028,0.0178499032789776,0.0209742253862264,0.105637724123929,0.0930087607918134,0.0126565162648253,0.0339363021504037,0.0358794665632367,0.106093763637222,0,0.0235155820008684,0.0323312146543473,0.0680525406475256,0,0,0.0771871512583414,0.0169926950777937,0.0222939220282398,0.0563770550914433,0.017227850564313,0.00384502674462954,0.0293234259369697,0.0588733697272632,0.106828929730586,0,0.0458827104088412,0.101440833344561,0.0521153818763936,0.0480899922597214,0.00450123868417826,0.0683864708917546,0.0306235059377924,0,0.00170771837260362,0,0.00562167671984698,0.00917624129874284,0.0330135123418255,0,0,0.0852255415220944,0.0426908462038989,0.0284876208692399,0,0,0,0.0117665079750485,0.0450098618682428,0.0621275014365798,0,0.00901357756959665,0.0885614632286176
0.00116800026560621,0.0269478466056689,0.0495106239535625,0,0,0,0.0480226879817558,0,0,0.0247333873171301,0.0361690776289958,0.100221114018176,0.0426118506619423,0.0171191643004469,0.0102241580027086,0.00617526775474381,0.00377063209475669,0.0370342151932565,0.0183887063953291,0,0.0132668504269244,0.015156545763644,0.0492180577683506,0,0.00797170968865971,0.0297362096690953,0.0180543487436341,0.0440648335974552,0,0.0389319861721915,0.000185083641013149,0.0145706944409397,0.0147352267860049,0.038749429400443,0.0484749225452834,0.0501634999935973,0.0557331372052589,0,0.0142787902768372,0.0105964259399916,0.0673019527118514,0.0128434373793388,0.00849465484888045,0.0056564603758496,0.0105455678772857,0.0645014510516926,0.0494261805023591,0.0198228619382751,0.0135559168614378,0.0491535783439322,0.0553661536920436,0.0544327100078937,0,0.014223772154453,0,0.00549752637391909,0.0312915390048464,0.0576549733242157,0.0063451645745856,0.0532017786465606,0,0.0488871947401271,0.0419164423127186,0.0337958853960687,0,0,0.0539100309571791,0.0304828546239013,0.0102798410087704,0.00390195680635063,0.0628322970922942,0.055725691306912,0.0309934460896137,0.00470532099653819,0.0647349798275017,0,0.0145083097704089,0.0666898129701204,0.0264558913882351,0.0298723066358727,0.0461019254352123,0.0532483787505654,0.0746615513607298,0.0133017147786867,0.0599905107415831,0.0838748131746333,0.0650948586218302,0.0788296384699584,0.00129151637944435,0.0504955731766838,0.0102960140532511,0.0361694349185932,0.0486072833944446,0,0.00523080540094286,0.00516757929902887,0.0720460660588739,0.0213160703915355,0.0503127944793285,0.0539919415769633,0.0352537660428366,0.0228319067086695,0.0446131288382474,0.034122776223004,0.026282500105741,0,0,0.0642465316744578,0.0451535514731599,0.0214800361722731,0.0694498599152489
0,0,0,0,0,0,0,0,0,0,0.00121758161970547,0,0,0,0.0188533010457328,0.0057513242060537,0.00778469215182607,0,0,0.0132668504269244,0,0.00530207098269018,0.00117350043939329,0.0159535086017383,0,0,0,0,0.000895733878051837,0,0,0,0,0,0,0.0173295260477624,0.0207331103899312,0,0,0.00600436925912928,0,0.0175078609220683,0,0,0.008642340276782,0,0,0,0.00589299237400418,0,0,0,0,0.00393017848828851,0,0,0,0,0.00516217352810452,0,0,0.00874166722356764,0,0,0,0,0.00908806902336454,0.00787135556902212,0,0,0,0.00178999099995475,0,0,1.30734689569936e-05,0,0.00148366723250879,0.00648306339605162,0,0.00102986289656975,0,0.00244722053156374,0,0,0,0.00308910454346227,0,0,0.00568914720427955,0,0,0,0,0,0,0,0,0,0,0.00314307699569384,0,0.00411910645254783,0,0,0,0.00216256663256081,0,0,0,0,0.00159543919102738
0.0372342107711101,0.000126590276822607,0.0147588671982472,0.0490201063867805,0,0.0126735350667172,0.0621539876496047,0,0.00144501636738193,0.0108361963574561,0.0510045271361104,0.0150724167959548,0.00118104336508713,0.00167182881220975,0.0104777266743339,0,0.0103463030113784,0,0.00989672177955007,0.015156545763644,0.00530207098269018,0,0.00166439325265803,0.000996100334357989,0.0125373721984477,0.0324749656217159,0.0245285589493621,0.014098961174584,0.0534754067010939,0.00394996569669596,0.0171890961800863,0,0.0231888208947179,0.0178045645236677,0,0.0119986929336978,0.0100151375119452,0.0130061199374215,0.0246784452614043,0.0517757848969772,0.0156314806227348,0,0.00963370269141674,0.0171695854005104,0,0.055166436500372,0.0311494591851913,0.0194988297307911,0.0066427999353266,0.0181434261686095,0.03117943173621,0.0149579955411944,0.00383394159232146,0,0.0682519171346374,0.0389183094889985,0.0519112778743075,0.0129079392941001,0,0.0584290481449644,0.0224950303074918,0.00729826677305298,0.066580894390728,0.0802125615963378,0.0378267655326009,0.0335237804171049,0.0369457833081881,0.100871117293466,0,0.00516251670274316,0.00966013261975227,0.0556347189537497,0.0254520475597906,0,0.0437968296592992,0,0.0017375524970524,0.0163655900286881,0.026009847213399,0,0.00884154088667526,0.0480369962228606,0.0500343305619753,0,0.00276266292715559,0.0619025239487234,0.0256191138100018,0.00883320395257958,0,0.0431812387866394,0.0102940987415571,0.0265003283934946,0.0238018289489713,0,0.0285282019744275,0.0307903083494792,0,0.0172203601183685,0.00323013401994388,0.0369342384703497,0.0141536174462739,0.0181559991557996,0.0126709949103864,0.00508465417976466,0.0116556654109966,0,0.0513547737575508,0.0339077041852732,0.0157340617068455,0.0347943308903771,0.048937426353099
0.0688247118320819,0.0137595519259291,0.00798044716819594,0.050637334981509,0,0.0315663827892229,0.0430316072249317,0.0160983312475518,0.00997824195177174,0.0120383273024483,0.0164498405189005,0.0397788640453123,0,0.00879784842403711,0.0243100201874026,0.0101482883226507,0,0.0218709007249193,0.0218896215752682,0.0492180577683506,0.00117350043939329,0.00166439325265803,0,0.0372621356495126,0.0320507878816106,0.0380583121683444,0.0273795399231196,0,0.0430164207975733,0.000279931837973601,0.0665547985801887,0,0.0283996535785197,0.0391569357930988,0.0142928547860308,0.00223655292419411,0,0.0403071617067025,0.0368660040232748,0.0505176749461233,0.00663698251710788,0,0.00921954483859643,0.00929793026008442,0,0.00391986271585969,0,0.0144148099620421,0,0.0356367986234327,0.00466939503031364,0.00754905228668785,0,0.00235594656176014,0.0557875762070899,0.0613198091277839,0.0408508995650438,0.0254847236737233,0.00712810581126432,0,0.0151227654806316,0.0459402488756739,0,0.00233621574182268,0.0138412675853037,0.0260782816254225,0.00177158669395648,0.00473083073436097,0,0.0186505035520152,0.00496239158996113,0.024507838854737,0.0399369028984099,0.00856493617851711,0.00380743145222267,0.0152268425174298,0.00667875369949608,0.0204692759276363,0.0320211712983434,0,0,0.0209392414238578,0.0318764569575788,0.00886306326544233,0.00333525508606599,0.00315323769313855,0.00268191517028718,0.00796860957457449,0.00941996926174747,0.0154982249679105,0.00667972391848476,0.0367981087080973,0.0116544254848384,0.023685896168351,0.0559379309908363,0,0.00681628470567309,0.0212820889864805,0.0334058254714333,0.0110549121265372,0.0124567474876707,0.00274101078396407,0.0225658339927602,0.0272244206826844,0.0165174506468978,0,0.0521691846364748,0.00620683635752127,0.0268470411676985,0.0479624343718597,0.0147813608839581
0.000307834118133544,0.006820341109047,0.0317609822715502,0,0,0,0.0205003122763717,0,0,0.0126391856578674,0.0181203819051855,0.052400331070343,0.00918454131741332,0.0120776964566045,0.011680368677965,0.00513934868987076,0.00117162799898253,0.0244820435605673,0.000191411829825699,0,0.0159535086017383,0.000996100334357989,0.0372621356495126,0,0,0.0319052891870247,0.00333829950742727,0.0128538483848587,0,0.0104447364628863,0.00877391797010565,0.00119850216971254,0,0.0173677605601424,0.041074756524068,0.0396826655168179,0.0304199369770826,0,0.00110466446808285,0,0.0195670418403712,0.000726434893012639,0.0047331817379604,0,0.0103197522974411,0.0227971285766833,0.0253266167003878,0.00442336504996783,0,0.0307542175600189,0.0370993981131732,0.0177979632600867,0,0.0135673198407204,0,0,0.0185407173363107,0.0312967575905891,0,0.0231482796759199,0,0,0.00462394119139582,0.00835032540746048,0,0,0.0451692327116742,0,0.00306439257115069,0.00177692653721814,0.0383862618474688,0.0391662962123387,0.0217256123775395,0.00444920032346092,0.0331422816339617,0,0,0.0227980014864918,0.00756269134559923,0.0226160177625367,0.0268876740323398,0.0331595034447879,0.035229734675357,0.0112913611040817,0.0268619219394731,0.0444905439318869,0.0337010667288989,0.0516280424832071,0.0113305296887612,0.0295366733247153,0.0023513597824842,0.0187840583265689,0.0222336263561117,0,0.0111802649864594,0.00349291653710553,0.039102674196873,0.0127288613717628,0.0319403026738233,0.0182452965295304,0.0170346701812943,0.0153781569183124,0.0205169983253486,0.0199406449840498,0.0291771895208519,0,0,0.0348930781784005,0.0203509361693608,0.0108107701920591,0.0424433429790514
0.0260594811632151,0.0447720842620586,0.0391636466878647,0.0226052761503418,0,0.00274204417889539,0.130301592853279,0.00960169873230563,0,0,0.0436863550715691,0.102625249367341,0.112910987874935,0.0323136597703015,0.0125787140501972,0.000514052856711449,0,0.00667304495907188,0.0260760725127042,0.00797170968865971,0,0.0125373721984477,0.0320507878816106,0,0,0,0.0140440961816694,0.104299661013215,0.0139387187027448,0.0735755357606328,0.00339108647715043,0.0386501179441522,0.00877233522588988,0.0392971222868994,0.0203309681297561,0.0440510479840024,0.0760092179438221,0.0326829341836069,0.0287584371168167,0.013427389341019,0.11205916728754,0.0148769880935196,0.0176007633721184,0.0178254222921969,0,0.101839796211355,0.0733858148938275,0.017416663012319,0.0745110927407656,0.0270688926170723,0.057560864226783,0.0719466666191616,0.0157821578100922,0,0.037533197343099,0.0128532458302326,0.0498856425637157,0.0568279996961809,0.0233632933634855,0.104682198636054,0.0169101929180636,0.0342550969062811,0.118890131465952,0.0912252338976482,0,0.0337997625617003,0.0329380219526186,0.114030542532858,0.00071520629863024,0.0119823672383975,0.046674106956007,0.0518423739094142,0.00774976767077603,0,0.0627046953799561,0.0193807998195682,0.0340511652083722,0.0889365367464135,0.026754758268201,0.0233333781650904,0.0367857097577884,0.0357971588382654,0.0897203478551118,0.0241721846619516,0.0738109422102965,0.105738288711376,0.0667268854167227,0.0446419516118736,0,0.0420625975430209,0.0035021913675173,0.00991820084047778,0.0386643203939379,0,0,0.012059352378592,0.058889345824987,0.00185732808423128,0.00889139565356207,0.0912981244077507,0.0325167905873833,0.0545500728735498,0.0220181624752102,0,0,0.00552328015426231,0.000986080289839192,0.0546296015787175,0.0360968660611075,0.0108393029036362,0.0919520111985751
