0,0.036596311891737,0.0676282271960101,0.0972712194436147,0.0704977386446919,0.0677562339583928,0.0518356934372301,0.0334033442947978,0.0365843409510485,0.0309392776640979,0.0414014134467483,0.0707782578441512,0.0688713061881674,0.0308146502054779,0.0782587698678103,0.0673049162544218,0.0484854766566354,0.0808594847745116,0.0446245064042266,0.0336158014146768,0.0488076859204473,0.0471929698866244,0.059397055926977,0.0416151808511748,0.03201696105054,0.0319957062611905,0.0442006660919616,0.0437375023572578,0.0522677891270983,0.0596472373775316,0.0601078931975574,0.034945795541181,0.0352364621911666,0.07081102372293,0.0674191691904178,0.0511524044115142,0.0354803461945073,0.0970362342697283,0.064473550643899,0.0642832468405012,0.0569280788918345,0.0315184166691885,0.0403551545251737,0.0318429548481385,0.055624756753355,0.0560183866067471,0.0856000283377182,0.0619145473586349,0.0263492606654756,0.029921776057435,0.0518278255926197,0.039293402519182,0.0427252527946882,0.0727585973719071,0.0392506306501696,0.0671434186373422,0.037573629625802,0.0522902043448552,0.051262994999098,0.0448790566771703,0.0647766522285162,0.0571017796692819,0.0419631647809162,0.0485147604372868,0.0522597076225262,0.035081354979051,0.0361812678223093,0.0402855009165596,0.0558212853708123,0.0480997146606809,0.0275927039023515,0.0321543261216242,0.0439555567599719,0.0406694760637558,0.0474050467922549,0.0450654544989258,0.0645505277719002,0.0300447904675394,0.0955889729983346,0.0317948510908492,0.0426669408008364,0.0215459834733729,0.0381202561368394,0.10969795630309,0.0349313689662962,0.0350660338523586,0.0905042051553654,0.0401257450571799,0.0341856386187868,0.0410671664926221,0.0323911115607946,0.0346603802763258,0.0306028439637539,0.0432811072844996,0.0542779876930213,0.0765447077694028,0.0325563846407294,0.0376632769416991,0.0824986602796824,0.0250883061861401,0.080277137674319,0.0503780498245095,0.106465512792803,0.075717008718906,0.060786509295437,0.0441990072561931,0.046047663601744,0.0466451799422297,0.0861341452928923,0.093462015456891,0.0375238595863182
0.036596311891737,0,0.0540171179976768,0.126770243822066,0.0997827079735711,0.110290422685542,0.0628422562960108,0.0302519123238099,0.0676431640567702,0.0483111823999642,0.0286293687012881,0.0751776473475075,0.106877805962429,0.0344112996769099,0.0269187444062785,0.0534120792169348,0.0480804989686924,0.0703525101156332,0.0453268349477982,0.0309143069954234,0.0303186734296821,0.0502463257596818,0.028711024712581,0.0308500939744239,0.0414454059268144,0.0380988723838167,0.0315439221372595,0.0455293488408759,0.0633799910647864,0.039420185802177,0.0268765448018284,0.0500078908544501,0.0750151187968145,0.0512247658668202,0.0894895973583689,0.0825584123216243,0.0735213003915139,0.0562403080256417,0.0567137033050018,0.0739580785639063,0.0605999592783677,0.0541989403799325,0.0445508995293465,0.0578108148736063,0.026098889949826,0.104638589370339,0.0297310200161212,0.0502890981358507,0.010547201309497,0.0203068563331316,0.0501773194288407,0.0308769650789001,0.0189571904400162,0.0446256674399026,0.0617249042439174,0.064795883947091,0.0402689293015976,0.060838224322218,0.0651636972851605,0.0474461629069398,0.0758538265552279,0.0583230432466485,0.0198214857097486,0.0714280182037075,0.0481617627906648,0.0367150332378049,0.0513280553485503,0.0346209210206364,0.0990961767698617,0.0270087675456671,0.0146446944639298,0.0116411455229925,0.0500251019375111,0.0469251601418631,0.0232289247099735,0.0822142172653467,0.0195863849799039,0.026172462182524,0.0715558221690056,0.0442971581860229,0.0248574891763606,0.038265125105705,0.0377434598779361,0.0343454133182841,0.0409256820016606,0.0315062568569506,0.0608171527093441,0.0341104037152473,0.06412294499362,0.0596171989703143,0.0365915592273296,0.0357765678141248,0.0622995693148902,0.0377862672258416,0.0696857583130467,0.0631600584626616,0.0493326679467113,0.0775526242341088,0.0503581276172244,0.0368731079792802,0.0724374947270095,0.0438358726482503,0.0696398517989947,0.0660904645951729,0.0623696231250674,0.0520015679100225,0.0177702083013493,0.0266027296691229,0.0675176604647775,0.0657961360453103,0.0455092586819291
0.0676282271960101,0.0540171179976768,0,0.0300660130750855,0.0421661194453782,0.0519401306675712,0.0619140539904815,0.0543989585355902,0.0488522871837135,0.0517801081754551,0.0740469383620209,0.033911702926597,0.0507479673984046,0.0468058948680502,0.0702955243227978,0.0720534353172018,0.0370347455955288,0.0510461796327518,0.0257684652243391,0.057525200166837,0.0637181407319921,0.0521516514284124,0.0637471773923869,0.0685221415997421,0.0503177082843346,0.0261273926779257,0.085478411422622,0.0693930443846439,0.0634848924499195,0.0428749220265122,0.0596245199547665,0.0465476612684363,0.0373122174161069,0.0468070566445384,0.0621564228099864,0.0176556925365887,0.0413414388481742,0.0604160206911932,0.0363187303642251,0.0514264651654285,0.0578007181500764,0.0427947909978978,0.0484534585891346,0.0587350551150999,0.0682035755268968,0.0430618641864609,0.0490284040091833,0.0442716754612587,0.0266572088070997,0.0343247327976215,0.0174414875602468,0.026900245812715,0.021542354789673,0.0435511273369269,0.0514993156840638,0.0706220223992352,0.036836495824101,0.0212306322275302,0.0325236398905743,0.0351273331668297,0.0320464971433077,0.0514650813317302,0.0363895487243906,0.0194808623505272,0.0342830180610666,0.0234077507217835,0.0336101002268844,0.0286634954717824,0.0260137094176774,0.0183204715437501,0.018917694129464,0.0213703305174106,0.0331888104181428,0.0350927471350307,0.0533354907147959,0.0223320985498593,0.0489015959425928,0.0349265488970416,0.0603973821126566,0.0402936058490128,0.0382972229921547,0.0534745156494277,0.0525489073934141,0.0737248132301016,0.0395346317246882,0.0331067081340407,0.0500925023997756,0.0818927875617367,0.054122610331829,0.0394158747297086,0.0546349741057816,0.0393623222344311,0.0559622798613501,0.0529547306102389,0.0467759185769999,0.0733675031941926,0.0492872074421706,0.0508213462313657,0.0289439377940796,0.0707149880442466,0.0514846445792924,0.0487368464723567,0.0671469142159165,0.0406855687317254,0.046105008374813,0.0385609184903407,0.0434261888773415,0.0358650205501514,0.0351682748191599,0.0263476804257536,0.0423824007588439
0.0972712194436147,0.126770243822066,0.0300660130750855,0,0.0647339897632896,0.0485938698892219,0.0604356304191511,0.175304979447875,0.0990862380241827,0.0912112286412112,0.121190061350857,0.0372800579511105,0.0653266260299497,0.0977471012340078,0.0759930286757583,0.104415525853853,0.117712867409907,0.0544437092687284,0.0179403526914714,0.0616579574965972,0.0456321216650644,0.0480024182634263,0.0797627464846582,0.0608318132080578,0.0618387150780702,0.138902471192529,0.0350481144584121,0.0692412841504483,0.0703896810470728,0.0632169202112389,0.0630683129549695,0.0721770689564523,0.0747765460121313,0.0402172062869298,0.0828634270749331,0.0162072533502408,0.0741132234350683,0.0888409570126449,0.0430619048011768,0.0574769582943725,0.0727443221639187,0.0753893590909096,0.0680114928681515,0.0850811791049728,0.0767925371525559,0.0654489864223353,0.0345087548390342,0.0813276239000391,0.0519091607739215,0.0521523051053661,0.0141588185906206,0.0911992750051809,0.0191252383371989,0.0226809839533551,0.101148200514674,0.0582917932530195,0.0631858310375178,0.0156968798352697,0.0525174238350446,0.0286355198083508,0.0242484301573417,0.0230375666221625,0.0255557477617668,0.0247245068650972,0.0835531729025761,0.0357335487673374,0.0787871347829325,0.0582806399853447,0.0489703780802033,0.0574928970916112,0.0165380635688601,0.0532799834052486,0.0620626427220494,0.138394318801533,0.0653200133937991,0.0243237961351578,0.0804852164987064,0.0418004388654313,0.10412309542828,0.0715655288507591,0.0626968543207299,0.0248947856958603,0.0810255982272247,0.102222342149027,0.0801488601643389,0.0597882917749841,0.0434587303801519,0.160420092331347,0.0424403864241592,0.0903840216658894,0.0484430549599922,0.0756767874253321,0.187138983793918,0.0331731907307515,0.0580182237824771,0.0969367212419325,0.0292652200971774,0.149696191699704,0.0392413066273704,0.0439657751369041,0.0690098445734401,0.0419382617179966,0.115953802190362,0.0279805659349134,0.0516599291320176,0.0584001829405467,0.0837610280058031,0.0477546766440741,0.0262329582204818,0.0373363851152346,0.0750916804501249
0.0704977386446919,0.0997827079735711,0.0421661194453782,0.0647339897632896,0,0.0804329266624415,0.0587553753717274,0.120600515844811,0.0895847801987166,0.0736908268164568,0.158931136333908,0.0314130850300209,0.0341568675910736,0.0838350110989668,0.0442244895831685,0.139891501077498,0.0467868417685692,0.0523773108585841,0.0144452282077357,0.0749995695011378,0.0767136962726447,0.0642188962444841,0.0993999944231659,0.0814096378783362,0.0683029221794325,0.0566026371312157,0.0794221768134626,0.103847203181375,0.0970530022774964,0.0412874564356549,0.0470453500519709,0.0419803067149039,0.0568851414294178,0.038288940644067,0.0406736219559296,0.0263818007180926,0.0434250253526489,0.0867414281374093,0.034391760870101,0.0736131646739187,0.0378108636202885,0.0652647917984292,0.0674191682743675,0.0235984058927745,0.032744896743527,0.0330606306583437,0.0539318995326905,0.0312694973850298,0.0319703892967348,0.0427778043809657,0.0528725179033586,0.0786092496696675,0.0219759621984011,0.0499850874261106,0.0962869898761187,0.0526584444091517,0.0348793372854787,0.0505349984917594,0.0289977611811639,0.0547072900530746,0.0693957144957674,0.0688881136104604,0.0203399874580505,0.0498301336901151,0.0648458574906364,0.0541493643187731,0.0345033925430404,0.064316066561808,0.0215525920849527,0.0136837163985848,0.0489383058487232,0.0542837154306875,0.0467092147076556,0.101503470269369,0.115870195782388,0.0265037962225987,0.0432609079426654,0.0405550582754559,0.0432379333857734,0.0460947563716201,0.0352694899621899,0.0710170793081838,0.0911638018239087,0.0585757456161525,0.073601465978662,0.0314739362683849,0.0272163163531991,0.173403822740214,0.0533449430480154,0.0731711329595648,0.0488510179963759,0.0428141600629308,0.121341279313814,0.0423453603150436,0.0598111235952347,0.120587431561983,0.0430689800007671,0.127195647633398,0.0629356965862499,0.0442492151331951,0.0344825163903954,0.0523535398041646,0.0474928420204971,0.0624221829102788,0.0729370892039914,0.049695091393673,0.0655085252590054,0.0403309518858162,0.0480651084492986,0.0519385647203404,0.0807403141696308
0.0677562339583928,0.110290422685542,0.0519401306675712,0.0485938698892219,0.0804329266624415,0,0.065851743289939,0.142746752804142,0.106995779897555,0.125378015306404,0.129112331267521,0.0578039506608043,0.0852334756388472,0.116519662154517,0.0730585886628304,0.0970685062281123,0.0849450301478273,0.0705018711670864,0.0174725876040416,0.0981197781095717,0.0950460821138575,0.0703165487917423,0.0639210151159455,0.0941324462943895,0.0848635793114685,0.111419974613458,0.0625311019057646,0.107655129001853,0.0812609923685677,0.0482735436111255,0.0826212831249974,0.046643393532223,0.0463804374307853,0.0565851000202094,0.113794124907024,0.0319870439706797,0.0534486598868209,0.0454768266086672,0.0214255563433366,0.0437088250907269,0.117202479239541,0.0879284363382655,0.0773858883042466,0.0601459883866893,0.124623929471406,0.0785308737752583,0.0235918495088062,0.112787213083387,0.0555816579293983,0.0439438482005835,0.0396659578729549,0.0599042162815584,0.0186236563274764,0.0263350611339868,0.122952337022623,0.0834023477309383,0.0857885822314038,0.046113221107557,0.0575323812718428,0.0332561019401259,0.0253207718052899,0.0297285889308932,0.0304253039585885,0.0200005725229418,0.106356268197946,0.0574121574908042,0.12466828821304,0.0714099393828684,0.0536902106805932,0.0682710805638306,0.0211877021508658,0.0333911140608473,0.0507920483604924,0.163391651929118,0.0527261948581564,0.0260836682625963,0.0613858149782816,0.0553547939092857,0.0740638632519745,0.103909162147473,0.0695631399444753,0.0572243519003906,0.0894408943245383,0.0573444557428881,0.112191747354699,0.0700999498799393,0.0331003713810947,0.103193504027672,0.0743924430805824,0.093446772842613,0.0693100850435351,0.102044433174642,0.133327794352507,0.0808984244722425,0.0834012556939409,0.0938943269555558,0.0419756516441262,0.135322008139532,0.0648385886542321,0.0581928751508793,0.0677918563558853,0.0776860471809976,0.0664206736901477,0.0554480739709653,0.0791131668739173,0.0827790051249015,0.0714093502464521,0.0346531215131629,0.0442651755519432,0.068325724934905,0.0986852856624309
0.0518356934372301,0.0628422562960108,0.0619140539904815,0.0604356304191511,0.0587553753717274,0.065851743289939,0,0.0692081459005909,0.0644362040189476,0.0935721079633157,0.0896311610210589,0.0501686075622203,0.055209162882312,0.0708802223763261,0.0472956206877788,0.0648737578116248,0.0568821535287003,0.054034615753237,0.0140400085404686,0.0748740531135751,0.0860589590375661,0.0632374308920374,0.0307106814914334,0.0735633378433591,0.0639190129391808,0.0414132838880074,0.0704926322717905,0.0947929871666462,0.0641899441101955,0.0342608707040772,0.0516294712262123,0.0209830815685674,0.0281393696787354,0.0470825384016282,0.0787665403054085,0.0291025861772199,0.0353244024490931,0.0193220372303949,0.0219743423688927,0.0307588642527616,0.0857716620870572,0.0666688354554487,0.0600130966580977,0.0217186438499367,0.0850064605649649,0.0532703736541283,0.0261613496231192,0.0785092106516058,0.0463906690965323,0.0294292089860705,0.0423491296761839,0.0279375433349235,0.019685877281778,0.0341803012673057,0.0838292067158437,0.0546218320881865,0.0547447702713576,0.04710730742953,0.045559094600841,0.032591536306094,0.0200997479114904,0.0242164700140982,0.0373702190118563,0.0178486569116683,0.0695676318647348,0.0403454300291067,0.0890397990980296,0.049668865090105,0.0317411765452328,0.0473429317609092,0.0346269436870524,0.0243604854314542,0.0404407200990247,0.083882421899614,0.0424011869465972,0.0265817164204542,0.0503753854734593,0.0568389409701082,0.0594815566580144,0.0794150466455893,0.0587904613542628,0.0605266640092979,0.0650601306738655,0.050703747494043,0.0755953677352374,0.0590358506499926,0.0347353463411919,0.0488749318364907,0.0575928292056146,0.067517567704641,0.0640248940517889,0.0684224121634844,0.0565763485441307,0.0803270014103997,0.0645245671683407,0.0497259803934349,0.0492023820070738,0.0744376433705924,0.0685028904264227,0.0655535924950108,0.032520277659271,0.0718978359042405,0.0533544485132827,0.0567336115050435,0.0638579315855695,0.0654798995955117,0.0474125238896679,0.0467627926328524,0.0500926437012797,0.0706917785212596,0.0760500967619363
0.0334033442947978,0.0302519123238099,0.0543989585355902,0.175304979447875,0.120600515844811,0.142746752804142,0.0692081459005909,0,0.0736264731315137,0.0468151845184749,0.0490089767050315,0.0829908931785202,0.118111408964533,0.027337525634284,0.0530601331100873,0.0708678450311957,0.064187751796846,0.0867125221122067,0.0445177558278128,0.0235139518612561,0.0215035415036084,0.053525716534581,0.0421435188050529,0.0286540362376889,0.0380163717613864,0.05243733913196,0.0243385252113649,0.0346007348657501,0.0720641831310473,0.046686103557925,0.0351750213241369,0.058411260876717,0.0778901190652764,0.0481696775104699,0.106684644513814,0.0862668453261538,0.0859350810195785,0.0883705353786226,0.0649352143928926,0.0859572591123547,0.0722147600374932,0.0610646621396241,0.0473088658298263,0.0630043279758793,0.0366115395602123,0.113777077253332,0.0375672696293009,0.0582436383591102,0.0111452531654101,0.0265859090090247,0.0531843818474592,0.0394977629165259,0.0261049404045225,0.0493483394828447,0.0727996844484714,0.079307897136517,0.0491091365025821,0.0653724754861764,0.0760584806803765,0.0486526735934966,0.0865466623617358,0.0670531742603009,0.0273885485014105,0.0722149129966237,0.0592423038405846,0.0342863845598547,0.0561284736639084,0.0329670721383501,0.106611622264456,0.0473175008284906,0.0148964669059874,0.0169972643852968,0.0537788772019843,0.0444738422925872,0.0302922357700525,0.0895784607130628,0.0314826000221246,0.0226977152626537,0.0902999992361615,0.0421381481449144,0.0249160899875023,0.039002278086071,0.0463436701898644,0.0543791519632878,0.0426637488882402,0.0320158945604572,0.0816758946820813,0.0555310061342776,0.0618305912151724,0.0713482121202739,0.0304185807679233,0.0309239555234337,0.11510421464492,0.0349406587409251,0.0788451203823148,0.099165639053866,0.0411392722927008,0.11142836489476,0.0521251167491652,0.0277001276156965,0.110243461638611,0.0425594437353007,0.0949268255634599,0.0694595825844285,0.0691261752410772,0.0590525848820016,0.0228095629907239,0.0271920760922473,0.0727293059646132,0.0793553205783541,0.0425365527980159
0.0365843409510485,0.0676431640567702,0.0488522871837135,0.0990862380241827,0.0895847801987166,0.106995779897555,0.0644362040189476,0.0736264731315137,0,0.0424914051280352,0.0691296129539131,0.0594495314822581,0.0907675794935291,0.0776397066623545,0.0262297981506494,0.0623561216159327,0.041729593466908,0.0457622312798681,0.0229102561031295,0.057825323099422,0.0423370324537737,0.045514365566695,0.0440507924181869,0.0321932419124233,0.0342469194345153,0.0181541317699422,0.0391638306222044,0.0640431259632899,0.0321136677144391,0.0351167125050134,0.0312561670926455,0.0482512197543255,0.0305795004823232,0.0361118471263874,0.0744432631636772,0.0589967277686088,0.0438558817000329,0.015595520506983,0.0324973524963333,0.0413142404421257,0.0574184206344596,0.0465786293136894,0.0273694169622346,0.0555354064845086,0.0439549265740673,0.0934059779685403,0.0364790186128019,0.0296332072549497,0.0155069203258071,0.019863679981244,0.0420276706857556,0.0239766525772262,0.0218966722151217,0.0398437532154229,0.0407747619658021,0.0674716256403212,0.0296857678277389,0.0542286110659417,0.041387120526715,0.0489060609279142,0.0713663006948725,0.0636358417090362,0.0239513913487858,0.0609652991289819,0.0220481437731853,0.0461812621844535,0.0458473228086681,0.0447803225846042,0.0703300481640562,0.0202835866962567,0.0224568286224492,0.0204890403819308,0.0294316200692362,0.0800014457627603,0.0739417794744851,0.0599936848980934,0.0208821180156103,0.0248377002545254,0.0346161541894854,0.0343153247915138,0.0213976302651704,0.0677561595030815,0.0268213764455143,0.0203097346463148,0.0269381411304912,0.0220876603102289,0.0380399092327117,0.0824829476271282,0.0765585345929745,0.0432208833844662,0.0237427744509731,0.0200527951794289,0.0370030295788161,0.0242326135287081,0.058097443273287,0.0164906089932909,0.0543410104439078,0.0419550785256959,0.0364527655455665,0.0265124627338245,0.0495676064274701,0.029532381599154,0.0437033144603442,0.0565363520478097,0.0461949533542096,0.0396082275075408,0.0285204801293986,0.0240950023465752,0.052978181361142,0.0518142790046068,0.0767369671812357
0.0309392776640979,0.0483111823999642,0.0517801081754551,0.0912112286412112,0.0736908268164568,0.125378015306404,0.0935721079633157,0.0468151845184749,0.0424914051280352,0,0.0445084629018725,0.0479588135980693,0.0854071391062356,0.0527534395715045,0.0432657962509329,0.0598546282254043,0.0243812286031397,0.0556243813291847,0.0195683832603388,0.073259080559548,0.0672908815600119,0.0505559091841581,0.0189287749401471,0.0566917109687271,0.0183382181480398,0.0256947373743993,0.0360478832437249,0.0525692256904237,0.0234844780889315,0.0420169128796483,0.070461821962735,0.0580638420267213,0.0175443632832314,0.0368975418002972,0.0976887430685483,0.047246466294542,0.0206784515286262,0.0143685979274254,0.0217098849068904,0.0187805252808012,0.117754172106748,0.0223766486100212,0.0264978690594813,0.0663623460873607,0.116904257482842,0.0589644024502813,0.0470165609468305,0.0918827692303745,0.0318063457729419,0.0314191036030258,0.0432381657649456,0.0186749068407973,0.018138456596519,0.0270058758053354,0.0372278419861392,0.0928076578063003,0.0600782455012384,0.0538509404357182,0.0277977054592475,0.028110709570994,0.0415529480425067,0.062536103378408,0.0295443907843184,0.0253478416753383,0.0529065407527301,0.0257805046998664,0.0632975678577202,0.0190109765102486,0.0424695716837454,0.0347392742427744,0.0274257739597321,0.0378719726241886,0.022808178865188,0.0352330280334287,0.0378597931365996,0.0374518647215051,0.0420840645995368,0.0303138635551708,0.0341703619870755,0.0522801345025891,0.0565054258060893,0.087986956696821,0.0342157862689381,0.0240423942184357,0.0404792686023869,0.0539873895508605,0.0293380349104117,0.0378752957976965,0.0798614415351289,0.0457656058730626,0.0449810311081163,0.0538719566755754,0.0169453574427012,0.0593701131958376,0.0473292543073309,0.0234676552775872,0.031497872746803,0.0406335423460097,0.0398420600164276,0.0183755726938404,0.0722131867547704,0.0525518120687788,0.0432578623686439,0.0381587782992514,0.0559115862037319,0.0447976977668777,0.0467904974996018,0.0199806766193075,0.0350560440653262,0.0529555079821762,0.0942773692801591
0.0414014134467483,0.0286293687012881,0.0740469383620209,0.121190061350857,0.158931136333908,0.129112331267521,0.0896311610210589,0.0490089767050315,0.0691296129539131,0.0445084629018725,0,0.121852010763743,0.166565553903635,0.01461605916932,0.0332439454181948,0.0404964701955234,0.0381194975494598,0.114294257318485,0.0417341090845574,0.0128624349372805,0.0139336468553113,0.0566867803392507,0.019268865928469,0.0204546758452573,0.0391933648238892,0.0344822232980349,0.0201605144775207,0.0404698897813306,0.0816509679460414,0.0331736601032914,0.0497445020174694,0.0536260009059957,0.0452755875897742,0.0559872755504733,0.154148675227794,0.122136829793314,0.0776050988126322,0.0250521886964894,0.0329846002802189,0.0652838642874761,0.13139257280088,0.0571209281263244,0.0423183177523749,0.0561452183443744,0.0728719756714323,0.1351749820838,0.017052695240456,0.122317060480546,0.0228145895098223,0.0238875600475094,0.120887291989949,0.0243906750831357,0.0159969822361203,0.0285105537637126,0.0915818942946861,0.102307455617804,0.0524596633680234,0.115304608589588,0.0620827369044869,0.0348692378630022,0.0681737703304337,0.0742458711149448,0.0155616969497425,0.0616406523806605,0.0792956864458083,0.029077163617187,0.0547720937486212,0.020114506809269,0.0998473345519557,0.0177265036096591,0.0465688363537236,0.0300126171214836,0.0342872115125828,0.0454860806879667,0.0209555491000903,0.0713426518943656,0.0264622749337685,0.0283479182270762,0.0561443890683892,0.0506461264712888,0.0357819088761636,0.0956832896780085,0.0676511076489925,0.0287168125908606,0.0498364074568651,0.0474658355962707,0.0551728885105414,0.0597074957790643,0.103651492869914,0.0739174908981998,0.0487293685826549,0.0322007746175167,0.0292294361200827,0.069004380190888,0.104349053467587,0.0575286065598089,0.0643389423141704,0.0732094676149414,0.0831717394412803,0.0353783237313452,0.0699690346812789,0.0681518615844466,0.0410097681005564,0.100236994202035,0.105341495933584,0.0764491618155888,0.0618568524700731,0.0257177294217881,0.0960932123976341,0.0994628580930171,0.0381269965783741
0.0707782578441512,0.0751776473475075,0.033911702926597,0.0372800579511105,0.0314130850300209,0.0578039506608043,0.0501686075622203,0.0829908931785202,0.0594495314822581,0.0479588135980693,0.121852010763743,0,0.0536838490419185,0.0569127692030322,0.0559525534140092,0.114962526058178,0.027298185499994,0.0566445818225244,0.015618619587502,0.0562826087402008,0.0627852118356503,0.0429794262688808,0.0953537142003376,0.0632620863081619,0.0460231454655655,0.0343087353250817,0.0647716766412449,0.0764698662605478,0.081569704605759,0.0415850671994667,0.0554276307895789,0.0384567305648796,0.0409642374409396,0.0424068578095342,0.0671762644599213,0.0264219601614702,0.0300151778629187,0.0826301117088572,0.0283254424274575,0.0680346894481504,0.0710358227416702,0.0364552464700821,0.0561488045653119,0.0324100100278371,0.0544606179931807,0.0350472687721041,0.0496459669477719,0.0435930365822472,0.0280493133939879,0.0321621798298617,0.0371191302955956,0.0549910155322569,0.0207892435300045,0.0490054065339418,0.0645380336903659,0.0908717414626417,0.0311429745462386,0.043163404769107,0.0193185597617784,0.0498016783182119,0.0556606388263357,0.0713768919532966,0.0251368948060572,0.0397019676146008,0.0417805700130041,0.0389110386926316,0.0360354281688335,0.0471009080465183,0.0209872939441126,0.0154812868788183,0.0405880127992649,0.042204925448604,0.034136130624984,0.0628015686038038,0.0862370632044023,0.0217854033777132,0.0475004944038796,0.0326332152380425,0.0454379919793253,0.037978756464278,0.0328713020264308,0.0825034296774906,0.0619935072354343,0.0632999661773872,0.0456368473725755,0.0266198851960693,0.0284523316690899,0.137210492182598,0.0785967775619756,0.0473382293305357,0.0490248196030755,0.0280192686761026,0.0867285202758777,0.0405352998087708,0.0422967213372138,0.0910499962972352,0.0482851079167204,0.0837371808366791,0.0515698250489165,0.0495809865981752,0.0414499634733658,0.0505693405697655,0.0477844803665419,0.0683251421112961,0.0531859847313528,0.0450433267998559,0.0679523298697767,0.0333846160667872,0.0427535531179505,0.0308567354059355,0.054745582935023
0.0688713061881674,0.106877805962429,0.0507479673984046,0.0653266260299497,0.0341568675910736,0.0852334756388472,0.055209162882312,0.118111408964533,0.0907675794935291,0.0854071391062356,0.166565553903635,0.0536838490419185,0,0.0868676708588338,0.0435198304859204,0.135138225960496,0.0514225492537284,0.0590429503567327,0.016163765851985,0.0810489897242982,0.0878804467990145,0.0636012447965336,0.0964869376763942,0.0888318582138058,0.0720660910884758,0.0522912870330736,0.0809409294177356,0.1101700929631,0.0922031890445572,0.0376229830928562,0.0492759409650295,0.039170474309319,0.0425998342278218,0.0544430482165404,0.0663470765281438,0.0362762501558885,0.0346943461042401,0.0622811714968524,0.0215256140048417,0.0505467561305463,0.0335597137928956,0.0701600018939496,0.0656436223071368,0.0291368554833074,0.0227286150307223,0.0328024525450414,0.0306252171470803,0.0654722188362762,0.0256032954326983,0.03100616073332,0.0548324138499288,0.057575444480568,0.0213029794093039,0.0581448878543357,0.0964993259273429,0.0469557736060681,0.0387552106513145,0.0620038964119746,0.0274864025546109,0.0663324486104587,0.0839504892389003,0.0685604597647997,0.0183197040298537,0.065385011368099,0.0821926115897473,0.068206071796756,0.0437326516256829,0.0768133784279916,0.0274986085873488,0.0126424438252732,0.0441938196776164,0.0358701283819805,0.0387710105919194,0.108196760867391,0.0938710930736459,0.0338334577344356,0.0313877540020589,0.0488406097297355,0.0480759821259537,0.0563518211468207,0.0374009984631841,0.0596395247812704,0.0874764176842686,0.0540532324977226,0.0837061667642694,0.0379700547652271,0.023440961759293,0.157659626195406,0.0496354598297369,0.0731802457226671,0.0579456552503961,0.0510803420724261,0.116445139377296,0.0768917688983873,0.0675167152408216,0.0986346404450478,0.0445686786123424,0.123250346663382,0.0746299893945355,0.0579128544325862,0.0313006656564667,0.0659921516358808,0.0481631488318,0.0701717676555675,0.08399733136492,0.0593872810925204,0.0508934044487261,0.039544600343525,0.0583091605692772,0.0621239313002662,0.083610085479371
0.0308146502054779,0.0344112996769099,0.0468058948680502,0.0977471012340078,0.0838350110989668,0.116519662154517,0.0708802223763261,0.027337525634284,0.0776397066623545,0.0527534395715045,0.01461605916932,0.0569127692030322,0.0868676708588338,0,0.0290481305785791,0.0248811178990302,0.0270769549454595,0.0454730177980075,0.0250554033462476,0.0363517285400462,0.0262224989302716,0.0411554698722934,0.0183309266442222,0.0172740190305061,0.0446382082340441,0.0345018739160594,0.0210779514708934,0.0394903749116932,0.0418412577671156,0.0397895589879278,0.041963608444874,0.0658223750640802,0.0374232888984471,0.0391779945207628,0.0900403814644261,0.051559182461058,0.0664166530156817,0.014553861231272,0.0320616212155655,0.0312800167839049,0.0833575745987485,0.0574864901922805,0.0397168497781777,0.0717105577116658,0.0699112564384976,0.083098894060871,0.0312345348844194,0.0592083473664502,0.0165569623124056,0.021576642149548,0.0342493491864652,0.00745899352067821,0.0200019830892514,0.0304824873374543,0.0717046652232152,0.0685204038280137,0.0572282552323268,0.0412528300775887,0.0527088749404244,0.0346737557383208,0.0529636504289689,0.0537954323343292,0.0268306429464699,0.0419106789983918,0.0504725019721925,0.0278828492907512,0.0736261019920473,0.0260793801298668,0.0641329611131292,0.033072619218413,0.0140194740931149,0.00977479222097866,0.0335181829060008,0.0436404118294029,0.0289546392719651,0.0524425139841045,0.0256434396233788,0.0254319302116061,0.0450582656418412,0.0608326566832126,0.0388512924182234,0.061928930070455,0.0449580152300936,0.0223367681300407,0.049910641161494,0.0463031458803302,0.0366571938626667,0.0425385656859031,0.0835267021580628,0.0653860558455167,0.0422703649579231,0.0469938390095535,0.0411807580631764,0.0318854008436833,0.068623165178432,0.0289973838373436,0.0436263345562213,0.0849261062473211,0.0320260660485574,0.0285444949533071,0.0619607119996165,0.0378333658792772,0.0456057213293178,0.0494532320349306,0.0538049968629793,0.0565668563797205,0.0270506880140964,0.0195950648268636,0.0484424426931617,0.050689692381568,0.056908966099762
0.0782587698678103,0.0269187444062785,0.0702955243227978,0.0759930286757583,0.0442244895831685,0.0730585886628304,0.0472956206877788,0.0530601331100873,0.0262297981506494,0.0432657962509329,0.0332439454181948,0.0559525534140092,0.0435198304859204,0.0290481305785791,0,0.0267987097153205,0.0895467138073787,0.0507617040882475,0.0268919672898515,0.0286078474061246,0.0408891979861029,0.0412705982636372,0.0246527336702827,0.0336264541341179,0.0339790872185305,0.0336081972215876,0.040458968492809,0.0250181587055888,0.0276471074948854,0.0248898354843465,0.0584227999625164,0.0425315690413317,0.0191098090070935,0.027970436022274,0.0414053345105088,0.0265908843692303,0.0260052742019734,0.0130688307675254,0.0210930918954938,0.0239226308221242,0.0564470687972992,0.0280394465299373,0.0403908165851639,0.0290687337710249,0.0609959565347424,0.028821863649009,0.0256659554305993,0.0540659674583983,0.0671727779404926,0.0475424606296229,0.0555220499581279,0.0246217632797126,0.0402248907880632,0.0352922097589935,0.032434780565,0.0564598357927619,0.0257954683448831,0.0565437112239282,0.0238773306113209,0.038861247462497,0.0667815404021108,0.0625773761020762,0.0396489525175742,0.0453528099391176,0.036784291855164,0.0500181409248932,0.0330808183275046,0.0303703943924907,0.0259577493352291,0.0411803559243024,0.0453435465346972,0.0252669763735998,0.0254061327759301,0.0611254117551528,0.0356962662212518,0.0381487261279438,0.0546995543746303,0.0553186935451965,0.0300255505843222,0.0343913354247764,0.0412815720884036,0.0558452657643221,0.0380744402978519,0.0321994450898457,0.0321962891609888,0.0452192149279849,0.0383285423835908,0.0479749209577324,0.0412640550495802,0.0398020634188973,0.039917033467098,0.0401206943581161,0.0551032318772676,0.0586923242688367,0.0393890406722898,0.0128867385500853,0.0561798004909223,0.0348323484387281,0.101704435268125,0.0646224899474928,0.0341753592209561,0.0572134686321603,0.0509952685513091,0.0691682521326165,0.0417935044967837,0.0335471933197493,0.085758851686027,0.0609548202795432,0.0764862629274254,0.0755875986847526,0.0521023386169029
0.0673049162544218,0.0534120792169348,0.0720534353172018,0.104415525853853,0.139891501077498,0.0970685062281123,0.0648737578116248,0.0708678450311957,0.0623561216159327,0.0598546282254043,0.0404964701955234,0.114962526058178,0.135138225960496,0.0248811178990302,0.0267987097153205,0,0.0455157772887942,0.081372989096632,0.0457851274380178,0.0254606981156579,0.0271262198320267,0.0667017905209509,0.0331428705910423,0.0263280093480994,0.0573749360567373,0.024990886982141,0.0426290151776796,0.0465684673934275,0.0914672355575275,0.0425082183925733,0.0361572718021274,0.068411188418685,0.048960490593904,0.0585043732189833,0.115002515687556,0.0711563361540882,0.07603974184086,0.0207732531560402,0.0382136123164272,0.0617495434065983,0.0921838923530611,0.0621038616108106,0.0568104771227173,0.0750589335656546,0.0533684430080419,0.124767059465073,0.0224769751737716,0.0869297904260085,0.0157112519274559,0.0196230283936801,0.0885172601827952,0.0276008625974871,0.0188784174490208,0.027686114021303,0.0945232829570707,0.0776271392878407,0.0370372184413196,0.0767070001854633,0.0548708140213995,0.0318247770464281,0.0601361767745009,0.056003829041117,0.0229977183851729,0.0511811271903218,0.0644534690444,0.028844158100804,0.0531677571924113,0.03093620880454,0.0956924306938465,0.0163456903129765,0.0477382085788106,0.0248977051709209,0.0387910075546379,0.0546580577774777,0.042563796712839,0.0575216314466121,0.0196532966287269,0.0386286622122991,0.0389210981564598,0.0542820560977035,0.0295569821137896,0.0752408188161018,0.0595202578618029,0.0250052086213227,0.0570711347915495,0.0429175505110649,0.0328720197053741,0.0871367581972474,0.103010525285834,0.0744059237453337,0.0450873099001365,0.0358775807610986,0.041301537807973,0.0572872383980342,0.0973078296546702,0.040330286147705,0.0745649239724762,0.0664952460911623,0.0728873149867712,0.046250579927236,0.0506685241075578,0.060958411062789,0.0429156493891598,0.101444861360347,0.096704797028529,0.0657497041296535,0.0428626909930965,0.0341538672373367,0.10289184402458,0.0940087128492834,0.0535766332525167
0.0484854766566354,0.0480804989686924,0.0370347455955288,0.117712867409907,0.0467868417685692,0.0849450301478273,0.0568821535287003,0.064187751796846,0.041729593466908,0.0243812286031397,0.0381194975494598,0.027298185499994,0.0514225492537284,0.0270769549454595,0.0895467138073787,0.0455157772887942,0,0.0380837420150169,0.020036060704648,0.032244438321572,0.0544679782601197,0.0220651836262571,0.0483241426848964,0.0266985359291462,0.0199446041613545,0.0603223217312496,0.0191637447646437,0.0241931622966962,0.0276650840095799,0.0497511131952357,0.0552612183513208,0.0400843118343481,0.0408042950995906,0.0209895164160974,0.0528769014175985,0.0387036522096157,0.0344874409378254,0.0451110283898089,0.0265925431728144,0.0288869524261888,0.0477527695964009,0.0332378033485674,0.0228857885627672,0.0764720755354834,0.0627268060325942,0.0438519372241089,0.0279984468562815,0.0434631003357803,0.0227860338836903,0.0311897613261503,0.01666217662691,0.0217471508426369,0.0411956051445621,0.0195149863892314,0.0391349029386523,0.0491633557821116,0.0321628336283265,0.0185932016128489,0.0352288915808479,0.0225485011729249,0.0266543707348801,0.0268779626732895,0.0378641526894521,0.0181797038551041,0.0462820464525386,0.0237455100756425,0.0584457204673656,0.0306518785418004,0.0384055143542207,0.067106537194878,0.00600366513669938,0.0200212674190933,0.0231367764445872,0.0358571697782073,0.020452843232876,0.0286578596705702,0.042657503474557,0.0209336589176621,0.0846105185874108,0.029442969007983,0.0213272043633713,0.0215853418706565,0.0308757489140371,0.0543087019810949,0.0321489771782735,0.0227897714143208,0.0271987490946095,0.0787911168165114,0.0284697358250537,0.0378421480194882,0.0207278022325833,0.0205460388518831,0.12178083058471,0.0252130181377383,0.0277878590846508,0.0406131261496229,0.0178118844589433,0.0858094231640827,0.0336287008569712,0.0410409177252427,0.0672514442659821,0.0242659336562105,0.0982469685837991,0.0213139505721575,0.0257355926641074,0.034065548278775,0.0470460633343214,0.0286171803541326,0.0210164277769954,0.0262738824355268,0.0201413583819939
0.0808594847745116,0.0703525101156332,0.0510461796327518,0.0544437092687284,0.0523773108585841,0.0705018711670864,0.054034615753237,0.0867125221122067,0.0457622312798681,0.0556243813291847,0.114294257318485,0.0566445818225244,0.0590429503567327,0.0454730177980075,0.0507617040882475,0.081372989096632,0.0380837420150169,0,0.0202015794202827,0.0417887069400918,0.052877001414848,0.0320445732087804,0.108556177029168,0.0410129945784879,0.0416440819848594,0.0309018075776077,0.056306048661851,0.0688410263172945,0.0548787504274336,0.0329191923293673,0.0377024651580477,0.0429794964153874,0.0370117792551129,0.0392739760827082,0.0448239387681614,0.0268785108035885,0.0314673399266874,0.0601140716253446,0.023129327418985,0.0370203813759558,0.0433720835515084,0.0482987698114069,0.0489382352548521,0.0412979121652545,0.0371824277253175,0.0230564492109781,0.0393171123264171,0.0264555682977247,0.0214369006479253,0.0220932609376277,0.0433024354620292,0.0401057598433555,0.0211620333354697,0.0399251897850003,0.059690297017156,0.0467139919139198,0.0183645067581297,0.0529719694296504,0.0203675363263041,0.0482999863147173,0.059497640426138,0.0554423864861294,0.0170635828830974,0.0492974179729181,0.0395156806555094,0.0493919372216589,0.0358733286639254,0.0550844710498583,0.0279841087213152,0.0124248196448466,0.037557525731215,0.0263891453986154,0.0290187943635672,0.0722870357449999,0.0723692312058322,0.0367303806654332,0.031404064187232,0.0427896992362619,0.0467188866292384,0.0392941736321321,0.024898368100665,0.0817313824247235,0.04526522246362,0.0573279431295496,0.0391411506006711,0.0264013091305715,0.0223224808530526,0.140504529115497,0.0696449623213344,0.041078641971413,0.0402576665568057,0.0260704539657225,0.0907590309450372,0.044599279464177,0.0349892899476972,0.0635941707498827,0.0529140976478152,0.0747188649859757,0.0803531280008729,0.0566567791166191,0.0472627022077872,0.048643778256589,0.0512722728052713,0.088739529154501,0.0364836833849747,0.0441084629959204,0.0659655614237555,0.0450494789068611,0.0746174021357203,0.0702227298357952,0.0588382785254494
0.0446245064042266,0.0453268349477982,0.0257684652243391,0.0179403526914714,0.0144452282077357,0.0174725876040416,0.0140400085404686,0.0445177558278128,0.0229102561031295,0.0195683832603388,0.0417341090845574,0.015618619587502,0.016163765851985,0.0250554033462476,0.0268919672898515,0.0457851274380178,0.020036060704648,0.0202015794202827,0,0.0234778367878677,0.0227950073320255,0.0248041384746363,0.0389014883642583,0.0254485454385423,0.0229176268813743,0.0310006813334124,0.0277250197450281,0.0287846146919506,0.023177188546485,0.0264831846057464,0.0265223048242348,0.025427658659214,0.0316261291184552,0.0211077289847096,0.01874597496082,0.00708379738454147,0.0234311544749841,0.0381562206125843,0.0248581748970311,0.0251080672419898,0.0184634310206646,0.0217110568104469,0.0232168719402779,0.0273395511275907,0.0184297243882581,0.0164103994227216,0.0201264298629074,0.0229433702716649,0.0123901156302278,0.0137597187291608,0.00502856297733724,0.0318962204818684,0.0207057836988952,0.0304684176347358,0.0197519417482687,0.0211495192454345,0.0201136303567848,0.012934260855817,0.0150975979020143,0.0217345794920851,0.0186780556910759,0.0200070343158867,0.0172746789292894,0.0188438550627718,0.0223551502618834,0.0164075809937736,0.0219551147651609,0.0236953539736538,0.0167323319464604,0.0166137860002173,0.0135826992955539,0.0284834804853008,0.0201268370986891,0.0323526701774181,0.0434667219980859,0.0162316745764891,0.0272874106466492,0.0199783715007045,0.0343564004862603,0.0222468531816252,0.0240100198075839,0.025678359173738,0.0246673462317989,0.0451556228060226,0.0214096570815013,0.0188302838228569,0.0289947476125796,0.0709864141768044,0.0203889362150381,0.0262281265356528,0.020273396686217,0.0180523553914052,0.0604649105209666,0.0217141685407794,0.0179930792818492,0.0338188646243034,0.0204220107422191,0.0347063361450147,0.0326001394190741,0.0303830567593539,0.0204308640166812,0.0223220264016599,0.0271643461580317,0.021925513626819,0.0179344957355698,0.0141539435376165,0.0258357739407864,0.0291952331275082,0.0235759356885342,0.0253867043746192,0.0281156260446478
