0,0.0370739477199431,0.0512301350271825,0.024918261400794,0.0533416582522076,0.00604070167928556,0.0071799217818684,0.040872250641448,0.0152103226071527,0,0.0101112690026234,0,0.0536071996377689,0.0185627498071044,0.00827491770765594,0.0222240608621559,0.000883165239653004,0.0247490777963725,0.0304248248846514,0.00138977361178986,0.00576104240394811,0.00275808505886823,0.0170289605912568,0,0.0255758263002495,0,0,0.0378640234887711,0.0224733221031616,0.010313471443515,0.0202283889288022,0.0341736643965992,0.0220040955324745,0.0461308465436453,0.0196967262907392,0.0364976561559165,0,0,0,0.0310057146987231,0.00154839315481646,0.0185143720161866,0.0169348714483035,0.027399026545557,0.0251582979331002,0.00769873105812291,0.020336415510985,0.061002953721331,0.00770139847867786,0.0318987556019096,0.0164499591203532,0.0263228195749801,0.0388287632265907,0.0277194379104766,0.0397084723240657,0.0503040196000759,0.0191129333517777,0.0572833151469529,0.0297800958560471,0.0326679666767623,0.0330254144565606,0.00989146794019113,0.0529278460978993,0.0424644090913178,0.0461437661570005,0.0520498485145107,0.045620816117725,0.0460936693103327,0.0190502790900409,0.0310386830486409,0.0341014481247087,0.00892452408760576,0,0.0320970217824049,0.0342650747967905,0.0224735575356504,0.0360206329513695,0.0215540737247854,0,0.0483542944514226,0.0741360551629053,0.0510476435883794,0.0607565238401636,0.0160494867932797,0.0337960891752055,0.0203515046224447,0.0164272543449807,0.0193818934433467,0.0273955550608675,0.041738466389881,0.0290211594126073,0.00964123695158868,0.0237293085384076,0.042856930443145,0.0186652388211618,0.00594741588485713,0.0398934896661578,0.0521680949438423,0.0341096452212577,0.0223892777196618,0.0611827816106063,0.0763317623665766,0.0232019238454371,0.0120770049907105,0.0367497839003429,0.00253876682375332,0.0667462295884154,0.0796292920508243,0.0202849060449544,0.013039503988415,0.0522523346686439
0.0370739477199431,0,0.0117939137438243,0,0.0203402790593697,0,0.0114902183075816,0.0219655178758237,0,0.0266707894732288,0.0108719224986666,0,0.0189211740682286,0,0,0,0.0121356029667529,0.0270393452955304,0.0385590396790667,0,0.00376889525026503,0,0.00590974645819611,0,0,0,0.00258808250988593,0.0138974569845781,0.000286951490292142,0.0187668056498102,0.037366349633329,0.0336437597830698,0.0186207733459536,0.0433509754785236,0,0.0148854606906227,0.00490060609966976,0,0,0.0220222545714379,0.0123391139345974,0.0175187123231048,0.0312290586279143,0,0.00340091431989862,0.0159034826220209,0.0173617159969544,0.0380139862124533,0,0.0309191257729889,0,0.00259018457432084,0.0272524057839283,0.0238001968579186,0.0482951938330068,0.0502391705303008,0.018050869412858,0.0520275421734135,0.0452185467336591,0.0307951950894578,0.0445041581853579,0.0134025843445611,0.0335937341004148,0.0368798488689385,0.0366722930529876,0.043658726187071,0.0354168689235562,0.0339742555054373,0.00879117059975816,0.0247523327287418,0.0200580365404591,0,0,0.0227009890034272,0.017992127035708,0.0106822607297383,0.032524063589078,0.003455015799657,0,0.0195783089010312,0.0131258197962402,0.0239188189456874,0.0381705207427628,0.014931178721039,0.0203945430613683,0.0350516886203289,0.0136199053758577,0.00949027816522037,0.0459591065791549,0.0175270822715509,0.0315034884773582,0.0110760330616015,0.0263082454420422,0.0214850507665732,0.00454522570529611,0.0242445084813032,0.0343082136992214,0.0338245384514174,0.0121642026588984,0.0170864289595043,0.0479048269893439,0.0508526300292815,0.025985799007348,0.0126794677056495,0.017125779224616,0.0143434559137928,0.0675960192080146,0.0548033229533006,0.0102451059721949,0.00786560235324997,0.0455232901676101
0.0512301350271825,0.0117939137438243,0,0,0.0360375463571595,0.0360789254263971,0.00885739058019885,0.018907447362361,0.0307416282364527,0.0640845364351607,0,0.0111675494582215,0.0227004314703995,0,0.0596660853275084,0.0110703409275386,0.0443965609993072,0,0.00388990538089261,0.00738025545959318,0.00825912584734766,0,0.0198649131606085,0.0271690787319425,0.0280338063478002,0.0284438818843125,0.00541786521844735,0,0.00445456717803631,0.03319378473443,0.0910611387805677,0.0451864016189191,0,0.0377850994192552,0.00818648613456552,0.00593282333634143,0.0285058410955801,0.055861092163591,0.0128685897779016,0.000383165183661288,0.0260536343560554,0.00403281124417478,0.0329705802388391,0.00943273529732105,0.0223215352440033,0.0243002810877248,0.0749856664460098,0.0282387916290409,0.00388330613897862,0.00969675970319186,0,0,0.0129273429942434,0.0406539094737617,0.109990163951484,0.0177019205455925,0.0452038389846476,0.0169416345542368,0.085286801239088,0.0243061588290258,0.0812786330602909,0.0139430598632945,0.0223761773738424,0.0225818282575414,0.0167963199465737,0,0.00186090046536393,0.00188775178009137,0.0541177721769397,0,0.0193191281935888,0.069264216527065,0.0248676520617987,0,0.0308430829346294,0.0275209398967844,0.00752938968905173,0,0.0207792098876684,0.00812583332294424,0.000234738181501355,0.0026007541013188,0,0.0277321128417928,0.0386439879020196,0.00899269700370562,0.0422975478887514,0.0098910592775829,0.0584293444872742,0,0.0135452854219913,0.0299635924917269,0.0680384138160574,0.0293427811950627,0,0,0.00570232748940927,0,0.0198388189948261,0.0381606111989598,0,0,0.0379108253935479,0.0515696369584784,0.040721761809834,0.0606376773831034,0.0227016251238377,0.038039293359982,0.029131990132776,0.00360505734955823,0.0400556000161342
0.024918261400794,0,0,0,0,0.00408915858262982,0.0201412080422782,0.00751552738670324,0.0192709587334131,0.0602007433045554,0.00700889042701908,0,0,0,0.022715343913737,0.0128225595730358,0.0112344580740917,0.00335053046357861,0.0513805272000171,0,0.00397695138142827,0,0.000491049201351054,0,0.0236509209916855,0.0300796225275469,0,0.0480254379843103,0,0.0174190539828036,0.00646586948979275,0.0163936880717093,0.0371873156442879,0.0121806618705048,0,0.0145545921605519,0.026878719347009,0,0,0,0,0.0377280483839839,0.0336094777311797,0.00712387354109456,0,0.00314149729568593,0.000264965209304172,0.0359420720893579,0.019182481390646,0.00994851042148311,0.00501911424315258,0.0286842317997699,0.0327157399277412,0.0565477027284456,0.0227708116998103,0.0319007119577049,0.0262302691634513,0.0586817463531809,0.00812044862249285,0.054973658519974,0.00754026007457524,0.0504442502771671,0.0352473832245055,0.0500076158180397,0.0270468780283631,0.0373474118226056,0.0190340452177066,0.0322885309517605,0.0294153124067309,0.0336620154609783,0.0230008613335647,0.011616789926452,0.00644834999212912,0.0281042784283211,0.0180611933938904,0.0200258044069157,0.031643571224884,0,0.0135113073013039,0.026145465459561,0.00378756907659778,0.00289141897466414,0.0428121600937147,0.0347665215716099,0.0246515361015707,0.0525115787924574,0.0143853536711321,0.0156256058369667,0.00293054179897351,0.027680250972028,0.0361942533879083,0.0334014981599546,0.0361426141698615,0.0116392593058231,0.00546464414318612,0.0207246493130112,0,0,0.0132904872430959,0.0229173960355361,0.0256951369224589,0.00442437331693125,0.0110552140690995,0.0348776047989791,0.00103611814361267,0.0147418207757583,0,0.0296674445198213,0.0017716708123358,0.00772185777673157,0.02706094548009
0.0533416582522076,0.0203402790593697,0.0360375463571595,0,0,0.011039274458365,0.00250005078364437,0.0326704107412298,0.000126203882437295,0.0438887027810478,0,0.0181213643544286,0.0889584044116883,0.0157080448771456,0.05125982001896,0.015136639609383,0.0333768439083173,0.0205264620370739,0.0201201605133088,0.0150185757719121,0.0151837264058796,0.00354494077756123,0.0174667140529326,0.0271948119604466,0.0188651140510248,0.00308345861900304,0.00279471239635507,0.0157146408044167,0.025847073445726,0.0305756067330641,0.0476308011159478,0.00672715481504998,0,0.0245855111519874,0.020439352583404,0.0107465047072545,0.0201394957279158,0.0260627356693858,0.00891172446398599,0.0190661101280489,0.00984003244644909,0,0.0411330785782363,0,0.0437655049937647,0.00442663048443039,0.0572050374644601,0.0456790307555293,0,0.0227283461143451,0,0.0103090895106034,0.0202719294116869,0.0367642524840649,0.0916952975128245,0.0415929709333234,0.0477074439020068,0.0370560127388186,0.0731430539777211,0.026028904360943,0.0820143215157137,0.041413917571409,0.044032655712779,0.0205034712785897,0.0292168976326843,0.0327810449768848,0.00356177094137505,0.034755110789748,0.061520683216759,0.0164960760177998,0.0627435808464184,0.0800189059031147,0,0.0299133662673172,0.0729734621967344,0.022931337328764,0.0813094545175567,0,0.0235472045573338,0.0272526824555288,0.00932918459296586,0.0423687847263257,0.0574705281073744,0.0214202883676654,0.0679896164207158,0.032909373839384,0.0449758202779489,0.0572149178063106,0.0239771885601016,0.0624732195015294,0.0479227882911731,0.0384316878542762,0.0568485290241989,0.0753057034397497,0.00440530366800204,0.00948990342891484,0.0336304004160793,0.0181566047105926,0.0729038930037382,0.0600765751703927,0.00199324087692118,0.0408465133644661,0.058197242332385,0.0490403423924199,0.00487376738066411,0.0230122167493181,0,0.0673068226300636,0,0.00267733210258966,0.0137780486975777
0.00604070167928556,0,0.0360789254263971,0.00408915858262982,0.011039274458365,0,0.0141692784838219,0.0276064572097517,0,0.0269036060754305,0.000862938726514804,0,0.00515212162980092,0.0133480090816667,0,0,0,0.0092280107864779,0.0274294291329496,0.0080019535065029,0.0182533013970091,0.00690483070668136,0.0114195280686039,0.00239544590525551,0,0.00583826034072934,0,0.00775788547102758,0,0.0191068541245411,0.0462953178167622,0.0100705645298208,0.0377653838498214,0.0502859560545677,0,0.0157900827992773,0,0.00719455737800681,0,0.021368640430706,0.00421271856078807,0.0217733902537792,0.0173136331994994,0,0.00454142945000826,0.00781609220695471,0.035519490424785,0.0547519091933104,0,0.0391399398291801,0.00125976087773989,0,0.0370270227744012,0.0443508754261111,0.0691114199817276,0.0598581676941159,0,0.0449742188124331,0.0511052933969649,0.0442151064515057,0.0424522276594114,0.0367837206334987,0.0234847193692985,0.0491274473892075,0.0136823339531373,0.039300723963055,0.0497369534898055,0.0242212136021061,0.00206893435498185,0.0288501727452231,0,0,0,0.0112758524868903,0.00589159070334312,0,0.0181810376736573,0,0,0.00920341571944325,0,0.017357349765312,0.0232655451259602,0.00392759162291546,0.0260730536855455,0.0338563456339757,0.0227615794903212,0.0072512212548985,0.0318778575222505,0.00318476663364292,0.0212383651388547,0.00677130627939706,0.048762991772746,0.0306559962028776,0.00764510138919779,0.034682055639547,0.0774164694364642,0.0674238318868509,0.0223307727033355,0.00448626420642588,0.0566642338019327,0.047249492752111,0.0647858820323543,0.0139405727739341,0.0215803362025909,0.0175242708890431,0.025546069682539,0.0625405560931931,0.0132567783759367,0,0.0428295298851559
0.0071799217818684,0.0114902183075816,0.00885739058019885,0.0201412080422782,0.00250005078364437,0.0141692784838219,0,0.0526537951085052,0.00343821264785951,0.0174009073162693,0,0.0650222936987705,0.0199074688542886,0.0673572695632961,0.00686646145840418,0.0495502681955608,0.00918547679939921,0.0611271623095221,0.0213373902593153,0.0889099317019413,0.0100489515076938,0.0806976368839916,0,0.11605914013554,0.00518646409458128,0.00365547913569379,0.031330354430165,0.0192463236344208,0.0539047054839733,0.0457680139745081,0.0383280615803146,0.00778367893703777,0.0140066455522378,0,0.0307724642743398,0.0219306874027195,0.0653430134794781,0,0.00808099069546122,0.00976493177625797,0,0.00106683803617997,0.0182855830193238,0.00779690803377995,0.0426022427771031,0,0.0409871891486698,0.0290778483458036,0,0.0200475319402869,0.0450828793586453,0.0107970367685279,0.0163863080643088,0.00259102388238253,0,0.0322276619925125,0.0565115566199134,0.0347968043941727,0,5.22310652836062e-05,0,0.0381080340378873,0.0713932531267324,0.00600133069450394,0.0648651481122205,0.0942973206663444,0.0194303312753279,0.124580132037739,0.053358863113544,0.0572257410614906,0.0855956164506034,0.0515267643960961,0.0130547666621708,0.00758977921448913,0.126187713540701,0.0701024909328917,0.119069225222296,0.0141772971363692,0.034740925950518,0.0605776430114931,0.00420211783754146,0.0120102246710474,0.0348139849586516,0.0127703996035643,0.0739615353478825,0.0383298916829167,0.0718850886575624,0.0805169275247635,0.051317148550733,0.113567109140795,0.018366607634512,0.0369780630605363,0.0264766324910751,0.0174593416932619,0.0583420715598518,0.00246202857163773,0,0,0.0235373952543314,0.0129492545667292,0.00969185061971721,0,0.0227116264893103,0.00887584123056538,0,0,0.0401716156519005,0,0.0180514310913494,0.0117958953816231,0
0.040872250641448,0.0219655178758237,0.018907447362361,0.00751552738670324,0.0326704107412298,0.0276064572097517,0.0526537951085052,0,0.00405995020102852,0.0254413290588246,0.0121965036113428,0,0.0224531179318116,0.00240337050857244,0.0287237731462356,0.0266660285064849,0.0420534251069956,0.0286560711214579,0.0167208813594834,0.00175958077095359,0.0124463688102884,0,0.0241500730238516,0.0296031474708777,0.00650808457607622,0.0063424896484554,0.00152839285375876,0.0213669719187258,0.030005420187449,0.0220550850818847,0.130815288098282,0.0435831024144298,0.0624636129503034,0.0700018293011441,0.0139550285516138,0.0126971549697112,0.038788373373245,0.0303294782567432,0.00375880251765009,0.0304525853914578,0.0151788192642656,0.0592767417993694,0,0.0060593824653991,0.039094595314225,0.0240141104730142,0.116384214123684,0.0806021369150731,0.00247549088401012,0.0286812548003081,0,0.0154455284855229,0.05925960962429,0.081141606070482,0.126605801816765,0.0484930232495779,0.0363028340556014,0.0416187677717857,0.106808688492486,0.0726277426461356,0.101801671512546,0.00443254162603112,0,0.10074071876828,0.00343619233783629,0.0342501886757499,0.0991637634611162,0.0223980540847498,0.0395901105036497,0.0190157887521149,0.00812035670262607,0.0379802109995374,0,0.0254332305046318,0.0488284450979041,0.0702694231438451,0.0341041028459048,0.0265522924872976,0.038317240848594,0.0106160198449801,0.0246843975246206,0.0100258339501421,0.0190563464707563,0.0279718000427875,0.0145836018530004,0.00895624932944666,0.0119748883742871,0.0452795965804998,0.143111299664448,0.0245233583930122,0.0221179077890696,0.00341003017973142,0,0.0043934011271617,0.0108126572588577,0.0148501486582575,0.0502145551970211,0.0475083553247612,0.00428986736839578,0.00826190929929643,0.0988962857310016,0.0480973706214073,0.0569260459177384,0.0389159965860426,0.0195253921294784,0.0424652972875925,0.144934619102744,0.0205137322657652,0.0480120552536786,0.00940628709707142,0.0842844311139857
0.0152103226071527,0,0.0307416282364527,0.0192709587334131,0.000126203882437295,0,0.00343821264785951,0.00405995020102852,0,0.00879984655071596,0,0.00969501920548925,0,0,0.00785030044230656,0,0.0036895126952053,0,0.00819340262017263,0,0.0165972716929227,0,0.00113653768024628,0.00267563438920673,0.00388401174011363,0.000322472416414712,0,0,0,0,0.00652510469537335,0,0,0.0103421773252011,0,0,0.0144644226084518,0.00255048753546146,0.00949230663179062,0,0,0,0.00437471627118635,0.00547137386419063,0.0193514915142917,0,0.00818179365110764,0.0133007126873818,0,0.0103692127346226,0,0.00443765189862891,0.00296438812117804,0.0143068695751324,0.0307107522394232,0.0227031607744843,0,0.0116196354852202,0.0162287302737181,0.0128341652861764,0.0200283365941291,0.0289716300215532,0.00404507227409257,0.00134419132912283,0,0.00428141830790882,0,0.00235327860783041,0.0123494261848411,0,0.0207858621642649,0.0248392848917845,0,0.00399645088187768,0.031412536655213,0,0.00540108611967462,0,0.00389274137077207,0,0,0.0265220780326772,0.00337780069492581,0.0132058034884781,0.0379144772594498,0.000139706718429123,0.0089928611165423,0,0,0.00550552836354264,0.0172771778601382,0.00525125100024963,0.0519357434241568,0.0219990841411921,0,0.000203832371495071,0.0334213814443546,0.00347672790101131,0.0103585760062765,0.0126965119864968,0,0.0352095198770852,0.0108235923691073,0.027759749996231,0,0.0108934044496701,0,0.0665677637063478,0,0,0
0,0.0266707894732288,0.0640845364351607,0.0602007433045554,0.0438887027810478,0.0269036060754305,0.0174009073162693,0.0254413290588246,0.00879984655071596,0,0,0,0.0360101648502926,0.0124691003643765,0,0.00232095377284748,0,0.0263021925408105,0.012136988862409,0.00442195055091118,0.0313011548438718,0.0014227071938651,0.0192558875580359,0.0169203429531922,0.0278260542634366,0,0,0.0479398586202084,0.0227750556344062,0.00491999599196129,0.0479290093012758,0.0117846932043931,0.0382937695060195,0.0552314841277946,0.0141787152314429,0.0338720892147366,0.00457411028976364,0,0,0.0440148889468338,0,0.0217041290231983,0,0.0795031580268838,0.0438355108267637,0,0.0498481352440472,0.0978607588812968,0.00958187994715141,0.0398196686975794,0.000228577957030757,0.0183227188249295,0.072254815281324,0.0718119124392486,0.0915539387908488,0.0649324354231677,0,0.0575420848438348,0.0381275987349904,0.0730289296121472,0.0515390552745179,0.0461923884987375,0.0362098857609739,0.0700209931202663,0.0132741089719239,0.042222838589575,0.0549197012922118,0.025146187081237,0,0.0210536112727916,0.00618706466190994,0,0,0.0174953294823218,0.0296421642710752,0,0.0184268437354918,0,0,0.0331073362962491,0.0385424647039392,0.0419397508433578,0.0325125757502104,0.00257389729704098,0.0366794068559899,0.00522647559973043,0.00596629543779882,0.00678995746610863,0.0318262548180198,0.0113030974876159,0.0215979371871533,0.00384523337903436,0.0394169119012207,0.023307675500516,0.00296406494247749,0.0214592808953065,0.0793920214437506,0.0913237939265702,0.0202836593097306,0,0.0510828399247273,0.0883756977936156,0.0575946731786733,0,0.0096937088905546,0,0.0512286089617327,0.0903900933821016,0.037187641732385,0,0.0424968505558206
0.0101112690026234,0.0108719224986666,0,0.00700889042701908,0,0.000862938726514804,0,0.0121965036113428,0,0,0,0,0,0,0,0.00697729805812358,0,0,0.00677466768446649,0,0,0,0,0,0.00079635013687733,0,0,0.0103890262666135,0,0,0,0,0.00616101952319274,0.00463454365043992,0,0,0,0.000664820484073662,0,0.00104131514808543,0,0.0124051832478585,0,0,0,0,0.00506203150260432,0.00632962056350361,0,0,0,0.0041952367082179,0.00800887658412978,0.0209094784863896,0.0117595792237537,0,0,0.0115757974420989,0.0158487846974702,0.0196803921869008,0.0136449288550478,0.0124430033404251,0.000143049468821456,0.0138722399304256,0.00135409440510283,0,0,0,0,0,0,0,0,0.0142356819896243,0,0,0.00637243151767859,0,0,0.00106323674170577,0,0,0.0174517094298793,0.0225400400570428,0.00707994146819042,0.00259707104863097,0,0.0128597016561878,0,0.00240891316288458,0.0263112913275824,0,0.00205270165869971,0.0164622839013919,0.00636040262891275,0.00895799394397814,0.0134088213509309,0,0.0138919621080114,0.00502070068222204,0.00374056454161376,0,0.00831417349858903,0,0,0.0175063883600348,0,0.0464710993132236,0,0,0.00833381609545989
0,0,0.0111675494582215,0,0.0181213643544286,0,0.0650222936987705,0,0.00969501920548925,0,0,0,0,0.00337521458956534,0.0026257462720603,0,0,0.0129171962154824,0,0,0.000355030923649818,0.0201260689713727,0.00600600638713788,0,0,0,0.0047517941545565,0.0644047433173084,0,0,0.021857492693015,0,0.0686745335987369,0.066832256517356,0,0.0280792796583708,0,0.0210894839506141,0.00426493780030574,0.0205873704688552,0,0.0766172694044439,0.0217063971161272,0,0.00940040062630702,0.00127759551592646,0.0939799831743259,0.0853663626541271,0.00704176843805634,0.0555101653140803,0.0317599037874967,0.0503235630142165,0.104036217861228,0.15766064389038,0.153696264952913,0.0875614697179494,0,0.064267953535087,0.103639519808083,0.147769551925489,0.0713048878389938,0.0827770345036743,0.0189515015282428,0.13701178590633,0.00656312871807053,0.0480823744650292,0.0957365013081604,0.0251974486541642,0.00506397368201564,0.0437686383663156,0,0.0481882277892796,0,0.0072687331183281,0.0150560527318529,0,0.00549219079144775,0.0389005541933464,0,0.0210231333658825,0.0112602381493124,0.0195026027766128,0.00685425647104559,0,0.00936407578251229,0.0197972106627705,0,0.00541372281075674,0,0.00454806623096393,0,0,0,0.00901276252748482,0.0572206450899059,0.0054577190035115,0.0652997491356581,0.0149948489908867,0.0659133071652895,0.0155261789829118,0.0513009888227432,0.0277666614443458,0.071504363532747,0.0126327642792181,0,0.0408790752030862,0,0.0178868874601366,0,0,0.101973966962628
0.0536071996377689,0.0189211740682286,0.0227004314703995,0,0.0889584044116883,0.00515212162980092,0.0199074688542886,0.0224531179318116,0,0.0360101648502926,0,0,0,0,0.0389456249330833,0,0.0210137106297798,0.00797704867424148,0.0263854151464212,0.00015582324377236,0.0155482382149913,0,0.0197951422037386,0,0.0248613370393127,0,0.00450078885150554,0.041742833564683,0,0.0263514534475395,0.0259258015144998,0.00345827692041224,0.0119525327670854,0.0310605791538212,0.000882312480811066,0.0224929401460457,0,0.0221938676478496,0,0.0261982213788045,0.0088481029577825,0.0242832397625104,0.0437614110790885,0,0.0188747476384398,0.00325672866733004,0.0562046549461646,0.0602195384230305,0,0.0382413772172097,0.00829665746373483,0.0318450385092162,0.0428546221271446,0.082628747654357,0.13262331151236,0.0646085453162795,0.0238309044084039,0.0483973926094007,0.101831606046138,0.0736250827645307,0.094959849152492,0.0746086480941726,0.0340329697025916,0.0673147588314914,0.0164973705657596,0.0355743606591592,0.0309876082938569,0.0223858127866867,0.0346565618040501,0.0310410324488111,0.0172836144549382,0.0538012620281185,0,0.0203742144064716,0.0342889599124323,0.00763560537308209,0.0386193069281792,0,0.0138387787737773,0.0130892050705452,0.0128924330839027,0.0222204945242384,0.0258730037459356,0.0302675216194461,0.0409076440410542,0.0225234437530803,0.0168150080383224,0.0191841234900409,0.00662800560522231,0.0139458076222693,0.0236365792200065,0.0219814462637637,0.0518090964072369,0.07088317152388,0.00619222837642743,0.0104617475935464,0.0491052383871539,0.0171315060975041,0.0725003331890437,0.0542164836813119,0.00507001987885505,0.03724830516525,0.0433708090880099,0.0376470436751714,0,0.0362506513031074,0,0.0779880297964787,0,0.00411608146005233,0.0544462748716097
0.0185627498071044,0,0,0,0.0157080448771456,0.0133480090816667,0.0673572695632961,0.00240337050857244,0,0.0124691003643765,0,0.00337521458956534,0,0,0.0195006813619922,0,0.0194699553756446,0,0,0.0200853496551755,0.00238961631697748,0,0.0132934938753882,0.0676848120649046,0,0.0118277957017406,0.0024507247526778,0.0108046297281171,0.0116978605451602,0.004366690186897,0.119593573740838,0.00783466878463719,0.0690433162821464,0.1005404776207,0.0107602567790358,0.0122385941766623,0.0334738662746327,0.0552220863080098,0.0109631140676688,0.0324260848890722,0.0214537172236304,0.0827246723536156,0,0,0.0618265782226165,0.0236973847987541,0.17305176752507,0.0898931761318379,0,0.0658910579744081,0.00278247494731096,0.0147760952264143,0.0750958688145607,0.134795459500839,0.171513125081173,0.0802521511523315,0.015748783087717,0.0228985925847424,0.126358838017476,0.104802794078271,0.0914428514982041,0.0274012286507641,0.00137748434830462,0.123162074254711,0,0.0105624624797002,0.126023624767554,0,0.0310454107644896,0.0139219656894578,0.0162286585388895,0.114753017544533,0,0.00272830130634735,0.0783004940997764,0.0160455780520915,0.0201128326500713,0.0200408477270082,0.0229577217961453,0,0,0,0,0.0126301663216683,0.024062027582719,0,0.0190989804697386,0.0376204706647686,0.105631467689253,0.00955053561639432,0,0.00333457721640153,0.0132433733374705,0.0042857512336819,0.00411581077537471,0,0.0437522768384117,0.0125056773361751,0.024699764696275,0.0106702110055155,0.0929378037427646,0,0.0672584919029722,0.0468082914673977,0.00367818578619721,0.0707044452472664,0.0537007945595352,0.00735254768965112,0.0164478296230295,0,0.120591699720852
0.00827491770765594,0,0.0596660853275084,0.022715343913737,0.05125982001896,0,0.00686646145840418,0.0287237731462356,0.00785030044230656,0,0,0.0026257462720603,0.0389456249330833,0.0195006813619922,0,0.0134395340860991,0,0.0226030929963421,0.0117355147894543,0.00216754283164342,0.00146564942103515,0.0096923889756551,0.0146630875772491,0,0,0,0,0.0305773422136856,0.0181784029243021,0.0109663078169689,0.0486144921344961,0,0.0466315321837076,0.0574694017616234,0.00339066226736291,0.0276010233268164,0.00769576266554715,0,0.0134388325019773,0.0199856643432856,0.00662143304506652,0.0245710691028928,0.0245477586479882,0.0256384288918639,0.0167249756581397,0.0222243895361187,0.0368360357392135,0.0859649874562936,0.00661843559506978,0.0369768550450133,0.0152206624823114,0.02558159425148,0.0531202475170425,0.0871778368027424,0.109415738497829,0.079223553014024,0,0.0839948546651272,0.0641011371605656,0.102321052088777,0.0707774933064619,0.0448939114246341,0.0584030857629452,0.101903688035725,0.0361639261446501,0.0791624854523546,0.0749862832215918,0.0662340490121752,0,0.0444413898465434,0.0293089503741484,0.00460806887043083,0,0.0124764403843302,0.0284530201185207,0,0.0260707608619326,0.00968156560538081,0,0.0516545498098304,0.029628557543646,0.0662772027122017,0.0476867147857934,0,0.0390216936929273,0.0532520410884565,0.0462169289833171,0,0.014671298736529,0.0308130197103693,0.0216145801201301,0.00948480557825009,0.0329074093118258,0.0208946173028229,0.0193360182367946,0.00232971710122081,0.0566996095106869,0.0546727215929532,0.0178866053137972,0,0.0737350244880862,0.0886769222554924,0.0373180889410453,0.00753316274085124,0.048830194496936,0.0154546562077765,0.0305662644291287,0.0432952578589739,0.0199668949966046,0,0.0751565196128479
0.0222240608621559,0,0.0110703409275386,0.0128225595730358,0.015136639609383,0,0.0495502681955608,0.0266660285064849,0,0.00232095377284748,0.00697729805812358,0,0,0,0.0134395340860991,0,0.0287271078336047,0.0110335471077435,0.00814060481638663,0,0,0,0.01124596642117,0.0050654453394366,0,0,0,0.0259621002470397,0.00252392500156911,0.0125691791869957,0.138781943867335,0.0168576355705519,0.0955045982211779,0.0916679901614455,0,0.0421488710593073,0.0352510476434391,0.0317786497604684,0,0.0546911737606548,0.00376258697806964,0.0686796706955218,0,0.00911352170995234,0.0441652705495121,0.0130649657775645,0.12307452620784,0.125167969118469,0,0.0741478714912647,0.0128738063341399,0.0200163383236954,0.124680829398175,0.154755172289422,0.187863919627777,0.1155162282848,0.0127796290471863,0.0785689873265542,0.119389712262259,0.155725981242386,0.118782258311654,0.0561934580850379,0.0224033563644714,0.160873971698622,0.000175269351239791,0.0718319220807058,0.128954254894885,0.0280287963950984,0.0314224017543756,0.0513058668767675,0.0088929296240439,0.0281741859470662,0,0.015129509921422,0.0330199983633982,0.0256804139539419,0.018251258635546,0,0.00143732506858694,0.0128918488486374,0,0.00495443613968408,0.0131668059994739,0,0.0182544248516505,0.0344079791279753,0,0.040844703248844,0.117478247195571,0.00134660582945297,0.020529155829265,0,0.0112580818112341,0,0.0204410009322984,0.0183703558987098,0.0834359590323616,0.0609534732240922,0.00524772214325247,0.000151878563847344,0.107476533371375,0.0585948995238845,0.0861996529480165,0.0203954517907237,0.0133121227486048,0.036984081579871,0.107770544971284,0.0148084532790628,0.0365675485365363,0,0.106526219928956
0.000883165239653004,0.0121356029667529,0.0443965609993072,0.0112344580740917,0.0333768439083173,0,0.00918547679939921,0.0420534251069956,0.0036895126952053,0,0,0,0.0210137106297798,0.0194699553756446,0,0.0287271078336047,0,0.0173784471134704,0.0327351165871027,0.00481644462344414,0.00304957518966234,0.00768704917993859,0.0105507918661859,0,0,0,0,0.0381551739669052,0.0100027049133741,0.0189101334298188,0.0680133855738972,0.0146438269966415,0.0710572919862244,0.0782430410099652,0,0.0496899230177833,0.0084840511015884,0.000552653656756315,0.00752926189902723,0.0359550165025632,0.00740718314418982,0.0473772456977211,0.0350866120089412,0.015888540003498,0.0176818953434487,0.0264914982124469,0.0577642165174698,0.087575372121485,0.00972184340636693,0.05030690935689,0.0233929831917963,0.0258289047340767,0.0718684140482198,0.0860804525902609,0.108126440965591,0.0828596313982884,0.0203684053640734,0.0993628142851245,0.0950242032918466,0.0969916746852689,0.0803958660797561,0.040852701306956,0.0748360758127073,0.10406764944074,0.0676224139682531,0.0842062108736735,0.0867678561690141,0.0668201235069436,0.0186880838072628,0.0526760467557748,0.0229466463297363,0.00707558933937006,0,0.0238763867993164,0.0230156644502598,0.0131688643319853,0.027796522329317,0.0112308592092818,0,0.0683178931956219,0.0210687874956856,0.0432012467333838,0.0538972950436274,0.00484805426296833,0.0318831698002615,0.0564612275873737,0.0368731401090135,0.015333583039038,0.0668986090356835,0.036328458655313,0.0228281000804965,0.018557992707182,0.0307502386792673,0.027300748617142,0.029024674753073,0.0110896000843851,0.0627679233018594,0.0598685516391055,0.0171794117505271,0.00166643034396889,0.0947133350341351,0.0705340264835727,0.0464692072561938,0.0139195112127211,0.0392184366037269,0.036797066972397,0.0507847711651029,0.0547839995250666,0.0195920337022147,0.00575780306603012,0.0899025568723791
0.0247490777963725,0.0270393452955304,0,0.00335053046357861,0.0205264620370739,0.0092280107864779,0.0611271623095221,0.0286560711214579,0,0.0263021925408105,0,0.0129171962154824,0.00797704867424148,0,0.0226030929963421,0.0110335471077435,0.0173784471134704,0,0.0187123833754475,0.0115794919015631,0.0186413571469705,0.00213388228665158,0.0365836953745285,0.053310345229303,0.0217752058694091,0,0.0267986873224587,0.0508401187106127,0.0372385955772296,0.0259654253854544,0.100621731337483,0.00449317837053145,0.0827566192124434,0.067479036803633,0.0437497387258454,0.0675331271042248,0.0259128144936111,0.0208028628949711,0.0201761440741434,0.0699850712343214,0.0212061730653719,0.0777884603734065,0.0307870611830914,0.0190003032828907,0.0622530570392668,0.0301358850931378,0.167464216182869,0.145045978069359,0.0187038193148142,0.0785556596454386,0.0184400485817876,0.0123774509928174,0.111033428409576,0.186964580901818,0.205719446548479,0.113855443198205,0.0414705894947745,0.0811613747030051,0.167539769791146,0.181246697622667,0.118893743412955,0.0782105264945619,0.0275540078137427,0.184792191621482,0.0219510914987176,0.0482135391387387,0.115691878226188,0.0149666793844826,0.0552402858105793,0.0611213702486947,0.0339118580498326,0.0886623199329948,0.00196973583096958,0.0385806965602423,0.0915673415445707,0.0334758229176008,0.089955450799038,0.00567989089645187,0.021102152275547,0.0245828986394729,0.0100205227651784,0,0.000843526125178062,0.0182326396027249,0.0587733693833734,0.00447163139394069,0.0236072935026997,0.112312316601721,0.064701952276655,0.045119681398781,0.0506147084242714,0.0371820043941882,0.0210219767570713,0.0247484941852179,0,0.0632062419265649,0.112808370676881,0.0600595894384027,0.0600605561309021,0.0394263483622571,0.0673917878089908,0.0275104288868465,0.128749565176053,0.0437656286110325,0,0.032623718474858,0.0626036173923433,0.0202011723009369,0.0349165952149253,0.0140201478637472,0.100194989933313
0.0304248248846514,0.0385590396790667,0.00388990538089261,0.0513805272000171,0.0201201605133088,0.0274294291329496,0.0213373902593153,0.0167208813594834,0.00819340262017263,0.012136988862409,0.00677466768446649,0,0.0263854151464212,0,0.0117355147894543,0.00814060481638663,0.0327351165871027,0.0187123833754475,0,0,0,0.00454156845244181,0.0225286774786251,0.0164068869057404,0.0262240639728321,0.0140616588347555,0.00796563156793318,0.0098481555238197,0,0.0242299605102369,0.071001813321297,0.0335566532599436,0.0110823275914522,0.0177614376014094,0.0414905204143915,0.0115520799113803,0.0259488475920953,0.0309910492368996,0.00910158243368466,0.0644156570998901,0.00523906114487998,0.0373777308380626,0.00841298047346332,0.0390411244924182,0.0603049352740348,0,0.0649683378064596,0.0361229061160623,0.0176908547165283,0.0228131361945737,0,0.00238569395688537,0.0382123688939238,0.0213770711476374,0.0547068186528225,0.0209071592996006,0.0205362008837339,0,0.0605418589845078,0.0107399825365301,0.0487328001804771,0,0.00480329709864781,0.0222939888687569,0.00624908246886046,0.0143082583169273,0.0311018814970184,0.013429921375358,0.0144572419149109,0.0179776226257331,0.00706619128840849,0.0385190567835509,0,0,0.0561072379465513,0.0317180615059853,0.0396491471867412,0,0.0397166710511108,0.00477379990172467,0.003232068248327,0.0120201170411799,0.00253939467140907,0.0163528661985059,0.0181343108913786,0.0274822764359962,0.018720201904027,0.0191672787915737,0.0725014234580764,0.0133872885883031,0.0154174463366625,0,0.00552268811883478,0,0,0,0.0165753611261488,0.0114813066593675,0.0163171345440342,0.0114762514035208,0.0294270798464931,0.0280765265968928,0.0342023475234761,0.00208040004130697,0.010429699317493,0.0224733177861983,0.0513780615499659,0,0.00785600963479253,0.000822618383699624,0.0527756413751999
0.00138977361178986,0,0.00738025545959318,0,0.0150185757719121,0.0080019535065029,0.0889099317019413,0.00175958077095359,0,0.00442195055091118,0,0,0.00015582324377236,0.0200853496551755,0.00216754283164342,0,0.00481644462344414,0.0115794919015631,0,0,0.00677770762912463,0.00284391678449347,0.0109522441240636,0.0591858951342623,0,0,0.000447413638053855,0.0476853341875677,0.0140758646869505,0,0.11873217538578,0,0.143408907109705,0.117346705104937,0.0110396688418652,0.0477829578013394,0.0195633597978156,0.0393774542885099,0.00575986833213838,0.0546734832266226,0.0109167980017069,0.127684165519631,0,0,0.0673004282318947,0.0243487872599903,0.186875201182182,0.132460926184845,0.0014431049907834,0.100910005504737,0.0213220484773538,0.0437656613426338,0.126024076068932,0.182780307765957,0.190287420748283,0.126768319642818,0.00235500397193957,0.0615590375397853,0.142012238240931,0.158805389839375,0.0916912629724929,0.0499888947032469,0.0205572416086143,0.182553795894908,0,0.0681773945209236,0.192078029940468,0.0255532648075178,0.0167192208310912,0.0649147780999107,0.0053859545613941,0.102660984313851,0,0.011253877443933,0.0595540661934749,0.00552409281484314,0.00803464040013812,0.0275596858536452,0.00285036512898628,0.00928390852344888,0,0,0,0,0.0119008825076849,0.0029895745750771,0,0.0366448883320215,0.101589820317331,0,0,0.00346577969901016,0,0,0.0278789217112329,0.00411020295022916,0.0694213172755613,0.0270007583044701,0.0261377548587255,0,0.151775481792371,0.0235332445015389,0.0775415050416391,0.0337403137592533,0,0.0560314132556185,0.0648037946440352,0.0109322803687325,0.0149332253848172,0,0.144143460699534
0.00576104240394811,0.00376889525026503,0.00825912584734766,0.00397695138142827,0.0151837264058796,0.0182533013970091,0.0100489515076938,0.0124463688102884,0.0165972716929227,0.0313011548438718,0,0.000355030923649818,0.0155482382149913,0.00238961631697748,0.00146564942103515,0,0.00304957518966234,0.0186413571469705,0,0.00677770762912463,0,0.000899382033884925,0.016787990151118,0.0112256165131481,0.00452484578223424,0.011230949998838,0.0049866146245691,0.0261428373317594,0.000659013780994217,0.0106133660458451,0.00416075814131659,0,0.0303261358914092,0.0206378712585293,0.0225113127098089,0.00529342394465538,0.0278340646390475,0.00820432829093297,0.0215355146562505,0,0,0.016305466897215,0.0134477337696819,0.00745799649853575,0.0264330777084118,0.0020676161018433,0.0191613239000012,0.0220492652374147,0,0,0,0.0181081203611055,0.0173548834787386,0.0452203987665695,0.0337684983327282,0.0187658536227521,0.00902897479521084,0.0310449319427895,0.0125453462788477,0.0541383967326453,0.0161722236309675,0.0101252382627856,0.0280133288901837,0.0402654414120443,0.0110550277623816,0.0248169270169837,0.0154466217307886,0.031055973085857,0.0190647123165407,0.0211003203557432,0.0145567049005145,0.0117861014009009,0,0.00754447876006155,0.055322483867851,0.0127669606765726,0.0170266212500724,0.0210611314951059,0.000488332318282723,0.0317899062436952,0.00471057177200511,0.0222402911514966,0,0,0.023238941085687,0.00293464317379418,0.0120727577118849,0,0.000840960615418695,0.0225569413446146,0,0.00669061514117559,0.0246280643744649,0,0,0,1.33064323037582e-05,0,0.00916135649198492,0.00745588481096304,0.00567683056523559,0.0317645190436874,0,0.0384080718584058,0,0.0025621929618131,0,0.0265906681871432,0,0,0.00221751089052459
0.00275808505886823,0,0,0,0.00354494077756123,0.00690483070668136,0.0806976368839916,0,0,0.0014227071938651,0,0.0201260689713727,0,0,0.0096923889756551,0,0.00768704917993859,0.00213388228665158,0.00454156845244181,0.00284391678449347,0.000899382033884925,0,0.00175449552092741,0.108574823657052,0,0,0.00761724687141687,0.0252817176930211,0.0309584112789715,0.00164878134432207,0.0994520865469284,0,0.0737775130286624,0.105188121485581,0.0135746876749233,0.0287380094744374,0.0453634365559587,0.0481616124976459,0.0148575572307845,0.0490301078159862,0.0164780360775368,0.0791654928032105,0.006717093397464,0,0.0969959282258319,0.0128150152054439,0.174686862336707,0.112053636908666,0,0.0793992936381032,0.0183102472319095,0.0343438214048125,0.0982050719445603,0.16877103529255,0.197551471621961,0.103815604269627,0.0112937678519191,0.0411034812933834,0.126081440560969,0.129303906573421,0.0801905704677972,0.0583576850005727,0.0105981015798223,0.146104737282763,0,0.0290170036702225,0.121863964850967,0.0091519768282238,0.028503789136229,0.0300209338367405,0.064427337830462,0.122239962274854,0,0.0120091976114754,0.0876810835183201,0.00916890065656967,0.0687230744894174,0.00678819304771835,0.0097030824814542,0.00298229767311551,0,0,0.00553988427371099,0.0167436630681468,0.0479699664343171,0,0.00970091333850756,0.0642691910558736,0.0650904491234457,0.0575651239772114,0.00920901147394971,0.00682777260600672,0.00444288236354688,0.0262427367634808,0.00386805701141086,0.0015011612109955,0.0747833219880476,0.0307287633015138,0.0618337100645563,0.010240664704509,0.0673648159301909,0,0.103998971972282,0.0280635292100767,0,0.0397141976104822,0.0316914534975785,0.00477211739080829,0.0118433580655085,0,0.111355492635773
0.0170289605912568,0.00590974645819611,0.0198649131606085,0.000491049201351054,0.0174667140529326,0.0114195280686039,0,0.0241500730238516,0.00113653768024628,0.0192558875580359,0,0.00600600638713788,0.0197951422037386,0.0132934938753882,0.0146630875772491,0.01124596642117,0.0105507918661859,0.0365836953745285,0.0225286774786251,0.0109522441240636,0.016787990151118,0.00175449552092741,0,0.0127017275009141,0.00626771730600207,0.00271251456558204,0,0.0201250305127811,0.0376823232717767,0.0176768959955126,0.0158552478909886,0.00114001074798128,0.00485812714561749,0.00391846219614697,0.0082180277880446,0.00242991093852063,0.0295114329914775,0.00446878928977841,0.00847717595032336,0,0.00534007150473564,0,0.0234180212939833,0.00220503471285077,0.00986227096023412,0.00972790629970019,0.0103939248161176,0.0129342014208252,0.00424585653384093,0.0116935292430014,0,0.0215102258142199,0.00543426877207075,0.0117959584841833,0.0268461185477573,0.0357575167328823,0.0344541054152963,0.048578134330434,0.0230961824499247,0.0235427799430125,0.0245447606398035,0.0356426336087527,0.0270903603633405,0.02077104587977,0.0299065705459149,0.0406998286474991,0.011047617885436,0.039680895509177,0.0300163639417777,0.0188585924859957,0.0454953732367325,0.0512587293989666,0.00396466202977243,0.00224990527573973,0.0538275925801485,0.0121214255032478,0.0308303693144223,0.0113064955152001,0.00670921821837898,0.0320179569475658,0.0114133214730427,0.0368622417170397,0.03154219791696,0.00936188150126613,0.0418280604500277,0.0232230675526464,0.0367559543954316,0.01928650090556,0,0.0329664663215744,0.0156599870178687,0.03293167045467,0.0267182748049053,0.0211879983557224,0.00307462161929992,0.00705888069965265,0.0170922095637614,0.00511142760407568,0.0230617357890216,0.0331702738907677,0.0121990777826727,0.0484315009741557,0.0139398655331372,0.0204223004562892,0.00708595725479562,0.00364383740719784,0,0.0569906407579256,0,0.00772244467227919,0.0146792357181862
