0,0,0,0,0.0196347702138976,0.0493399020825448,0.0133403008571668,0,0.0125086377305155,0.00600011295473949,0,0.0146679090102589,0.00612238504341282,0,0.00808852503648246,0.000334942139384382,0.0264474748076901,0.0146970694696489,0.0321606648767901,0,0.0084733655155143,0,0,0.00202651966305033,0.0264309706503936,0,0.0227840080116277,0.00533104622999721,0.0382947314391707,0.0157197335003125,0.010603656341265,0,0.00885436348419088,0.019087848862064,0.0129591188529315,0.0172537620724068,0,0,0.0536944019774509,0.0342941241484503,0.052451532523026,0,0.025012490495261,0,0,0.0253830526955648,0.00678074514789522,0.029803093461047,0.0306577978441891,0.0323108845488459,0,0,0.0244635812831563,0,0,0.0364686123684694,0.0205907377532822,0.0107946759808657,0,0,0.0131079384539257,0.0144872651140149,0.0174570082297598,0,0.00897745007151414,0,0,0.00238578156637765,0,0,0.00706295231359854,0.00887624657132542,0,0.00811230263990432,0,0.00272638088811762,0.0531915714345436,0,0,0.003217967331949,0.00541991425292021,0,0.0211571289304112,0.0200830006491015,0.00293039548798914,0.00419788988799068,0.00437881463570122,0,0.00218005331351689,0.000328164089884159,0,0.00728721499755948,0.00747892677083213,0.032990689273651,0.0221857262566941,0,0.0154332615887301,0,1.60099849122871e-05,0,0,0.00997413847591841,0.021328551861729,0,0.028030545041628,0,0,0,0,0.0266982472687207,0
0,0,0.00919539873425189,0,0.00845552515581002,0.0171197801756756,0.00345912476581843,0,0.0162265099387452,0.012547334245249,0.00317430415231028,0.0133126836090208,0.00612122609663383,0.00133015431453079,0,0.0041379267493599,0.00951419130397039,0.0258249253321925,0.00475387672647795,0.00194820121321395,0.014363516968903,0,0,0.00314169092882001,0.0156411341904043,0,0.000882078430797431,0,0.0182712372013512,0,0,0,0,0.00150449485562747,0,0,0,0,0.0693923233872291,0,0.0620407002093541,0,0.0144869814163481,0,0.0193653877416818,0.00226424372910348,0,0,0.00663683066943951,0.0247921083736454,0.00589958849548463,0,0.00231336952601859,0,0,0.0198189123287313,0.0221709004419788,0,0,0,0,0,0,0,0,0,0,0.00137872667212549,0.00449364587930265,0.00244488136849179,0.000510751267236947,0.0192933626872293,0.021261410227131,0.0157055161830555,0,0.015089595990984,0.0530278071050154,0.00899966056940531,0.0164704374087427,0,0.0226294455365897,0.018609970832542,0.0390749732104662,0.0231587553471968,0.0404724092413334,0,0.0135063480976212,0.0133815906337619,0,0.0157827368689229,0,0.0163213881873499,0.00209107954451695,0.0267553507449611,0.00610689267986902,0.00461365260737917,0.00889562938883199,0,0.000455743020434738,0,0.00450840572558062,0,0,0.0120260459048704,0.0253888034634795,0.00467725956954075,8.34740444806993e-06,0,0,0.00375598870181159,0
0,0.00919539873425189,0,0,0.0016711058372691,0.0287050407966799,0.0132407472228794,0.0247365387507686,0.0430158574135687,0.00223528961369467,0,0.0304919409561914,0.0194255145630123,0.0441444025252148,0,0.0244318412596863,0.013803933838052,0.0275713450887014,0.00489305087375953,0.0336283271247854,0.0446144330896913,0.0037217756980132,0.00882982445328069,0.0255204182395681,0.0222513248317182,0.00942450971060729,0.0223676273894524,0,0.0313306217038468,0.0157268330911692,0,0.00565963466461515,0,0,0,0.0160245103189228,0,0.0105810742083626,0.0382501837762357,0.012061522696612,0.0469631013890525,0,0.016035158533296,0,0.0140573337425947,0.0189449399546309,0.0131118242812632,0.0150300242708326,0.0178804607011213,0.036277280306627,0.00431836501860148,0,0.0298686231341595,0.0257514806026709,0.0175035676620778,0.0441901953561273,0.017998632290542,0.00165281430007103,0.0219740672631665,0.00623509197463798,0.0183298140429317,0.0182724971371776,0.0015454217200582,0,0,0,0,0,0.0287511596139474,0,0.0135445721828627,0.00389216355523622,0.00119757887706035,0,0.0151613234328842,0.0228525229470751,0.0365494621132193,0.0100374688933778,0,0.00643955090248038,0.0342592491564847,0.0181453727046313,0.0587949711229178,0.0382318845422381,0.0392214887531717,0.0142413388029042,0.00913716368961224,0.00457538555324931,0.00401220072470401,0.019306383097418,0.00926431204219423,0.0284862385767321,0,0.018681152904599,0.0108324338119435,0.00554140383954009,0.00252716592401793,0,0.00469469319917767,0,0.00155361092192581,0,0.00127398726382745,0.0213652471797637,0.0098158654527417,0,0,0.0301490453357603,0,0,0
0,0,0,0,0.00905196559945099,0.0425685171460486,0.00762734106052669,0,0.0204113308115301,0,0.00323083254725579,0,0,0,0.0038908136472469,0.00561128193951296,0.0220147576977789,0,0.0240266755051906,0,0.00359122124399367,0,0.00505471883521527,0,0,0.0137562662658041,0,0.00135011075791404,0,0,0,0.00431889283891395,0,0.00271487844253086,0.00784226710075618,0.0120393228164799,0.00494624275492071,0.0151840609746418,0.0303687228234854,0,0.0477338787944352,0,0.0178203130772307,0,0.00575581592096155,0.00805456946258996,0,0.0111980648726933,0.0193740856733734,0.0388267562588635,0,0,0.0109180856373195,0,0,0.0238603125599582,0.0177684594789916,0,0.0120584671963046,0,0.00121856966191966,0,0,0,0,0,0,0,0.000546279820176052,0,0,0,0,0,0,0.00226029114391142,0.00621699891498835,0.00010458763873742,0,0.00915388575678942,0.00168841953491319,0.0035227703973194,0.0448297303361929,0.00615779407661852,0,0.00635982118604604,0,0,0.0115922968459154,0.000663997751309766,0.0103757114295658,0.0212745462903881,0,0.00472993534911058,0.018905285896265,0.00229897320804284,0,0,0.0118788138348449,0.0161209049848291,0,0.00053344229141651,0.0123226915158558,0.000877387602096082,0,0,0,0.000633767862671262,0,0.00275543993231601,0
0.0196347702138976,0.00845552515581002,0.0016711058372691,0.00905196559945099,0,0.0562412509603443,0.0199661199638376,0.015785313068962,0.0187254535130039,0,0.0166721906748589,0.0409522411186489,0.0176750935943956,0.0316579825884779,0.00460548194156915,0.0315991753220639,0.0316549839721826,0.0268782192029144,0.0277480249564157,0.0474555415434939,0.050128019227206,0.0505267438847532,0,0.0487174099647228,0.0832076666673955,0,0.050143890923379,0,0.0805771416061311,0.0434531250774395,0.000308426047967132,0.0195977480409357,0.0137659436798375,0.0182991725432832,0.0134252448233661,0.035629867814099,0.000182085748117898,0.00313011717765461,0.040864164286807,0.0441531531735926,0.0244793658248151,0,0.00975461502685183,0.00971982213524653,9.29448452245401e-05,0.0324871670317227,0.0208916842744073,0.0367026374776799,0.0372704822194975,0.0274223933821904,0.00515417965002776,0.000805598686406821,0.0394183030794106,0.0181008839099578,0.00882633409840959,0.0262784084699296,0.0271556798340416,0.00768931874671066,0.0265112590736202,0,0.0210672945334842,0.0360263584987793,0.0244206371656056,0,0,0.00165586349501668,0,0,0.0289272874247082,0.0138295368971921,0.0316603736536264,0.0245927499449828,0.00698542492915453,0.0374105026530536,0,0.036086459766913,0.0491753919425164,0.0235932478879611,0,0,0.0200385532605215,0.0291432675374419,0,0.0501891406346712,0,0.00499475632898031,0.024158513585537,0,0.0419334420669151,0.0267554188774298,0,0.0204810116803056,0,0.0178866391792486,0.00560129647332579,0.0164188075128691,0.0233714120641044,0,0,0.0253558310120597,0.0234085064898429,0,0.00629634649509697,0,0.0578920818067811,0.0125818657908044,0.0214862074972799,0,0.0209587271797978,0.00326143252640037,0.00665621400568702
0.0493399020825448,0.0171197801756756,0.0287050407966799,0.0425685171460486,0.0562412509603443,0,0.0145941690654556,0.0424697693651014,0.0287095406876371,0.0339622817599353,0.0535762364359547,0.0425915201323282,0.0408791442203446,0.0442925005546395,0.0356165832854596,0.0385372148885288,0.0259971412505018,0.0399266978406804,0.00129511932126759,0.0446983927208611,0.0411988652824037,0.0443358782299189,0.00793086551427477,0.0491940136867169,0.0862392656269291,0.0188139367643882,0.0929493812755469,0.0323467273290174,0.0853984643651886,0.053218800507646,0.0380914478249326,0.0105058968166219,0.0412913227863474,0.0385999363576501,0.0558623482836663,0.0353992959963025,0.0154248184869069,0.0483149875238989,0.0231447332920352,0.0450550325862258,0.0103325212219369,0,0.00304549054446356,0.00942410369703349,0.00870513278191957,0.0356957631679346,0.0400725182866788,0.0381622286010563,0.0462474651152104,0.019475612535973,0.0377947891557544,0.01821958245845,0.0399588701502421,0.0246206447809765,0.0497198398664709,0,0.0167607047773596,0.0125118700035489,0.0474707960657879,0,0.0207228421781709,0.0554646252560928,0.0212277580836008,0.0328483175183945,0.00928326332990859,0.00827301577756624,0.0207133718406409,0.0151295765264658,0.0325244680344593,0.0176801619310835,0.0223194287189042,0.00852270619153837,0,0.0257074526668554,0.0387591825783489,0.0359281097843685,0.00627087615049588,0.0368652520694322,0.0144959716773342,0,0,0.0249009758452661,0.0516585195067241,0.047286390399375,0.00475294314553963,0.0183902951677715,0.0146046264254821,0.0037238662934782,0.0506318720261739,0,0.0344386083810755,0.0260802607438849,0.0164278743223824,0.0519043700960501,0.0411302213295512,0,0.0345960975580015,0,0.0195103167232691,0.0611375955008,0.00308905662411018,0.0468088601611991,0.0332801659915028,0.0193131295092012,0.0473737581188514,0.0469223906334596,0.0360174068437313,0,0.0228325142232367,0.0335794315042901,0.0284779713762936
0.0133403008571668,0.00345912476581843,0.0132407472228794,0.00762734106052669,0.0199661199638376,0.0145941690654556,0,0.0104095396151201,0,0.0250812495635126,0.0235940380989089,0,0.00440435453524456,0.00567590509275723,0.015038084359773,0,0.0311526195810967,0,0,0.00123249320149859,0,0.00758419462737842,0.0106039388829387,0.00093253366159824,0.00154405405320787,0,0.0214353211191184,0.000156257369201039,0.00307717498891727,0.0109362338001819,0.0043059167733526,0,0.0092774856148346,0,0.0138760088922653,0,0.0202393381034757,0.0169641879765474,0.00946002666610204,0,0.071891566354431,0,0.0141742653556943,0.000786464612215861,0.0531183177579107,0,0.00811901256797926,0,0.0009191725700454,0,0.0319171063236814,0,0.00220861122685016,0,0.0155757616966305,0.0128106318492679,0.0345729092450343,0.00357405655964193,0.00680704474289061,0,0.0134187773546386,0.0317968167700517,0.00161597736318849,0.0252323164144365,0,0.0193972623012117,0.0482634368209817,0.00825784799983987,0.0556671994889694,0.0299984234344412,0.0189675968525047,0.00487894573078318,0.0156495602562956,0,0.0566726802826251,0.0131144217992192,0,0.0224083017562951,0.0282677259131011,0,0,0,0.0649967053873876,0.0119356278038197,0.024383669500081,0,0,0.0440528369934772,0,0,0.0167942552022935,0,0.00225991850645491,0.0178037909790027,0.0187739504595835,0.0257200447056989,0.00518110624646715,0.0130137411215948,0.0294004015753413,0.0234551600393764,0,0.0185629076904352,0.0350643224616975,0.0254248080010095,0,0.0276067920099764,0.0285556180988402,0.0308770213626838,0,0.0316562340505814,0
0,0,0.0247365387507686,0,0.015785313068962,0.0424697693651014,0.0104095396151201,0,0.0287903074437447,0.0103515301119021,0.0120789356615128,0.00298846696811876,0.000682353442579312,0,0.00379181633053489,0.000861369479286468,0.0247242970758265,0.00843500609133084,0.0175664866437806,0,0.0043640989710523,0,0.0035754144188893,0,0.00042386704326482,0,0.00552188615407919,0.00827953695651579,0.00434845711932245,0,0,0.0063750479195283,0,0.000597839278477923,0,0.0205876650629175,0.00522622811728255,0.0288601534033903,0.0301622813855412,0.00903646884605577,0.0515677182957284,0,0.024598065091536,0,0.0166420359733769,0.011852940113743,0,0.0177612463581072,0.016776856093959,0.036759487050349,0.006815836152324,0,0.014451031237001,0.00709665337138995,0.0113423827702736,0.0402956483990487,0.0276428851505817,0.00264669596818256,0.0145184428984794,0,0.00584114852540149,0,0.00181339160750347,0.00736879806699227,0,0,0,0,0.013532045651656,0,0.0134449061063166,0.0089300624630707,0.00237503846721773,0,0.00400944276702943,0.00962904760516251,0.0357625902289763,0.00300606155702724,0.0040119396498618,0.0114925528339351,0.0198755956867415,0.00832614828708478,0.0736191645660601,0.0105460018217415,0.0321633998639435,0.00956408645217665,0.00218477958839996,0.000590435778960623,0.00217394900831464,0.00940607448663218,0.0218161912490303,0.0152896085927322,0,0.0247150833312778,0.0170106239317021,0.00401270062231887,0,0,0.00695529917251118,0.0149572994693605,0,0.00268112360595975,0,0.0210039795356868,0,0.00579893613683785,0.00419923049255707,0.0145481477051735,0,0.00740943146526577,0
0.0125086377305155,0.0162265099387452,0.0430158574135687,0.0204113308115301,0.0187254535130039,0.0287095406876371,0,0.0287903074437447,0,0.0176385774901274,0.021771251713453,0.00706616888136677,0.0066666513030764,0.0126045875066499,0.00935428261404837,0.0189227963516325,0.00967802699654492,0.021226677713678,0.0195362143726894,0.00480398873016541,0.0034288560579767,0.00541620373155082,0.00381243105996331,0.00367091336237024,0.000660999231173028,0,0.00211909490497646,0.0193397740027971,0,0.00198367595997535,0,0.0129174027860353,0.011187369762433,0.0201858387377701,0,0.0122178271688845,0.0122039349631249,0.0446197950842527,0,0,0.018020823563761,0,0.00883211123919061,0.00558914467040581,0.013824893811779,0,0.00102072908464903,0.0034026380976655,0.00841407943863738,0.0134852822643752,0.0195754728458342,0.00572306524022793,0,0.00249587038075395,0.0327581327444585,0.0143314182584102,0.0160587814887566,0,0.0114308518264559,0.0053539040125552,0,0,0,0.0212930503153803,0.0274784619359306,0.00798885783557465,0,0.0311376405334407,0,0,0.0161135219503472,0.0147614097376215,0.0140239385840435,0,0.00932174018693125,0.000667988717926481,0.00968364470995349,3.92395943304889e-05,0.0134046431679707,0.0109118587096469,0.014584838489096,0.00183731476292699,0.0621453289431651,0,0.0408782100452342,0.00433206577867062,0,0,0.00664503609683889,0.00959178081273932,0.0291491960398259,0,0,0.0248785067128411,0.0104566972724823,0,0,0,0.00672712753491235,0.0213671175246187,0,0.00646514311282737,0,0.0234536342408832,0,0.0202787295875433,0.0132268083786032,0.00432570286200047,0.00527372384487605,0.00546565571045123,0.00358006336381977
0.00600011295473949,0.012547334245249,0.00223528961369467,0,0,0.0339622817599353,0.0250812495635126,0.0103515301119021,0.0176385774901274,0,0.00470317922899045,0.0292088221055072,0.0187342769936417,0.0378383217260801,0.00939842085324133,0.0272185391383389,0.0103382936514871,0.0347079867829296,0.0384989278506649,0.0535932242223972,0.0630419732623915,0.0473737487167209,0.0138576341183976,0.0452551465298175,0.0303835101685603,0.00888403365079349,0.0277300727630748,0,0.0658514356087731,0.0430800674966748,0,0,0,0.0141250593919248,0,0.029668949798482,0.00841557918426736,0,0.0531266549569059,0.0180480398351574,0.0425143041476709,0.00929797296589467,0,0,0.0273232753246938,0.0218152277853969,0.0157213625037625,0.0226542261750971,0.0396329514551476,0.0444719335191178,0.0329219926905157,0.00984576911820119,0.0288972227584454,0.0101573386889648,0.0209269251922087,0.0233880338736606,0.0275597196263655,0.0146471012801996,0.0109246077228256,0.0165959211888493,0.0153167407063611,0.0248281073191984,0.0116960613276134,0.0201733649895462,0.0109905087854626,0.0148632820810362,0.0220644311189651,0.0279424362092487,0.0221674679176186,0.0133608057701513,0.00726994450574248,0.0201937582324613,0.0263877026896988,0.00771185128698708,0.0237727365725493,0.0362468774448562,0.031547951171301,0.0329408071664705,0.0173285228405991,0.0213777851289485,0.0453935318750145,0.0357801293830371,0.0339237046745984,0.0390105679968078,0.0159733660994763,0.00909059103713561,0.035176986066684,0.0107233843928328,0.0141604161057368,0.0334270967008383,0.000746144734703143,0.0316220963909644,0,0.0133846470805218,0,0.0257418195347504,0.021630562542449,0.001759043336446,0.00196143491436482,0.00833979732854894,0.0208173152400567,0,0,0,0.0493893347394289,0.022146861939893,0.00541655932703608,0,0.0119720769928919,0.0024853158632794,0.0299359738841512
0,0.00317430415231028,0,0.00323083254725579,0.0166721906748589,0.0535762364359547,0.0235940380989089,0.0120789356615128,0.021771251713453,0.00470317922899045,0,0.025914536996811,0,0.0255566024293444,0.00810026747163651,0.0257350008703242,0.0451795011162535,0.0360206427839155,0.029790859976748,0.0342578499605028,0.0438366143127726,0.0502192102496413,0,0.0254109396265828,0.0510265693813449,0,0.0200337748926878,0.00191955331938764,0.0461547193788337,0.0563449930477815,0,0.0133971369309301,0.0182175556657868,0.021237616503808,0.0142332383655621,0.0264992384149224,0.00736077439979913,0,0.0419253652358576,0.0406460039327468,0.035165470247962,0,0.0194494491816129,0.00230380877647573,0.0085046242323839,0.0383491293694611,0.0134619922903789,0.0351754312890377,0.0406465356482304,0.0377987878993768,0,0,0.0505678531341905,0.0076714570718673,0,0.032985816222009,0.0331693958910636,0.00587761965871785,0.0118488422595475,0,0.0151835439113239,0.0333379801025954,0.0107448462117648,0,0,0,0,0,0.0259127142194085,0.00663074707918471,0.0282304473013405,0.0198818562375212,0.000882068089243763,0.0130725176056912,0,0.0272720320691245,0.0503902172171871,0.0188865199804861,0,0,0.0179365368085229,0.0167475943234152,0.0113830883243261,0.0450318973057553,0,0,0.0170078658820981,0,0.0213000184081101,0.00625209168514114,0,0.0178728036853582,0,0.0194567550623495,0.0113302036027336,0.0133966536738625,0.0136263076361317,0,0,0.00393471321096823,0,0,0.010045166470561,0,0.0485674755958556,0,0.0163148887665052,0,0.00127916663753219,0.00360400928499022,0
0.0146679090102589,0.0133126836090208,0.0304919409561914,0,0.0409522411186489,0.0425915201323282,0,0.00298846696811876,0.00706616888136677,0.0292088221055072,0.025914536996811,0,0.0456610157411967,0.011002558646039,0.00401491437942326,0,0.0371271337509143,0,0.021012717351488,0.0130423051657781,0.00360961397660658,0.0159230949368838,0,0.0226515264722313,0,0,0,0.0509552306525445,0,5.61135951320237e-05,0.035850534906645,0.0127934819695329,0,0,0,0.00830007277078296,0.0430678402759005,0,0.013704888719487,0.00471246421947991,0.0136787213333234,0.00521324562460219,0.0523444894183712,0.0429419044373138,0.031755315847284,0,0,0.00782013374966421,0.0186903373833197,0.0125733903448753,0.00493500777689764,0.00223474226698902,0.00662582918855917,0.00336630666346478,0,0.0395447110568951,0.0783262272089885,0,0.00486857152761263,0,0,0,0,0.0162931932014641,0,0.00287389963895654,0,0.00738986804488724,0.0297310836630146,0.000168277563127118,0.031415804401051,0.0344498528473098,0.0157750980432859,0.035823676363341,0.0346768429452677,0.015916166704789,0.0556029759686325,0.00561517139444818,0.0206012580075425,0,0.0270933913341073,0.0125612490835965,0.0462197402492336,0.0236623531700009,0.0555797095315975,0.0112170280792663,0.0191253865481764,0.007771980121737,0,0.0370328313612242,0.0209119211070788,0.0314240130052973,0,0.00800392277752839,0.0431238968411933,0.0183247158255889,0.00954718316140507,0.00601475339306326,0,0.0216857350268446,0.017945612125282,0.030403693823946,0,0.0646829898608808,0.0085166693451974,0.0312559064562729,0.0366214949244613,0.00936096767875368,0.0254388219011875,0.00326916378660051,0
0.00612238504341282,0.00612122609663383,0.0194255145630123,0,0.0176750935943956,0.0408791442203446,0.00440435453524456,0.000682353442579312,0.0066666513030764,0.0187342769936417,0,0.0456610157411967,0,0.00195564538271198,0,0.0118237325708418,0.0447332376759305,0.0101807936815965,0.0192800226450825,0.0119008758142967,0.0257112571396409,0.0115229324002034,0.00403424261821933,0.0258925665750609,0.0408360366172901,0,0.0222999341064611,0.0140295350589634,0.0636340775309845,0.0030478675056327,0.00469704809883466,0.0207604103999484,0,0,0,0.0273364011955814,0.0160662979168098,0,0.0210090696052762,0.022237361974669,0.0184754476316269,0.00595457140431742,0.023557432191308,0.023188056344737,0.0118635881622504,0.00856365552582251,0,0.0196910412140287,0.0181476850284912,0.0154498115779092,0,0,0.0185422918115954,0.0155573448319747,0,0.0351570791923104,0.0445300199260117,0.0043844973541131,0,0.00430563149362991,0.00965948847970788,0.00171146119001399,0.00829942154212237,0,0.00473776300552534,0.00771128521339928,0,0,0.0248632762277136,0.000817344443446576,0.0336491695948978,0.0266189825009119,0.0064427307561219,0.00757417417015401,0.0155053204005519,0.0182892280205641,0.0534762580452086,0.00652162870760073,0.00536780288057397,0.00612196147813321,0.0242772640242778,0.012867109328412,0.0218289852310528,0.0357102986575915,0.0268003173823451,0.000895333072935722,0.00978248020239624,0.00168896247216002,0,0.0296948455660212,0.00862904237869946,0.0237045393703554,0,0.0268737283507896,0.0285605289487008,0.0196773951111268,0.00223481877775381,0,0,0.00588397578541738,0.00316935914536366,0.00606543629052498,0.00150648948990169,0.0444041211433564,0.00233366051583734,0,0.00619909753060952,0.00255454625647217,0.00287979959015377,0,0
0,0.00133015431453079,0.0441444025252148,0,0.0316579825884779,0.0442925005546395,0.00567590509275723,0,0.0126045875066499,0.0378383217260801,0.0255566024293444,0.011002558646039,0.00195564538271198,0,0.00705181981458723,0.00437292134122621,0.0314021695614416,0.00671978105213733,0.0198041165230371,0,0.0150668129536297,0,0,0,0.00233278921729472,0,0.00517531947158275,0.0193958090058875,0.00833445883031631,0,0.00281860604827546,0.0167549185296439,0,0,0,0.0221126840056211,0.0187371049541026,0.0123767663969692,0.0226158114261053,0.0120615159310166,0.0386128365705463,0,0.0217842646771501,0.0181539911672762,0.0238618657471417,0.00914636849891393,0,0.015324614740979,0.0158219040853373,0.0272808762860432,0.0100783159857662,0.000301712998933087,0.0143176150323902,0.0028632351091477,0.00571434140529829,0.0355815832300814,0.046653994367612,0.00288381580796724,0.0110727790783648,0,0.00173298021391873,0,0.00430067034755398,0.0120954674509743,0.0042511646249409,0,0,0.00951965767288633,0.0237018175764795,0.00488282482511199,0.0300316575366879,0.0285130878888566,0.0151497866635426,0,0.00811742677428494,0.0198320034322047,0.0514138752933244,0.0111559877632813,0.0222928905065368,0.00635892300942835,0.0304947551581097,0.0157789388356271,0.0683738826534289,0.0155360614187641,0.0457278145967747,0.00211450344773515,0.00550921689053894,0.013106729805957,0.0019854487172039,0.0130842365640836,0.0157659143090324,0.0232557290436969,0,0.0354261002254374,0.0243237849325026,0.0174709331085143,0,0,0,0.0192861171327534,0,0.0125174569348023,0,0.0563937986541317,0,0.0306449935785792,0.0306754095816886,0.0110349669923158,0.00171153263878536,0.000827974664220544,0
0.00808852503648246,0,0,0.0038908136472469,0.00460548194156915,0.0356165832854596,0.015038084359773,0.00379181633053489,0.00935428261404837,0.00939842085324133,0.00810026747163651,0.00401491437942326,0,0.00705181981458723,0,0.00286899702292474,0.0499064531245516,0.0208748456875266,0.0112481723545186,0.00939800124515127,0.0119888553470827,0.0131744989481786,0,0.00916947897629624,0.0312717758287234,0,0.0073797998837075,0.0159075959723219,0.0382276597814425,0.0206076430471003,0.011690040296978,0.0299095859173845,0.012923208054257,0.0240997007398353,0.00582443290473127,0.0267834034197415,0.0259388324862069,0.00501949331888811,0.0300819744578943,0.0317064572758625,0.0214018836427567,0,0.00253539833624641,0.00490573724344102,0.00393181572106425,0.0237163908714087,0.0121481278265392,0.0372874213459543,0.0416639408123567,0.0291249960547194,0.0137832848824985,0.0209319748222374,0.019066077013243,0.00128075248338704,0,0.0413349730791144,0.0525442164255761,0.00854869753647898,0.00414361449278918,0,0.00977036520024397,0.0217716099605108,0.0201574288185024,0.013739977470524,0,0.00207454647106689,0.0198420918784847,0,0.0543649007336862,0.0469294962756942,0.0462610111965779,0.0439667443558988,0.0317089012887836,0.0335274206987898,0.0132686893988003,0.0584724252657421,0.0342579251131219,0.0480560178808303,0.0144237025071712,0,0.00719064004637663,0.048633120208235,0.00252252249315837,0.0232330312681146,0,0,0.0169756403520608,0.0274547611090695,0.0258631878780848,0.00717791191396093,0.00838141636845007,0.0124590572191691,0,0,0.0116721305532349,0.0205617631677048,0,0,0.00918297174591442,0.0216213358457249,0.0130229143576798,0.0209573284436353,0.00502932563466538,0.00560813132493186,0.0297493014059447,0.00841731305232213,0.00989935660952004,0,0.0163869790905737,0.00258031262078081,0.0131378903290897
0.000334942139384382,0.0041379267493599,0.0244318412596863,0.00561128193951296,0.0315991753220639,0.0385372148885288,0,0.000861369479286468,0.0189227963516325,0.0272185391383389,0.0257350008703242,0,0.0118237325708418,0.00437292134122621,0.00286899702292474,0,0.0306951396226173,0,0.0213569786222418,0,0,0.00198675404856635,0,0,0,0,0.00976018945906465,0.0308465573680641,0,0,0.00561484122712337,0.0032732853717951,0,0,0,0.00353640740614222,0.0193764113141532,0.00532050345748073,0.0191950004588409,0,0.0283974117511565,0.000414046801846924,0.0352023506942907,0.0366650471415968,0.0311288514991782,0,0,0.00446435796720178,0.0161727027629915,0.0155053608745445,0.00542637986974677,0,0,0.0090248803123091,0.0105541690783134,0.0310875153890136,0.0443606588685545,0,0.00929919224374727,0.000815070861733445,0.000353012515767921,0,0,0.00950441284329752,0.0107593176422976,0,0,0.0255992955953351,0.022490540314521,0,0.0165826505891383,0.0161146345383131,0.00215041854010705,0.0343092540259449,0.0313960821524863,0.00284266149988437,0.0363028035088252,0,0.00521651128033904,0,0.0185606830538913,0,0.0484452044457432,0.00238091409334825,0.0445602461208428,0,0.00230966111077832,0,0,0.0366980156271067,0.0226696873640221,0.01288686283753,0,0.0337727108146807,0.0292607878902063,0.0083808959940594,0,0.00718176584513576,0,0.0204429655058498,0.00576207115718073,0.0143440965369134,0,0.0516157927988606,0,0.0292300817083262,0.0246345203938012,0.00755717451577253,0.0161309236485149,0.00168567793498113,0
0.0264474748076901,0.00951419130397039,0.013803933838052,0.0220147576977789,0.0316549839721826,0.0259971412505018,0.0311526195810967,0.0247242970758265,0.00967802699654492,0.0103382936514871,0.0451795011162535,0.0371271337509143,0.0447332376759305,0.0314021695614416,0.0499064531245516,0.0306951396226173,0,0.041008901953791,0.0210359114744191,0.0360367116096887,0.0304117406069454,0.0221474623023098,0.0446133706985331,0.0396014504701883,0.0685230864089076,0.0114700191679799,0.0566975644071169,0.0353575979798093,0.0485716049429187,0.0450094359592595,0.0399326230527699,0.00160867708361217,0.0316858457257153,0.0292944780682929,0.0357148870287578,0.0331444145522872,0.0405147527143538,0.0344450804709376,0.0190849943171019,0.0396706641269508,0.0306910525640602,0,0.071834202615238,0.033859015742814,0.00724184087598755,0.0369476395917526,0.0580965927455333,0.035389413216358,0.0166094573837866,0.0230020561070882,0.0315892670499289,0.0287698514119887,0.0377141859517756,0.0216948912449403,0.0359898808565298,0.0321897648358849,0.00303683490190403,0.0371709666971743,0.0187132350268485,0.0312597489766693,0.0528301524458494,0.0499005969070569,0.036356521561339,0.0234977701234901,0.00674624678992598,0.0085367367976222,0.0179548130876487,0.00983068488666799,0.00029734906758644,0,0,0,0.0102927373513545,0.0754234819876447,0.00347902269829588,0,0.0185979733299228,0.0140926088397429,0.00433128790209023,0.0202773038042181,0.0391233979785161,0.00687334465804635,0.015293888547261,0.0292913707018988,0.0603532219836582,0.0983917877590518,0,0,0.0384413208906214,0.00431427629371794,0.00380682247894684,0.0231757740184196,0.0339414511224395,0.0463390118687739,0.0296893722320451,0,0.0251425783091246,0,0.011096127302736,0.0234881661729081,0.0405452229529218,0.0345922541486589,0.020451576443177,0.00502900908973288,0.0390326714667105,0.0403757334960179,0.0348422205347541,0,0.0181176700445799,0.00514704930384718,0.0266255971585489
0.0146970694696489,0.0258249253321925,0.0275713450887014,0,0.0268782192029144,0.0399266978406804,0,0.00843500609133084,0.021226677713678,0.0347079867829296,0.0360206427839155,0,0.0101807936815965,0.00671978105213733,0.0208748456875266,0,0.041008901953791,0,0.0446936584794427,0,0,0,0.000236365885728681,0,0,0,0.00945243367624552,0.0486117005521124,0,0.00219205593912479,0.0104131899311988,6.91781863322921e-05,0,0,0,0,0.0440502613641163,0.0128210050552347,0.0247813759662585,0,0.021397976639978,0.00561119237645101,0.0283497794256542,0.0560377015947078,0.0238871159986001,0,0,0,0.0308079016848919,0.0138786318494681,0.0270674815969444,0.0148925711705231,0.00644199457659927,0.00977088629038728,0.00796191336506415,0.0192287671177429,0.0419543439635066,0,0.0113589079469266,0,0,0,0,0.0254457064027479,0.024059063202298,0,0.00841837108790397,0.0241628937180469,0.0191528083490569,0.0220442098787337,0.0344712333217405,0.0353310493717433,0.0336251571206758,0.0747417508962939,0.0381343683339308,0.018530179241785,0.0575041611658974,0.0174634457527842,0.0271841084448688,0.00119365440451584,0.00545689754039131,0.0237313386303933,0.0374277997646821,0,0.0408625251117646,0.0247289967514908,0.00359209179967941,0.0040586646998159,0.0124157614244203,0.00279389661129924,0.0148351401107161,0.0228771380920021,0,0.0168502534768291,0.0255955445797447,0.00782136933663202,0,0,0.00345507470801644,0.0232363829685617,0.0307438500304734,0.0141809996299696,0.0139806784231159,0.0220112012791315,0,0.0317065484456123,0.0411390357873733,0,0.0122977108449965,0.0101701557873549,0
0.0321606648767901,0.00475387672647795,0.00489305087375953,0.0240266755051906,0.0277480249564157,0.00129511932126759,0,0.0175664866437806,0.0195362143726894,0.0384989278506649,0.029790859976748,0.021012717351488,0.0192800226450825,0.0198041165230371,0.0112481723545186,0.0213569786222418,0.0210359114744191,0.0446936584794427,0,0.01951043412574,0.0184166997619263,0.0236566245397816,0.0105229903787719,0.0228616422197474,0.0490626617179607,0.0055694165889469,0.0457269381125266,0.0238095730149413,0.0433647906646143,0.0212368498154885,0.0202780699593748,0.00235801459984906,0.0179409036797091,0.0316897208321243,0.0191899016824669,0.00011653992578405,0.0148669068640363,0.0190368468609667,0.04010679032969,0.0110514182605483,0,0.0186643112358406,0.0144136706207457,0.0126237769982202,0,0.00994507072024041,0.00389608680839882,0.00186017715026082,0.029287471575114,0.00970682310679245,0.00521819892979753,0,0.0123990174612434,0,0.010786445790977,0,0,0,0.0266551538949058,0,0,0.016572020109773,0,0.00669113871451087,0.0333145073611015,0,0,0.0186527167105793,0,0,0,0,0,0.055097904062676,0.023181211685987,0.0164691846570609,0.0136447372043123,0,0,0.00555782515539427,0.00193851507423044,0.0252237664447422,0.00116724587917365,0.005853960329646,0.0103606340766591,0.0360460928696713,0.0239242103010843,0,0.0528307711732945,0.00189375161783865,0.0247678245278983,0.0155799502777353,0.00521453298281994,0.0136049554702424,0.0142903905054795,0,0.016361879459629,0,0.0265587065205743,0.0349482856041808,0.0410125521676665,0.0202451083834633,0.0248600460505097,0.0243220271769371,0.0265330264481667,0.0184370856247797,0.0120266028916576,0.00301140032343167,0.0232910300771318,0.0217452368303589,0.0221939546685813
0,0.00194820121321395,0.0336283271247854,0,0.0474555415434939,0.0446983927208611,0.00123249320149859,0,0.00480398873016541,0.0535932242223972,0.0342578499605028,0.0130423051657781,0.0119008758142967,0,0.00939800124515127,0,0.0360367116096887,0,0.01951043412574,0,0.0360833954340589,0.0127374432990729,0,0,0.000901462687562215,0,0.00423523499921484,0.0326939934670165,0.0138707197152595,0,0.0145804895657637,0.0155319063323672,0,0,0,0.0172833097248224,0.029640807004313,0,0.0214152891870171,0.0146171201619225,0.0323342418822654,0,0.0242885898022847,0.0282070407889624,0.0325911810483089,0.00927437472794406,0,0.0127272804802304,0.0130778562164386,0.0220588683986335,0.00598423915871303,0.00172567455407003,0.0150602772068191,0.00160111263982831,0,0.0353458630217214,0.0690611729073108,0,0.000583732675668787,0,0,0,0.00055092316490637,0.0134541727135042,0.00319889461538384,0,0,0.0130671157666654,0.0339745442888397,0.00991670286385882,0.042358372435496,0.0431465834502844,0.0228582290639162,0,0.0134731091247625,0.0258440104831525,0.0558229341876854,0.0164490336415094,0.0287146344790595,0.000215780872306838,0.0311118630483984,0.0192416766725151,0.0584427861053794,0.0188122972689596,0.0432018417441364,0,0.00974498353892735,0.0175221805446142,0,0.0183995500802538,0.0130078049442546,0.02713705620027,0,0.0358776111875883,0.035277968139458,0.0239483223491354,0,0,0,0.0203807942911765,0,0.025131711539824,0,0.0884104221096177,0.00276861269408709,0.0459253858811289,0.05080367865925,0.0113390628973972,0.01959232497751,0,0
0.0084733655155143,0.014363516968903,0.0446144330896913,0.00359122124399367,0.050128019227206,0.0411988652824037,0,0.0043640989710523,0.0034288560579767,0.0630419732623915,0.0438366143127726,0.00360961397660658,0.0257112571396409,0.0150668129536297,0.0119888553470827,0,0.0304117406069454,0,0.0184166997619263,0.0360833954340589,0,0.0241183547648612,0,0.0245766370351089,0,0,0.00227585182305586,0.0372791084551854,0,0,0.022898027243148,0.0123988742736039,0,0,0,0,0.0351764145593027,0.0116323592878199,0.011041273921594,0,0.0236423316298866,0,0.020836891062183,0.0336771287058152,0.0515103306438337,0,0,0,0,0.0184615175917519,0.0198516027402122,0.00450661220889318,0.00375009854413326,0,0.0216944233633603,0.0238028631695792,0.0663055173638604,0,0.0092712646368338,0,0,0,0,0.0276497715133354,0.00381273154842452,0,0,0.0180843375101174,0.0215221013456742,0.00150207606291402,0.0264879405185077,0.0366045038857837,0.0226167195127693,0.00400790417808532,0.023102145838486,0.0108581361998834,0.0438832968471691,0.00808390956722772,0.0314390103996187,0,0.0257073940036291,0.008249862132885,0.0638980759622977,0.00775743376713601,0.053745912492571,0,0.0170252976431171,0.0089511216591273,0,0.0217860639972901,0.019330201703859,0.0194758466764402,0,0.0233152300295109,0.0400536106729014,0.0247575972639822,0,0.000870093423521383,0,0.0299318714577084,0,0.0348417624477184,0,0.0871685580112854,0.00326910261224422,0.0554419004937647,0.0557746811165834,0.0224134571016431,0.0367617595733678,1.22511029077242e-05,0
0,0,0.0037217756980132,0,0.0505267438847532,0.0443358782299189,0.00758419462737842,0,0.00541620373155082,0.0473737487167209,0.0502192102496413,0.0159230949368838,0.0115229324002034,0,0.0131744989481786,0.00198675404856635,0.0221474623023098,0,0.0236566245397816,0.0127374432990729,0.0241183547648612,0,0,0.0160327540908124,0.0258048170737878,0,0.00921202946546959,0.0254424035203493,0.0219671048047577,0.018244360182139,0.0147362657919701,0.000496198462337575,0,0,0,0.00790559029621701,0.0216653305130195,0.0036706570275423,0.0509089004560644,0.0239721398537168,0.0573247017831115,0,0.0291711965240164,0.00361964293643622,0.0318423391476952,0.0252050568741481,0,0.0242887325771078,0.039208797967817,0.0270149317143468,0.0179720645792805,0,0.0169903909034502,0.00636481753792392,0.00127314419999066,0.0373997181362262,0.0640582291162933,0.00062124412118164,0.00191339515915514,0,0.00104805283240148,0.0103380981725198,0.000574147166052995,4.74229420806271e-05,0,0,0.00660712178258427,0.007198229354876,0.0429221277285952,0.0229369279510531,0.0520721831048462,0.0514903817866903,0.0266482588998346,0.00484260733956263,0,0.038454845151513,0.0627695553256003,0.0302414995530931,0.031269691093034,0,0.0288508966305901,0.0242745256409167,0.0346834533430323,0.0170892176056101,0.0209141185693434,0,0,0.0223059967588056,0.00714552516566689,0.0112914198084097,0.00351314451411959,0.0207806103001426,0,0.0477168766113462,0.031850851650427,0.00912146737731676,0,0,0,0.0081883568846761,0,0.0297646114241755,0,0.0183032851039887,0.0274262787406393,0.0369212853678268,0.0386375700955983,0.000341811654821415,0.0188941695058922,0.0116543401124394,0
0,0,0.00882982445328069,0.00505471883521527,0,0.00793086551427477,0.0106039388829387,0.0035754144188893,0.00381243105996331,0.0138576341183976,0,0,0.00403424261821933,0,0,0,0.0446133706985331,0.000236365885728681,0.0105229903787719,0,0,0,0,0,0,0.0186474132872652,0.0157998886294681,0.00715701707734134,0.00211221318742067,0,0.0131530649557085,0,0.00703489767947076,0.0121191204862798,0.0110579104503552,0,0.0461712541516929,0,0.0455178504256797,0.0269388811918899,0.054604618200601,0.0271308772948713,0.0804891221663866,0.00428835807805508,0,0.0236217995085027,0.00305489317034674,0.0443095988576041,0.0954720057522099,0.0443616842632459,0.0133822059885302,0.00906494047308116,0.0203371241515602,0.0167106332916891,0.00211233810069709,0.105899521760724,0.0677095667155654,0.0105363706918793,0.000692331641573095,0.0104712061000961,0.0123323631249268,0.00348909397242823,0.00184534666534258,0.0332206220774528,0.0439712128136808,0.0243756896506638,0.00655508242179546,0.0234441141490704,0.073117522573785,0.0129416345267055,0.0525198521811601,0.0412561707529767,0,0.0562633670580493,0.0822592154665663,0.0262422176278905,0.0768131062892756,0.0161917269169955,0.00593592187962392,0.0261477338730336,0.010525878571971,0,0.00482250941779478,0,0.0440487616477749,0.0510374980669779,0.00083698583159313,0,0.0010877823507177,0.00947117706594135,0.0377737779540439,0,0.0319966252973882,0,0,0,0,0.00975003737297241,0,0,0.0221108543486308,0,0.0422497105909268,0.00611042845268393,0,0,0,0,0,0.036186067643286,0.00345530649933293
0.00202651966305033,0.00314169092882001,0.0255204182395681,0,0.0487174099647228,0.0491940136867169,0.00093253366159824,0,0.00367091336237024,0.0452551465298175,0.0254109396265828,0.0226515264722313,0.0258925665750609,0,0.00916947897629624,0,0.0396014504701883,0,0.0228616422197474,0,0.0245766370351089,0.0160327540908124,0,0,0.00794210786545636,0,0.00791357408045231,0.035505337043167,0.0295932004304375,0,0.0234336905351426,0.0152277619741143,0,0,0,0.0228431686903114,0.0330407441099061,0,0.0201326517572163,0.0182329847897483,0.0271298856228806,0,0.030386094081033,0.0296136652601612,0.0272240890680761,0.00835413431328853,0,0.0149511328193815,0.0166108137795263,0.0171850860798734,0,0,0.0145000904522451,0.00641958634553688,0,0.037946535330005,0.0758154051498738,0.000648217003533595,0.000162397792143534,0,0.00339334231703345,0,0.00426576256428407,0.00675981647704121,0.00232072573819679,0,0,0.00897884692272317,0.0349982980157544,0.00954878458147249,0.046380340473956,0.0443827370729213,0.0191429833217029,0.00181081865341485,0.0151498651556432,0.027892717641547,0.05944557401167,0.0174440697452857,0.0249431317034513,0.000377649798780766,0.0304138050016159,0.0209738804021096,0.044736960027274,0.0220226178523287,0.0349518343173202,0,0.00794406711902615,0.0191983882749417,0.00250420467807101,0.0227324905689302,0.0117333459819136,0.031782257418425,0,0.0297976244137242,0.043800634742362,0.0235064255501016,0,0,0,0.0220880053016653,0.00323962295279225,0.0283077127837555,0,0.083593819015371,0.00259655285536729,0.0240658313387811,0.0333175270984534,0.0099468919651353,0.0220648857163864,0,0
