0,0.00673405531655055,0.0503568593392044,0.045368561781794,0.0101626516711363,0.063561411230087,0.100041230113087,0.0538709816013691,0.0352550116619656,0.0230104421926773,0.0599990129542287,0.0752066545336589,0.0446332220619484,0.0156116261610637,0.039946905990462,0.0129663909129687,0.0710299978708459,0.0279785316838276,0.0124226189989486,0.0146078157160832,0.0273135964551532,0.0108409169808887,0.0242424503810346,0.0246358926801343,0.019358929461123,0.0170321839562447,0.0504293947534635,0.0906647684323767,0.101303059180596,0.0654802301189178,0.0706392142048939,0.0100063375679486,0.0123197907293829,0.103039112488481,0.0951910044610908,0.0232742431488911,0.0156216227603113,0.0183553427142021,0.0940102514737909,0.0357388114428956,0.0452841641606654,0.0662292910508871,0.103149577059289,0.0424072589632807,0.0797244454071308,0.0621751472134167,0.0902359319997706,0.074350956612376,0.0650497988209927,0.0881589209359228,0.0516906523737733,0.0872654967428314,0.0883841510370377,0.0691328884009823,0.0764338259037285,0.0625921333293562,0.0604021391243062,0.0675862630854056,0.0312666581892688,0.0864170460972194,0.0811855427293006,0.0255350185907099,0.0370967633269229,0.089052425393913,0.0350652329997698,0.0201242419747283,0.0189986499871494,0.0739728996671349,0.0655749527080676,0.0529484727333189,0.0327797617518654,0.0962368257200241,0.0554023934658223,0.0648485829420806,0.0647512389313986,0.0402229476156191,0.0735483980175362,0.0555890364533979,0.0437324695952444,0.0389353189235909,0.0785179877418327,0.0454187446373248,0.0388798190432097,0.0147232730215618,0.0312149192726648,0.0390610677392399,0.0666472228549545,0.02499385366287,0.0238809693462419,0.0621670517339257,0.0164165637023871,0.0152654997299169,0.0195791160864221,0.025006203760912,0.0210866804710198,0.0379269589527709,0.0189320883449603,0.017388472719369,0.0143593535792605,0.0102411605540064,0.0381052217532383,0.0213446374241813,0.043559834920479,0.01061721708088,0.00245135114111412,0.0621331644894207,0.0116839406032495,0.0110492596540779,0.0263714306161155,0.0147878823316348,0.0242999199435324
0.00673405531655055,0,0.0441707759269687,0.0552548971157713,0.0155210644734033,0.0711957800610181,0.129745217057913,0.062456530082998,0.0250278572345711,0.00984583109392365,0.0649732415111406,0.105473488180457,0.0495894397224829,0.0183331308857051,0.0445618873830889,0.0490586450018413,0.0629745959655334,0.0536842102200935,0.00370379399956023,0.0152550360940038,0.0219042448526636,0.0219821156192011,0.013326609420919,0.026796156620932,0.00844930520074278,0.0222277570839409,0.0803393784123529,0.114235827044049,0.0786409249985916,0.0776164690038562,0.0783446978034069,0.0194967298229646,0.0116543384261309,0.123824759178506,0.119919189333999,0.0261006877840362,0.0172659126841308,0.0151659418982764,0.121973696175582,0.049577965093163,0.0251591472999901,0.108445779439284,0.133437335325961,0.0577142980154267,0.114050784506456,0.0752816638356036,0.136186445998839,0.105423418793127,0.110716095285718,0.0877765712399825,0.0282929911501286,0.0966867076802811,0.107122993760795,0.0804205515805302,0.0924204826883667,0.0537843325191007,0.0680669436989322,0.100021642393765,0.0550255710313342,0.117899812263696,0.101389525573779,0.0161088379483699,0.0320473013319068,0.100221612908805,0.0300834455670591,0.0198411849782737,0.0153208047139633,0.079173900837964,0.0790354665940748,0.0855359036028545,0.0243196790128079,0.106854021910382,0.0604608506623881,0.0857758537870881,0.0694238130520292,0.034656417465857,0.0834432830382792,0.0400164534008649,0.0596352788095195,0.0296985362984539,0.0989802331566169,0.0245481404277528,0.0787861661407367,0.0150381732225589,0.0394814914680316,0.0429176829721865,0.0339871367209744,0.0295143524349044,0.0210811731730544,0.0679243201496982,0.0390246722010367,0.00638681993367488,0.0104471775645863,0.0201770987346276,0.0222580520519007,0.0327511264417995,0.0227869792284025,0.0165314533435688,0.00621395933082746,0.00503682604835507,0.0317226550865258,0.024385086983948,0.0682643873044572,0.0153577428626554,0.0171441297499892,0.0473570188346825,0.0229199395048932,0.0277707553312358,0.0360036547930867,0.0225413739291849,0.0222999836489879
0.0503568593392044,0.0441707759269687,0,0.036106707229362,0.022042917067538,0.0367021249900137,0.0940639371086669,0.0464155795366382,0.0228534116143301,0.0177808686510436,0.0753915268470276,0.0937113691043133,0.0351547517922996,0.0307833568075752,0.0345702281920085,0.0750137906533072,0.0572208522506686,0.0712493778896336,0.0334039160633077,0.0294625135357629,0.0094867714568415,0.0184984681131049,0.0512956548235979,0.00162700234652809,0.0376294119556347,0.00739447595375629,0.0588388922612271,0.0710050090957829,0.0459736145796623,0.0951895812510417,0.104182484502129,0.0268971413932256,0.0253160050960888,0.102549672089173,0.0837175873206892,0.0674722059359435,0.0112521642324068,0.0218107296544424,0.0895152841832646,0.0418605033714369,0.0224648656102027,0.0740748002813304,0.0975322483317445,0.0627617784659558,0.0853642357510361,0.0664516193860567,0.0904021563289135,0.0677326567179725,0.0972244406405901,0.0423053426545751,0.072639240803846,0.0969439013498245,0.0821831334965807,0.0816135452496865,0.0699004805479305,0.0175612388897049,0.0774235802031776,0.0688870798814219,0.0386511584943848,0.107440728099908,0.0783335490414047,0.0223214448593959,0.0169974042583923,0.0776221907354089,0.0272261826724583,0.0410303215184695,0.0237660536122757,0.0636346287785223,0.066956798258971,0.0454252697851415,0.0270192865964214,0.0664867924087023,0.0499574378548242,0.0792035078838769,0.0671706386306473,0.034076257026072,0.0778374495209408,0.0277750665520978,0.0534777367989098,0.0386759439661639,0.0580492804481411,0.0251277433958621,0.0405263315782399,0.0209981774787174,0.0155272679559449,0.0401043205193838,0.0267528009290848,0.0237751188516509,0.0246776070683846,0.0273962016248838,0.0227632802561353,0.0126332735625575,0.0258564668922417,0.0618064096809871,0.0570273490469234,0.0342278632084111,0.0174911837930922,0.0156054888810676,0.0545852995880854,0.0473916848774189,0.0400035980664509,0.0294810827659468,0.0255814445830567,0.0232184255054114,0.0379651901170889,0.0353063173355239,0.0597616235758366,0.0290281081861221,0.0660949705786388,0.00588628047262362,0.0321885774998645
0.045368561781794,0.0552548971157713,0.036106707229362,0,0.0464556828635271,0.0218491135605769,0.0236279751028236,0.0470672402966629,0.0342601891701275,0.0201403924789076,0.0582908575878663,0.0349651545288322,0.0251960978947872,0.0135127837288691,0.0392255836708184,0.0652275989099623,0.0121448606122826,0.0426899391815986,0.0562350485885502,0.0257926507870647,0.0133938945956385,0.0433329178509176,0.0403393312511851,0.0287125813832197,0.0204366660334671,0.0192896560284155,0.0378370195235193,0.0166311439149519,0.0140670216014675,0.0547541988452878,0.0476256104269048,0.0670242999094838,0.0115568855724856,0.0249427283779265,0.0289730644285905,0.0426645825360173,0.0184574667695499,0.0373197922883494,0.0316670784933137,0.0238141591538912,0.0441616616067269,0.0424828149912617,0.0230889971578691,0.0349487155473121,0.0426326210637016,0.0230104120662088,0.0413164941563297,0.0126823741585076,0.0574708844228352,0.0129570069544892,0.0432172946040598,0.057293765036299,0.0286570563534863,0.0445772926846261,0.0350726584983142,0.0200186675066417,0.0527213136426407,0.0335067989556976,0.0375813940041228,0.0456155018463783,0.0451067622563661,0.0348877429274008,0.040165244932433,0.0385160148718271,0.0185740535291019,0.0403731970264718,0.014556137270303,0.0301073939786307,0.0437049899394379,0.0355122397268775,0.0275224329450774,0.0137026084696825,0.0310508794137296,0.05196442920592,0.0453719962945484,0.0224642152868743,0.0481593879311048,0.0214658495322498,0.0338587327775191,0.0252782721763302,0.0123058696790443,0.0199083391580752,0.0123904349100029,0.0182788334781862,0.0179419086925948,0.0296165548578603,0.0196238886509892,0.0155590645279444,0.025760071705852,0.0128462935395764,0.012296414294483,0.00989004668811992,0.0358318161841181,0.0494262441788108,0.0463661749971692,0.0158691623036015,0.0280264112951293,0.0101280382360942,0.0545112940053586,0.0329171991631364,0.0240617600136694,0.0300559905804167,0.0373844241771209,0.0536270009732657,0.0648640063747395,0.0293785352074379,0.0405668070861342,0.0362410924133734,0.0428319407671481,0.0523212487416527,0.0265680279670505
0.0101626516711363,0.0155210644734033,0.022042917067538,0.0464556828635271,0,0.0486481478257712,0.104584231308616,0.0616648521399244,0.0902101712502194,0.0150561554233977,0.0564955748670157,0.143421560128123,0.0115659890144997,0.029219287025813,0.043952155563542,0.015599402735962,0.047528967622642,0.0498198781695789,0.00760168430295706,0.0191514748126532,0.0105789812024602,0.0144424918509914,0.0269589045267505,0.012216065034474,0.0246439757429878,0.0339029879724743,0.0922160331359871,0.100392791189579,0.0599184079114977,0.126685377737277,0.0457375001509317,0.0210232544201552,0.0464490561199105,0.0667632571861286,0.107140113754829,0.0329085646423198,0.0139944062479731,0.0290083862426906,0.128694436397401,0.0398705097882538,0.00799208198987926,0.0954893274402562,0.0904217728361308,0.0806616441411879,0.107857202236443,0.0970156599699688,0.108486891875507,0.0977004607185343,0.0766195761256208,0.034165117123928,0.015725831073572,0.0629271522642733,0.125013881579761,0.112789881478003,0.121081629365129,0.0406364964091041,0.029285285874549,0.0510477118178657,0.0455894362172427,0.104137108058238,0.0938533777295696,0.0112414337994468,0.0135891432727041,0.0780874775320921,0.0220690922692086,0.0101701722292495,0.0145629761681787,0.0495219593931605,0.0671095603116645,0.0378622918241245,0.0190074924100707,0.068935723533524,0.0943417516269831,0.0994506300548554,0.0794795399379043,0.0300638677226604,0.0865636726619172,0.0109985583260939,0.0814270918798327,0.0182786970189545,0.0512304909200434,0.0437267294766554,0.0167679279472641,0.0264914762474902,0.0384890392544639,0.074114725732023,0.0407377949628476,0.0244027901802493,0.0511909035758939,0.0439319728415826,0.00435466424415276,0.0271994234346041,0.0230299046489075,0.0246865373133771,0.0291650783644144,0.0319021703933908,0.0172628214607782,0.0363428014272788,0.0168551712209959,0.0127939766240063,0.0255438055986209,0.0319127092159016,0.0184054801036496,0.0270253516094228,0.0189902617667076,0.0303263153072825,0.0181631325879599,0.0162091620204217,0.0244821809252752,0.0286256271735873,0.00627482609720685
0.063561411230087,0.0711957800610181,0.0367021249900137,0.0218491135605769,0.0486481478257712,0,0.0120098931331063,0.0279971146149742,0.039715171226225,0.0153635120234875,0.0513038040314855,0.0324755598740785,0.0244299643172396,0.0232211693611703,0.0534586665054101,0.0790427884858637,0.020276138394721,0.0417147164298582,0.0523121220607507,0.0438331946358406,0.020981981686505,0.0485898957025158,0.0301438364796674,0.0415990708515019,0.0300234304255022,0.0276420679043031,0.0221432362465626,0.0292251617636928,0.0427085536449413,0.0502290375952353,0.0515643724597832,0.0627748154033581,0.009665384971112,0.0210276105385124,0.0207984477666332,0.0397789757573696,0.0193779965556696,0.0344038448788707,0.0178975179584753,0.0472625065013329,0.0523569244518894,0.0216794357514657,0.0184801501660819,0.0136835332757137,0.0256313487759012,0.0143150778357588,0.0290444056857286,0.00830467445620182,0.0485867781976123,0.0235419675602031,0.0488586235836188,0.063384314922222,0.0172686924093153,0.0274597708245176,0.0257706710211321,0.0513664894563517,0.0545793423487823,0.0315207306594797,0.0408685799157527,0.0473005413985569,0.0262141060193385,0.0503360312647535,0.0282753608334929,0.0265921696835576,0.0257116882099826,0.0372075863984511,0.0241197813232959,0.0233753870369308,0.0456996388731659,0.0328269123980109,0.043358524538252,0.0353512820741279,0.0185125337729394,0.0479400141610002,0.0463794683764569,0.0260256927582589,0.0548562794849036,0.0264037704583542,0.022234544476884,0.0295952480346494,0.0225295280992404,0.0137560642329492,0.0117712550161083,0.0343873442855328,0.0220601455272151,0.0115064519499422,0.0264967520472431,0.0186896462940249,0.0318565334166015,0.044923183973672,0.0272110636459436,0.0112021318369261,0.0317632120450315,0.0405606572984489,0.0452884601367688,0.0185255987185155,0.0314494654263243,0.012134394710386,0.0521633496302316,0.0434397917717133,0.0323922279813074,0.038934558688735,0.0512756520685617,0.0545037678123771,0.0627506142415085,0.036779825458804,0.0541276476224568,0.0342915447498628,0.0462324632305402,0.0324828699319789,0.0230621659582835
0.100041230113087,0.129745217057913,0.0940639371086669,0.0236279751028236,0.104584231308616,0.0120098931331063,0,0.0602808173038516,0.0642305407034301,0.0312853232256058,0.117919405731779,0.107313674713088,0.106097559278209,0.0100575921165228,0.103023885341432,0.137071935657286,0.0279538917493081,0.108013519555912,0.125238222647931,0.0517480303053291,0.0231124040439263,0.0873943875292027,0.10886342987342,0.0652915865050045,0.0749288289162606,0.0187340892546701,0.0278805589581846,0.131790128580063,0.0572820861928642,0.112204175372163,0.116465182250915,0.13107714170401,0.032504836955683,0.0470497473679331,0.0168306081406623,0.105683677497852,0.0750954469156882,0.0667156047553238,0.0590841644194035,0.0421773579033687,0.113786954065271,0.0664003048481038,0.0142052636312811,0.0602678607857712,0.0824910635909372,0.0417620822750049,0.00290713548537238,0.0312693649474066,0.104388947324931,0.0659928154872933,0.109722220994305,0.0323331927423959,0.00857115015611115,0.0812386562523002,0.0439369693254026,0.0386756028983554,0.0229889987065716,0.0705005682120791,0.0808389622288291,0.0348973903069349,0.084662255500657,0.0986684700930735,0.0907750685114807,0.0127914479338784,0.054986856274311,0.120560974162625,0.0101930830226717,0.0193010376586038,0.0147225868651581,0.100181664740872,0.103408985151762,0.0658341616157335,0.0460733449674162,0.0380091346872799,0.0312553415578644,0.0214004742373301,0.03643685324085,0.106357966740188,0.0698332746543798,0.0338923560295294,0.0773147536460549,0.0118344220984014,0.0647569743832895,0.0227462271645193,0.0751632537642072,0.0367963551732168,0.00884399434740278,0.0639015951120186,0.0979383713883358,0.0311386018010837,0.0782492396748393,0.0179423862884594,0.106903673742757,0.119128417521349,0.124424850160636,0.0177354647281095,0.0196267796975485,0.0337186656910455,0.132417859113893,0.108960848247605,0.0392684249117037,0.101993824661157,0.102844086234006,0.118879432444209,0.147101143211049,0.087693574746309,0.0951671259585012,0.0530344971214507,0.0943976336031986,0.0762400185828468,0.0218044976730296
0.0538709816013691,0.062456530082998,0.0464155795366382,0.0470672402966629,0.0616648521399244,0.0279971146149742,0.0602808173038516,0,0.0504162330970038,0.0294481120043038,0.0581077398351764,0.00528411601813312,0.0538181338092394,0.00294238975913486,0.0609347909073683,0.066626088784181,0.0360401978973153,0.039820113292457,0.0676913914216253,0.00609586444023695,0.00674031608317018,0.0528629943772659,0.0459144810925772,0.0382199898039921,0.0220201221743938,0.0381134474067457,0.00841687209697155,0.0835969078583623,0.0616783165555753,0.0352782301938835,0.0369309007881926,0.0748472172731468,0.0122182249713524,0.0582973050391935,0.053949823871072,0.0464203071188203,0.0321199907730534,0.0496825498706687,0.0416405692857584,0.0119883598960634,0.0555433250224236,0.0203452495338515,0.0282168899088427,0.0198770239755562,0.00620479881755372,0.00958586599892218,0.0575303868758157,0.0851713834228454,0.0145073530903067,0.0472383216197379,0.0521155301955077,0.0192119512014734,0.0329539533648608,0.0135110389423757,0.0194379022730861,0.0488613882395328,0.02873692973567,0.0592523132053919,0.0250703550097853,0.00932888791045591,0.021611277206238,0.0492888846598545,0.0492492340361566,0.0534781045321113,0.0427306870473097,0.0590560912888965,0.0143774754065624,0.0323806501903341,0.0316923089091943,0.054063984843292,0.0470361928933799,0.0653411133371566,0.0200380250841812,0.0104489701232465,0.0172686808685027,0.0143748906666575,0.0150140428451572,0.0575858765977472,0.0167189354122614,0.0284635643078356,0.0563870445277753,0.00868544296870344,0.0284838623091998,0.0297722839973063,0.0282826749692818,0.0196115198358269,0.0220195503541566,0.0222775447552403,0.0309351666172655,0.0426108380970894,0.0377614378927411,0.0214088177143522,0.0406026840451503,0.0434764529912348,0.0471373600479247,0.0124396872130747,0.012387594196472,0.0157107210692543,0.0550754413886953,0.0445717836371527,0.031752226071094,0.0328755088572759,0.05302341160526,0.0585567688600727,0.0676860317385504,0.0641844437586774,0.0430507559357246,0.0253456910281066,0.0471891581410002,0.0419852996717745,0.0310648742975324
0.0352550116619656,0.0250278572345711,0.0228534116143301,0.0342601891701275,0.0902101712502194,0.039715171226225,0.0642305407034301,0.0504162330970038,0,0.0156797043476734,0.118079507482649,0.106163758842227,0.0344586235678594,0.0193629768449631,0.0184694622434406,0.0570192112076063,0.0393285353937141,0.0914042466321179,0.0680146133048034,0.0202109729328529,0.0129080143058343,0.0225210424744655,0.0708333985147484,0.00839657210599674,0.0335723722531808,0.0103532594162793,0.077555570034826,0.0511907233506025,0.0350754567761456,0.153490944023642,0.0966058016001388,0.0296586527015337,0.0415397019668896,0.0440187020433652,0.0696189889045758,0.0846579526327376,0.0180307695053249,0.0119257169452368,0.0835432593953233,0.0571083656066223,0.0134536478576087,0.0766653337926501,0.0597445817021214,0.0939616024676594,0.0836029028789648,0.0826442275331605,0.0659761379190766,0.0605258031726098,0.100367254017156,0.0202964578467007,0.0797542037826137,0.082231743892083,0.0885726153841839,0.122382435233071,0.101563150925149,0.0199569330431346,0.0619618882096608,0.0329460122809322,0.0294857343036844,0.0705605894556805,0.0688720841775056,0.015458481245363,0.0136795983161143,0.0584839103848895,0.0216427521497321,0.0410600302841459,0.0209946501208698,0.0458916529773002,0.0674748053970401,0.0204855734131199,0.0191769974257347,0.0480118588291935,0.0683193408972276,0.098102300164822,0.103633179123508,0.0239738372716574,0.104778052319531,0.0152083346228139,0.0581261161808711,0.0155486493134214,0.0244333803841305,0.0299769712466503,0.0127806043049828,0.0216852547807318,0.014029505600316,0.0447792060644747,0.0261354924797875,0.014950704482983,0.0306009627824934,0.0346751665836031,0.0222887073945488,0.0167377570765435,0.0205174107718251,0.0576660508261605,0.081137689441144,0.0360892050735285,0.00746612826119865,0.0206855103952305,0.0482366757194549,0.046531073056155,0.0287493880490052,0.0254317891851914,0.0162708798818961,0.0196649369087839,0.0428213082838437,0.0299734757341513,0.0507656043762156,0.0212097237684226,0.0429263167614755,0.0139218200226432,0.0251540292122879
0.0230104421926773,0.00984583109392365,0.0177808686510436,0.0201403924789076,0.0150561554233977,0.0153635120234875,0.0312853232256058,0.0294481120043038,0.0156797043476734,0,0.00962023447685583,0.0455710291545735,0.0203041902494807,0.018877339699169,0.0106870661605249,0.00954025565511691,0.0272023080540512,0.0191977689766041,0.0159988857427633,0.0231203224439175,0.0238038716799868,0.0199458761838044,0.0149436138721802,0.0172453947341927,0.017683772649519,0.0312091679049969,0.0305942400139592,0.028605907565752,0.0275000500994378,0.0141323349667444,0.0211455211522792,0.00978912052599075,0.0215254775256947,0.0275515917425166,0.0360387613650224,0.0143401636933036,0.0168673308148351,0.0180825751602505,0.0399521159171204,0.0178013096204587,0.0225275429333462,0.0234630295352843,0.0202623271951088,0.0362838143010078,0.0254091479356863,0.0292897845816857,0.0224707389817506,0.0298218523439753,0.0271221313718771,0.026548867725686,0.018706452945181,0.0268248191839444,0.0261886168768196,0.0240026399267965,0.0315190093212121,0.0303303066989718,0.0549214348518199,0.034567049043098,0.0234200444710026,0.0230770292356348,0.0200956944575116,0.0115442859655937,0.012401929910107,0.0284640999903757,0.0320229161373077,0.0263411528992075,0.0204807098231974,0.0233909258206198,0.0334328997797693,0.0162227265103284,0.0148716373615238,0.020253116778168,0.0145517280235257,0.017521217521818,0.0239026175207897,0.0137114934334424,0.0136042779811533,0.0252132685772989,0.0250464320735064,0.0319750711541875,0.0154868542248151,0.0209954110383799,0.00717342213819503,0.020484200459427,0.00715905367493692,0.0343273361323426,0.0302422710774598,0.0113363084582869,0.00657788709251234,0.0261369410757301,0.0176342325819736,0.0138195040071098,0.0122350577303282,0.0148419426402062,0.0156476661965894,0.0190027148009889,0.00507851088026875,0.0120543311788206,0.0132008505553687,0.0184841757360245,0.0192587488845567,0.0160683936852769,0.0152129474575917,0.00854910948705493,0.00786777469757351,0.0239118043880809,0.0194491666429284,0.0244381401921548,0.021603929537935,0.00883776654761606,0.0297685904738549
0.0599990129542287,0.0649732415111406,0.0753915268470276,0.0582908575878663,0.0564955748670157,0.0513038040314855,0.117919405731779,0.0581077398351764,0.118079507482649,0.00962023447685583,0,0.121296901345772,0.0862236681994564,0.0180925426530312,0.104058464367169,0.0573140236657259,0.0596967300268778,0.0478932881710959,0.101907947227819,0.0118128867562135,0.0190297185984523,0.0509816449545201,0.05671679575279,0.0422305844965334,0.0251129178544818,0.048397573747309,0.0816111598969876,0.119147246448116,0.0953342289587443,0.0577239829726595,0.0329340532422292,0.0965629527923478,0.0272352800026914,0.104822723539169,0.111080576919181,0.0184741205560757,0.023883049823779,0.0126704464778102,0.120066078768812,0.0323387341546938,0.0607820394224734,0.0867650634289476,0.09562667237503,0.0589926747045981,0.0834303553714406,0.0741393854405978,0.109598602140369,0.114459341671018,0.0530775296284223,0.0724001879186097,0.0517840051035593,0.0710661356755219,0.105398123076406,0.0695023323508644,0.10365473101358,0.0628318753682482,0.0474868305837833,0.0954040610676058,0.0268084767887602,0.0996094307252589,0.0878040793679449,0.0689986617539261,0.0589837701230617,0.090107566757448,0.0523663664940386,0.0360292142854593,0.0226944567555323,0.0742544245764845,0.0801347854802156,0.0741195599683023,0.0477303719122345,0.0980616145250112,0.0624538201467341,0.0646650096388133,0.0544625791492052,0.0244990981457046,0.0579597732349622,0.0764070874449915,0.051554479004341,0.0254604006282431,0.0797573975241016,0.0605422224167188,0.0493009255220424,0.0211756520728852,0.0462752021358918,0.0529021166223894,0.0553970419489197,0.0214632244117449,0.0454402478513774,0.0713374693605407,0.0567503249738155,0.0250293438284061,0.0258360494095852,0.0218331704653408,0.0517473139509356,0.0286014163945648,0.0112686092451988,0.0240382776748222,0.0470848310892932,0.047002922015817,0.0318583414629514,0.0186738926282129,0.0626300387638398,0.0296716511168403,0.0775886377816578,0.0800361612559053,0.0257134488267045,0.0136093486334075,0.014082348457071,0.0449430728809647,0.0300867208104234
0.0752066545336589,0.105473488180457,0.0937113691043133,0.0349651545288322,0.143421560128123,0.0324755598740785,0.107313674713088,0.00528411601813312,0.106163758842227,0.0455710291545735,0.121296901345772,0,0.108387439897579,0.017921706328799,0.124426711536452,0.117932483824526,0.0595000210811208,0.0906445848424583,0.126086527926614,0.00662961114138378,0.010277276080624,0.0842606831976592,0.133508942728077,0.0359688976276091,0.054830984915122,0.0295387726695594,0.0167044532208419,0.134771581159318,0.0813533770744417,0.0785875911079443,0.0783769974148692,0.125760486917534,0.0307891919018587,0.0801095973805954,0.104595870815407,0.110597560566956,0.0457308772379308,0.0473849741740399,0.0963296677200031,0.0213745016421057,0.0969267042355302,0.0588230388609189,0.0884814628144884,0.0383150169597881,0.0447148092817008,0.037549994268003,0.0901249779761867,0.107900698079827,0.060187293277549,0.0808169757733542,0.0865930625689944,0.0215993053274086,0.0961009208998164,0.0437964487794541,0.0430901204742184,0.0574086104294139,0.0161267331478669,0.12064805834563,0.0338655586668456,0.0435994124554588,0.0405898506868391,0.144424320014439,0.0851067980860154,0.0676026671660691,0.0967740226320165,0.127783429694173,0.0191597642887771,0.0560701158256232,0.0389599449482036,0.11370598692733,0.093582057371561,0.0926384369897743,0.0164406045309623,0.0101030932026045,0.0160620551611694,0.0244886119279401,0.0179436101296937,0.105249173859484,0.010606967613979,0.0455520676150004,0.0899024121480164,0.0109266796138849,0.0884288266782413,0.0167357387644282,0.0775504515347668,0.00573279491130874,0.0213371214553952,0.0595380997365253,0.104989012267173,0.0625305471176447,0.0911293761669414,0.040526801849334,0.100321247756253,0.0984729267620968,0.120271970331282,0.00428344111333842,0.0034517383683878,0.0287096296884721,0.122089104382535,0.0970237757308705,0.0581592030736225,0.0679092506295141,0.0934739096281861,0.0994951811145946,0.147666150718157,0.112078280516848,0.075887075604602,0.0362517518306269,0.0560875703540505,0.0614367094739705,0.0258072814397317
0.0446332220619484,0.0495894397224829,0.0351547517922996,0.0251960978947872,0.0115659890144997,0.0244299643172396,0.106097559278209,0.0538181338092394,0.0344586235678594,0.0203041902494807,0.0862236681994564,0.108387439897579,0,0.051097534049968,0.0347692358415254,0.0769097674440946,0.0536340375361422,0.0816092309728907,0.0375793331750496,0.0613347638464373,0.0344760767432978,0.0269627335364806,0.0553165476010353,0.0135662957501669,0.0589845209676209,0.0159915498381901,0.0381609909376958,0.0664935565810187,0.0338402061120512,0.0807978636525694,0.128608009360806,0.032462434020665,0.0344945874583847,0.0509551087860096,0.0873451011431021,0.0746044682372392,0.0592311457608034,0.0375316774881686,0.0946969763030952,0.0351503960849679,0.0177858894052675,0.0850678483524082,0.0717996063620698,0.0610743050629733,0.0754051269188375,0.0588497232206641,0.0740545653939728,0.068649445189706,0.0951768725725727,0.0353591886270985,0.0988901494989548,0.0580126530442115,0.0643120824006701,0.0675639351707613,0.0720730285623344,0.0204255801496515,0.0441559626753287,0.0279878721726278,0.0502824755943705,0.0883533421508193,0.0867396357172463,0.0189194434512692,0.0296004071802612,0.0478803474099753,0.0120818365749567,0.0299927405595578,0.0116932182330298,0.0363955427254779,0.038419561893598,0.0256360780804612,0.0494506175164994,0.0411027074152367,0.0559631780433349,0.0470984474090297,0.0366452941322852,0.0304246011124414,0.039296345831551,0.0161967753590382,0.0711119427332663,0.0385547183136436,0.0404612076735262,0.0320820471619474,0.016887780377707,0.0135569999082059,0.0342556596496673,0.0716073169508947,0.0257665868481671,0.0377483329281016,0.0489662566116312,0.0201623746507715,0.0250947410023353,0.0362722224289634,0.0613770362163711,0.11013227035359,0.0895592588050724,0.0466803584488168,0.0343406879699282,0.0363658871781504,0.0939222862422878,0.0805369051707557,0.0368686175439356,0.0715446524470934,0.0294584982801916,0.0473705323643718,0.0514028557132521,0.0205938717328089,0.0677210179300187,0.0351138436850776,0.0640295329763265,0.0237961652966201,0.0103700264115561
0.0156116261610637,0.0183331308857051,0.0307833568075752,0.0135127837288691,0.029219287025813,0.0232211693611703,0.0100575921165228,0.00294238975913486,0.0193629768449631,0.018877339699169,0.0180925426530312,0.017921706328799,0.051097534049968,0,0.030659870740844,0.013863895782073,0.0196979195828402,0.0396642228255052,0.0259222537890635,0.0415359709964401,0.0466948895523428,0.0200581560200818,0.0463094307566694,0.0194119357160029,0.0281369850868689,0.0146978581581715,0.0176546082524619,0.0088176916923766,0.0171019542112236,0.0186900060744248,0.0239434471632628,0.0209134225016117,0.0323625457236462,0.0216821046797062,0.00683778677534714,0.0307781092364053,0.014290449980517,0.0202585518235587,0.0045113959622316,0.00397565667981302,0.0360585593082604,0.0177925532768268,0.0258499780071306,0.0313683285144883,0.00941852092101061,0.019913762230761,0.00967170493451983,0.0120888159095672,0.0148984011706265,0.025460623736312,0.0212391330210971,0.019466995967162,0.00733845540833242,0.0227626925854553,0.00931485936888212,0.012873174203287,0.0449970878358264,0.0348622964209125,0.0094692883468133,0.018504483438097,0.00732666006750419,0.0322426851147934,0.0345370164837339,0.0212240952076165,0.0230850943816552,0.0447069703653502,0.0102196982657135,0.0257472664770875,0.025155705494489,0.0413284955376818,0.0401785951692547,0.0244993454087664,0.0242001986367495,0.0111724777349521,0.0274147003391853,0.0468507340164454,0.0188279820261472,0.0400159003606297,0.0309101140982822,0.046121979338175,0.0290438176986201,0.0377168447674197,0.0572642263119927,0.00877416615672859,0.0278188945490751,0.0207249208582562,0.0343573790393128,0.0468489090528006,0.0252615543128259,0.0242609643143785,0.0167574873222712,0.0331592422173122,0.0456098402190435,0.0340627760803446,0.0398133024852404,0.0164323732679844,0.0135553109148837,0.0318326395417872,0.0370755321830827,0.03413057599607,0.0223068522992492,0.0299201375888818,0.0305261917404022,0.0290050181230822,0.0339958765503812,0.0243428753487477,0.0271599551944957,0.0154102824610276,0.0193065269173029,0.0201288117158515,0.0165702233221821
0.039946905990462,0.0445618873830889,0.0345702281920085,0.0392255836708184,0.043952155563542,0.0534586665054101,0.103023885341432,0.0609347909073683,0.0184694622434406,0.0106870661605249,0.104058464367169,0.124426711536452,0.0347692358415254,0.030659870740844,0,0.108697933000753,0.0378638802561433,0.116945903277196,0.0707063829256703,0.0356668643178289,0.0129762949236181,0.0419437033346985,0.0781108584972471,0.0181255792678943,0.0409535999627683,0.0273526127588856,0.0903449383778025,0.0860456315753096,0.04359451694041,0.141605173685499,0.124594521407733,0.0583099860601047,0.0341923185026385,0.0694359465617268,0.107757327604455,0.100321800053035,0.0250088622255336,0.0223450609876785,0.114062438303538,0.0479871086082942,0.0188436554406305,0.11543507437887,0.108134015759731,0.0871474324486568,0.10298284407107,0.0803347292395797,0.1180752164278,0.0806829633845785,0.117987958308226,0.042538659690434,0.0826855591933976,0.0855968210594197,0.110095753218651,0.117107091041072,0.112012126162149,0.0389347545584677,0.0746543120073068,0.0546979021717536,0.0629006026176934,0.106726885937963,0.100347611606443,0.023564213271169,0.015047122522648,0.0767010302461792,0.0138005445100252,0.0258106463033569,0.00983875459330153,0.0533293882279201,0.0861691782347314,0.0339707963921154,0.0236180804862956,0.0551711055676942,0.070303054830266,0.0980464151206679,0.091780166712206,0.0241851647999454,0.0950474458401527,0.0162178149679388,0.0832212266226356,0.0196372519088646,0.0570028360101072,0.0161005052204399,0.0279894833614476,0.0222245431768459,0.0339247836790899,0.0657468837981053,0.0100811013372545,0.0104913215890572,0.0382952871876811,0.031605725081108,0.0170356974386221,0.00818447193273514,0.0251221654820938,0.101325442312568,0.103639378072619,0.0319578441141082,0.0200327817952554,0.0122755873715147,0.0949794046494085,0.0530632171115783,0.0202613100924071,0.0374096356069974,0.0156346643159472,0.0511093105156656,0.0951294348530864,0.0138139920046714,0.0719393470845805,0.0323572590980826,0.0562409661369935,0.038000985476328,0.0228618972243301
0.0129663909129687,0.0490586450018413,0.0750137906533072,0.0652275989099623,0.015599402735962,0.0790427884858637,0.137071935657286,0.066626088784181,0.0570192112076063,0.00954025565511691,0.0573140236657259,0.117932483824526,0.0769097674440946,0.013863895782073,0.108697933000753,0,0.0727830261885445,0.0759843847098555,0.015606005378954,0.00666666230109735,0.0203949939002388,0.0282835618780737,0.0302377391875196,0.0297789806433404,0.017076477515637,0.029410414844969,0.0864091831635916,0.131576817193342,0.0982650996707117,0.112258499230891,0.074073196380808,0.0685072900864573,0.0234171869920579,0.13192049921041,0.12666209404956,0.0210413275195257,0.0161396755194201,0.0117613298751221,0.134472873078577,0.0400540928568353,0.0531331122010183,0.122676807412845,0.139856849009087,0.0744746608966056,0.109681706626732,0.0928642270554704,0.147635348948828,0.12245619465474,0.0978102135162171,0.0951161745992669,0.047688205507775,0.110507919362462,0.128053399653236,0.109518759027645,0.119965848392076,0.0672571276932118,0.0811758313579272,0.128999473756067,0.0475773765638972,0.125875066822358,0.114564335073058,0.0431385188039361,0.0565545499390189,0.113465512209666,0.0550697859549973,0.0408149523702408,0.0180158145703423,0.097135903220228,0.0966104212314792,0.105351555527491,0.0508854377638076,0.12136425539928,0.0782049863004165,0.102382104480519,0.0862660217542726,0.0407862782565436,0.0984277468897962,0.0729625486239435,0.0648892976430319,0.0374611622075556,0.112446924906701,0.0271050991185999,0.0793253284911037,0.0297498037577337,0.0770244555105889,0.0546682582271657,0.0460242937078338,0.0457374545367292,0.0471256383254551,0.0786121447264348,0.0471458885183083,0.0158456639293321,0.0349478446651048,0.0249016437642136,0.0385381437776086,0.045940649863833,0.0198016326884668,0.035879588837641,0.0314136320276738,0.0235883670489247,0.0510559461233949,0.0349937405729922,0.0822395586952727,0.0387903385306988,0.0559043996671269,0.0775129523102242,0.007416691162976,0.0126371885088533,0.024423263459352,0.0339828082736756,0.0267655452867489
0.0710299978708459,0.0629745959655334,0.0572208522506686,0.0121448606122826,0.047528967622642,0.020276138394721,0.0279538917493081,0.0360401978973153,0.0393285353937141,0.0272023080540512,0.0596967300268778,0.0595000210811208,0.0536340375361422,0.0196979195828402,0.0378638802561433,0.0727830261885445,0,0.0587867762534282,0.0616610690014081,0.0349841116924117,0.0145232744661708,0.0652931323029141,0.0578719879909983,0.0382347960965113,0.0334813728954519,0.0146898689877038,0.0348964480491376,0.0311696879651648,0.0241190116912069,0.056827394853123,0.0680538507974769,0.065571064613184,0.0180373169713249,0.0383762021278504,0.0259784951276555,0.0537906231479252,0.0408319121892492,0.0553311661508698,0.036710373906361,0.0481738885970395,0.0634893874488175,0.0322911156435986,0.0276190726318112,0.0368248714009,0.0469536577343458,0.0268983210329786,0.0339006663249454,0.0207550755105569,0.0519592905843839,0.0403565569079669,0.0616015446534429,0.0345586040069504,0.0212948422059344,0.0344191539599259,0.0304922023411472,0.0365725999772817,0.0396332544267042,0.0141456859688532,0.04076547330784,0.0469805678348992,0.0320367507275277,0.0523209319365919,0.0301724520156961,0.0170401517125246,0.025022316884724,0.0330988398998684,0.016111329339017,0.0149482985995413,0.0202642931806521,0.0212821268578774,0.0379372409755862,0.0364680644566506,0.0267833476148366,0.0391039070527733,0.0272734867222079,0.0060401692002535,0.0321610330760154,0.0376329987431831,0.0406798734632958,0.040244550862282,0.0298905048558889,0.028591002693779,0.0249145727674458,0.017065682123407,0.0227137928678951,0.0214964805497668,0.0156377064390735,0.0139308180730263,0.0391708255816977,0.0229519482094669,0.0222070024532608,0.0105168269595331,0.0345848738761526,0.0563698509338316,0.0559748003956492,0.014465490146035,0.0152630910046908,0.0102048152514702,0.0611516775833832,0.0613666736118141,0.00732589956331295,0.0368198005487555,0.0273757443308725,0.0426780641022482,0.0654694225455535,0.0235169184087335,0.0625111097613589,0.0283385682502009,0.0358839951855798,0.032675196880814,0.0157405405097301
0.0279785316838276,0.0536842102200935,0.0712493778896336,0.0426899391815986,0.0498198781695789,0.0417147164298582,0.108013519555912,0.039820113292457,0.0914042466321179,0.0191977689766041,0.0478932881710959,0.0906445848424583,0.0816092309728907,0.0396642228255052,0.116945903277196,0.0759843847098555,0.0587867762534282,0,0.0480058364086036,0.0183859098274302,0.0135935404775438,0.0392600045912304,0.032834935529847,0.0218809475478492,0.0163322878024783,0.0245973943829353,0.074519746776296,0.115564566236349,0.0590453908577692,0.0427938972485408,0.0381354515687483,0.0889273067156074,0.0093124906631517,0.0780402122903105,0.107284846243627,0.0159842019299149,0.0428923387764012,0.0250605936616019,0.102681080754689,0.0234755465368588,0.0407215533334335,0.0852775142821083,0.116070559321167,0.0574613616000524,0.0809937224066078,0.0660177683767377,0.114979566261847,0.0998002849027676,0.0777587005717726,0.0678701492871139,0.0146856958768987,0.0717563634605134,0.101482474194485,0.0740461534803685,0.0899612336321689,0.047604762835589,0.0557353556971209,0.101299456196406,0.0281171133464055,0.0869533703893058,0.0794825097115127,0.0593461423192414,0.0554694533023772,0.0759684921123042,0.0702817140436993,0.0274238857273232,0.0142618362442406,0.0510502558242398,0.0824889105000461,0.083741612694389,0.0437203423168718,0.0833725194049167,0.0478166813343509,0.0633879213821597,0.0474978107330019,0.0249945510373449,0.0581532341231727,0.0560390776152789,0.0466895595841361,0.0676994110597844,0.0794537450396686,0.0214741242139091,0.0660605310822485,0.0141651392754419,0.0613026285515409,0.0330033738442042,0.0279702202693393,0.0234283228495057,0.0503822379321323,0.046080449159434,0.0346099017453121,0.00827627479510524,0.0215622892875535,0.0138587022862503,0.0235818229303737,0.0330301634925507,0.00866787201930141,0.0195887075160531,0.045928523414261,0.0287284188534864,0.0543647672759453,0.0300359783962153,0.0565109453008104,0.044866455755069,0.088817104517186,0.0702327508699426,0.0414682018704014,0.00835813093693529,0.018122620343101,0.0437685786272769,0.0156779080883526
0.0124226189989486,0.00370379399956023,0.0334039160633077,0.0562350485885502,0.00760168430295706,0.0523121220607507,0.125238222647931,0.0676913914216253,0.0680146133048034,0.0159988857427633,0.101907947227819,0.126086527926614,0.0375793331750496,0.0259222537890635,0.0707063829256703,0.015606005378954,0.0616610690014081,0.0480058364086036,0,0.0109350545123468,0.00455844636034283,0.00578239377020447,0.034053506706007,0.0194091840921029,0.00680733125838814,0.0355002355004171,0.0974707209035733,0.130603303979516,0.0831921664905818,0.127142075789307,0.0836554349042835,0.0167226017798751,0.0186781194014725,0.101838507125339,0.130738013937383,0.0432191704730307,0.0144427344530316,0.00898645285083006,0.132568647092157,0.0399865067072584,0.0186048382009096,0.116952190283583,0.133616871230104,0.0869903018411925,0.109621113754054,0.0952026051300085,0.123801628284289,0.113649366121532,0.0994679649092626,0.0561107478710129,0.0439813030844593,0.103354759520065,0.133932660464534,0.132069763407015,0.121666612902886,0.0524679515263124,0.0699777700566221,0.0839642873089254,0.0420343168230063,0.107025079290693,0.101104062611173,0.0254461414616796,0.0192646577706377,0.0945847059119441,0.0435650849813069,0.0112253792917078,0.0106558604184565,0.0695342048320844,0.0926952819542567,0.0561533750556198,0.00995766394890598,0.0888198300439135,0.0808145868954913,0.0948502854635991,0.0884730576821565,0.02080369008332,0.0960743085991222,0.0193683599607665,0.0670143634089315,0.0223039289082108,0.0736882227879382,0.0459925502286012,0.0263088446296726,0.0195702239122422,0.0296401906176404,0.0764406916510971,0.0517469428334469,0.0155611332503087,0.0312168037933214,0.061310433265769,0.0172505654146234,0.0120236551337642,0.00600421531179423,0.0266300794294524,0.0342262078782106,0.0374030529064445,0.020664657512586,0.0182387682525525,0.00473621027086123,0.00467685028158962,0.0436844587185581,0.013081135320707,0.0314656794166722,0.00761748629764632,0.00354030905651862,0.0527724766783279,0.0113707507313171,0.013612710993262,0.0258346664618713,0.0183066059848672,0.0302618801618663
