0,0.334454126205233,0.296546663178072,0.104579379520234,0.288533979738582,0.109311152918606,0.0812185675170199,0.197581045872418,0.0941965391033246,0.157591485063454,0.30348449400238,0.232066610003267,0.181160421412027,0.194132718036834,0.328104078111965,0.0960843147989839,0.230389607012452,0.167414989701993,0.0891415353726885,0.209214155788658,0.0549638666289623,0.0872830780654061,0.455178966034792,0.0903425836905532,0.222040731466607,0.12491197787634,0.175306021185508,0.0746840595552278,0.179163046805124,0.0898634764915015,0.27084727637965,0.231331485054563,0.0524819032132775,0.276887254414249,0.109101072545353,0.264205332065935,0.11919657569227,0.381963140277224,0.142440087605678,0.11001735754593,0.0807237247685451,0.0752507041667155,0.0796303528830712,0.277772378988865,0.0740850663667629,0.282203643351548,0.346552013776791,0.15601878838127,0.277731815522327,0.0750380929109882,0.28731853596472,0.217495102160936,0.383747532005953,0.377036782821833,0.106301288834693,0.412221624773859,0.111533362328512,0.15898694978824,0.170344131154174,0.367230049824445,0.0668025152399284,0.322427011248126,0.0929466339680934,0.226170878122819,0.183919221603497,0.247391582590482,0.0929992518202468,0.375936227247961,0.146633191617186,0.248254435718261,0.247679261499815,0.212538129770021,0.252624161113761,0.0682691415989651,0.327659712993131,0.0945071458094679,0.24833838127192,0.0973087839536741,0.251805254523752,0.247933639538463,0.429751951798253,0.147500565639731,0.237823972937148,0.184997673193125,0.223866452174282,0.309346831446227,0.0576672709653135,0.301324481871556,0.402994532905261,0.347889863557914,0.237119350366507,0.311584304194841,0.0899168131904304,0.340203720249285,0.12705513634994,0.289663953671211,0.0573398593149522,0.356340934135531,0.221182238466539,0.468844218155972,0.116021318674383,0.501681513551048,0.316897178062005,0.304414786837827,0.06697177849073,0.0844402746430666,0.270563951914028,0.355469207212939,0.0601023220883958,0.373473922365267,0.0746728886291954
0.334454126205233,0,0.223793881363605,0.185119102351012,0.303630975496735,0.0985201756304131,0.118187896449802,0.201194631911827,0.0822824049873881,0.0772609538918637,0.045433621205762,0.335271321461004,0.0780540573676239,0.260509676508886,0.196138856823272,0.333977521420346,0.062316728384121,0.146314092092902,0.146246963122773,0.279275397436654,0.065041957032002,0.191453130016115,0.0950094505890563,0.151320847955947,0.0452706660797319,0.0875059484794622,0.207611674201647,0.102535725781051,0.0860248595575284,0.136683709501638,0.282900543411684,0.156528151597772,0.0881171532042095,0.0808488157242846,0.070585792350655,0.166891715145828,0.0707749759012603,0.0912729878554202,0.0548288019231812,0.0588241730592524,0.0958594236499163,0.0643150992399763,0.0785488818305415,0.127835940811031,0.0549694167219704,0.0594543018068415,0.105189632622266,0.154620924145872,0.155313265385179,0.17783859350876,0.146420346952757,0.207636818975441,0.283901350229015,0.204723356503368,0.138200503070545,0.197200584438905,0.0703034940180503,0.120807368836183,0.27857013325728,0.273374813178248,0.0391863162249087,0.199646715134211,0.236907738341429,0.183968677495327,0.115684631153919,0.281021198893135,0.290573334312434,0.0846840818774706,0.0553179894501631,0.132965972531449,0.093402057755862,0.069920781480274,0.0799989603400806,0.171394837973449,0.118964453160716,0.0969715081328419,0.145148218369244,0.071494316707214,0.0972235804746215,0.348171775589245,0.0588234427768937,0.0511948463514919,0.137125916478037,0.0679242015030508,0.0663408020546626,0.0948027128540842,0.0606741751497854,0.124469734863002,0.227889056375936,0.112635042604174,0.148813775056665,0.127023098693983,0.226382651882175,0.163827065743216,0.21365028059347,0.203328179084715,0.060477884256614,0.136020158976864,0.184021682726277,0.0689367640677399,0.312892750841213,0.0871566151395672,0.163461734299286,0.14262253593058,0.0630281716932321,0.32014248827426,0.187243671575159,0.165141364316346,0.0615773918818722,0.0956060227861946,0.0770417878892008
0.296546663178072,0.223793881363605,0,0.199239436632861,0.0580787303107729,0.262606229941397,0.0911279382117264,0.0897858099539296,0.0623855098038638,0.0570389459321256,0.165068576147163,0.133291798454552,0.264102743688264,0.282559686946571,0.238985870207794,0.280229676925859,0.0601014055924463,0.307354986163212,0.0837687883920152,0.318563574803157,0.0872166987284696,0.231095347395317,0.281392093292512,0.108372717687152,0.121295860473044,0.0350205251712478,0.363435042537504,0.120032106312175,0.227844164889031,0.118177710684948,0.365103134074153,0.340229860422601,0.18055571106745,0.18504093967737,0.045184797746511,0.298107884095016,0.0393161099410266,0.256800954065951,0.0432692011698251,0.197534201728082,0.157527571869225,0.185753511297929,0.131013846547077,0.479226808338585,0.121295862999468,0.171471656609133,0.292410242233175,0.124002516319594,0.420514450980687,0.122086786216653,0.466961471919203,0.294751305240728,0.407098219672214,0.516122618160952,0.247591561051535,0.284072128478627,0.19958080784703,0.0685042976770432,0.106044780694166,0.366537882615324,0.0836180538709546,0.453536564516674,0.125469593269567,0.358616119107685,0.31130123654562,0.320002725919194,0.309584418514852,0.174436898698633,0.207825940926326,0.429997981927913,0.277497864489528,0.390796185887124,0.250310575035129,0.111732833951747,0.462789727883834,0.0489178303580521,0.219489846349458,0.0449110908901518,0.215256777167654,0.378357032564259,0.145405938324688,0.179500808574301,0.411817763640946,0.223366191425465,0.0729145271641113,0.391827054127686,0.0364799871825,0.239674653282009,0.388546462779183,0.314565917014005,0.306024370597639,0.466948065228413,0.188118203705592,0.506436647613683,0.0845507104146867,0.481423964566428,0.0410739972658032,0.29749037634959,0.342031621384422,0.222419392127323,0.247795068182847,0.31722159788194,0.424350159889134,0.452268816313258,0.0583497385145342,0.253019147138735,0.236815994682725,0.501588325592123,0.0660327717806891,0.311921195807101,0.0501980540415739
0.104579379520234,0.185119102351012,0.199239436632861,0,0.199582751269632,0.0477862209534194,0.0912297395662252,0.194801399184962,0.215663809379473,0.271951870687966,0.174457938151431,0.240968897878023,0.120807034544636,0.116598775214465,0.202424651391467,0.0575113096957311,0.316007888614186,0.14158940147434,0.145942572624065,0.109204675273615,0.191443828649698,0.0506564027374805,0.269372445888062,0.192419552552024,0.165815999679309,0.255194602685991,0.108814251775622,0.114154649337148,0.11541962990764,0.0862750988665116,0.135749752693889,0.139690168114071,0.12162929183179,0.238438596068739,0.212914755697148,0.133403638360215,0.311819180306001,0.25148315258947,0.229633721922398,0.0764993737793332,0.0779952019266084,0.110428739001882,0.1474411511702,0.135475837846563,0.150516955725292,0.204214330136592,0.164971015022862,0.0958435492209315,0.139881667280601,0.137787633232731,0.128113611339298,0.114430839377444,0.184149400393799,0.156421055197732,0.117313181505882,0.213379172344713,0.0579359769842531,0.131699972792902,0.149630667654463,0.173078458809252,0.0586742428488675,0.144682434570965,0.0843894205505808,0.153696600475987,0.0988725190757061,0.117199785601393,0.149853097232543,0.224672841256962,0.0602467781792296,0.125410281357649,0.107034603512297,0.126300322086287,0.118128985693978,0.0599469870578079,0.169198721815032,0.129784037470042,0.151894593610382,0.24706291213944,0.158036718785166,0.135997723678928,0.332161484721459,0.0717706387472778,0.114202183606393,0.103104292203586,0.30352866539242,0.169996473914993,0.150177614468268,0.165443558979003,0.209521462266157,0.172130242187918,0.106901493389761,0.144227562855597,0.0841815440859442,0.159477207215534,0.0976745755003514,0.126745772434614,0.169913051104944,0.168542410917208,0.124055064710002,0.289904878149367,0.236388032916681,0.305892962377816,0.134504004471048,0.148745638329466,0.122210447135717,0.0760782981410387,0.184590235449973,0.14202154203122,0.142741881006589,0.18254371750573,0.182349881223247
0.288533979738582,0.303630975496735,0.0580787303107729,0.199582751269632,0,0.175183697111208,0.0957347123858532,0.14499041408425,0.0743902620899086,0.0656701416878051,0.21405867378988,0.174421975413682,0.182142096929445,0.275976470311844,0.283491499558505,0.274313871081755,0.0694229448008244,0.211880326138827,0.122883734201208,0.291632218010566,0.0737910657466019,0.1620632094358,0.241748910557828,0.133186153578425,0.131114145792592,0.0699561477161423,0.250242985703802,0.102659606861134,0.146384835832409,0.120594917207007,0.28648042148583,0.218030973396227,0.106316946455199,0.197287226535541,0.0648864615445307,0.251465577683404,0.0673354533949023,0.239373627141204,0.052139218142393,0.0998751320756839,0.0955817104961326,0.109677228501692,0.0761367222303375,0.235581606281065,0.0626413215575603,0.156060711445593,0.218531595236886,0.165260201380429,0.245613836179016,0.167099367074018,0.253829688287831,0.266759774412425,0.355937311077932,0.324627906156246,0.151629758243014,0.293417367907403,0.107856940406121,0.075596085470987,0.13453219366878,0.318344406143109,0.0463747378748404,0.284290116704574,0.159652510721588,0.252995009338996,0.169894338708031,0.300188633134968,0.237479665313269,0.145007178917693,0.10511004904467,0.230024782442895,0.158418397928085,0.168574274717963,0.147618557277601,0.140592185957068,0.246777607158579,0.088655378141611,0.212930175691409,0.0725296984984967,0.196113286678179,0.335033014794164,0.0979965430432998,0.0934082975429403,0.218504993678707,0.135266049375787,0.0787527869742288,0.20873392347539,0.0664288157554929,0.221566693470987,0.354989894044249,0.218837265831855,0.190855351312415,0.241070499313467,0.199102845273609,0.277887980178721,0.114465725029971,0.281454805024279,0.0717623288099506,0.241081171810741,0.244426867439115,0.179892510735817,0.205028395610295,0.27632192637708,0.279389515285819,0.252126861305502,0.0890331501709144,0.253738925890041,0.261348927613976,0.270682312676178,0.0843156499955528,0.25092677693569,0.0663950394875943
0.109311152918606,0.0985201756304131,0.262606229941397,0.0477862209534194,0.175183697111208,0,0.0651480528394467,0.10131865446618,0.0542022177590513,0.0456907053342459,0.0916376043034185,0.17970934579298,0.0762197637231976,0.092499623677331,0.0891985301744348,0.0966216432565485,0.044146718519739,0.097431307760159,0.067793477196418,0.0897844963400965,0.0631355497365691,0.0898233287789376,0.137755653606632,0.111677052520595,0.0684281005686162,0.0219689487201172,0.0951056567737946,0.100537455057703,0.12534435088501,0.0660566379261966,0.111571359143862,0.120198319126098,0.175399804432046,0.0920710903548827,0.0148323853389977,0.070771482973159,0.0213531040253278,0.112046484178079,0.0328826465198495,0.0700464796914898,0.123011261001666,0.062250253810765,0.176321454036515,0.121582535741315,0.168049711493951,0.195347166532701,0.131136020941827,0.0315629206256215,0.120569160275073,0.0596950681349972,0.110550926146754,0.0729847066218647,0.108502519209583,0.106836489804099,0.144203589240586,0.117048527794644,0.0767131822821411,0.142358848240208,0.151575662335545,0.0918711349568764,0.0604013309715551,0.102998064952576,0.0871518714275158,0.126988348150893,0.118408995488456,0.0680268271793338,0.206190586674739,0.204462254691104,0.0523385094466523,0.113464162203638,0.0641204237344516,0.110965055037191,0.064112942015003,0.0598889384738617,0.126082436685086,0,0.069522551777493,0.0127223561036837,0.0972937921411764,0.121737226188079,0.249767717096211,0.0321243337513281,0.123619187991997,0.0392709489225512,0.0238734464118541,0.157947572085983,0.0396343001532335,0.0917112493569306,0.103433669807609,0.116352493587679,0.0982897020646394,0.109241734756007,0.0637174801413012,0.109876573533639,0.136414285418396,0.122332426909388,0.0422792262539552,0.0980995944716163,0.10152198022848,0.172051062203635,0.296573874139923,0.210904027116076,0.0796933220097756,0.123474658361178,0.0465879521853857,0.103524259348439,0.103493248390872,0.116991132875418,0.0373578659376867,0.0774581126494751,0.0322779915355022
0.0812185675170199,0.118187896449802,0.0911279382117264,0.0912297395662252,0.0957347123858532,0.0651480528394467,0,0.09003135090655,0.0954908731338339,0.105501188978809,0.0835825785344075,0.0822153215884844,0.115153992093403,0.0901259470795836,0.0974772564448919,0.062507169617518,0.117309215624211,0.0742851218838333,0.109556454534942,0.0918229864742267,0.0820461520346012,0.0696594797818856,0.12282297546895,0.0906526384842171,0.112886266390389,0.122675785146524,0.0682926284831894,0.0554393007379808,0.0673285312792402,0.0675159137595925,0.072725243809364,0.0695733798129001,0.0388660309671298,0.170393493357983,0.142136254702626,0.118383369177065,0.134385416514873,0.144800039418242,0.10635257782334,0.0602246409395605,0.0522674772795964,0.0599575137679435,0.0377324457534338,0.0736853715843998,0.0357751365400514,0.126538716483481,0.0937084699067525,0.0687248358695223,0.0689779690422521,0.0769098155069465,0.0778613671730077,0.0921328140296742,0.0928139954136792,0.0954543287071583,0.0604083594621803,0.0932764032533652,0.053634558464218,0.0754665177368029,0.0944911635986963,0.0819874653296963,0.0522765628811714,0.0836200584679294,0.0552906964160604,0.074320010421481,0.0572443594699812,0.0938932695933992,0.0642416266078318,0.0729712316779473,0.0567034216828865,0.0744927170838871,0.0676554003862571,0.0679865871913167,0.0647434319289385,0.07533852866781,0.0808454013424007,0.0865195310164473,0.12746565395484,0.119456661418631,0.0964074644174737,0.123873405828303,0.0782719657139773,0.0607690608863654,0.0633684591153858,0.0673031877689559,0.141000694589427,0.0718436419374547,0.128372241369389,0.11113002814412,0.109495454513955,0.132912772697192,0.0820893780663954,0.0774275269261299,0.0705140428460629,0.0864845692909105,0.0806923952264115,0.0756435074224282,0.122741646182711,0.114954863116401,0.083594390533373,0.10811021948112,0.052501436199735,0.116170494205476,0.100973751776094,0.0746840616910263,0.0946570630367662,0.0848828433398451,0.0920714611570176,0.0772166785322763,0.0867530211979524,0.14092370921026,0.103944384289552
0.197581045872418,0.201194631911827,0.0897858099539296,0.194801399184962,0.14499041408425,0.10131865446618,0.09003135090655,0,0.0718773803561912,0.0929981549681396,0.208370693255781,0.0609534894248556,0.119928208121956,0.192533137327161,0.258747968945719,0.183391558888434,0.145657642380253,0.150274888889506,0.0899304442101237,0.198739184001918,0.0679491812682119,0.104055040990759,0.257888122210649,0.0826560581366302,0.146019478268026,0.0424164572476712,0.169597406578687,0.045539638304801,0.12150512081904,0.113054944192001,0.226559699692686,0.167799935072671,0.0443935932509328,0.199470530371524,0.0517340176242628,0.179155953936187,0.0570146954034851,0.228506862547553,0.052220571191976,0.0691518394093844,0.0621812094009051,0.066166199247747,0.054144527495969,0.149470526509228,0.0530633886425141,0.174520247395198,0.198324618223554,0.144427658830914,0.154661711444174,0.125606681176899,0.157790643912931,0.178994103588198,0.2554649947654,0.205717356086416,0.0930197756180986,0.283411066926964,0.0729550921302827,0.07711208590298,0.0666192857591957,0.249359135922437,0.0470265860535007,0.18652084777018,0.115680221585035,0.159714756991564,0.11673428366883,0.231189429657049,0.155794212443725,0.184367454533669,0.0676064931863508,0.144246407272081,0.118677003274531,0.111790028923026,0.116240790350872,0.0929932366315501,0.177429191190319,0.0567904799937455,0.172286145021616,0.056036605175585,0.168602137276887,0.232420124355904,0.167059264561786,0.0579513978799838,0.144480492749451,0.0923267811306296,0.118645761109721,0.165445294600357,0.0483502597837975,0.197701565270962,0.248404413142106,0.187024423630299,0.133009368948795,0.164750280660935,0.180584782385407,0.185978268810733,0.0608541170907483,0.174254069476103,0.0609750637299917,0.211723392465123,0.156263843394877,0.237366054807362,0.0994959097081292,0.290337448598437,0.159611965043945,0.177601446372088,0.0784952564241499,0.170373304381545,0.230345521521029,0.189106191143365,0.0704777397498182,0.186184034109566,0.0609498717425736
0.0941965391033246,0.0822824049873881,0.0623855098038638,0.215663809379473,0.0743902620899086,0.0542022177590513,0.0954908731338339,0.0718773803561912,0,0.0795704425147743,0.0601652607612004,0.0874107100787454,0.0884958735421526,0.0668063780874651,0.0725089699492971,0.044682508589831,0.067241699592995,0.115472492622555,0.0871074429215749,0.0719109810572952,0.0686827397285592,0.133292094591458,0.0733143441499133,0.0662574429545018,0.0817062495477155,0.121319626614357,0.108440531448232,0.0552320691022863,0.140005302806783,0.0898177163760747,0.139159924044831,0.162408047815369,0.0327956397067087,0.0935614884492529,0.137294172955358,0.069697817833211,0.115315819275038,0.0694774194069106,0.0711091343771333,0.0645964821432144,0.0768758446287648,0.0680972660088051,0.0456010197182774,0.074863081368545,0.0451594503597087,0.0824883072432976,0.0738199019364073,0.099111101356446,0.0755903712462796,0.0769693231442319,0.0832082750833751,0.0464810197336299,0.0826909316900016,0.0873123739241791,0.0737122224402854,0.0923771447366778,0.0757895650090374,0.0625689513949275,0.0711310046398207,0.107536636895703,0.071647697354129,0.107330796384467,0.0601880491950202,0.0635459510347157,0.0911421589852826,0.091824417485629,0.110888976349344,0.0619818288971379,0.0545469315589873,0.0910956931907355,0.083985177969896,0.0593253488116218,0.0792799827945288,0.0571909168002888,0.101088058499178,0.115976276496101,0.0797020320288561,0.112539996011351,0.0620582471362369,0.107715262749982,0.0907406512531609,0.0371335030259767,0.108990806575292,0.0580338196973215,0.0812462824298865,0.103477095107336,0.172074358641084,0.0714361044908359,0.0537172512716702,0.0704247980021264,0.0771491599772855,0.102278758013291,0.1594068675376,0.0974207624303433,0.0480021355731859,0.0981902825365899,0.148667708040603,0.0670256192263236,0.0690419832275803,0.0632017635866477,0.0638811434980504,0.0698472048898133,0.0594941748786035,0.104309195488762,0.140710357403472,0.0548718961941024,0.0837458461823797,0.118597306326945,0.12952561156146,0.0560020243627741,0.106054718722912
0.157591485063454,0.0772609538918637,0.0570389459321256,0.271951870687966,0.0656701416878051,0.0456907053342459,0.105501188978809,0.0929981549681396,0.0795704425147743,0,0.0678673640737647,0.128706003203771,0.0884502639215253,0.0813930685068865,0.0924601629339051,0.0960000426145987,0.0619166919512107,0.0922621556853577,0.104030863888022,0.0867673965304276,0.0463863747841433,0.138986151748799,0.0793843496193717,0.0844344638057381,0.0805030284297885,0.130884684660253,0.10486930034618,0.0620766660341984,0.0989658838626999,0.106644280133202,0.181752416095801,0.132531402934714,0.0378867925101007,0.0719165994794647,0.145154498722963,0.0742209044860807,0.120550500070559,0.0614422517406645,0.0756974536910375,0.0529565474830121,0.0827641136293337,0.0528284323687128,0.0542997065483356,0.0727858979956719,0.0624954968588965,0.0668782874250174,0.074660322244462,0.133155971459804,0.0750938739778431,0.106831184907558,0.0757836160577348,0.0567462166566716,0.0897301314897548,0.0761474643023113,0.0749983851846626,0.101482044370843,0.0784809678733994,0.0568945313693389,0.093106108166469,0.119198800911121,0.0751163672214629,0.0949443358155371,0.0905203815168566,0.0741925921926231,0.0886691422440686,0.109499012022726,0.146983477464394,0.0620983181607083,0.065581880217923,0.0764364478383522,0.0911738017689202,0.0527020864299082,0.0867711233930233,0.0719108011170964,0.0788207885056455,0.137382341481926,0.0911225506958251,0.0880874080262658,0.0724672069493101,0.131918310351201,0.0671784941666571,0.0543632284310983,0.0886689528903499,0.0581879453199994,0.0670192502082576,0.0763276162638354,0.157433225713451,0.0778411488450932,0.0603657288047666,0.0770660041030181,0.0931869378540022,0.081687300480441,0.200140120002133,0.0837503600913269,0.0550030077272845,0.0905683772687971,0.112970786236234,0.0764794441453501,0.072351012842111,0.0738249092684816,0.0906114531034921,0.0643960117760704,0.0666186236824384,0.082681344423425,0.10272791587584,0.10644625885833,0.0976785339835166,0.0965830450269093,0.0738646902034636,0.0603222360260997,0.109465661337651
0.30348449400238,0.045433621205762,0.165068576147163,0.174457938151431,0.21405867378988,0.0916376043034185,0.0835825785344075,0.208370693255781,0.0601652607612004,0.0678673640737647,0,0.314965039866272,0.0496641977717854,0.206359627355805,0.196276769140892,0.277694158350771,0.0610303405758335,0.128511269918928,0.151625170841857,0.224543922117652,0.0675392191527252,0.152725926557279,0.0836417867601764,0.151386580160227,0.0523184384654154,0.112157097496705,0.162752442971935,0.0902680459014982,0.0945400763156182,0.100242292318757,0.239646722605419,0.136962501653129,0.0511164262139729,0.0754661724458162,0.0768545188623594,0.132822726514671,0.0799196506347144,0.0604881775848338,0.0502356079589847,0.0698967343160483,0.0800765914067759,0.0675419206181903,0.0532847089746634,0.103781864824699,0.0466468710475109,0.0442148893490743,0.0925622006882423,0.175925590880865,0.118842141308976,0.180517755736901,0.102134120102342,0.161724481774186,0.205357966056869,0.12653997352734,0.101932315765404,0.184687619755771,0.0780891288008831,0.101776000658328,0.234238164084342,0.246295121304049,0.0665032834313375,0.131327651817226,0.204968561690525,0.1428485573167,0.100035845497021,0.236942910442748,0.235345762592859,0.0824229733133912,0.060295517826839,0.0964500431062085,0.0773138571935631,0.0659186790108828,0.0678322525846567,0.155654456629406,0.0907967112156058,0.11906099970005,0.127591240976768,0.0746148370394856,0.0748489621730593,0.28327480736755,0.0609416957610266,0.0426619429010485,0.111492786379137,0.0514310009605137,0.0573876170298505,0.0819934100514253,0.0669037107205264,0.110388875792618,0.140905152117664,0.0879210481598386,0.096847037001572,0.0981551981428389,0.209287234789,0.108829124454637,0.188052035874185,0.140893537348265,0.0633076862952265,0.117284358532341,0.117808438728817,0.0813488538664455,0.253954439409719,0.0726531445410739,0.0907263396215404,0.107597839959567,0.0657791783223469,0.286368111695533,0.153031730100877,0.123809723216199,0.0638807427463341,0.0556945106905281,0.0909187072902435
0.232066610003267,0.335271321461004,0.133291798454552,0.240968897878023,0.174421975413682,0.17970934579298,0.0822153215884844,0.0609534894248556,0.0874107100787454,0.128706003203771,0.314965039866272,0,0.175919053480242,0.224974306234445,0.335419110928543,0.203776848649353,0.20700079078263,0.23024637347262,0.0681265678012113,0.23921366839914,0.0767205855386147,0.147391011622619,0.461852626394507,0.0654967908346762,0.224846976080038,0.0578894127119184,0.270482163677067,0.0635637989419104,0.189047005519256,0.0982097856837917,0.28821127294453,0.252345085707346,0.0560143587659291,0.299507078420417,0.0834722708325694,0.267413165579393,0.0783504368994615,0.411881153920592,0.0834531311636512,0.117018407193527,0.0696745806333205,0.0983941645141836,0.0539455702092005,0.25888200744959,0.0507122773728603,0.250968128606143,0.307974678124985,0.158533945103218,0.259864239840086,0.11038902661549,0.277108890154091,0.210661418980073,0.361253007715779,0.36194996335831,0.115575649569085,0.362773366602595,0.11583013956786,0.137075759819594,0.0764701405958443,0.348984572061248,0.0502065887640775,0.312701669563331,0.0967223169628365,0.236626817036804,0.194816005570141,0.266836796060487,0.194188042420306,0.289079322499575,0.113160349219182,0.253566242955882,0.210776427590146,0.187595321896683,0.201657835175998,0.0820741574092991,0.290089426982045,0.0733655162496159,0.259334098775711,0.0760165208633073,0.242230878199415,0.301417986196768,0.244888490981771,0.0928305825139019,0.249676013845801,0.146863824073647,0.203301645556148,0.265083776912706,0.0526840561248367,0.299952272455017,0.373704243173456,0.321452296922094,0.218639484133503,0.291006539845383,0.219098917335499,0.331768392118941,0.0680777865927074,0.300613078727617,0.0639702543905816,0.332119244869809,0.234232392892177,0.405991468373683,0.0994010092598163,0.450412979902636,0.28835031069105,0.294683324770067,0.076508025443248,0.172585063902041,0.251059905334071,0.338953470175771,0.074281129001225,0.400699517127137,0.0571860552682217
0.181160421412027,0.0780540573676239,0.264102743688264,0.120807034544636,0.182142096929445,0.0762197637231976,0.115153992093403,0.119928208121956,0.0884958735421526,0.0884502639215253,0.0496641977717854,0.175919053480242,0,0.106592851762253,0.0417617779949417,0.224429223183972,0.0699849786151139,0.10791821595544,0.0903232126499988,0.134139190302247,0.115082370182996,0.102948190118078,0.0709051415223224,0.10538741421623,0.0684504484305334,0.0787678219419052,0.107126466115049,0.0608342249480259,0.0972513786594875,0.0865524127447296,0.108764064691124,0.0914827286617631,0.0577983164148079,0.0995857046597997,0.122557631565352,0.0517460132337045,0.0975313370513656,0.0529658053143046,0.060466539592129,0.0675649570987114,0.0376993251310575,0.0666582372199527,0.0463578416848491,0.0826742831615132,0.0222693947612175,0.088111182613363,0.11145528008089,0.0797670310725629,0.0593213264783983,0.0992779786586015,0.051705814829182,0.11102249131361,0.0552345394183842,0.048746992064697,0.049148563307556,0.0597234445224526,0.0242953896385532,0.138470322625258,0.202374407614555,0.0969460295241259,0.0174878900556232,0.0479781577573252,0.169164941080552,0.0715452115102101,0.0252526140711934,0.147604737929949,0.12076672547532,0.221283903431303,0.0147704197200328,0.0461295858837329,0.0125138588036872,0.060914663567298,0.0116707317970704,0.118270513058308,0.0599201083332225,0.0663046436480143,0.0443365295288611,0.0881752179540775,0.0799448327363563,0.137227672437927,0.133511346907857,0.0160765957373653,0.0695138104334441,0.0195765414344831,0.0810080509744547,0.0710554719539127,0.112587626948534,0.0369333098091656,0.0395834451749423,0.0821290819563859,0.0376499904162024,0.0515879417762701,0.105936544631398,0.0446267663192477,0.213060785122379,0.074192163059119,0.107979083502156,0.0605906662412648,0.0427374009306887,0.103130293725681,0.203505680639646,0.112782079015061,0.0234760813829452,0.0677198005489367,0.0902279096999033,0.204334217973039,0.0562772485622659,0.0779567239233489,0.0971552275368972,0.0345120668237408,0.0999921208318552
0.194132718036834,0.260509676508886,0.282559686946571,0.116598775214465,0.275976470311844,0.092499623677331,0.0901259470795836,0.192533137327161,0.0668063780874651,0.0813930685068865,0.206359627355805,0.224974306234445,0.106592851762253,0,0.172485338739531,0.195200019012045,0.117635831913381,0.108306770072833,0.148193320393496,0.0835825023964277,0.0814177531441804,0.0735483296932801,0.303935412013363,0.15488619745415,0.14703435302215,0.123728573433772,0.0999321830374536,0.116009629710308,0.136033358079912,0.0766861991753173,0.0862186226055681,0.136588565246848,0.081012638968319,0.153475799386195,0.0955037586923561,0.133807464756221,0.102321217071002,0.223458499267469,0.0875678334001687,0.103583612748048,0.070421131059576,0.0814819201848363,0.0791422632478633,0.173907916954414,0.0691708059342923,0.166549248693116,0.190308482909623,0.0604940519351704,0.14808885123143,0.16528577886945,0.163653575506694,0.0515575802919601,0.255817558773362,0.227914800267866,0.0691773002734853,0.208749583891962,0.0953134268199227,0.286819340139445,0.234794914917257,0.162710920199947,0.0779099115202939,0.160336787813168,0.18502452746496,0.100408800902265,0.113651170090906,0.0783488596257627,0.109656260521982,0.268758770402913,0.0830290080055913,0.140319488558639,0.116659243051666,0.141993650053699,0.122304780619212,0.150623679871248,0.19419851186859,0.0817965650712184,0.128606352977178,0.0860770095288151,0.133326837655663,0.065569960458742,0.224585612306221,0.0624757731704232,0.14933554545417,0.081038364977637,0.107082335065903,0.186106142005541,0.0836875230423795,0.160566084935933,0.272271578281645,0.224004899508033,0.079241883713287,0.174683463431163,0.128977195258259,0.198776986555431,0.271558486208962,0.167293413698925,0.0803353936807086,0.163829391958792,0.0922389547600862,0.31769185703275,0.240989561484299,0.323691971649183,0.138975406458562,0.184738499735066,0.0824473823612304,0.255067041103209,0.117961768781124,0.16280890700307,0.08107540792505,0.199363508787181,0.0997702864613085
0.328104078111965,0.196138856823272,0.238985870207794,0.202424651391467,0.283491499558505,0.0891985301744348,0.0974772564448919,0.258747968945719,0.0725089699492971,0.0924601629339051,0.196276769140892,0.335419110928543,0.0417617779949417,0.172485338739531,0,0.258363579610061,0.146332521204602,0.119778605034063,0.198499154529052,0.190659887961337,0.0747224335369388,0.156219873329686,0.14910855297463,0.185862936780123,0.116515122648652,0.218326207043546,0.147963389545437,0.11855702956369,0.0969851347363117,0.110604557056126,0.226650300492834,0.124221085197524,0.0541149151785646,0.0684158377737929,0.126397279841685,0.0473415725190852,0.144151381222016,0.0980837205286151,0.121068339329721,0.0901781876564443,0.0998234732393662,0.0828386962279417,0.0718290077652086,0.0929003169985154,0.0673000520297648,0.0571338587583452,0.0726769422404326,0.190430184904199,0.092864741172978,0.224280297883631,0.0888977255461122,0.104006967604493,0.107209681642872,0.0866821849707964,0.109221677338374,0.0981254062626772,0.0927027679086218,0.141020791887835,0.251059839525665,0.161134721227619,0.0924600830884161,0.101484622859712,0.213788406778566,0.0839466861764332,0.0961012314710805,0.217117822091004,0.24027434126851,0.113074784370404,0.083849932611384,0.0889841671566916,0.0879379084116334,0.0797379421940532,0.0821201960852423,0.159139998688574,0.0867563903826809,0.20020860302056,0.060653790261189,0.132148562981164,0.0485462432635781,0.250931499341118,0.132788819474775,0.0726161423552371,0.101069951944549,0.0701518960637612,0.137596897098518,0.0861963210290529,0.111013223625316,0.0568250112527739,0.0571460336571049,0.0876146338974465,0.0865836244949675,0.0926175279518181,0.232968393774473,0.0900236530240584,0.228358102089499,0.102574529364978,0.0964652788463571,0.0763568242160062,0.0874354038064747,0.15433687720411,0.273290680584505,0.0973276338450762,0.0749603682854494,0.0919099989724973,0.0932264988060499,0.310168923395468,0.107080975780865,0.103232107252173,0.085285694184763,0.091178475314653,0.106088336584705
0.0960843147989839,0.333977521420346,0.280229676925859,0.0575113096957311,0.274313871081755,0.0966216432565485,0.062507169617518,0.183391558888434,0.044682508589831,0.0960000426145987,0.277694158350771,0.203776848649353,0.224429223183972,0.195200019012045,0.258363579610061,0,0.15927568458523,0.102652059549589,0.111196136963792,0.195141410143338,0.0460678832689302,0.0580318938069312,0.397658097503555,0.105240228583606,0.233530493496351,0.124883370856391,0.109046704876292,0.0662541875973189,0.12311116467346,0.0599658932647214,0.142059299507058,0.142960854241971,0.0475749163395155,0.310219786332789,0.119574626193219,0.268166789071656,0.0993873779138215,0.385363211237008,0.0912884975700987,0.108850818384399,0.0590404558060566,0.0707299009605682,0.0566445063515642,0.21928378263735,0.0531948022086011,0.34175443756405,0.315444900767869,0.0588491241827732,0.196334383210391,0.0760382138232175,0.241348037179325,0.213000851486638,0.327303608797404,0.320998656720909,0.0805591275633021,0.326903268617989,0.0867048869587835,0.139504710587873,0.307646650010522,0.243784987503765,0.0611989018042613,0.242344456821011,0.124638704410941,0.172741875447621,0.133238945280592,0.195230330022542,0.0708435694075079,0.342355261592102,0.120982809938047,0.207972116483903,0.169582281242423,0.188919829926248,0.182536511205365,0.122997881917293,0.25850842045232,0.0838120363017419,0.252989701375829,0.0734947846874021,0.258718424241102,0.210225873304086,0.279994806651067,0.126469571925733,0.185593430894361,0.147424855221119,0.186968751599462,0.248090374391523,0.0638917700350894,0.304015639703964,0.371826080515314,0.36447310255902,0.168631121749618,0.242268363646029,0.0492404940161343,0.274381445512256,0.130757790189478,0.236275881709172,0.0608662236929813,0.331741522189319,0.205151844278705,0.399329227814577,0.107055774430165,0.406611509587676,0.266742890350437,0.244648119625206,0.0580523814299803,0.0642089861085845,0.283874798724517,0.25157571038644,0.0527416926068965,0.386288990387414,0.0864199708538484
0.230389607012452,0.062316728384121,0.0601014055924463,0.316007888614186,0.0694229448008244,0.044146718519739,0.117309215624211,0.145657642380253,0.067241699592995,0.0619166919512107,0.0610303405758335,0.20700079078263,0.0699849786151139,0.117635831913381,0.146332521204602,0.15927568458523,0,0.0973125116301316,0.149844200993787,0.122624810988664,0.046768532605346,0.161663792578174,0.0750394846313698,0.122769564468313,0.0606764747484458,0.203202420590213,0.122734617673421,0.0679163305339572,0.0922201244931148,0.13081273217704,0.235857871999846,0.138600381662277,0.0272700995512218,0.0561283166936644,0.142090963878337,0.066926888965317,0.162366273428972,0.0462487748883928,0.0830951669502166,0.0441717472550317,0.0877485941606455,0.0451212945455548,0.0470624138964362,0.0677693683401504,0.0526959443369076,0.0558681120599986,0.0711014259491516,0.162385507517501,0.0786726911327099,0.164752992972848,0.0683834177064186,0.0741393538619909,0.118860934841464,0.0758375322665298,0.0830944805115332,0.142620390218015,0.0767362655912179,0.0649581448790493,0.136907739713611,0.164097824590887,0.0694683722338177,0.103060738011287,0.137032873430081,0.0836532168226131,0.091051877161557,0.157015283208867,0.198767109547556,0.0583656830140458,0.0571665546891303,0.0707084261495648,0.0913443968322404,0.0452280589965225,0.0864581015996126,0.0984172521511246,0.0773880202487456,0.180464445644667,0.0867797465466426,0.0995371728389617,0.0712327366463289,0.200214388413986,0.0558075436347145,0.0469693224336254,0.08651433864359,0.0537050766609692,0.0404330032524025,0.071229271544742,0.163176045175131,0.0764875558452817,0.0757246862258403,0.0659922706580397,0.104077613319141,0.0781218464241886,0.270895702411553,0.0831541723748451,0.0767440482659458,0.0921187782098354,0.101546721493106,0.0743438705971128,0.08101457685799,0.0724124835803328,0.144649627656334,0.0697399197704543,0.0655044976424108,0.083028560496447,0.105180999687013,0.169873525562524,0.136768670720775,0.0979440382842709,0.0688064264567047,0.0426412246541198,0.102653755542187
0.167414989701993,0.146314092092902,0.307354986163212,0.14158940147434,0.211880326138827,0.097431307760159,0.0742851218838333,0.150274888889506,0.115472492622555,0.0922621556853577,0.128511269918928,0.23024637347262,0.10791821595544,0.108306770072833,0.119778605034063,0.102652059549589,0.0973125116301316,0,0.0955578039704053,0.108552043580767,0.107764004011606,0.0560312269520182,0.225653801053009,0.133761479039589,0.102325249825592,0.0907191425399111,0.164936231612059,0.0967896704894667,0.237309886108126,0.0665333750391113,0.0774630900593806,0.164119235640834,0.159018926426793,0.121446193302687,0.0637624360833323,0.0982503062717876,0.0702205254362555,0.171408936779322,0.0681234618644964,0.0715209158778548,0.0786990073499105,0.0622602376645906,0.155801693693994,0.115977391766122,0.141439321156494,0.208310152120802,0.153418235602265,0.0442362778198173,0.113387637858233,0.12170381728115,0.114140817896885,0.0928132239637421,0.132453960734689,0.129450247821581,0.162015681286322,0.145394796257253,0.022644696704943,0.190938774410144,0.181577656056172,0.11153438141048,0.0289122084307971,0.111031516809319,0.106981943350123,0.148950366883267,0.0617130294051911,0.0792580747576764,0.289974168298076,0.268398174267832,0.0291099112755253,0.0990793711091159,0.0590169139174628,0.120707877198991,0.0762096951285614,0.0816891113305923,0.193282033346139,0.047280942746511,0.0912861150765532,0.080918168305038,0.120075835239674,0.129849561175676,0.344485154478965,0.0281869797793144,0.110627464308518,0.0457027793851178,0.0838019216629687,0.299658467082741,0.0735644502268713,0.114497608840349,0.145336072707853,0.150881940967148,0.0679600238252122,0.16022009950716,0.0955373858564242,0.151513462693833,0.175798490787563,0.116306442594789,0.0663228315976624,0.124496707502351,0.0941992859831728,0.279868631377171,0.368874204658989,0.2942399917102,0.0737399839512981,0.173339904128712,0.0567582836024702,0.144569237217241,0.115698400208504,0.172420996079085,0.0541130868318744,0.11533857483364,0.0865458444224372
0.0891415353726885,0.146246963122773,0.0837687883920152,0.145942572624065,0.122883734201208,0.067793477196418,0.109556454534942,0.0899304442101237,0.0871074429215749,0.104030863888022,0.151625170841857,0.0681265678012113,0.0903232126499988,0.148193320393496,0.198499154529052,0.111196136963792,0.149844200993787,0.0955578039704053,0,0.138211125021804,0.0599219770694316,0.0801214176232215,0.232271173649825,0.0699218167743511,0.130023916980115,0.070085096957063,0.0990205178323263,0.0571088209810484,0.108078659422561,0.142603873929153,0.198278245872267,0.143741269553777,0.0519374968898614,0.17385862172307,0.0756275657160453,0.126514884493774,0.0968774676207775,0.185937641235453,0.0933417589783142,0.0476871179577897,0.0526174466691544,0.0412100014244317,0.0577486119752721,0.0963065889417801,0.0607140222354002,0.135084606118197,0.129469145867466,0.103935326731625,0.102984963242096,0.0650121244777457,0.109628052325528,0.119443867301012,0.188486758486789,0.15046579141156,0.0625232852857708,0.202849958140779,0.0666350692082953,0.0892170169956599,0.0540457546605195,0.167183484784873,0.0433220462500295,0.14903011379843,0.0783036660725685,0.111336384268589,0.0913436443990243,0.155468021065741,0.108068163448408,0.137947013789483,0.0653331010627875,0.106344149195253,0.131292881855627,0.0727155424146444,0.141550760264762,0.0737368336680866,0.138801437013033,0.0496845741627364,0.130810650827822,0.0688618105021115,0.121705896728273,0.191189781034718,0.151371952083552,0.0537461797359647,0.108670197171201,0.0824543504062188,0.138421898657913,0.139863292329617,0.050697189591731,0.139914091494272,0.189677405812051,0.13851768286964,0.140239891933083,0.132633157104553,0.200401826425664,0.151952869390814,0.0550489124780178,0.125742208728122,0.0648442445472412,0.145552091817503,0.137373488092123,0.229821896392506,0.0718819951050123,0.220062678007234,0.135961825348976,0.135893180380258,0.0592168979573931,0.108998815572081,0.222576300260393,0.143531175091525,0.0505247080570401,0.131203007967331,0.0781442735235027
