0,0.0140725472227126,0.0221628315071042,0.0124587654968876,0.0261698619465292,0.03296001904412,0.0859419787097272,0.0268812749333724,0.0177853876422856,0.0316030549340137,0.0339610093608584,0.0902035310933127,0.0233602651223511,0.0370865004208986,0.0408389403129474,0.0266022173856869,0.0143966047550443,0.0534436364670367,0.0490839821758601,0.0532902711278292,0.042851033175481,0.0302041550571598,0.048375499209317,0.0739711208551672,0.0770398748402685,0.058151877873657,0.0284680030890917,0.0514141054523298,0.0785665488785188,0.0324401595048852,0.0835351384708146,0.0589074477795539,0.0500108701498434,0.0267145762520627,0.0228476596638938,0.0434520812934705,0.0278979485539397,0.0509171156065235,0.0304071927090581,0.0742965481627867,0.0355780467430877,0.0544940296840251,0.0249511934980721,0.0447270872966309,0.0373712010139395,0.0308335060676502,0.0189280002301021,0.0332917433236595,0.0379248771520323,0.0728096072215703,0.0385568155969948,0.0678248668303446,0.0254430280773075,0.0262185124086328,0.0576555537404136,0.048680079155608,0.0396297703925474,0.0284410823008138,0.049579679084956,0.025082200710379,0.0670382046055192,0.0204422653689793,0.0670149481848991,0.0179148607775116,0.0221339698913272,0.0424230172522297,0.0487631259398569,0.029787963454696,0.0348913771573108,0.0671864608429017,0.0503225066637974,0.0283588882492178,0.0323724124892656,0.0795917518594839,0.0228076722568856,0.0383584927252111,0.0249834368678483,0.0487722453152987,0.0218430041183162,0.0366572009536469,0.0218267211634246,0.0421513486942887,0.034728711671369,0.0324430262253391,0.0398086365509186,0.039640692396825,0.0298214890865271,0.0441226615763024,0.0431520281180635,0.0284003420762142,0.0454270499082607,0.0395908087714339,0.0353842297923312,0.0179639429885558,0.0514361018546719,0.0268271803433037,0.0291167783238304,0.0232341238980278,0.0282915641473057,0.0201934184398498,0.014874166823589,0.0365865178209426,0.0406997097834732,0.0406208224374377,0.0194268921443035,0.0256683692227342,0.0503182407704814,0.0393801182752647,0.0222647837299855,0.0272959717785168,0.054196901435416
0.0140725472227126,0,0.0211411072593774,0.0309148101517071,0.0631284601232387,0.0384608621673341,0.0328795224555751,0.0393478325207195,0.0372973215488123,0.0511751215626555,0.0123631628407801,0.0494701590430334,0.0475495778761786,0.0420441147100991,0.051321602858806,0.0209125304608513,0.0142919959523239,0.0331475949702501,0.0429233327129496,0.0417337690248662,0.0502344487841672,0.0196379874082673,0.0604109295997653,0.036319974402029,0.0367381469439953,0.0299331685485836,0.0220487579640263,0.0445210431315524,0.0423531421768003,0.0220021104015853,0.0500997113045956,0.0508987918426825,0.0459797619270427,0.0277244556201676,0.0371768044896038,0.059703569049691,0.0274333227721203,0.0235085576079993,0.0277916190777847,0.0336016806870627,0.0237468264614013,0.0483846520219702,0.0235936695643044,0.0370044351944566,0.0419126117746417,0.0275737122890659,0.0324796856231582,0.0498807530193089,0.0494664420200561,0.0440432622531712,0.0439707118596409,0.0556193699331292,0.0399704025659026,0.0446187790523874,0.0442786456774328,0.0741624455198497,0.0659440129533272,0.0561437716001972,0.0127875708135963,0.0279471311524632,0.059136869277347,0.0128319271443835,0.043462204377396,0.0245901550471062,0.0177796665488696,0.0882012986483612,0.0824870518392191,0.0371985548368748,0.0371216000804518,0.062332818517344,0.0346959216882042,0.0317664821045002,0.0364387480264034,0.0380908887388212,0.037429523520212,0.0387395586942111,0.0418209265984905,0.0339259378832158,0.0218781531176013,0.0224201044403022,0.0486060877346569,0.0503906709203979,0.0500856898772996,0.021622226706271,0.0350383544894093,0.0424066303770607,0.0214108712337889,0.0343001996237539,0.0294508250393563,0.043279655582832,0.0279090170544198,0.0312596435446255,0.0228502907204251,0.050243086281049,0.0479245222342315,0.0149115031725155,0.046430929083124,0.0409152585207382,0.0139220583273336,0.0486236631077628,0.0136568444078736,0.027432395852323,0.0305746216496776,0.041817095864822,0.0115612819851131,0.0259763687259394,0.0475524703569452,0.0356174907212719,0.0493232289286033,0.0277905582452762,0.0442098054560376
0.0221628315071042,0.0211411072593774,0,0.0279813291133965,0.0470079888024252,0.0280015054272401,0.014476218881946,0.0309931672046086,0.0223703744857228,0.0369045317170552,0.0170530606497093,0.0140557700192398,0.0159599584354625,0.0321175399407794,0.0492487664668986,0.0135464277093123,0.0315260015261431,0.0201551838065871,0.0158315431471627,0.0307895335155027,0.0408155088449103,0.0143539156950175,0.0447094433303752,0.0245956653510068,0.0271727066855036,0.0168758703819982,0.0169139396910578,0.0133536330327703,0.0515130225893558,0.0495432969581672,0.0174815839952306,0.0175932429876157,0.0658663345472664,0.0139257873237255,0.0733838305878282,0.0406665493347087,0.00857454990940049,0.0271091425231854,0.0303619717317644,0.039968997001989,0.0339484601494144,0.0183245127500678,0.0383291751056339,0.0114824800180787,0.0520809525654913,0.0148828605087943,0.0352788199413788,0.0289572802874543,0.0186052524876988,0.0600169715866461,0.0623192423362443,0.0306166462983911,0.0533662719575787,0.0501248149469589,0.0481857893139273,0.0690188392687129,0.060392007757704,0.0414892036076646,0.0278164966230499,0.0607122852096588,0.0402254248970445,0.0400742569238652,0.0374227138873556,0.0545381134280394,0.028214980101469,0.0541263561083318,0.0700712164109557,0.0577387398462147,0.0351389380026311,0.0290529539430707,0.0428562484707,0.024302578332603,0.0249105455837965,0.0234697795548559,0.0530439638266908,0.0451358616315523,0.0577278934494626,0.0259226914475858,0.0262129938065404,0.0280000264684064,0.0406906096279135,0.0393607282070768,0.0464344203628512,0.0118631125654827,0.0409654457343386,0.0331353021594595,0.0208329480783983,0.0365344919345951,0.0259376202786483,0.0269383264266503,0.0180154840004518,0.0153468955268299,0.024983767098283,0.0520323607182466,0.0416619278887386,0.0221926544450053,0.0466289770354541,0.0559230396393138,0.0276511598824073,0.0587612600325905,0.017680904510789,0.0164554437836268,0.0230197350889879,0.0214222436367937,0.0265910165096336,0.0220130110627243,0.0377407520804825,0.015900444735496,0.0310117279633941,0.0191524195774926,0.0612825626790704
0.0124587654968876,0.0309148101517071,0.0279813291133965,0,0.0636368334668841,0.0423538438296164,0.0449717480516612,0.0313890257550203,0.0136019802856002,0.0412034980710474,0.0185651682467316,0.0429501944764487,0.0238566772654439,0.0521039402423094,0.0726062637139014,0.0143401724617353,0.0291417970819513,0.0577492855300776,0.0325271914695083,0.0565144456422903,0.0558742482796695,0.0245824922900055,0.0706622492912799,0.0450667853287288,0.0367324623694249,0.0598146128946329,0.0435303776418383,0.0148863014096588,0.0692976472849759,0.0344306246827213,0.0503436655077737,0.0457781342301713,0.0776779692181264,0.0162063967350969,0.0610665905764689,0.0395348057962925,0.0128922043970019,0.0365280059722003,0.0490885077582248,0.0385728489380679,0.011448728670859,0.0390696378389929,0.0221078053623853,0.0199474790474255,0.0470732157206567,0.0167459625474875,0.0338067809931236,0.0299458565831634,0.0267520306184576,0.0497778437877397,0.0505649049457358,0.0280136747098197,0.0396875820837459,0.0419785208513174,0.0443088404274906,0.0473918921626643,0.0413661805679926,0.0353276982851262,0.0176973469026137,0.0332365861318818,0.030642655474296,0.0285531519196245,0.0242261374865894,0.0306842221850665,0.0152954393345054,0.0401683385522206,0.0619348508040074,0.0362341906846506,0.0321709316618316,0.0427195827531712,0.0207888619111528,0.0237579446593293,0.0255897932659279,0.0538947464280782,0.0308407402367482,0.0524926330534442,0.0521698349257304,0.0223322520822279,0.0326784657620758,0.0460955541085127,0.0445488468693847,0.0526683520105954,0.0326094930942295,0.0157624936612278,0.0499856560204927,0.0380921544410192,0.0136243071388993,0.0242826526414024,0.043342027780025,0.0424338158644712,0.0274278285206899,0.0138689170332975,0.0562889886466413,0.0574516117928431,0.0649679272347894,0.0110239224824237,0.0583214110617084,0.0644740298575903,0.0273135341050116,0.0643726623195669,0.0100529742720412,0.0197177945319437,0.0165009224608238,0.0377168304626166,0.0176499547157213,0.0276168793667087,0.0594330575515748,0.0223009505035211,0.0478705604499946,0.0143803377312828,0.0420940703153273
0.0261698619465292,0.0631284601232387,0.0470079888024252,0.0636368334668841,0,0.0377446204692783,0.0599117996249185,0.0323237121194795,0.0708521132266236,0.0274755326877568,0.0376840856622389,0.0402950655110427,0.0123727457657049,0.0673371408550525,0.0795358791399226,0.0309030467938898,0.055031446885992,0.0819696991382662,0.0482336652095332,0.0553098266259548,0.0715911863013119,0.0432533525579316,0.0509638056037898,0.0435274995543958,0.0450606115838564,0.0881452932019793,0.0505835178014903,0.0281062812933422,0.0594064500370116,0.0340309461367024,0.0599877167294161,0.0577417306991847,0.0566388561696788,0.0160453678719946,0.0671144496966154,0.0357004587965268,0.0197019730533522,0.0547965576127473,0.0713671785383317,0.0260988310588314,0.0172079738637688,0.0520041259471216,0.0388100033327932,0.0306007437542567,0.0392139162344082,0.0145054072634684,0.0444114876107514,0.033104453621861,0.0353230298287987,0.0379807501487517,0.043176794600643,0.0195408058999403,0.042800784902585,0.0412401198948625,0.0313514344005869,0.0328525917653382,0.0358505387654324,0.0306713615696635,0.0160192642006355,0.0245681300192678,0.0256757168350412,0.0256051605439627,0.0166466859975072,0.0365654748370086,0.0143958361928024,0.0256398709126157,0.0488968457999381,0.0434129938748836,0.0345006122176948,0.0460756634409515,0.0143449780022169,0.0312092742524453,0.0335270175264351,0.0501317853229815,0.0279266462275164,0.0644606994073472,0.0649960018913265,0.0312550521087262,0.0513212885444837,0.0574699790518262,0.0488299190304361,0.0611310455718237,0.0153125320075695,0.0437328302893294,0.0553853751425117,0.055294170897703,0.0341981120853317,0.0320565826212171,0.0715297631202295,0.0472878841027847,0.0442705902706119,0.0250286603578491,0.101804622274752,0.0725179027962491,0.0767115252541532,0.0147075595214245,0.0768974589046406,0.0767255704806918,0.0421581695998523,0.0646186869963523,0.0220902895056835,0.0343937379353505,0.0264188236211233,0.0619389850939137,0.0314525912268722,0.0471971128758972,0.0715505061514155,0.0377044319689691,0.0445686055942206,0.0286621315152444,0.0259076655436489
0.03296001904412,0.0384608621673341,0.0280015054272401,0.0423538438296164,0.0377446204692783,0,0.0411301602195259,0.0396001386651778,0.0343603069799867,0.0436941278539782,0.0466241080599116,0.0582207336955139,0.0354176833508342,0.0424653361192289,0.0554052620573635,0.0460673904725783,0.0631110757451468,0.0605735174192811,0.0582963829330945,0.0462311905633189,0.046873597964282,0.0325268759957887,0.058394617673392,0.0510580744721663,0.0331592135707175,0.0618296855102668,0.0262554356005626,0.064076633483032,0.100792555877308,0.0654077485762503,0.0540732249106266,0.0376090997661725,0.0980956229398028,0.0448884425889337,0.0823897503857609,0.0418569444485296,0.0428792108912636,0.0240970084042017,0.0540342212980384,0.0780230236583206,0.0511100921142089,0.0388208725506617,0.0165569377456665,0.066841969492648,0.0342654309921719,0.0462861518282958,0.0491179451996407,0.0271396574146788,0.0287629831684468,0.0667806748839387,0.057145650476864,0.0644791070056605,0.0418563961868402,0.0330935331076049,0.0583531752753805,0.0351726164124403,0.0318031188754125,0.0602062857472797,0.0444850073073729,0.0467040581464709,0.0215479150873037,0.0694707019083912,0.0184919198663054,0.0671225866542346,0.0420954861214102,0.0389855869449367,0.0518478141944834,0.0542263029073842,0.0390965597675537,0.0520947315441541,0.0375766316492632,0.0318699609124121,0.0169242830046892,0.0721991602955772,0.0537826529137277,0.060377779055082,0.048367661203852,0.0275918423829092,0.0311189940859266,0.0530745728835864,0.0284429562226079,0.0401813264759703,0.0371294198289475,0.0296650475182706,0.0300355164723757,0.0424506529461423,0.0282880020111551,0.0473603104245719,0.0486915919179502,0.0321325197467057,0.0256551593171343,0.0256031500351561,0.0721768322920564,0.059042193331078,0.071579166359871,0.0244732207372897,0.0603838103879584,0.0820234784744591,0.0727593730112814,0.125361063839658,0.0499672033818021,0.0262034345656329,0.0411983652759029,0.0462940693021445,0.0741242882477618,0.0498138411126151,0.029389508008855,0.0270190954851473,0.0425975146239079,0.0347048959207175,0.0671880543548161
0.0859419787097272,0.0328795224555751,0.014476218881946,0.0449717480516612,0.0599117996249185,0.0411301602195259,0,0.0855142057828165,0.0418964838116281,0.09302341021121,0.0227709177566715,0.0913795690564593,0.0541954801203137,0.0771572644921326,0.0177687905982497,0.0226174913188685,0.046324607870502,0.0699226176073545,0.0976699277113141,0.0720534240299905,0.0407542911466538,0.0622762304797043,0.0489825684215628,0.102915468183652,0.0973317279470286,0.0517192382210774,0.0156700553832653,0.0852670140015914,0.0515612214736832,0.0497453291785197,0.119791093891493,0.0762979531649525,0.0769641474503159,0.0606938202733671,0.0407972776799392,0.0725690452472054,0.043959888021596,0.0113983232351556,0.0146700337049991,0.103312848708907,0.0237351030285068,0.0697795018024121,0.00931090100481486,0.0894875856744905,0.0285015482067941,0.0807008554339055,0.0278015619306701,0.0304344015989619,0.0242858755707193,0.0298377988388367,0.0257099005255154,0.103182269169522,0.0281620626556097,0.0287782070105832,0.0247993368067152,0.0301378669608196,0.023268271244189,0.0326318360027217,0.0469920309602734,0.0267814260852122,0.0175888289340369,0.0332365323331409,0.0370240124814745,0.0260845594536674,0.0271950814099646,0.0365021692933301,0.0467310199071208,0.0307767044129021,0.0210802596997351,0.0409524577396087,0.024472049583387,0.0368264729481682,0.0625636280093954,0.0437374203996701,0.0289786722738227,0.0199424772635391,0.0285655134437242,0.0182309509356914,0.0204214199920431,0.0325615386420854,0.0306740867897468,0.0290993684676034,0.0237769504568886,0.0404314681330475,0.0223431928702538,0.0245183523528019,0.0292735753365037,0.0293300848433411,0.0216319320315951,0.0294170186680725,0.0360321094393479,0.0194280424076667,0.0167859212177317,0.0494977890266037,0.0245511106504367,0.0199703059861929,0.0299538601623573,0.0434661548121793,0.105622685828669,0.105006418444788,0.0768521892916368,0.0203570062114752,0.0434267488725247,0.0685338861030062,0.102591189336841,0.0589972396562236,0.0155386481282661,0.024108191618773,0.0641593039853431,0.04666698844963,0.0394572235087851
0.0268812749333724,0.0393478325207195,0.0309931672046086,0.0313890257550203,0.0323237121194795,0.0396001386651778,0.0855142057828165,0,0.0332228171552541,0.0254726449098241,0.0322133367049598,0.0739157881643257,0.0152526508163575,0.0564222330198776,0.0595850028305089,0.0298360163822125,0.0182095026641037,0.0799308113203173,0.0450574543810049,0.0692912839963246,0.0555217503001347,0.0382662341679341,0.0496100013296268,0.0677952594429351,0.0471770189432953,0.087844845987929,0.0376257502683775,0.0449599682391471,0.0840756196588564,0.0351954230841842,0.0633758378926379,0.0540940517857044,0.0581389783217863,0.020428984874351,0.0292965757365443,0.0250220503602263,0.0250118600147016,0.0758075626084857,0.0527172781798137,0.0553817572401813,0.0244763211881922,0.0471279928185854,0.0355220925264385,0.0313418923243779,0.0407235016812405,0.0233206966226601,0.0272921506500555,0.0272593054111652,0.0398548299854366,0.0619986928187575,0.0366192769416575,0.0289083713750712,0.0301630357377416,0.0267817965482978,0.0458223082890554,0.0276248661578975,0.0274045949097087,0.0115954123526138,0.0368513272154389,0.0206166257685535,0.0451947421001733,0.0185169080797823,0.0394663836380315,0.0232893408722974,0.0203088889686472,0.0173983899727603,0.0425141978989357,0.032681838568633,0.0352136117936131,0.057481400586743,0.0248681659430067,0.0273738056292274,0.0358612965436064,0.0802195281335091,0.0202858001549057,0.0622052860051549,0.0436563608699974,0.0510887345938876,0.0393817541518939,0.0701431711547024,0.0402780923003866,0.0662527028819188,0.0260195187174449,0.0362531347376653,0.0616521784398546,0.0484336533528008,0.036813302561644,0.0508493903211876,0.0732026536589012,0.0392293988810084,0.0596141199309927,0.035077259709287,0.0663977790422215,0.048439623997097,0.0550088200365739,0.0223754814438037,0.0541251354923925,0.050785382515283,0.0392344545782566,0.040196340948074,0.0165204653429381,0.0363829949612996,0.0339893773755375,0.0669948503865035,0.0304050388575616,0.0425629791575823,0.0799214713402229,0.0404705394422026,0.0425012901598765,0.0268123399800198,0.0286960990854458
0.0177853876422856,0.0372973215488123,0.0223703744857228,0.0136019802856002,0.0708521132266236,0.0343603069799867,0.0418964838116281,0.0332228171552541,0,0.0565175809210339,0.00989136576833058,0.0544200851714562,0.0571443372055743,0.0467805517293994,0.0565820386442755,0.0218392442828317,0.0267264259347772,0.0575476634481011,0.0550770763023586,0.0487550365783856,0.0572918639787065,0.0258819594255233,0.060973243087264,0.0477016217418027,0.0430332550847214,0.0533462781695123,0.0250602706156091,0.0374655904209829,0.0486748639498418,0.0215516721331476,0.0683002777497814,0.0564182182457334,0.054219598759837,0.0310542478764922,0.0473715294747524,0.0408834595978966,0.0234215724386393,0.0237907207542661,0.0210006122091518,0.0398297480623154,0.0161546063207603,0.0520713567815156,0.0173817800392364,0.0420085316417388,0.0356403182537458,0.0141618078104835,0.0331209882625294,0.0354466273852694,0.0390816569336708,0.0348894987772707,0.0387250352641005,0.033873384319003,0.0388511536141718,0.0360396015196859,0.0296536896599705,0.0474326785152029,0.0411714885898943,0.0320004807200799,0.00668613631544357,0.0311264744575685,0.0312700411415603,0.0114372971582828,0.0146293589158512,0.02507220051148,0.0114295414085915,0.055921115863232,0.0582266200779494,0.0288689812965139,0.0393611606859063,0.0566006419867073,0.0219893946790197,0.033250798582047,0.0234841637114035,0.0340202720700513,0.0322402408759284,0.0468262892230897,0.0464919222456062,0.0336809807134175,0.0270920421939559,0.0324237660312038,0.040042278792199,0.0481460633487875,0.0372071757125451,0.0110949165703799,0.0410364196879848,0.0377052166141574,0.0256298779041123,0.0349440267215778,0.0460774802936099,0.039515396246315,0.0306315698963902,0.0231643383575397,0.0427065897776796,0.0533323052612566,0.0708296937889214,0.0178246979604803,0.0575434487128511,0.0501788426556898,0.0194013633604037,0.0501486179428451,0.0133875964886409,0.0269181908368351,0.0255208117604094,0.0407172069837623,0.0168059411770428,0.0309089603011704,0.0605143645053131,0.0341669531453273,0.0387537715003418,0.0205693090887312,0.0401445033848537
0.0316030549340137,0.0511751215626555,0.0369045317170552,0.0412034980710474,0.0274755326877568,0.0436941278539782,0.09302341021121,0.0254726449098241,0.0565175809210339,0,0.0310934036600072,0.0681294336621587,0.0252487038328808,0.0544953667643671,0.0509342879679881,0.0394934787451837,0.030142879403204,0.0906698413965113,0.0528461274993599,0.0693175236144575,0.0708855085207562,0.0364476641271073,0.0416869874687456,0.0651519325836445,0.0437506620531533,0.0944320456915345,0.0398989840194416,0.053654448096464,0.0768131688126956,0.0389595122448255,0.0728380379666338,0.0679381968683477,0.0508740938283597,0.030260395146422,0.0374766846750596,0.0232500586639316,0.0313956247492195,0.0710634179989002,0.0548647024541987,0.0561551785897414,0.0244533671543166,0.0604142325995817,0.0354122992473136,0.0454569576524356,0.0346809138734474,0.0220943842654808,0.0294325303874259,0.0269548825553628,0.0398561044661632,0.0459546061890315,0.0303128444640622,0.0137779251259118,0.0344111066774933,0.0307433063972272,0.032498363072316,0.0198043903275299,0.0200580065916385,0.0114709358349352,0.0278948444653357,0.0192901984102528,0.0380929708994359,0.0197016373736858,0.0279214244175261,0.0270862407155821,0.0324787969703786,0.0120432788233411,0.0305492634701044,0.0349351283887389,0.0509092893217323,0.0623221885919912,0.022603683320273,0.0387095949523995,0.0485994893538301,0.0735184682951365,0.0208353077614178,0.0926365224073443,0.0612106293082662,0.0547661464966259,0.0516447994908927,0.091033762887628,0.0673760052737711,0.097348643084633,0.0195761085187423,0.0406994207079373,0.0787332923173718,0.0613111703798924,0.050545048441048,0.0560061231469786,0.103951923720088,0.0539270226879515,0.0798396187120383,0.0351904795155943,0.0863165700761918,0.0812943779080462,0.0590259839378506,0.0244967286245794,0.0795890775679985,0.0676998108948123,0.0411720900708238,0.0386208172802568,0.015263350476499,0.040503034575016,0.0368290409891128,0.0797792459915668,0.0465017125719644,0.0539152777677164,0.0948969844787199,0.0462284712373736,0.03524234969542,0.0181230178247304,0.0179105067951754
0.0339610093608584,0.0123631628407801,0.0170530606497093,0.0185651682467316,0.0376840856622389,0.0466241080599116,0.0227709177566715,0.0322133367049598,0.00989136576833058,0.0310934036600072,0,0.00894627397906968,0.0202826164329927,0.0248416906206675,0.0462300485993738,0.0333257488937286,0.033887306810389,0.042577037007297,0.0253286349359673,0.0283789277868997,0.0373171482108402,0.0249304617543543,0.0422774938983173,0.0232177310123165,0.0141457476139122,0.0122532590665172,0.0262386014583116,0.0517126075359349,0.0591108819906499,0.0505156800156473,0.0149159889696686,0.0231842085295358,0.0749475022961877,0.0203765037939194,0.0643116848886646,0.0359440966758429,0.0336335406743346,0.0250507692150404,0.0507837167017792,0.0575276765198473,0.0326698887194674,0.0219286855405184,0.0303868419040943,0.0267285155472307,0.0520570216574238,0.0420665793425832,0.0442800101948923,0.0397038232603738,0.0355612241756966,0.0573215668519983,0.0554011999171699,0.036381579349988,0.0581678213837664,0.045946607788136,0.0472028520292004,0.0517366812495008,0.0404322193172015,0.0388751617708347,0.0365574078106635,0.0545689299483995,0.0336768689758087,0.0476094128128517,0.0393573878219312,0.0790363943514341,0.0328812055165213,0.0329011247653193,0.0677958949952845,0.0809955555153525,0.0282223406021149,0.0256451093080627,0.0414599551950085,0.0195522321440204,0.0226839898175285,0.0435190347337725,0.0568330480610467,0.0431191236846489,0.0616194940682864,0.0217196799669238,0.0370943291323219,0.0409934208897707,0.0323132759460904,0.0325892589750574,0.0290850207444929,0.015044436993657,0.0331080591602691,0.0432536525215758,0.0384614184848464,0.064830032065967,0.0418986272311157,0.0236618849919195,0.0308094378407523,0.0203289164913925,0.0370320669628661,0.0432243153973612,0.0511779521892836,0.0250098586163055,0.0570672055038068,0.0842540951879696,0.0602346621391038,0.0863426606600082,0.0262760162608871,0.0210337283523427,0.0505989852156468,0.043353108248809,0.0542304038556115,0.0525532946811836,0.0470125108214706,0.0264944395628177,0.0337045130783761,0.0104878656907181,0.0478510575553031
0.0902035310933127,0.0494701590430334,0.0140557700192398,0.0429501944764487,0.0402950655110427,0.0582207336955139,0.0913795690564593,0.0739157881643257,0.0544200851714562,0.0681294336621587,0.00894627397906968,0,0.0334339037522638,0.0509229461649347,0.00944636073482079,0.023011243471998,0.0368530733918352,0.0866859544216059,0.101845110600006,0.0358169876590974,0.0682342237350554,0.0461824078524888,0.0395018339905808,0.0652353230865831,0.0615467393013652,0.0096628333013017,0.0122469682380631,0.0822164244168908,0.0417687739946799,0.0734583739669109,0.0825351336620615,0.0427771832487445,0.0279932523330107,0.0217330437952227,0.0463608453299108,0.062385714573278,0.0423595686249093,0.0329675986162675,0.0339357648369848,0.0498290682075412,0.0239823279363724,0.0511863564678085,0.0169225235917262,0.0595350046658943,0.0489190885412416,0.0924929293891668,0.0447625558175833,0.0340794792116029,0.0304867459783104,0.0481975307357413,0.0381513466813846,0.0951452887899151,0.0225308562384723,0.0273817303506488,0.0451072647992341,0.0264315752870414,0.0254085380781181,0.0218242367615537,0.0659488907001871,0.0183241954854544,0.0160841534608638,0.0369126570839607,0.0599325293282727,0.0338464037086457,0.0100648219517676,0.0155987256373623,0.0322298511525683,0.038347928950841,0.0188215521528305,0.0335108585823898,0.0146793067910703,0.0247888179547817,0.0579782133522933,0.080135171969821,0.0220176758282554,0.0361395583459114,0.0418041782135729,0.0156965815294753,0.0355417366294261,0.0730385621530232,0.0296612479820268,0.0454143342436567,0.0112702982630345,0.040843749269628,0.0450077963429924,0.0266734100322309,0.0401057320669039,0.0466192664648477,0.0488974996444586,0.0208891172587619,0.0656187655554428,0.0180642002609687,0.0217572401108881,0.0609579102694588,0.0272060192173416,0.0192646904851117,0.0352952475422523,0.0347024773786513,0.101102151712088,0.0662378902638469,0.0679221972205735,0.0247704010808968,0.0684838470411286,0.100560353075967,0.112323024516835,0.0912847817790379,0.0418120303779764,0.0362884535855345,0.0557524036615529,0.0467753662552654,0.0283039979784476
0.0233602651223511,0.0475495778761786,0.0159599584354625,0.0238566772654439,0.0123727457657049,0.0354176833508342,0.0541954801203137,0.0152526508163575,0.0571443372055743,0.0252487038328808,0.0202826164329927,0.0334339037522638,0,0.0229782787350951,0.0580644815681399,0.04024798024363,0.0586399084573921,0.0549792793094236,0.025798345376135,0.0206246516398505,0.0654696615054763,0.036343201748993,0.0541987641097233,0.0190453321592035,0.0208245336232884,0.0298708100951263,0.0241279429261321,0.032403109042702,0.0572380152102748,0.0750771236628928,0.0303775819330046,0.0212084059590855,0.0343676815184296,0.0277739921263207,0.093874062521854,0.0310075819855527,0.0234498941191153,0.0193896431999529,0.0297415863133994,0.0253803161828842,0.0660354852084865,0.0208952325182137,0.0125611624128195,0.029176402957401,0.0315412002307039,0.0167512231472362,0.0267725470043505,0.0158522271530167,0.0158859086705498,0.0662172081466907,0.0531330625081481,0.0289934843332684,0.0239083476399425,0.0249179750260634,0.0581076200638417,0.0409318866241723,0.0371115121930112,0.0793574690890084,0.0446347145248491,0.0440202476793991,0.0235399247697636,0.0605104794768707,0.0333749301095228,0.0436118060549079,0.0397136665130352,0.0712232990820296,0.053829982966163,0.0298553193343133,0.0362597511205758,0.0667767395280148,0.0358193664613036,0.0428898744922114,0.0399681260648044,0.0515129474825891,0.0535722041433103,0.0465713725245481,0.0345452931954801,0.0239939758490227,0.017896470708631,0.0263812820173014,0.0242736010395367,0.0426998275332964,0.0311282359743698,0.019352829955597,0.0369647843772264,0.0262619156003383,0.0196692061582124,0.0329584099019116,0.0301614375425394,0.0292603456150814,0.0315617890778918,0.0210625205480817,0.0570372200236414,0.058685301397638,0.063886835116847,0.0354150061201099,0.0420708870581513,0.0428002210204036,0.0568977780478577,0.0408927765673254,0.0254028070999675,0.0237979285798397,0.0351334076184532,0.0271180854695137,0.022221393642243,0.0219274131851504,0.0197787591730878,0.0216135934456915,0.023764415742758,0.0517779387048644,0.0779405889422942
0.0370865004208986,0.0420441147100991,0.0321175399407794,0.0521039402423094,0.0673371408550525,0.0424653361192289,0.0771572644921326,0.0564222330198776,0.0467805517293994,0.0544953667643671,0.0248416906206675,0.0509229461649347,0.0229782787350951,0,0.0582733491436351,0.0309640531931869,0.0230472894819399,0.0883160154171402,0.0426132696205099,0.0641825693529318,0.0551908135237248,0.0351959540017142,0.0384347859784411,0.0390925530674366,0.0293483369128721,0.0827488602142137,0.0369196172246985,0.0501737505504408,0.0627947928381383,0.0398923032038073,0.0493577152038904,0.0533733164383006,0.03891322958462,0.0229734847987647,0.0324016832301702,0.0213504180951297,0.023804936255114,0.0706846833448645,0.0619587404305366,0.0275508677971304,0.0191707160527364,0.0445997591852199,0.0361134252356043,0.025511870618775,0.0346060285193451,0.028369801311951,0.0310636797459819,0.0233308933509083,0.0350767814549002,0.0459535428164959,0.0274817196314793,0.0236028987359865,0.0277226397059849,0.0249669082580387,0.0344533807743991,0.0145928428414722,0.0165515511110381,0.0140232880729916,0.0300570148758878,0.0184347915073825,0.0333009623229337,0.0203062340473238,0.0284441598949769,0.0243617216994128,0.0242957229859397,0.00872702553433524,0.0318666167637805,0.0324186685006237,0.0374609700843911,0.0556128492025995,0.014565494003567,0.0277300110454155,0.0398502425897408,0.0773666771115174,0.0192106057047971,0.0788050575602958,0.0518301423818038,0.0481101592664988,0.04458765871163,0.0894496307880384,0.0539210265093962,0.0844898874982765,0.0225302378581684,0.0347048557941005,0.0638752408123624,0.0533038872978954,0.0429771110295005,0.054866825530527,0.0868961327966329,0.0443253858729293,0.0662708780569567,0.029151327422333,0.07500256751238,0.065632632151079,0.0605253296741698,0.0195973119008607,0.0650229709409859,0.0634015457431955,0.0453387122281641,0.0650196966072928,0.0255881444369069,0.0337229386307221,0.034899162463929,0.0750785778222287,0.0523291586368326,0.0528694429184725,0.0859101784158608,0.0384327558564019,0.0806168900183884,0.0366157022473922,0.0224730616327702
0.0408389403129474,0.051321602858806,0.0492487664668986,0.0726062637139014,0.0795358791399226,0.0554052620573635,0.0177687905982497,0.0595850028305089,0.0565820386442755,0.0509342879679881,0.0462300485993738,0.00944636073482079,0.0580644815681399,0.0582733491436351,0,0.0340985731482355,0.0289449604275426,0.0211437076906529,0.0395580057475001,0.0432160769385339,0.0210553067321384,0.0217615623877847,0.0497793144235558,0.0238405694167074,0.0259508549601942,0.0349162390034168,0.0267685965642141,0.0381813645864933,0.0285251102578856,0.0487326822605342,0.0357619006694287,0.0403873630861096,0.0504476070018689,0.0315002723784108,0.02545131539325,0.0176611886140104,0.0255659125618778,0.0265039371044948,0.0253984958828336,0.0166772951789313,0.0300742680269533,0.032640177709994,0.0212638315345836,0.0224782603565287,0.0164737240877845,0.0284800815220409,0.0263956123350365,0.0112475488195072,0.0187483926041972,0.0364441610011217,0.025429924014572,0.0179808590185337,0.00998056242823118,0.0115848580308159,0.034123221236973,0.00993115689846401,0.00698334351281662,0.0387604624341785,0.0240486625411611,0.0241464587013202,0.0279631192003886,0.0317774445508698,0.0240118633483871,0.0208810484732296,0.034021379857657,0.0118217228506157,0.00969369404010221,0.0188062745558178,0.0406865854567288,0.028271930118593,0.0232201053157893,0.0334297151307066,0.028367337976499,0.0428790357990732,0.0497547173163519,0.0628009829630159,0.0369914225674287,0.0394152173091989,0.0354670962323824,0.0501151700753774,0.0388790663728076,0.0576075833262081,0.0489371462634213,0.0267829971447251,0.0387390669226288,0.0409206057523955,0.0352816078670291,0.0471079971955161,0.0467680982581528,0.0288989173482824,0.0304891372057728,0.0238504876132732,0.0175656117467974,0.0521131073037733,0.0461440327344548,0.0135406366962475,0.0416734748478763,0.0384545986852594,0.0222103213551383,0.0712657032486375,0.0449858370974968,0.0166061804173463,0.0407686987806593,0.0526174968371791,0.0531293637093776,0.0394447025303568,0.0442220809496339,0.0243032559625263,0.0766051256617008,0.0484783193505159,0.0527287606101829
0.0266022173856869,0.0209125304608513,0.0135464277093123,0.0143401724617353,0.0309030467938898,0.0460673904725783,0.0226174913188685,0.0298360163822125,0.0218392442828317,0.0394934787451837,0.0333257488937286,0.023011243471998,0.04024798024363,0.0309640531931869,0.0340985731482355,0,0.0131693548364848,0.0382600872174091,0.0198215994471075,0.033076015368675,0.0283326499172301,0.0122184807744687,0.0338572530702667,0.0266490827040844,0.0256374019617446,0.0246998310698289,0.0260340487365977,0.0409019430706864,0.0449379740676232,0.0264225493041447,0.0169787302238772,0.0140548081257982,0.0516136457070069,0.0335840868813465,0.0304482935480927,0.0508398913749888,0.0193667826797999,0.0397247309395777,0.0401388723739533,0.0549357804891686,0.0174767118802276,0.0118800519879575,0.0496403450958933,0.039339128546581,0.0613075132117572,0.0460992323885064,0.0262297045465956,0.0548077795882726,0.0290856480617641,0.0507160764482775,0.0563091700269014,0.0187522786319672,0.0438610810054551,0.0639391889759429,0.0504247067720563,0.056123590553267,0.048450715253133,0.0165006951478226,0.0282159638499782,0.0689867970312003,0.0405140826148269,0.0350014296098505,0.0368581697436884,0.0391140591338569,0.0378395113119029,0.0153816840243716,0.0290631577790488,0.0339397777921801,0.0199260957252701,0.0140299713929675,0.0181861975885913,0.0240499228501681,0.0149060901872292,0.0306892956195529,0.0103127911922105,0.00988397983734917,0.0206008918702867,0.0244604772274774,0.0154623660663719,0.0182963283953211,0.00802385058605414,0.0103209417570944,0.0174324555909627,0.0140444899826027,0.0127721598128708,0.0212005200408211,0.022774356942966,0.0373684564310297,0.0175059489327243,0.00897833791524734,0.0211370294088923,0.0204298822476823,0.013833016318528,0.0181273466493188,0.0159431261557224,0.0252421245853636,0.0225625331903916,0.0173175779558213,0.0398531303972675,0.0263251898795448,0.0119518383024797,0.0215619667778378,0.0334175967783822,0.0358070641218235,0.0202001377970761,0.0207862884742128,0.0269310147119236,0.0277630887398322,0.0245584754572888,0.018995096575796,0.0357054365029029
0.0143966047550443,0.0142919959523239,0.0315260015261431,0.0291417970819513,0.055031446885992,0.0631110757451468,0.046324607870502,0.0182095026641037,0.0267264259347772,0.030142879403204,0.033887306810389,0.0368530733918352,0.0586399084573921,0.0230472894819399,0.0289449604275426,0.0131693548364848,0,0.0438859193483745,0.0370641720936934,0.0259548564431672,0.0375551306559461,0.0282668860401497,0.054558636521409,0.0199813011092555,0.0168027628690849,0.0300245471999125,0.0321121523236853,0.0337987685486273,0.0416228035800022,0.0351085794908837,0.0420718616420569,0.0565192611970645,0.0397258101838365,0.0418349783153028,0.0535536387218881,0.0647436412516702,0.0184856852038467,0.020568926765162,0.0392301992274076,0.0289381391336246,0.030497087206257,0.0409559683372783,0.0249333813819297,0.0379257277004822,0.0496052659230736,0.0500942080034039,0.0255260925506835,0.0436583793230394,0.0412630984985002,0.0537514641145942,0.0518017589374974,0.0388192816115892,0.0334784142065926,0.0496905064890593,0.0439771779810902,0.0567536478805973,0.052470482611599,0.0425826223377334,0.0198575582606165,0.0431128105920097,0.0525123026576814,0.0186980945579417,0.0412671982328831,0.0261170097858167,0.0169330022979023,0.0430062776373099,0.0589607619493652,0.0337518875556841,0.0189333189408207,0.0300712276043649,0.0230643322654316,0.0218353372574113,0.0383255335974159,0.0337312909078092,0.0387384721526986,0.0295237789072732,0.0322377950223951,0.0221950251021282,0.0185026976872499,0.0256937315921452,0.0371642727615665,0.0387953019419043,0.0411177449303896,0.0306551473411636,0.0313448475084783,0.0238482619807901,0.0203969520540775,0.027262292549408,0.0176971132392719,0.0294996892221371,0.0320449936461223,0.0192333922708404,0.0248579232234604,0.0387688852164617,0.0424640691092979,0.0143995106450789,0.0358944462507458,0.0409096461225687,0.0340294743524312,0.0589690195910332,0.019435045095388,0.0146008837707922,0.0264682651282341,0.0292953250804896,0.0129554572626464,0.0232856153869042,0.0310201046774853,0.0213610858267507,0.0316077215579647,0.0196836368111951,0.0469284325229733
0.0534436364670367,0.0331475949702501,0.0201551838065871,0.0577492855300776,0.0819696991382662,0.0605735174192811,0.0699226176073545,0.0799308113203173,0.0575476634481011,0.0906698413965113,0.042577037007297,0.0866859544216059,0.0549792793094236,0.0883160154171402,0.0211437076906529,0.0382600872174091,0.0438859193483745,0,0.0742958938051064,0.0918008904812846,0.0370420257678635,0.0193699155599058,0.0765174013133517,0.0835265965409445,0.0735012291931503,0.055469942852109,0.0387420546173338,0.0680999717818494,0.109319337035823,0.0356960166692336,0.0960685754087333,0.0747345468822984,0.105719609459566,0.0454479714105701,0.0410337062838727,0.0711234687508758,0.0531233413862384,0.0358111624384107,0.0229603125744202,0.117364702403427,0.0239069884259487,0.0767960173704871,0.0216591509022246,0.0809869018346743,0.0470075482952657,0.0430615138642314,0.0221034878297195,0.0390152471722193,0.0304215685361523,0.0709203039369008,0.0562723168615789,0.0715308965213406,0.0388403235805094,0.0496280787209187,0.0506154723281744,0.0630908067353931,0.0453889288346491,0.0345048626780433,0.0202993325911426,0.0494266927012457,0.0410744442775694,0.0423328197957384,0.0156628592621543,0.0244308596602586,0.0467195666763446,0.0513996284516446,0.0390345303168672,0.0215889058261535,0.0491568230412979,0.0138144063608556,0.0309333165002195,0.0537365464449042,0.0435316120186426,0.0294767372969432,0.0201794738012935,0.0545156458860688,0.0443736382710949,0.0298395574337449,0.0283049065495038,0.0661072959484218,0.0603303958384039,0.0652975921539288,0.0199265259645328,0.016292674792322,0.0206789960077207,0.0503373561421275,0.0439274450635656,0.0409736185924663,0.0333617019365177,0.0541086745104351,0.0452461769779605,0.0187680810578654,0.0292655823011525,0.0682780437117413,0.032036508227947,0.016857368571678,0.051907353492195,0.0441184750733993,0.0547273953655064,0.0983405842937894,0.0396931797049337,0.0256750700024791,0.0329319840489951,0.0580267927179576,0.0934019508726112,0.0612894232051005,0.0344346568899255,0.0291077960961034,0.0732470446809904,0.0581113109809442,0.0449949388644662
0.0490839821758601,0.0429233327129496,0.0158315431471627,0.0325271914695083,0.0482336652095332,0.0582963829330945,0.0976699277113141,0.0450574543810049,0.0550770763023586,0.0528461274993599,0.0253286349359673,0.101845110600006,0.025798345376135,0.0426132696205099,0.0395580057475001,0.0198215994471075,0.0370641720936934,0.0742958938051064,0,0.0408116657594783,0.0576694527566597,0.0278658806745928,0.0471035441182324,0.0336071894995161,0.019441366278314,0.0561305052331208,0.034586765503923,0.0179366668352442,0.0818018093593101,0.063434437079826,0.0136761511105192,0.0214847810562387,0.0310269111914969,0.0256772944647019,0.0543372815157104,0.0294549518740823,0.0113782107632986,0.045757455976284,0.0351737436153652,0.0525289173224018,0.0522591050067066,0.0137297889790046,0.0135030951797265,0.0232698297732425,0.0459914087234989,0.064662386111497,0.0167936854925885,0.0186847986424006,0.0179171189600985,0.0650497768736957,0.03971765351223,0.0129975298453093,0.0183481138927228,0.0235195614160709,0.0591716169116877,0.0259816171605766,0.0189801730893571,0.0317225320668712,0.072769531219259,0.027480973727693,0.0282275146011244,0.0460186743508167,0.0654189481135941,0.0229149723909673,0.0155329923448239,0.0107267803858996,0.0298867813390943,0.0298364344897628,0.013482188915509,0.0432656440345202,0.0149018458621603,0.0235488111603905,0.0448575477134094,0.0786391923821362,0.0162016861777527,0.0247370262973922,0.0203113130783952,0.0191893828332041,0.016474237689222,0.0547402867985663,0.0182208910222676,0.0350548374477055,0.0187521354284742,0.0385839125468111,0.0439161837469066,0.0237458083092329,0.0260550452589152,0.0324576028028898,0.0299292307761974,0.0148330533508853,0.0558947022979135,0.0195612414922138,0.0413217466521738,0.0404838817162886,0.0474380818693855,0.0186656527744401,0.0257816192152038,0.0249930055705797,0.0518428072741876,0.0269240025691825,0.0386869540549453,0.0221760669778478,0.040910332069441,0.0542986023643461,0.0286195312990188,0.0356257792909351,0.0376435696943886,0.0248064643692455,0.039109274667899,0.0487578271578145,0.0288429673360512
