0,0.0381652370955674,0,0.0362549152568281,0.0585272461973233,0.0199028425872912,0.0123814544376675,0.0464560342413354,0.0341199068283201,0.0201993376586887,0.00548353148661823,0.00874641196507545,0.0188637030739259,0.0126100988463657,0,0,0,0.0294987232616483,0,0,0,0.0465986448566611,0.0206392224559199,0.00822856290004114,0,0.00142159619949154,0.0184907230063764,0,0.0664192595289351,0.0131270801185654,0.00676513278665272,0.0148712413307872,0.0059873530363565,0,0.00933487114534191,0.0254542299340087,0.0128008151423342,0.0184048806449185,0,0.0340776847592888,0.0417264843750762,0.00439854517513558,0.00280502397308206,0.0430451248981452,0.00774873668254395,0,0.0536966682847629,0.0163391672854728,0.0174748695276004,0.0541851049228152,0.0186429083834418,0.0230051680655823,0,0.0350699948473582,0.0697018139634982,0.0921998257961408,0.000814500923179057,0.013800470952877,0.0093620513843864,0.0308094384146331,0.0404079391298783,0.0030097268020905,0.0248536767515314,0.013416817911919,0.00483060303054944,0.019243432285693,0.0712463134823481,0.016014382835267,0.0216506696750992,0.0231897319920233,0,0,0,0.0440101354187475,0.0314281741435068,0.0271810300956174,0.0355509006549348,0,0.0580691977170077,0.000836247487454812,0.033522201958671,0.0111992262796186,0,0.00601252764210229,0.00428010037288546,0.0482663533098661,0,0.0043769957484925,0.0252209578101313,0.0386198015459527,0.000708483568542602,0.00680710944468095,0.00795797014996331,0,0.0765305613488037,0.0166984746649954,0,0.0148079042558208,0.0660403435624185,0.0143202793896006,0.045202087426865,0.0619533801047029,0,0.0202228213873056,0.0703411612423337,0.0453457481170018,0.0169927190665842,0.00812126465748181,0,0.0109017903179955,0.0202803453465233
0.0381652370955674,0,0,0,0.0291781928363202,0,0.0195212662133474,0.0621259772724949,0.0586721015457569,0.0295333387137437,0.0145301065337483,0,0.0129882867826458,0.0366608541149785,0.02764941555089,0.00361111852026429,0.0121108391437631,0,0,0,0,0.00671260431147333,0.0140503897736638,0.0127303039123519,0.0140736483367464,0.0110985192287818,0.00757842110423795,0.0336669767905561,0.0160532109580444,0.0306375991013958,0.0135683653752748,0,0,0.0122604232744737,0,0.0301643897674709,0.00309554726857795,0,0.00730367002343371,0.0123270678386255,0,0,0.00376578311811377,0.0174117630844917,0.033826222174939,0,0,0.000362192501895082,0.0247767661758848,0.00968725020844369,0.00637563191222244,0.0289386334741554,0,0.0225882556574612,0.00296547647173709,0,0.0297766454713577,0.0293566311468958,0.0294799421060961,0.0195643790373032,0.0295289205370852,0.0298928863246837,0.03461099719979,0.0316237242526644,0.0310283973044431,0.0283890595656254,0.0352945741374914,0.0289140858997964,0.0283722171117568,0.0274861634602981,0.027092137426319,0.0255625513455695,0.028873852084196,0.0236640213421905,0.018997192422106,0.0224851766438863,0.00716956756222886,0.00454602805421795,0,0.0258541964132796,0.0109611081824079,0,0.027069304882824,0.0267719761257586,0.0157497381158435,0.00948642323925056,0.00295836277260192,0.0265211880007057,0.040884127549859,0,0.00025333542498489,0.0309112023388285,0.00757469800742021,0.0158507494682357,0.0191261075478733,0.0234125259603586,0.0219188425147023,0.0293167334425452,0.0158742099600734,0,0,0.0016509740191055,0.0391065143265428,0.0251932499973361,0.0154854933940815,0.0336622414992336,0.00903692856358234,0.00574453685483949,0.0124132534312795,0,0.0286371930570715
0,0,0,0,0,0,0,0,0,0,0,0,0,0.00374576461828796,0,0,0,0,0,0.00172619371817658,0,0.000180189254349296,0,0,0.00513910904794688,0,0,0,0,0,0,0,0,0,0.000674849741711194,0,0,0,0,0,0,0,0,0,0,0,0,0,0,0.0015134544126826,0,0,0,0,0,0,0,0,0.00935965966191293,0,0,0,0,0,0,0,0.00234238169239072,0,0,0,0,0,0,0,0,0,0,0,0.00292619013028984,0,0,0,0,0,0,0,0,0.000640378301219061,0.00171807069851694,0,0,0,0,0.00301190561084905,0,0,0,0,0,0,0.0115519070310945,0,0,0,0,0,0,0,0,0.0125268349551468,0
0.0362549152568281,0,0,0,0.0710699697128447,0.0354272135076368,0.0911450197737637,0.0370241980273452,0.0669140149528109,0.069006539793904,0.0438563224919399,0.0152273312434988,0.0251519557883749,0.0043996464597854,0.110769389475767,0.00337596927011159,0.0947566856540414,0.0604782822114159,0,0.0315288681555449,0.0597274349924066,0.00791782153951077,0.0357324533330589,0.0284009662818491,0.0419811053388752,0.025726634246136,0.0160691753024806,0.0130615287630781,0.010189611961958,0.0827667346639024,0.0394591356624709,0.0228243636620721,0,0.0790979932031632,0.0407233423970196,0.0718994882256918,0.0425828311468244,0,0.016844551756558,0.0403844833492256,0.0219756599923961,0.0274531703134489,0.0339429101788025,0.0124576118834728,0.043695846704477,0.0566299315248983,0,0,0.0690188921863254,0.0185020967536964,0.0508226820624661,0.0765244100256929,0.0185137245271896,0.0584374679560208,0.00758354611648937,0.075731810269082,0.0937658476182885,0.0866973586393703,0,0.057198681379924,0.108125848653158,0.0962330119629276,0.0916329244798939,0.0844072266570574,0.0951806704237081,0.0767052297461638,0.0855225715864595,0.0814996952812334,0.07300901828659,0.0700292425571418,0.0850314352406129,0.0824081463381117,0.0976806628420733,0.0311116221843597,0.0516830194364148,0.0585932691308947,0.0405262116220183,0,0.11020816342449,0.0902659306226409,0.0513810444836386,0.0289183020784848,0.0946684471387609,0.0753794540635769,0.0960105644338229,0.00172884055370292,0.073315017101711,0.0970844609336696,0.0261118870552112,0.0592746882017055,0.0645675540283473,0.0647507850903607,0.0461044656335778,0.004698763882884,0.0950093348543038,0.0118469553095376,0.100952351150631,0.0820658832169788,0.102532247294356,0.0196473349477972,0,0.00431004041729486,0.0924177011530585,0.0790974295863169,0.101059630246149,0.0153766285848661,0.00160036310374878,0.0113128743908602,0.0488983582054301,0,0.0701828075426291
0.0585272461973233,0.0291781928363202,0,0.0710699697128447,0,0.0513836126667778,0.0232899154122781,0.00360373791501258,0,0.0443925401147846,0.0955689761829955,0.010587536655273,0.0110272001680804,0.0327835412603608,0.0707983673696751,0.00427825833318244,0.0386615190845498,0.00819326766939093,0,0.0656107286377551,0.0486126554780585,0.0527223104770861,0.0255761139813926,0.00522226025747655,0.0151872112407792,0.0319770042179759,0.00487066387176143,0.0123357317082381,0.0183549666984153,0.0525460307773521,0,0,0.0275105283044339,0.0163030373937492,0.0358162922903654,0.0431716664177317,0,0.0227670805867101,0.0019919301371823,0.0531486348106361,0,0.0424492484853106,0.0269453907868298,0.0145246268071875,0.0023037896265678,0.00890721672574541,0.0575113571666351,0.0206166018365881,0.035107066397746,0.0858723615127195,0.00401695312223315,0.037160595016114,0.059308747779648,0.0450892487119839,0.104940368025585,0.0161320659850188,0.0443733058644257,0.0344403999759456,0,0.0313647518569448,0.0175483626284708,0.041098934434222,0.0151729272494858,0.0422507164169731,0.045445292092362,0.050988158544695,0.000149335159802089,0.0400512795915035,0.0440749060165391,0.0540892125281524,0.0611822882144429,0.0694354594930729,0.0622097459051404,0,0.0251375152066807,0.0500931225350953,0.0547729466436916,0,0.0202953778399062,0.0653206798443378,0.0984740103552142,0.0979225808825566,0.080879491978516,0.0764309916773719,0.0644397614476185,0.0915522511131108,0.0907554482020725,0.0582052797595503,0.06681295166004,0.00360958463658245,0.0954223699767043,0.0284135357323482,0.0188665238264725,0.0105023938902164,0.00778613053687712,0.0170727900723212,0.0686732593878536,0.009747846916873,0.0233978557524409,0.102869560364866,0.0389837663132452,0.0912982162914319,0.0436138669433238,0.00840369191753234,0.00948974563846752,0.0775752473848534,0.0758976318231858,0.101726616268788,0.0615218583972211,0,0.0478246924742537
0.0199028425872912,0,0,0.0354272135076368,0.0513836126667778,0,0.0439155672515758,0.0193988900643585,0.0315762908622682,0.0263086935162397,0.0430529532478542,0.00811893408905513,0.0534171200381908,0.0116783065038425,0.0406256671587661,0,0.0563723378519839,0.0527384010328085,0.00461325735311377,0.0267249934898659,0.0642505469194422,0,0.0122067242586539,0.00338238828320478,0,0,0.00124970364611453,0.0132929271800028,0.0278896231761718,0.037575151263677,0.0162918688598158,0.0449832491651904,0.00917795765027631,0.0225430074197957,2.03924766544438e-05,0.0435574149971317,0,0.00261948539370989,0.0366512235787522,0.00113294683937748,0.0488657353989164,0,0.0200121996253929,0.0210302834850545,0.0357764150297322,0.0114980519249698,0.0171224500657094,0,0.0291904902761595,0.0279361004921214,0.0198324485383184,0.0348622056836228,0.0103867053770521,0.0257603771851638,0.0308829932670671,0.0698276635283808,0.0379886912440451,0.0358835535264807,0,0.0287409580585654,0.0463990301052013,0.0385745589258652,0.0354830938619331,0.0351215040454907,0.0384291658875996,0.0377564174213895,0.0394591083611368,0.034957138047344,0.0389467478615835,0.0387282244269813,0.0460719967151209,0.0446229929980353,0.0385754507393593,0.0345271070104077,0.0349121752107025,0.0363320753148114,0.0349949865420526,0.0102784161167455,0.0591300232201737,0.0255003094483973,0.0391579220334184,0.0320442951890553,0.0429108549009423,0.030342505652725,0.0228054822730311,0.00955574051280542,0.0449097564224658,0.0512830827202528,0.00975614332123047,0.0367914044789672,0.0300285893678627,0.0353937681841221,0.0354639063124745,0.0444298387724335,0.048909266735823,0.013960902210689,0.0396537286330981,0.0391342970562063,0.0555003866578084,0.0182081630513063,0,0.0170723637618052,0.030703344420914,0.0137121773869859,0.0311939555544469,0.00646514095263507,0,0.00659959640510437,0.0153852271274593,0.00117645779153213,0.0383148004050691
0.0123814544376675,0.0195212662133474,0,0.0911450197737637,0.0232899154122781,0.0439155672515758,0,0.0252174951861772,0.0134668574948978,0.0270098368435302,0.0110348478996803,0,0.0255509290187383,0.0348236854049073,0,0.00232358752285329,0,0,0.0134130795086265,0.0250928450124058,0.0404070374120548,0.0252881353490936,0.00672073409958264,0.0174322600755758,0,0,0.0141479472706536,0.00946388585343219,0.0267400849928615,0.0511007866143695,0,0.0237907630493657,0.00103467234318328,0.0162041602644221,0.0307598990684412,0.0639330606025559,0.0308190302413509,0.0256572898999159,0.0286036326480175,0.0567623424352774,0.0258855077012393,0.017530382473887,0.0504904321383017,0.0290408114916612,0.0422672450452873,0.0066446476287378,0.0278530578157583,0.00580007381469349,0.00241429539126721,0.048916021139429,0.0408172968571959,0.0318211418766218,0.022342055972613,0.0512042696198965,0.080620934785435,0.0142220611589321,0.0290668295597843,0.0230957210452888,0.015684541994299,0.0497010856119694,0.0135379761630837,0.0249373654923962,0.0213891257626258,0.0320471154381567,0.0269975700480987,0.062124233718572,0.0562307813664644,0.0444487876919461,0.0569712967221517,0.0657080868118132,0.050710742039582,0.055775509507811,0.0324959815862691,0.014958474253426,0.0351324595764268,0.0498582865948824,0.045892066848279,0.0207104142437415,0.0381739713918559,0.00258190767455919,0.0594430538793988,0.0362068823983297,0.00828138476964534,0,0,0.040720481044639,0.0328290409048879,0,0,0.0199267413544203,0.00560110173958797,0.00170926886197007,0,0.0135212562324435,0.0441856072700868,0.0110336874248527,0.00144343331795746,0.0019932113772365,0.0617482574789069,0.0268446141894303,0.0118182084597983,0.0459038713952747,0,0.00907180126011241,0.0809137939333347,0.0100489946812394,0.0176079532975838,0.020638875368853,0.01133232905822,0,0.0523283646632505
0.0464560342413354,0.0621259772724949,0,0.0370241980273452,0.00360373791501258,0.0193988900643585,0.0252174951861772,0,0,0.00841127424152766,0.000679937037877263,0.00059998348960039,0,0.0223612751212193,0.0189332548487911,0,0.0118113217799042,0.0124575695316664,0,0.0122016375232193,0,0.0419101518753452,0.0119429917791632,0,0,0.00643454221206064,0.0322156622119204,0.00236140280099181,0.0482495181967904,0.0441436504271072,0,0.00371185208831691,0.00407022650374933,0.0165312611307279,0.0120400641063604,0.0549613018931707,0,0.0114322928272298,0.0108708448108582,0.0684279650646434,0.0231920670180109,0.00428142358051854,0.0164539148720274,0.0578050089074235,0.000396589727047075,0.000858453182226909,0.0536843140511049,0.0314344171819771,0.0414966925491052,0.0538226801285328,0,0.0459696340736783,0.00872054209485079,0.0548720820214355,0.0827026235281673,0.0145407449511106,0.0201500624846061,0.0361549505422158,0.0300368456180796,0.0457857000063092,0,0.0265663528636201,0.0190522981299723,0.0400577603118399,0.0309131755134449,0.0491989619772787,0.0224968842360857,0.0433760865922248,0.046913345815586,0.0520992452414917,0.0331154784403782,0.0345760714925516,0.0329247789937675,0.0330919380868232,0.0427611720187287,0.0449726608772621,0.0423484286559128,0,0.0301049549589656,0.0383308267086671,0.0596261725773411,0.0283864854035285,0.0222249144592176,0.0234641897519115,0.0230471613647908,0.0542036476670529,0.0237389631982516,0.00802458815378667,0.0632156588231611,0.000935847224911021,0.0326440295508666,0.00456450124138318,0,0,0.0193982108216843,0.0424209093563256,0.0208135587705529,0.0118353892214538,0.0269465070196289,0.0191665540739558,0.050225476876291,0.0665653690171684,0.0236765765212323,0,0.0367697295346828,0.0669221521979455,0.00250108990211751,0.0180355175354554,0.0199585635983876,0.0108209460801018,0.0464434035845973
0.0341199068283201,0.0586721015457569,0,0.0669140149528109,0,0.0315762908622682,0.0134668574948978,0,0,0.00772295600790639,0.0129973939709093,0.000835646933495873,0,0.0585022932408965,0.049684708287056,0,0.0248154563243751,0.00617633515338076,0,0.0658486465810271,0.0272831854199284,0.0631107409183997,0.00212265489525381,0.0121330698214435,0,0,0.0230007970710907,0.0126749511192127,0.0288244568259675,0.0392350473395856,0,0,0.0217760152061334,0.0126738522687319,0.0182886106629858,0.0393675108605569,0,0.0222807651163722,0.000855868478650887,0.059265901359194,0.00527931421518698,0.0151013687628039,0.010864750054953,0.0574708359539905,0.000736842423915344,0,0.0545744957224384,0.0530302859800391,0.0254299052824266,0.0895996716509055,0.00952435137399145,0.032470496740619,0.0336762679266047,0.0485658093990457,0.119411276723305,0.0207938475034788,0.0174387313165301,0.0240627934639569,0.0262081901529212,0.0350864747677785,0,0.0217420666441709,0,0.0284074979833323,0.0260667694713182,0.0427340131848217,0.0158643934256864,0.0344392005286094,0.0358924255820921,0.0456407551952646,0.0398530368941475,0.045350261168292,0.0424131763405136,0.00868411452952123,0.0288116730676888,0.0377682282542078,0.0412651656832744,0,0.0179203837181498,0.0510958436623563,0.0906431951567405,0.064997196178653,0.053913094534333,0.0536313007077198,0.0372850705420073,0.09177679544523,0.0717176431042241,0.0220800251416697,0.0966290081955312,0,0.076716977764228,0.0107547093282176,0,0,0.00598252147599288,0.0590637331528305,0.0538799814281466,0.00718866911922923,0.0232211878242505,0.054343792605102,0.0862333395501373,0.0972249929488668,0.045226308181653,0,0.0277125390168499,0.10549984043634,0.0361709962784429,0.0418592846034096,0.0534342541516316,0.00552132868038135,0.0376997303575857
0.0201993376586887,0.0295333387137437,0,0.069006539793904,0.0443925401147846,0.0263086935162397,0.0270098368435302,0.00841127424152766,0.00772295600790639,0,0.00285701386074738,0.00224523078545945,0.0243957085184486,0.0329563619489876,0.0386304599155074,0.00680688561393617,0.0305293579038374,0.0108476186290478,0,0.0385723248393955,0.055382845532453,0.0337430157283059,0.00294151692962419,0,0.0050813796048776,0.000510411256670047,0.0207869073365592,0.0180012872241307,0.0421819660663637,0.0516714337005349,0.000365779227030568,0.00761587054827361,0.00731680841554727,0.018633555939142,0.0153280105544508,0.0509349096539914,0.00613877298655042,0.0134318323162492,0.0151308600194307,0.0643353616019091,0,0.0173381078746747,0.0252197318629286,0.0272738054407324,0.0190081610089471,0.0122215662941352,0.0492504233059577,0.0245001904323878,0.0403305254150898,0.0862599696107712,0.0125581143832701,0.0414558520810419,0.0481293354023268,0.0569078462669858,0.105508066886271,0.0225246338752836,0.0424058577095291,0.0374057154980684,0.00550029986959162,0.0474494968602215,0.016355668823104,0.0385817130188952,0.0154900532267429,0.0422174356864963,0.0398267192267463,0.0541604502486496,0.0323184943606031,0.0446669719413316,0.0491822153624221,0.0578299499250552,0.0570776156588731,0.0585896915053648,0.0544211851342036,0.0166472901176497,0.0375770826074605,0.0527834272620774,0.0482654208041765,0.0025314917724978,0.0439069572137783,0.0550158215017727,0.0768912059081053,0.0485314455429434,0.0517378809610925,0.0320633271829755,0.0400436186029435,0.0722577627305282,0.0466101890323598,0.0371617424226223,0.0331003808679314,0.0208943469278265,0.0468588058738217,0.00557712218964975,0,0.00112327332598753,0.0539576759127784,0.016949558219453,0.0345829428729803,0.0149898065249679,0.0520795347407659,0.0400391005336288,0.0292572618037587,0.0697666151324636,0.0158289100303323,0.0190169389510198,0.0368217743784467,0.0426985311863356,0.0586499906419579,0.0495980939105424,0.048844381245785,0,0.0501109135247402
0.00548353148661823,0.0145301065337483,0,0.0438563224919399,0.0955689761829955,0.0430529532478542,0.0110348478996803,0.000679937037877263,0.0129973939709093,0.00285701386074738,0,0.0160037568736479,0.000908948017732367,0.0207113386887884,0,0,0.00174476183625482,0.035318207496776,0,0.00727509902185755,0,0.0461071556573858,0.0130743325409451,0,0,0.00377465581451649,0.014333017137926,0.0104108113247107,0.0419695558506929,0.016231406306167,0,0.00630663433560935,0.0198477684772594,0.0090961913650934,0.0161560139593614,0.0270779624271451,0,0.0320904463050696,0,0.0313184157584896,0.0264511835834856,0.0352158372929095,0,0.0170384890558883,0.0301588080869792,0,0.0754116030026047,0.0170921461444926,0.021022925351664,0.0591441519124708,0.0173036111274626,0.0197499344677915,0.0164111563088502,0.0314932523034125,0.0802227725252025,0.0629597161676615,0,0.0112963278025075,0,0.024418207077579,0.00187852110279236,0.00161806839253585,0.00270988728977355,0.0104470096486305,0.00403962493580516,0.0221278817669101,0.0367520496387103,0.014836137042738,0.0210206587575,0.0278838379651212,0.00987547941413005,0.00968028348946657,0.006127850356364,0.0164624035944469,0.0238442850790898,0.0296814861646521,0.0435021906784129,0,0.0569954250519613,0.0138064325048526,0.0496792284633542,0.0394069209028941,0,0.00356727163322235,0.00653276543230649,0.0624951210215299,0.0126833452414475,0.0110221696666436,0.0443603770701461,0.0311748523446236,0.0281808419024097,0.0137619667740286,0.00190523017863689,0.00542525492545954,0.0578565237838337,0.00916852336878575,0,0.0198327467642342,0.0632011880326765,0.0766579932790312,0.0388832979180169,0.0628468443298013,0,0.0053703542932976,0.0498399988409387,0.0454810837167962,0.0447939654771346,0.0439340268548486,0.0149786195973223,0.00826978433120772,0.0203468711729867
0.00874641196507545,0,0,0.0152273312434988,0.010587536655273,0.00811893408905513,0,0.00059998348960039,0.000835646933495873,0.00224523078545945,0.0160037568736479,0,0.0015320846009691,0,0.00427882600915286,0,0.00117947240876731,0.00119683415630654,0.00384569860787966,0,0.0155387196671301,0,0.000565298758822561,0,0,0,0,0.00274958387058747,0.00326353874633567,0,0,0.00741969728219271,0.0127523704684522,0,0.00805921241125231,0,0,0,0.00913752343307138,0,0.014344721700459,0.0237360272898034,0,0,0,0,0.00441149965246006,0,0,0.0031136801711344,0,0,0,0,0.00532420671660711,0.0129049427697038,0,0,0.0011423645634988,0,0.00133919857358902,0,0,0,0,0,0,0,0,0,0.00674754469003946,0.00849311098882863,0.00360447492389009,0,0,0,0.00496072603694802,0.00712944125958256,0.00354298378847031,0,0.0163200421243208,0.0213004605387575,0.00700697057054236,0,0,0.0124926435367813,0.0157753253923795,0.000695582426601816,0,0.0110210482313552,0.00310295259841365,0,0.0171625974463955,0.00683038103079724,0.00373627320103299,0.00183327448020171,0.00141804630231213,0,0.00154067607170618,0.0165554334405369,0,0,0,0,0,0,0,0.00888167588690744,0,0.00282023598999964,0
0.0188637030739259,0.0129882867826458,0,0.0251519557883749,0.0110272001680804,0.0534171200381908,0.0255509290187383,0,0,0.0243957085184486,0.000908948017732367,0.0015320846009691,0,0,0.0214360412541694,0,0.01432003439752,0.00978928866473465,0.0144601485646446,0,0,0.00490222681623093,0.0195887755133756,0,0.0156592345165101,0.0146468761799364,0.0320618160207709,0,0.0369097358433623,0.0243714867635658,0.00671931690134414,0.000985322446909121,0.0336451976444615,0.0358117489383854,0.0367545179334723,0.0232162020579168,0.00517084884196287,0,0.0125716355404538,0.0253556247493483,0.00645481878124637,0.0468783568782341,0.029649866071254,0,0.03886344168202,0.0178646791504644,0.0236402381946846,0,0.0283519397169546,0.0199088432498827,0.0321859101279195,0.0240501437494535,0.0344839180889808,0.0271195286833068,0.0234475192752959,0,0.0164148583365439,0.0193453962551162,0.00419317967405668,0.0248914959799784,0.00578597302417839,0.016544768037718,0.0113992901206018,0.0223955279388636,0.0185124570017729,0.0251751790994778,0.00522592261429617,0.0224657814682366,0.0255137929454291,0.0279075796105185,0.0302972988368475,0.028437268986287,0.0194731546706469,0.00928006713380449,0.0244687394062696,0.0328397720375298,0.0358852903550221,0.027511981875433,0.0502231482688293,0.0253118987385176,0.0364406635790119,0.0507141338675962,0.00645814696735478,0,0.0407176825671447,0.034050806440136,0.0161923302452251,0.00643563328030452,0.0338519279472348,0.0277286143464842,0.0186333539119605,0.00919668017948147,0.00522083015398423,0,0.0369034422207757,0,0.00610149622680418,0.01616651119698,0.0489046253908251,0.0573170469636586,0.00943782103562263,0.00897412060208094,0.01235310025717,0.0139319076005898,0.0519686192386136,0.020532889214191,0.0130081959172447,0.0381289174048588,0.0324196860619351,0,0.0281525511308666
0.0126100988463657,0.0366608541149785,0.00374576461828796,0.0043996464597854,0.0327835412603608,0.0116783065038425,0.0348236854049073,0.0223612751212193,0.0585022932408965,0.0329563619489876,0.0207113386887884,0,0,0,0.0609492978626937,0.00102346538828491,0.0456697300745553,0.0219699927154553,0,0.0311122923647749,0.00264158266483969,0.00367290257804371,0.0235908556668935,0.000656970644278535,0.00738164134737549,0.0114467309824425,0.0228962572523114,0,0.00268262101099942,0.0211540209614829,0.00661846780969872,0,0,0.0340448607234769,0.0176860816525071,0.0232078940711747,0.0143396019038462,0,0.00762586587919883,0.0207779846230991,0,0.00240130635117313,0.00895075958841179,0.0215413150318588,0.0297365840584785,0.013132544568911,0.00335485085148471,0.0139042508150497,0.0174822736977392,0,0.0297316204592939,0.0244594587208256,0,0.0142845689765273,0,0.00449293074357251,0.0218340843742198,0.0323839178784874,0.0255640117690833,0.0120797680835297,0.0237719118175916,0.0264696504934654,0.0307668326427613,0.0224685048635681,0.0234486488636464,0.0211313669191149,0.0328177826997613,0.0257090043547395,0.01846352920828,0.0184365619798694,0.015937801665984,0.0136761994077286,0.0201299391484305,0,0.013915543419214,0.00944346670719381,0,0,0.0290758402387264,0.03027961235363,0.00848600531382654,0,0.0267334841281205,0.0374405617254901,0.0375757243846032,0,0.0146244198024969,0.0412543706654248,0.0568191411755165,0.011448172250613,0.0221102080751619,0.0520910067955958,0,0.000135203621696322,0.0319356447234615,0.0290430076912322,0.0474349768812171,0.0612871782612179,0.0391870064413272,0,0.0160601651952834,0.012734792362906,0.0607607795184478,0.0369551675832164,0.0402128371065044,0.034058084230355,0,0,0.00895618612883089,0.00660149546414715,0.0144063630689954
0,0.02764941555089,0,0.110769389475767,0.0707983673696751,0.0406256671587661,0,0.0189332548487911,0.049684708287056,0.0386304599155074,0,0.00427882600915286,0.0214360412541694,0.0609492978626937,0,0.022813186205673,0,0.015494261108719,0,0.0640294051836261,0.0778349881134022,0.0463156114275381,0,0.0164916895826398,0,0,0.0112035851006047,0.0274102642197056,0.035834032121412,0.00171235360731502,0,0,0.0150276782502781,0.00453878791834699,0.0280034515097045,0.00327832449167383,0.0551116369279365,0.0349153099690786,0.00386672770079093,0.0356942555753554,0,0.0293477693359129,0.020116857247019,0.00462072864427728,0.0595100657005444,0.0027618668097897,0.0426009857352417,0.0123126000077146,0,0.0917075560163335,0.054302906890741,0,0.0563017608816512,0.0227604665546647,0.1493995277447,0.0470693377901142,0,0,0,0.0112129282609118,0.0169100411698729,0,0.00173000569877042,0,0,0.00687299035700415,0.0767190235778618,0,0.00233918226073554,0.0138111401503242,0.022131257241312,0.0291145224641636,0.00887998890955043,0.00091299452174193,0,0.01275003287486,0.0238759014431516,0.0187578159104433,0.0561705134523529,0.00638209242546573,0.0791585650287615,0.0557568147286592,0.020890709616601,0.00960204965551561,0.00211891674860898,0.0695736855798476,0.0471090537371794,0.0238821177987087,0,0.0369408920118853,0.0421229268172239,0.0296457865023577,0.00930762855372196,0,0.112658377601676,0,0.0120793786556589,0.0601119985355156,0.11029307519437,0.0337614941608462,0.0407756732070043,0.0660243963213516,0.018521521219637,0.0599079437692906,0.0965323806222908,0.0188816477579166,0.0844983934306819,0.0320947560420999,0.0396744373126595,0,0.00721437932947172
0,0.00361111852026429,0,0.00337596927011159,0.00427825833318244,0,0.00232358752285329,0,0,0.00680688561393617,0,0,0,0.00102346538828491,0.022813186205673,0,0.00814380235121842,0.00719791098063975,0.0100528908116351,0.00868163366286871,0.0093330249310202,0,0.0283672057669804,0,0.00452782010292827,0.00842285059145689,0,0,0,0,0,0,0.0149982326707647,0,0.0345277400706482,0,0.00703468499797138,0,0,0,0,0.0184497328187839,0,0,0,0,0,0.0077908804531533,0,0,0.00153487299087782,0,0,0,0,0,0,0,0.0263999924119665,0,0.00213330163374738,0,0.00111790629648195,0,0,0,0.00368238071095681,0,0,0,0,0,0,0,0,0,0,0.0116131100399316,0.000914281974253642,0,0,0,0.00130514293525734,0,0,0.00650710787703279,0,0.000818838195709395,0,0.00180973427594065,0,0.00502897622447894,0.00707151756463832,0,0.0208211443444129,0,0.00218839176344678,0.00420350436892456,0.0162868019218977,0,0.00190522007158849,0,0,0,0.00549122918239477,0,0.00210688828739849,0,0,0.0149343389590628,0
0,0.0121108391437631,0,0.0947566856540414,0.0386615190845498,0.0563723378519839,0,0.0118113217799042,0.0248154563243751,0.0305293579038374,0.00174476183625482,0.00117947240876731,0.01432003439752,0.0456697300745553,0,0.00814380235121842,0,0.0169618601723251,0.00331299065530549,0.0505251771564563,0.0577972103604955,0.0298478599790699,0.0249033336886061,0.0250871098853459,0,0,0.00982635484126943,0.0262070962335989,0.0165011922733302,0,0,0,0,0.00264070307307361,0.0266574422394617,0,0.0691785173688599,0.0317466598426807,0.0166840412890048,0.0114914981193628,0,0.0308493677825742,0.0232107779090296,0.00474551893006638,0.0844098845015479,0,0.0355784580583092,0.00921832663415185,0,0.0641934605727572,0.0676618503441907,0,0.0360726309052382,0.00518342174640467,0.122757069339584,0.0303635015035897,0,0,0.0186200966234035,0.000318284120782636,0.0140202376331685,0,0.00610175315171169,0,0,0,0.0558454394910878,0,0,0.00259105437060028,0.0179219373958234,0.0258817629150983,0.00593286431279891,0.000710765127258167,0,0.00555503365386259,0.00704291361495682,0.0568058532737074,0.0572922476641599,0,0.0586323629004689,0.0530833318581763,0.0202655094859222,0.00248341953206806,0,0.064574616592136,0.0437036551624958,0.00462977693028225,0,0.0404383993675854,0.0139035176424442,0.0189910622712926,0.00660458923800657,0,0.0687648107843123,0,0,0.0424488180886659,0.0878019537329441,0.0410235798529852,0.0205430611374556,0.0242303673908318,0.00478405070837216,0.0300608835054281,0.0687428883796015,0,0.095802435576444,0.0367719035505219,0.00954897500880691,0.000205651649976978,0.00297110513267672
0.0294987232616483,0,0,0.0604782822114159,0.00819326766939093,0.0527384010328085,0,0.0124575695316664,0.00617633515338076,0.0108476186290478,0.035318207496776,0.00119683415630654,0.00978928866473465,0.0219699927154553,0.015494261108719,0.00719791098063975,0.0169618601723251,0,0.0107838647592364,0.0451703048757548,0.0739855133923284,0.0239565841060666,0,0.00533137129224804,0,0.00374732714788569,0.0180630412752942,0.019638840361999,0,0.00864972996180832,0,0,0.011900489716084,0.00483111064254746,0.0241456244619684,0,0.0275667609386608,0.0392304341596158,0.00119580037219746,0.00440990052490501,0,0.0562204663835858,0.00314650048315055,0.00633683838451844,0.0221835374641635,0,0.00606823191206038,0.00269748390000078,0,0.0368037218432964,0.0259096019825003,0,0.0403129946416773,0,0.075673321742976,0.0340078187812433,0.00586466060463902,0,0,0,0.00492117473411076,0.00194124572286683,0,0.000672734929965606,0.00714253515913991,0.00248730125125861,0.00809535053573446,0,0,0.0055366892542934,0.0298195575949919,0.0383801460848499,0.0220788548013128,0,0,0.00358959963287516,0.0135562752157131,0.0258955928215314,0.013512317338058,0.0107801667212967,0.0651408118245754,0.0667994063541438,0.0351639633396503,0.00871000670443286,0.0109545117620275,0.0466396150675998,0.0669354356982782,0,0,0.0109473874408219,0.0360474729946016,0,0.0301197097175291,0.00539835703504396,0.0166735690973495,0,0.0209015183609185,0,0.0205531611142739,0.0675679510278635,0.0229598468706341,0.0309636361395841,0,0,0.0177359122681359,0.0143803551686499,0.0400749000946001,0.0562530385257778,0.0151219976179142,0.0031663679174368,0.0071624001492476
0,0,0,0,0,0.00461325735311377,0.0134130795086265,0,0,0,0,0.00384569860787966,0.0144601485646446,0,0,0.0100528908116351,0.00331299065530549,0.0107838647592364,0,0.000747418262589053,0,0.00986549233153913,0.0194220218906005,0.00245758390921298,0.00212787450066838,0,0.0299766150108108,0.0317135188849615,0,0.00916701970515996,0.000361017382212408,0.0176877102690292,0,0.0149597974883726,0,0.0218993593759931,0,0,0,0.0295418209310637,0.00775576564914393,0,0.0127416525781306,0.000834565604779506,0.0152922143170216,0.00618238083988341,0.011149511412631,0,0.0214578725619753,0.00423842659990851,0,0.0130796643858648,0.00242252705601542,0.0168410339463911,0.00865027021212593,0.0138261014603885,0.00469082496208411,0.0138413323121957,0.00245484446641252,0.0170169708793262,0,0.00464696983626443,0.00244734675099026,0.00709083034745403,0.00368391002149193,0.0136637063210179,0,0.0128795228351677,0.0134646606104072,0.0150468986942535,0.00540222445611978,0.00202515117956767,0.00486698605201574,0.0062571906834874,0.016769942326441,0.00955765578387374,0.00121365991055467,0,0.00168445862625514,0.00292090227109158,0,0,0,0.000486715798916805,0.00261444575644189,0.00952764389288451,0,0.0107525852888859,0.0146323797117345,0.0222720497933717,0.00292374929290333,0,0,0,0,0,0,0.00898608918241906,0,0.00545525585499058,0.0121179245132546,0,0.00593791536849903,0,0,0.019763529906142,0,0,0.0121598023349902,0,0.00921815903195828
0,0,0.00172619371817658,0.0315288681555449,0.0656107286377551,0.0267249934898659,0.0250928450124058,0.0122016375232193,0.0658486465810271,0.0385723248393955,0.00727509902185755,0,0,0.0311122923647749,0.0640294051836261,0.00868163366286871,0.0505251771564563,0.0451703048757548,0.000747418262589053,0,0.00343942366743023,0.0132009688165447,0.0184404011543658,0.0186154551750968,0.000431553865667318,0.0168153364685236,0.0168766741614096,0.00571538016886582,0.011958679204853,0,0.00646932862788452,0,0.00540109149463936,0.0271749378665749,0.0227815607922563,0,0.0459275062039504,0.00414035547834367,0.0041365091799536,0,0,0.0205057420965135,0.00640950664209163,0,0.0554599749508029,0.0157423614880638,0.013594519811214,0,0,0,0.0583586414472111,0,0,0,0.0146451064305132,0.0416560639198805,0.00632911958720522,0.011866731051706,0,0,0.03262149677576,0.00906810087623174,0.0250802727619636,0,0.00430413656888573,0,0.063185851437873,0,0,0,0,0,0,0,0,0,0,0.00564093972049032,0.0605537543792938,0.00542879200795962,0,0,0.00745856253870488,0.0219503155635882,0.0239318318394481,0.00908759761014367,0.000708556878817166,0.0448983564306201,0.0133095745483128,0.0450207653756088,0,0.0679948190059586,0.0122076043217679,0,0.0770981106958368,0.00284797223712323,0.0379670606950086,0.0852108866704836,0.0781193539970114,0.0120511645060082,0.000307679837006147,0,0.0651212059860105,0.0650129651418127,0.0692392267876226,0.00300942208516915,0.0438796861200158,0,0,0,0
0,0,0,0.0597274349924066,0.0486126554780585,0.0642505469194422,0.0404070374120548,0,0.0272831854199284,0.055382845532453,0,0.0155387196671301,0,0.00264158266483969,0.0778349881134022,0.0093330249310202,0.0577972103604955,0.0739855133923284,0,0.00343942366743023,0,0.0266822623597112,0.00244478100939096,0.0174371445390179,0,0,0.0276522540785221,0.0184427433423733,0.00836094183214513,0.00152583214201778,0.00793010922539347,0,0.00912407885711984,0.0415439533818466,0.0454446148305993,0,0.0640887538251687,0.0407202385524054,0,0,0,0.0436049953085082,0.00372041510170742,0,0.0754897445272431,0.0229674362393168,0.0211381402117592,0,0,0.0217072305256674,0.0788008664429419,0.00298487598268814,0.0297974501252421,0,0.0642610664077613,0.0325755848343465,0.0119563686899094,0.0182653187851547,0,0,0.0361883614434064,0.0122756516720253,0.0256289791510077,0.00220513590321812,0.00615841398828905,0,0.0592442883647652,0.00392653762245529,0,0,0.00291408325483906,0.00295675956392054,0.00612426378955246,0,0,0,0,0.0293257099369867,0.0836932569049565,0.015083052311516,0.024107489279235,0.031724900696397,0.00197610729873135,0.0105468478192156,0.0222805765713887,0.0440565855189666,0.0151892920176003,0.0443718791988599,0.0112599455385376,0.0695269778507798,0,0.058692240189293,0.00529467258759776,0,0.086783546034087,0,0.0407364080751613,0.0956166783524871,0.100580469241123,0.0430693388959487,0.00392756619634335,0,0.0578209543046146,0.0666519665677109,0.0913727737521043,0.00903589652125144,0.0767806110011726,0.0171096867239844,0,0.00396977036947428,0
0.0465986448566611,0.00671260431147333,0.000180189254349296,0.00791782153951077,0.0527223104770861,0,0.0252881353490936,0.0419101518753452,0.0631107409183997,0.0337430157283059,0.0461071556573858,0,0.00490222681623093,0.00367290257804371,0.0463156114275381,0,0.0298478599790699,0.0239565841060666,0.00986549233153913,0.0132009688165447,0.0266822623597112,0,0.00132433047334204,4.50274843185582e-05,0.0083502321586691,0.00200484522567398,0.00799290784982018,0,0.0227959624261633,0.0305058987973192,0.0116793562170607,0.0145364479870724,0,0.0248394997918536,0.000895477612815737,0.0267618771273373,0,0,0.0247536312881186,0.00991527956495297,0.023506937006839,0,0.0272225024462717,0.0245454678418276,0.0222920706961984,0.00792900359306043,0.0135789270765253,0,0.0177079095687956,0.011664021911251,0.0226359684595705,0.0267574801433139,0,0.0171913413051695,0.0154332973512635,0.0645760694903623,0.0407747584787759,0.0307010743485979,0,0.0129390594113189,0.0581107344022202,0.042231251854958,0.0394908961580172,0.0304586730153642,0.040440722209266,0.0262299366576943,0.0538892474929641,0.0274729457340724,0.0239879840924835,0.0228491811811496,0.029807922388028,0.0327480211432444,0.0385315405940191,0.0176321697430154,0.0112924975242076,0.0177343218634229,0.0183417859130565,0,0.029741361246061,0.0268100743122679,0.0282252939161464,0.0228250630070745,0.0382232314697733,0.0338395000352313,0.0242857808827108,0.00915208622282017,0.0353806616345472,0.0378804924231623,0.0164058278711853,0.0153223091026144,0.0193248161173731,0.0332276637845489,0.0366602673647129,0.00101887167539798,0.0460892705991861,0.0180041170780278,0.0458583863695539,0.0418734367445408,0.0333114906380394,0.00592618075110677,0,0.0290615084898654,0.0502587078573043,0.0300955802883833,0.0239914083878883,0.0271577431698367,0,0.013020940985959,0.0143445077218868,0.00406716122294968,0.024924983255966
0.0206392224559199,0.0140503897736638,0,0.0357324533330589,0.0255761139813926,0.0122067242586539,0.00672073409958264,0.0119429917791632,0.00212265489525381,0.00294151692962419,0.0130743325409451,0.000565298758822561,0.0195887755133756,0.0235908556668935,0,0.0283672057669804,0.0249033336886061,0,0.0194220218906005,0.0184404011543658,0.00244478100939096,0.00132433047334204,0,0.00350441746166064,0,0.0196154287370115,0.0126744755236528,0.00145871607066178,0.0348784234714506,0.0331303077380685,0.00527946079038524,0.0228331707973718,0,0.00181169644731458,0.00545459658695507,0.0340743391775051,0,0.0112693531995528,0,0.0167380707566106,0.0134951608837132,0.0207114473913515,0.00624288057410745,0.00739362190949831,0.00104176849005856,0,0.0643421570254394,0.00855945621381678,0.0184974825061301,0.0745050995980929,0.00667492759771764,0.0270580155998035,0.0411783561015111,0.0466903275937065,0.081570079421506,0.0315281453748022,0.00411931423523654,0.00983956575703132,0,0.0418183230835673,0,0.00627649121856336,0,0.0235073524916585,0.0139646750726252,0.0359978238395389,0.000108404218982839,0.0239007636191723,0.0366538389495374,0.0450505136231681,0.0394804543966812,0.038409254314029,0.0214448401512848,0.0290182201808202,0.0352011565055504,0.0475026634129559,0.056471777117048,0.0171067172346951,0.00324131436913914,0.0281030084655649,0.062514357399049,0.0441760555423455,0.0136929297293154,0,0.0299316946779211,0.0467317184051959,0.0303146623517288,0.00556803907983143,0.0119629987236983,0,0.0343094424735321,0.000323857377934433,0.00802621694447785,0,0.0154259310131299,0.0097465446379703,0.00451965033551473,0,0.0134765976399013,0.0471481963089435,0.0877793518049669,0.0420224734259398,0,0,0.00364982860604281,0.0336408184170755,0.0237827826994886,0.0395233089808414,0.0539695953276747,0,0.0393016833401223
0.00822856290004114,0.0127303039123519,0,0.0284009662818491,0.00522226025747655,0.00338238828320478,0.0174322600755758,0,0.0121330698214435,0,0,0,0,0.000656970644278535,0.0164916895826398,0,0.0250871098853459,0.00533137129224804,0.00245758390921298,0.0186154551750968,0.0174371445390179,4.50274843185582e-05,0.00350441746166064,0,0.00691737216746035,0.0165183549322144,0.0164465471732933,0,0.0221845709183658,0.0127829302495813,0.0208133695079297,0.0352114583462196,0,0.024694972596232,0.00547471249290223,0.0206813308550348,0,0,0.0316053934949966,0.017553256436613,0.0317294656936252,0.00783280852331727,0.0327420563991678,0.0302623430909964,0.0116511432712334,0.0131219107005395,0.0274189804621424,0.00228894167098506,0.0103733335691892,0,0.00391685158209254,0.014456703117352,0,0.017188321964826,0.0191238419863922,0.000350694166038918,0.0079331965789727,0.0152368093270169,0.0129767254127857,0.0148813688030961,0.00964804517504044,0.0134052810215085,0.0110437068799966,0.0124119200422188,0.0125934979022623,0.0146470770924969,0.00908937477688642,0.0163234505844006,0.0141423880063116,0.0141224915946725,0.0121075193124584,0.0108395022927193,0.00994964075667399,0.0257934264490503,0.0136501582179015,0.00778529468508036,0.0139754900927666,0,0.0175967313860076,0.00527670738134119,0.0184991898054591,0.0144475500724081,0.00860902815035675,0.00238512147210519,0.0100617791470386,0.00874226288347692,0.0209941164284782,0.0140961066468966,0.00377894844670485,0,0.00636125544324422,0.0196031875079169,0,0.00686313414942992,0.00595286680444617,0.0252404608233151,0.0173434685103841,0.0287114594816765,0.0165877974776813,0.0107698392670074,0.013878306696274,0.0185951634167234,0.0194819828910971,0.000696582924772625,0.0156565363460279,0.0112617641724823,0,0,0,0,0.014480523942434
