0,0.0952132800326005,0.169053974237459,0.0145717273447085,0.147738938804163,0.035106163312939,0.0698411694168097,0.0567201030951404,0.0410152941372274,0.0777416142712446,0.0244230654489371,0.0418907105112785,0.0752890667127552,0.0635788711894075,0.0506148942383087,0.0990464032325706,0.0944494294107077,0.0149365888127471,0.0471245026772946,0.058300529090375,0.0371070858997084,0.0799333945377543,0.0248048160171931,0.230506258302138,0.0468939926969431,0.0494177635788529,0.02675827904818,0.0525889177253616,0.0310526174335083,0.0354226005988758,0.109107065258767,0.0443476339057824,0.0407096766329811,0.0478408659478441,0.0347555120609834,0.0770687759699018,0.0318408507865948,0.0592220194415781,0.0358882130643638,0.0293113867651006,0.186439500886888,0.0451815552222365,0.19890038412995,0.0219748679157708,0.0669600439673412,0.0500262055629201,0,0.0403160537369083,0.0345564908786061,0.0403594683805969,0.0543250045131352,0.0863368545130555,0.112944488555303,0.0163276798990511,0.108483125688392,0.150891757575628,0.128081417483352,0.15172439493833,0.0581929069094587,0,0.0251444466287551,0.0364578294584392,0.077888746321776,0.0103723447233711,0.085800503910678,0.114808666508714,0.134402298073197,0.0061312385099972,0.184904053381938,0.0443375981703381,0.141914205425667,0.0461832095962875,0.14088424799942,0.0915171283488848,0.028129151019673,0.0362795415331138,0.161432031807398,0.0509891693367907,0.220151961837858,0.219421069530669,0.0343077593876886,0.219258537699316,0.0407616248231849,0.213643108702506,0.0773721451270186,0.071746919720177,0.0466406051131789,0.228454592882562,0.0272322669737848,0.0841038371511997,0.25389818771856,0.194919976439997,0.0388120479913597,0.15627631219762,0.0800872082009702,0.0818346949285542,0.0611211313370753,0.142614007593287,0.26230851145559,0.265526705453059,0.18203299646609,0.225772702923536,0.248479133494221,0.0660935727827802,0.0778185272802701,0.182539328777938,0.0858335176864845,0.227769037199362,0.0582159302265636,0.272658550142453,0.069711328401728
0.0952132800326005,0,0.132509229399975,0.0479465318194443,0.0981004600891013,0,0.125987692635015,0.0481443297654339,0.0188804054350697,0.191090061797072,0.118427309504376,0.0615088235778537,0.128961425580296,0,0.135522771587118,0.0681269047905529,0.164281815033698,0.0637723679281245,0.196588028950809,0,0,0.0537961642734531,0.106010659247493,0.103597279777158,0.114607605243836,0.129502735084592,0.0340978897599541,0.0521144824093806,0.0103485451324511,0.000762554893979696,0.118636615767683,0,0.0499856476774187,0.126122532911407,0.161025472381753,0.142305144321469,0.146644951172086,0.0128142915836468,0.176535272223615,0.0748552935866569,0.0595025139599984,0,0.0910221216251653,0.0541984744555397,0.0531100572429921,0.11269311903589,0.0786007345397342,0.150263883775194,0.0393517230801698,0.1436203499987,0.0403422950851165,0.128391101550524,0.0171586242227399,0.0256147540716482,0.06826414996667,0.103035736804013,0.0709166636719814,0.114782223227919,0.0961110723281712,0.11320596241507,0.150774391059887,0.0252690898249536,0.128112526308397,0.131811233539722,0.104169887699625,0.120215599265977,0.055501790856917,0.0820906667259746,0.08363097129548,0.024573944166834,0.0256953034975212,0.0850694333616321,0.0650512869918406,0.114342805299705,0.0733565336040162,0.132016357460359,0.134019861322287,0.158164047759652,0.041037859211392,0.117245504297131,0.106287010643574,0.082890541519921,0.0213621804238205,0.0605854190773519,0.129215384430353,0.160895582291728,0.139413391622662,0.118865547960566,0.118236491945238,0.00680366010778773,0.0859134575588967,0.0490558853163853,0.138725685644221,0.0412700651889214,0.129011805582397,0.0114630991121541,0.122207658525488,0.134742949173374,0.0728234792887228,0.0603555036877871,0.0649033640079234,0.0717357525087788,0.0378812313129384,0.120891745915422,0.126320150810772,0.00708227925668191,0.122834362737563,0.0532168236754418,0.129363884633844,0.0955884874103607,0.00899470846686468
0.169053974237459,0.132509229399975,0,0.0844653345632601,0.071292058918095,0.153761887400993,0.131515979186854,0.179483260639272,0.212851910624761,0.00192585078625981,0.0588605039193892,0.0719194945972427,0.0105233420415291,0.155485804258285,0.0937779740811769,0.0275822311768221,0.147509514374407,0.072069618483785,0.0167615667020646,0.109745537980709,0.129620351596799,0.00377442309984341,0.0537385737794695,0.16439810643309,0.0361804038657101,0,0.0774709408238897,0.0371692575145953,0.0662949000456875,0.0523163980057253,0.0914914097106736,0.0982545288469405,0.0121119475956134,0.0770987434410502,0,0.0795957675371146,0.0423051950174842,0.0173003575058176,0,0.0751215875057998,0,0.0905820628535446,0.0127378231472637,0.0439350323650833,0.0050134718243755,0.145205755127224,0.13645850375171,0.0912715019622428,0.0251727796650259,0.00866105795672971,0.00202097667369497,0.0524022957449018,0.014616665866912,0,0,0.192164775050641,0,0.0126108748038785,0.0632943283922876,0.169209135435409,0.131304291585709,0.0287803990937222,0.119866806329737,0.0356705236835547,0.0510251106903185,0.0257582425045185,0,0.133647027601706,0,0,0,0,0,0.0717544445955402,0,0.166782898890735,0.274710381992788,0.134627840867794,0.155121186749001,0,0.173163086230882,0,0.000559719260752984,0,0.113366644228542,0.165590498667675,0.158578647519877,0.281550560132481,0.0664990451079927,0.0365827034986294,0,0.0802565830192426,0.156566548713056,0.0448287883972762,0.163156841034898,0,0.165192365112412,0.238175780023217,0,0.240872477954313,0,0.182286339260454,0.118716895058769,0.11927039893833,0.188172453282903,0,0.174008389479581,0.00455887642885718,0.194647756404269,0.264733966005895,0
0.0145717273447085,0.0479465318194443,0.0844653345632601,0,0.0295718525016928,0.0550752399965289,0.0118373442555414,0.0628782907678453,0.0388287959451243,0,0.0179371186355708,0.00214994087422273,0.0565391044974524,0.067200954530556,0.0246076694711501,0.0460931490357692,0,0.0918283109909965,0,0.100785926199295,0.0739110382058227,0.221784408781737,0.0351121890653199,0.0879941039040755,0.101584706209539,0.0332186225798726,0.059107725397169,0.067834334855359,0.0728995765308114,0.117411109433966,0,0.109694572150588,0.0492409991031362,0.0825993966589289,0.000162110670627362,0.0849729173298139,0.019089009032997,0.0289155999385661,0.00642881792398049,0.0832293607020423,0.0925889023172555,0.0471502782435102,0.11322476029167,0.0747564523623036,0.0655757813083251,0.0809680746161587,0.0390019742622215,0,0.0541387647185063,0,0.109666690557758,0.0102132346942226,0.0354241124076852,0.0549725295686963,0.112099790107145,0.0898415412249552,0.107058098517121,0.0277499935635624,0.156222809253145,0.0392949681507162,0.0201722945048364,0.0463113738017149,0.0210201934479885,0.0266945090857379,0,0.0400333665505946,0.0847200070899617,0.0719554466327036,0.133797007605675,0.0608919610757742,0.127264282321501,0.0994626098661241,0.121462306592008,0.020009644044545,0.0458408131003809,0.00933676729411915,0.117214967683615,0.00684208679147815,0.149546770776211,0.0808613261913751,0.0841619607823562,0.140852586792153,0.0937816016652595,0.146813072946328,0.01840017144129,0.0292842760465706,0.0161747966090646,0.183253255989731,0.00501350858962835,0.0450661709992362,0.178450484278155,0.0954719405698935,0.0122690403945859,0.0756224955446618,0.0305116922758127,0.0873118055825917,0.0171292021214462,0.0917246635910424,0.171145336245393,0.19116959557507,0.106018461896094,0.145093306809235,0.172724882340609,0.0499315718178954,0.038095825346904,0.134125496670451,0.0363579642342457,0.166833013955763,0.0123448161750033,0.157510281021836,0.0923461386372177
0.147738938804163,0.0981004600891013,0.071292058918095,0.0295718525016928,0,0.0583784730902241,0.0260002788651399,0.122105834521561,0.0475260870515255,0.00616453061765294,0.028725574436445,0.0861403366880423,0.0654969624981863,0.091676307877564,0.0344023652169781,0.0711069873719357,0,0.0170387985259623,0.0121243346736578,0.107406557415603,0.0672882850186312,0.155479888275068,0.0562913338236733,0.0424702893794445,0.0928498552769499,0.0525082278121941,0.0249301314434475,0.104985726393307,0.0404724134894284,0.0863823679505779,0.116879060980748,0.0863390871312775,0.0417805843750893,0.0940599255784988,0.0278396304624131,0.0923287583161719,0.0432251169158514,0.0681692662666187,0.0356781733443865,0.0236904782901914,0.13938015716222,0.0502645208009616,0.12578768071283,0,0.0498064409854514,0.0646793982051929,0.0556486366059061,0.0233928517134832,0.0222759197396321,0.0197024415716559,0.0466393918564385,0,0.0741271830802987,0.0265841768056382,0.115721212559968,0.251210728773639,0.130363068257245,0.0227599761721448,0.083677150903554,0.0725716165155635,0.0495901039863712,0.0485244241902889,0.0096674803502243,0.00982078258800425,0.0992662051848065,0.030652308833549,0.10009389452274,0.0960570956049448,0.187048830201947,0.0614971427787019,0.150301506754412,0.0824009195884449,0.162383078563103,0.0284707547463043,0.0302288695962828,0.0581412947354157,0.295345608213713,0.078914326615078,0.261119753387921,0.12706780560288,0.205695933926673,0.197133315273794,0.0567492402723943,0.194693033785885,0.0169119391365772,0.0869834419656585,0.0954583543883476,0.317729269404399,0,0.096801759595485,0.249913721146355,0.201937531659771,0.0887667028212289,0.147849852869156,0.13146577570066,0.0752214387384468,0.103242189865792,0.259789724044582,0.235261617671374,0.293326404610918,0.131697472232566,0.286510161098473,0.263797862423982,0.0711163678378717,0.129978832362174,0.20189867965858,0.129066813195091,0.206376915033118,0.0483402505397123,0.267282140361614,0.0969673727053643
0.035106163312939,0,0.153761887400993,0.0550752399965289,0.0583784730902241,0,0.0799702108232462,0.00837445281784014,0.0617390498317851,0.057123880428446,0.0484664795655566,0.0455462008018922,0.0666083778880737,0.0301830051529158,0.0602057360455217,0.0419629693844635,0.0579048873871403,0.0785287888255551,0.0448634950793158,0.0561226628955543,0.0772265995068101,0.199856481047068,0.0358463511049286,0.110032504616591,0.0894610983810199,0.0353733013415339,0.077788871427198,0.106814381592576,0.107943357442036,0.0236466573007264,0.0411765562076286,0,0.0572818445684795,0.08566374971704,0.0375302808601319,0.113126641094478,0.0413680264736229,0,0.0418845849485672,0.0847447438592497,0.0615106503627822,0.057218087568272,0.109853443236844,0.080040275212844,0.0566214713807951,0.101581774615182,0.0484074889662361,0.0252698189290453,0.0706622155867233,0.0278028112232136,0.0831371207032031,0.0354426576871126,0.0230393104561924,0.0666119857528555,0.0958332997425306,0.0964576146544191,0.126242468805211,0.0618006611021726,0.166898438083938,0.077317158179418,0.0439899037586276,0.0406081523682086,0.0340434207926247,0.094837905617227,0.0144118326385185,0.0531971158137921,0.0559117265800262,0.0750365730462628,0.116412096164935,0.0548613152660122,0.0712108342707795,0.178669408714884,0.12596314275732,0.0348782840981105,0.0828759162841654,0.0223896500094011,0.141611678237581,0.0465507685649094,0.0271865231399363,0.10549567444951,0.0854899541082048,0.121858860148226,0.0677773831829758,0.0980704118112076,0.0376394512937432,0.119811248687976,0.0326875138058049,0.159680828433732,0.056033254328451,0.0135148449903569,0.142968643824825,0.0721994594812562,0.0335501146230944,0.0367574527175082,0.0426037187326091,0.0598612303989109,0.0264733434824606,0.127903548197617,0.125620867008219,0.0634471211518625,0.0886126718802264,0.0785318981830878,0.121633463661317,0.0989638438951606,0.0453021547037977,0.0501928189801865,0.0381520101369485,0.11761041501294,0.0510795036108173,0.0726890981501309,0.040452074604272
0.0698411694168097,0.125987692635015,0.131515979186854,0.0118373442555414,0.0260002788651399,0.0799702108232462,0,0.0923138394555791,0.0898118775838527,0.148845928684092,0.09518232181702,0.0473940994063575,0.107512795914567,0.104844941338243,0.117671355376682,0.0544156270984959,0.125004789490854,0.0145986002562213,0.10575786545429,0.0982082908040888,0.0894385657330121,0.140385059820889,0.110655177341235,0.112004621247194,0.101863637678881,0.110591662034063,0.0594187296177413,0.05852838481439,0.0777638447678768,0.0906507135387434,0,0.0713215004830593,0.0243039945816135,0.141066675041328,0.0879842348611507,0.139950329192243,0.0959382524991107,0.0816684889640754,0.0705926166140887,0.0184704665047896,0.0464891913850486,0.0946413849840936,0.103285766155489,0.0279956435609817,0.0266742610295056,0.102804262358228,0.0624739349421155,0.0810014338313327,0.0514478566209594,0.0647525238595991,0.0453348204472707,0.0266314989881811,0.0480491843653,0.0720815487284367,0.0745204933604169,0.12993363567789,0.0876863700056981,0.0607277106407261,0.127139170072656,0.0561512722092588,0.0871698958544359,0.067913761682157,0.0461570440169166,0.0639377583551293,0,0.055023480457275,0.0406117742162397,0.102641912029018,0.128617764970653,0.0766365451641104,0.0965735836747756,0.157035359393344,0.114372057665018,0.0534521933700888,0.0762683784695284,0.0916858131349156,0.162991484660624,0.0514156482756973,0.103421541662994,0.0966980317597195,0.0782703108026934,0.11264479532606,0.0559686260304956,0.0810452476869431,0.0543669751648729,0.0945955894605371,0.0793440864586841,0.155686066888941,0.031862362923598,0.103920946891045,0.140956776309245,0.144371006899631,0.0821922661745685,0.0695666115904851,0.0484522769397173,0.0813994220681806,0.0877039564143556,0.151243747751595,0.11270562561907,0.209426082925177,0.0757806357217665,0.123021714016798,0.193743891954823,0.163720656195524,0.103900421352248,0.132095719518889,0.0912076144406937,0.131737233668773,0.103143045091583,0.174023873219182,0.104933828788312
0.0567201030951404,0.0481443297654339,0.179483260639272,0.0628782907678453,0.122105834521561,0.00837445281784014,0.0923138394555791,0,0.0703905804343402,0.100098157520043,0.0617908149634277,0.0978890990150934,0.0882573582202436,0.102726359743682,0.0772567784557194,0.0969414382701598,0.0911326271925393,0.0887620040397874,0.0947082746167551,0.0941306579223572,0.0667281641046373,0.119464719116327,0.0409168571010853,0.12220913590519,0.0828230706515189,0.0465267068708293,0.0283478467199913,0.127780115358187,0.0153802321950699,0.0421537371284845,0.0315607099372985,0.0266548297781771,0.092272384388436,0.0835824523111415,0.0669159822558997,0.120353592121068,0.0613871485211775,0.0163151930684084,0.0774629293497218,0.107767935271617,0.10315066373992,0.0720773292291405,0.124147542662585,0.0787182683002435,0.0869440738718344,0.0862723760872294,0.0362175246567798,0.0488184474178134,0.0518838861183414,0.0509476469795348,0.0890005895123663,0.0819067596886179,0.0591590333464222,0.0618007599006613,0.113322740950575,0.064243035282293,0.126964860744951,0.108488647871863,0.128272296043872,0.0708834391248415,0.0595546252328788,0.0295963092487252,0.0639274405576503,0.0929943461507243,0.0367635727884306,0.0964279212467837,0.0770511960918378,0.0569650865184828,0.133077573078526,0.0410266145820908,0.0787637984301716,0.10330529331262,0.128731942243658,0.0633417681285769,0.0642224934038109,0.0346721760094025,0.113127491667841,0.0806810525345083,0.0185610937211519,0.154045996850657,0.06729743428632,0.143866801705364,0.0623196905490058,0.12124923825859,0.0701901771111395,0.10351938480489,0.0431029437380046,0.0976086879194556,0.0845484228030365,0.0215324422841526,0.161573257617354,0.0586046136678329,0.0451400376045524,0.0571788377878404,0.063873882812319,0.0448115640441796,0.0346543610813558,0.112273110527455,0.151778228328778,0.0775540724136696,0.110765589483377,0.0471604269805635,0.09968540486575,0.0823899422817661,0.047303191610814,0.0436881759518201,0.0458999370717567,0.120993967391351,0.0668478774753445,0.0305044025491513,0.0411519774800452
0.0410152941372274,0.0188804054350697,0.212851910624761,0.0388287959451243,0.0475260870515255,0.0617390498317851,0.0898118775838527,0.0703905804343402,0,0.100713117659346,0.104070076777153,0.0507431759526038,0.105784167364822,0.0372161765681063,0.119385629909517,0.0449668332733301,0.0924050168591005,0.0609385529328377,0.0688074535900756,0.0380774757396485,0.0720911123039451,0.17756282078251,0.0742624425749943,0.115926915547337,0.10619299904983,0.0728636819940556,0.070615133922493,0.0941724266194,0.0858470212329059,0.0199375574550139,0.0552166689822744,0.0437508079845881,0.0631391429705201,0.121615542558138,0.0503113108528456,0.138024051750537,0.057700707820048,0,0.0642948221011014,0.0677140704207121,0.0629917175522704,0.0485033364771347,0.109438889432787,0.0660514842051249,0.0607263448896943,0.124259116188363,0.0685720992418932,0.057659324422429,0.0585024132519585,0.0442199751136653,0.0772012783339286,0.0554276245418966,0.0273753684045012,0.082248765979494,0.0994925050245162,0.135623142538926,0.117660292944111,0.086059521606212,0.182441445111678,0.100779203493298,0.0769617604045191,0.0327903019669743,0.0573551580722373,0.116476208887019,0.030739193565065,0.0806268720174456,0.0496584647718666,0.100233563839129,0.117019807607243,0.0627043144155797,0.0704494958326934,0.179094225566947,0.115462466737238,0.0515697328711493,0.088324671852085,0.0524499439178949,0.163932476629992,0.0671114908546849,0.0634981557421088,0.105251318100745,0.104658199014306,0.114846300035879,0.0649422283250761,0.0897813869289364,0.0632690927342991,0.135164716191442,0.0597328715865427,0.180912199583075,0.0622600230051194,0.0408279099424362,0.122716035414146,0.0849469404740546,0.0563002887703095,0.06120577878697,0.0645087763156369,0.0622110388856381,0.0488435512782158,0.149537530157108,0.111621797012389,0.0872437261061405,0.0883411244733254,0.103540947980365,0.113023784900757,0.119606975906479,0.0707482841206385,0.0605249918908052,0.0653734237422507,0.10523772106743,0.0920102347556927,0.102070834762335,0.0534090051521702
0.0777416142712446,0.191090061797072,0.00192585078625981,0,0.00616453061765294,0.057123880428446,0.148845928684092,0.100098157520043,0.100713117659346,0,0.0564771988348338,0.00600577411832307,0.0308724131809615,0.125008006176465,0.0728363717900148,0,0.0545526416552558,0,0.0841820260701553,0.132115317483929,0.0732267584007275,0.013559255538165,0.0809183372438264,0.0420823196468146,0.0673037209046746,0.069026860692194,0,0,0,0.0190754673901528,0.0788817915742655,0.0445900871304094,0,0.117393627683925,0.0399429486496301,0.0787475185400758,0.0938984651705905,0.107469413483472,0,0,0,0.107955198845407,0.0224595503866566,0,0,0.0998785509236713,0.0855730237651017,0.0558008819895299,0,0,0,0,0.033759302612771,0,0,0.192779939312775,0,0.0249865830708512,0.0511575355120914,0.098784698129161,0.10855674071773,0,0.0324422563924109,0.0721920010984106,0.0399981592192151,0.0356529178216977,0,0.123212961856751,0,0.0104015008840812,0,0.0330996387298526,0,0.00980425172290863,0,0.0828943839490546,0.201060021645105,0.132858401644755,0.184692458358314,0,0.146696381258754,0,0,0,0.0317030986042591,0.170217561332866,0.130960049152715,0.222094783172889,0.0610152092789836,0.0850895983778824,0.0367682881852359,0.145013877763726,0.112803029130747,0.111194451059748,0.159659865263004,0,0.0944666574620557,0.182076458428992,0.00790009262169832,0.24367161849819,0,0.208320090429097,0.164405921069319,0.132940511674806,0.165909534369657,0.0620487930363511,0.169832883730131,0.0622349596308529,0.0755870651302723,0.207088523520518,0
0.0244230654489371,0.118427309504376,0.0588605039193892,0.0179371186355708,0.028725574436445,0.0484664795655566,0.09518232181702,0.0617908149634277,0.104070076777153,0.0564771988348338,0,0.0107435928746048,0.128835306272946,0.0896692760389182,0,0,0.00010657751342559,0.0224478931212207,0.0684477495296815,0.0909667920168545,0.0664130762632533,0.0405075624115036,0.0175277947638588,0,0.0864173019418841,0.0469349326109321,0.0255561552863731,0,0.0052568284393525,0.0193004775136241,0.0488767311899421,0.0318957925378312,0,0.111140018737191,0.0264182265111555,0.161456651483903,0.0505053712935976,0.0257356060554355,0.00260359020914128,0.033047478123825,0,0.0453097792611141,0.0232280876732481,0,0,0.0322260768472099,0.0381976106916265,0,0,0,0,0,0.0283470750954827,0,0,0.101832718792856,0,0.00427255373481783,0,0.0270567353186165,0,0,0,0,0.0307366724151894,0.0677672810396635,0,0.0550601596523636,0,0,0,0,0,0,0,0,0.121200311051454,0.042076305156936,0.0924028847621375,0,0.0581504148368174,0,0,0,0,0.040708039495261,0.0110434628758409,0.137732324462291,0.0146486398091171,0.0254156580510013,0.0174590569978728,0.0411341439800565,0.00121612505427448,0.0387036503712747,0.0528704874572841,0,0.00945098194362321,0.121397467937512,0.0110372786119893,0.146456161965926,0,0.0981139475181579,0.061959360026056,0.0171741488402974,0.0391028322259898,0.00574825457330172,0.0454502344590325,0.0358804133710316,0.0101293533089808,0.133967944606463,0
0.0418907105112785,0.0615088235778537,0.0719194945972427,0.00214994087422273,0.0861403366880423,0.0455462008018922,0.0473940994063575,0.0978890990150934,0.0507431759526038,0.00600577411832307,0.0107435928746048,0,0.0555544025320676,0.0658057556487169,0.019844979952196,0.0575762481980457,0.0181048106337459,0.0432332797452219,0.0119415817793204,0.107644307226802,0.0656889504322391,0.18795960428036,0.0363593315692298,0.0927088236163508,0.111444743010078,0.027590692158142,0.00832014366255466,0.03582485945872,0.00733351646919413,0.0683618117941926,0,0.0853547305228071,0.0360064114582321,0.0898393353164287,0.0149568342221043,0.0893981440665361,0.0257683280432984,0.0419200816219436,0.0184105705841709,0.077555741459174,0.080163519971063,0.0510440755473464,0.10914467112291,0.0436427440787963,0.0409334091842002,0.087610636392106,0.03677649093644,0.00895410999806627,0.0151571656880381,0.00841949678087685,0.0547694805214335,0.0218658835223954,0.0404894938997369,0.0268621930942123,0.0940526256197476,0.0842920516737701,0.084741957992782,0.0417830595331147,0.127449594153038,0.0434861670359678,0.0196819882207765,0.0140862969488522,0.0329232805572328,0.00503364059263816,0.00420162515676945,0.0356046836200264,0.080876758607347,0.0654069525554308,0.116154145706941,0.00447309496510147,0.0965715402828385,0.0515679291242733,0.103208598117981,0.0323968083989718,0.00643263320658492,0.0244790796068286,0.122572003580485,0.00992665387154745,0.134467754981956,0.082006012839612,0.0747345466316459,0.133635157338301,0.0227666943515523,0.117833876271651,0.0302417284895962,0.0132929265322542,0.0183437523793771,0.199132996594853,0.0232063898635747,0.0557889531231723,0.17282003366087,0.0571356924470503,0.0246523122284796,0.0518722358017913,0.037655918613365,0.0428169476818913,0.0334602443221303,0.0899370298081404,0.152080223009427,0.190845399194405,0.0923741858449229,0.144105966407997,0.165444973662259,0.0431390730506366,0.0476886795238158,0.0982497673116019,0.0467399923819164,0.127801118969079,0.0145330527041879,0.167617466563686,0.0529734448889684
0.0752890667127552,0.128961425580296,0.0105233420415291,0.0565391044974524,0.0654969624981863,0.0666083778880737,0.107512795914567,0.0882573582202436,0.105784167364822,0.0308724131809615,0.128835306272946,0.0555544025320676,0,0.0913043156186901,0.180503198246166,0.0206095840784119,0.11513826777526,0.0549288242555888,0.049586934368065,0.06735871019624,0.0629872757033868,0.00842217864016355,0.11225304801671,0.0275667135888326,0.0321628111691005,0.00439031585007219,0.0639262457299138,0.0271273760135976,0.046262391386403,0.0397074560821254,0.114693426999398,0.0388568514047568,0.000310593409778598,0.102976585328487,0.0239995933904473,0.142375319155874,0.0445349025958784,0,0.029407169476016,0.0627259242653507,0,0.0334637520569379,0.0134380171771481,0.0311794741935876,0.00307438906238125,0.0820938870048607,0.115975014812829,0.132308469898509,0.0185017841480176,0.027885565145285,0.0138719532108716,0.0321031515354104,0.0257817348039401,0,0,0.125371229422743,0,0.00307030719804665,0.0155436011586794,0.091993668301957,0.137800845578401,0.0257761413987091,0.0601380132464028,0.0425952019359677,0.114523289060921,0.0315233719444379,0,0.0937744663649847,0,0.00385287749338047,0,0,0,0.0344505531838143,0,0.103878081429075,0.13395325369199,0.171506566399061,0.119090324012128,0,0.11514074205311,0,0.00781205922428051,0,0.0593121984151675,0.123904550264956,0.141639600328613,0.133635387833959,0.0808931668678568,0.0076560646215666,0.000976717489893808,0.115282908822697,0.12164737937016,0.086777449023851,0.150155805939653,0,0.107351100450608,0.133155959630065,0,0.160034900298744,0,0.125480985981449,0.0501081761585332,0.0714205687254018,0.123405509500039,0.0346959775382805,0.143748744823684,0.0787136559864583,0.127942896739636,0.172260014117852,0
0.0635788711894075,0,0.155485804258285,0.067200954530556,0.091676307877564,0.0301830051529158,0.104844941338243,0.102726359743682,0.0372161765681063,0.125008006176465,0.0896692760389182,0.0658057556487169,0.0913043156186901,0,0.100849505035745,0.057368670108783,0.110042266250028,0.084013713355132,0.12344609515699,0.0326641296626502,0.0343521328880949,0.0870757589083187,0.060457832907917,0.116982052143211,0.0905789764030851,0.0592970087717904,0.0635045052396593,0.0896276308809745,0.0437194497223703,0.00620309437410786,0.064045337683323,0.0219093722313738,0.0622571870643583,0.0985790995723837,0.0941220420686356,0.135126315031224,0.0926884730118705,0,0.110088340386297,0.101354172546263,0.0614658401535509,0.0552264893912378,0.106290234645525,0.0685700916457813,0.0584797368243092,0.101976007119524,0.0634252277935098,0.0779224468745721,0.0494843901209483,0.0736446731113764,0.0688283324001771,0.0740867811840028,0.0228661681419464,0.0421291480659217,0.0704850139343529,0.100716906512417,0.0872868670526708,0.0855493304740322,0.118186657321546,0.0934241765081839,0.0928915206960554,0.040664569366457,0.0706153728381109,0.125363051965303,0.0447172367247644,0.0837454006757204,0.0466790029721279,0.0767099617194006,0.0835841427448353,0.0473173601393016,0.0402943668229397,0.101824289726452,0.0831616600931812,0.0622784829222411,0.0842778843574474,0.0623845300240067,0.145649898631275,0.113423580699721,0.0465298160739586,0.104046121685261,0.0936276503009409,0.0898934209205842,0.0513510986711107,0.0720857782301614,0.074859189751561,0.138412147166749,0.0778158126105548,0.147502456258181,0.0824850111555015,0.00556016328583135,0.102077770978575,0.0728183819760498,0.0712265680902733,0.0547456131254154,0.0868718832960166,0.0291402008791565,0.0596755149910881,0.138621836841179,0.0925204055697963,0.0753409367455544,0.0673404571237981,0.0789296141393146,0.0707812565099705,0.0958165807033673,0.0738911070503322,0.014119185282061,0.0726031225968578,0.0793291548003269,0.0928278104458984,0.106906670254601,0.0237298827620009
0.0506148942383087,0.135522771587118,0.0937779740811769,0.0246076694711501,0.0344023652169781,0.0602057360455217,0.117671355376682,0.0772567784557194,0.119385629909517,0.0728363717900148,0,0.019844979952196,0.180503198246166,0.100849505035745,0,0,0,0.0209139482058207,0.0702258512319581,0.101125865766919,0.0727555281160556,0.0332279797806872,0.0532741969348653,0,0.131955399021231,0.0695543207162186,0.0293793450939405,0,0.0143200270311058,0.0202990309253684,0.0769118499593806,0.0447844692672175,0,0.157127367574086,0.0266725959004519,0.185297254608691,0.0401119251256287,0.0359885052671056,0.00798465972779634,0.0192666025300372,0,0.0513595231733716,0.0448102134189172,0,0,0.041330464803349,0.0738098264953817,0,0,0,0,0,0.0528114368078413,0,0,0.159587986522509,0,0,0,0.058755863466845,0,0,0,0,0.0542195102846575,0.0840154763993785,0.0151172132784384,0.0852746896574967,0,0,0,0,0,0,0,0.0148932122684209,0.171375845029838,0.0555008731356838,0.137535718053923,0,0.102510170549271,0,0,0,0,0.0579128071283605,0.0484132124564662,0.191430548878623,0,0.0387731615679233,0.0441455272307337,0.0626886083525069,0.0306360934297729,0.0569440562106593,0.0964157046326535,0,0.0360315669786739,0.157846758758783,0.0442870259531273,0.188163270775019,0,0.147297092415305,0.0741192267595011,0.00732158102710904,0.0847547773704004,0.037884663531617,0.0951216474948002,0.0772001314138669,0.034493270386438,0.187416694200071,0
0.0990464032325706,0.0681269047905529,0.0275822311768221,0.0460931490357692,0.0711069873719357,0.0419629693844635,0.0544156270984959,0.0969414382701598,0.0449668332733301,0,0,0.0575762481980457,0.0206095840784119,0.057368670108783,0,0,0,0.0214704117909012,0.00151515005464224,0.0820069923126426,0.054983262922579,0.101631978275884,0.0137196411519682,0.00729209216520506,0.0859275098526957,0.0210425344593883,0.00107931567037579,0.0534656177516806,0.00775720861380237,0.046943818349555,0.105776270872648,0.0853103799139543,0.000364231064421714,0.0708349468800035,0.0135087911401002,0.0613406190619296,0.026573739183927,0.0591143582486215,0.0205741144509114,0.0149358902867585,0.0713151708883427,0.0448705238675563,0.0883046604368003,0,0.00509843694651167,0.0393769924642644,0.0239623800577513,0.00288623135715926,0,0.013041752663558,0,0,0.0400440137030022,0,0.0708762980919936,0.192595609974116,0.0585809905614266,0.0125510806844289,0.0398652275747084,0.0254721815936991,0.0166483503737137,0,0.0171373023348936,0,0.0822393242973484,0.0164346973975191,0.0835725804221982,0.0510564943025339,0.101664143895954,0,0.0616291964127647,0.0171771972271046,0.0966007840187425,0.0380837556225088,0,0.0397797083284513,0.236682846429644,0.0520578330829348,0.204087290240088,0.0786911925574668,0.141162926793163,0.146377196574709,0,0.125751264726765,0.0302461043733694,0.0307127329107154,0.0580694868649185,0.280308143231895,0.0125614318071473,0.0741886287542592,0.187017003572787,0.0909655284613562,0.0708259224561686,0.0739530206459224,0.0975957880441773,0.0177102037987508,0.0733051839277599,0.192273391031018,0.154747392673613,0.249204266644413,0.0790466435986069,0.227697916896168,0.194750656874957,0.0219544514474096,0.0918839975196168,0.133558012326754,0.0870989881220964,0.119949292632209,0.00808264820130721,0.228072204977649,0.0248899212673576
0.0944494294107077,0.164281815033698,0.147509514374407,0,0,0.0579048873871403,0.125004789490854,0.0911326271925393,0.0924050168591005,0.0545526416552558,0.00010657751342559,0.0181048106337459,0.11513826777526,0.110042266250028,0,0,0,0,0.0315222563579576,0.110455960696261,0.0412800076044102,0.0252205329135336,0.032095545586846,0,0.111757984621372,0.131890702322308,0,0,0.00315409917173907,0.004454919738013,0.126715913453563,0.0222325316223471,0,0.0912889487780076,0.0531576326481173,0.153521000188685,0.0358896650893982,0.0704069557207649,0.0606214051836716,0,0,0.0572023178568413,0.175234261538209,0,0,0.00653689390678909,0.0503633463866177,0.123260963732478,0,0.0835079607146557,0,0,0.10866004641259,0,0,0.18541880745583,0,0.085370279755117,0,0.0826137014184401,0.1450805944521,0,0.00493578641257896,0,0.0790925829182708,0.156936746794094,0.0969850205029051,0.0838049365382663,0,0,0,0,0,0.0837413050563431,0,0.170522009165195,0.225073539417302,0.155259521821556,0.220897684128119,0.0412338856969549,0.160698528802618,0.0571842836334003,0,0.0710740693698657,0.00454098765519056,0.169819643286474,0.240465907544811,0.24209065848012,0.021085382323809,0.10572756769783,0.141425017103743,0.139936219282321,0.227252607819118,0.133136474159307,0.260743285589009,0,0.191550535331526,0.212374966087899,0.151313109529351,0.257795059058389,0.0609025485827906,0.244135116390108,0.133108694029408,0.0221900193490603,0.288769938987351,0.129916567529913,0.273376551564187,0.176756829108303,0.140832104887853,0.270181970245154,0
0.0149365888127471,0.0637723679281245,0.072069618483785,0.0918283109909965,0.0170387985259623,0.0785287888255551,0.0145986002562213,0.0887620040397874,0.0609385529328377,0,0.0224478931212207,0.0432332797452219,0.0549288242555888,0.084013713355132,0.0209139482058207,0.0214704117909012,0,0,0,0.10876770046637,0.087795933773384,0.200502387238641,0.0441788379703275,0.0645218897930797,0.100310506126178,0.0441390542587523,0.0526485459667904,0.0825663445615414,0.0604849844222257,0.125377408240402,0.00473619318115913,0.115999689756688,0.0333569397600849,0.0865035890731645,0.0119160089059532,0.0802861913627333,0.0341122083191431,0.038457875841794,0.0208321660896067,0.0749079084107914,0.0805376132144176,0.0539038653642926,0.106887986659357,0.0542532206768113,0.0715096582175441,0.0676183136231841,0.0431220776869855,0.0101569647017068,0.0362164457131415,0.0068735233433981,0.141267449346526,0,0.0501844401500723,0.0309124066509235,0.118666203842668,0.108537561960867,0.117733921987179,0.0156187419366491,0.118323585243232,0.0194295696899562,0.0239794818374642,0.066667235855201,0.0149345806990774,0.00506775638919214,0.0190895945947505,0.0290892544195504,0.0896284882731993,0.0761481955850184,0.148963608485274,0.0746032184388275,0.149204424500686,0.086821333934915,0.135961052840961,0.0215207891276839,0.0261965755112984,0.017211745575974,0.131145068279668,0.0273524769796427,0.185780191425435,0.0662147465346377,0.0957641296140669,0.145003681254585,0.121380232967427,0.154983150512472,0.01477151252958,0.0133379343659448,0.0307552504367174,0.236693993845251,0,0.0555933504221511,0.175324698202276,0.120521771122849,0.0251949679188223,0.0975586131741422,0.053686772365687,0.116215228339304,0.0277715235972149,0.103194450357948,0.162284809737399,0.215415368975772,0.106637460679612,0.186294696646457,0.203311229847029,0.0393182161158779,0.054319234869244,0.172410777129025,0.0562854936660672,0.158508308687531,0.0110579488794564,0.182634613995348,0.0904429818439079
0.0471245026772946,0.196588028950809,0.0167615667020646,0,0.0121243346736578,0.0448634950793158,0.10575786545429,0.0947082746167551,0.0688074535900756,0.0841820260701553,0.0684477495296815,0.0119415817793204,0.049586934368065,0.12344609515699,0.0702258512319581,0.00151515005464224,0.0315222563579576,0,0,0.139795262309514,0.0634421105241167,0.00128682236120149,0.0912032842590273,0.0448138582611302,0.075418001884807,0.0818104964772622,0,0.00387799323924031,0,0.0282459609722275,0.0844788550570788,0.0137226409544777,0,0.113303867458474,0.0696341194045177,0.0849529177612061,0.0981215561058171,0.10496319771805,0.0485984736952292,0,0,0.0932059998179843,0.0577112044308991,0,0,0.0812943962501662,0.0641416433621783,0.0911058504934672,0.00225987736074824,0.0644924074687116,0,0.025491253746757,0.0469114570840384,0.00546328174312225,0,0.165076573805286,0,0.024816985259933,0.0538973352036725,0.0828883971899642,0.119812802820585,0,0.0402962733216449,0.129916911951577,0.0631963864902786,0.0384227171566579,0,0.102929478560649,0,0.0401144114227362,0,0.0660148808921134,0,0.0251986819249274,0.0203318694071506,0.0703541892758277,0.153061850790154,0.149305074516849,0.169874784435301,0,0.122540299345375,0,0,0,0.0424188305386166,0.17609187724141,0.125314667752899,0.178494867034746,0.0688346690522966,0.0484604528008669,0.0275327297701597,0.167265340255962,0.0967468513490533,0.145052357815501,0.156005846445297,0.017407648293129,0.0883993952030241,0.150174524755076,0.0181255219003633,0.224649775863153,0,0.196982889486302,0.155482130316205,0.112878571484899,0.135038121009577,0.0727036656006539,0.158397835017002,0.0721839620966233,0.0830983605708606,0.181096424732956,0.0016835449144895
0.058300529090375,0,0.109745537980709,0.100785926199295,0.107406557415603,0.0561226628955543,0.0982082908040888,0.0941306579223572,0.0380774757396485,0.132115317483929,0.0909667920168545,0.107644307226802,0.06735871019624,0.0326641296626502,0.101125865766919,0.0820069923126426,0.110455960696261,0.10876770046637,0.139795262309514,0,0.0637255935999919,0.0570500453684323,0.0643498906899444,0.10028497273285,0.0863778218348727,0.0795931647453743,0.085141961805034,0.094713318322423,0.0761750358458789,0.0070154316914312,0.0733977399936518,0.0384165693309652,0.0759802178569441,0.0708514920723416,0.115537595249895,0.0976728008271453,0.11485028100671,0,0.127612397622981,0.114938268346681,0.0735584172877387,0.0591370747263569,0.106732446160581,0.0902899794599141,0.0726940467186218,0.0892708586766126,0.0595603402276721,0.095300420394103,0.0671921038347168,0.094036845500533,0.0913732224540637,0.0699592286330479,0.0136581076572807,0.0328637368610156,0.0587210702316872,0.0860692580016868,0.0827883667714305,0.0637489849158359,0.0937283913304266,0.0870533476932377,0.110870030952516,0.069296740823032,0.064322813886485,0.138599942276602,0.0447772789384795,0.0710801920919278,0.0414370789263541,0.0643367035491814,0.0681318075108501,0.0581571527324664,0.0419122073213112,0.0775439793472993,0.0627422425334901,0.0559916305764783,0.119430914820119,0.062960722825329,0.110836669596871,0.132676637925138,0.0471735819384916,0.0796883863615868,0.0834949372742331,0.0734843856658639,0.0786897352219915,0.0786601973056381,0.0651169799813455,0.137131813580216,0.0939490855006128,0.117026279674576,0.0942387326061262,0,0.0885234964950145,0.079869743734751,0.0791418342642636,0.0525328648948811,0.0997367664323344,0.051660265938789,0.0578328930016098,0.0998391534459623,0.0904856896194132,0.0755289469089272,0.0652274049300135,0.0739185743086783,0.0379872187943524,0.0735242762965894,0.0764033636834669,0.0229826188335942,0.0876140542094617,0.0849182016189136,0.0818912020945811,0.109578441026536,0.0448267831059703
0.0371070858997084,0,0.129620351596799,0.0739110382058227,0.0672882850186312,0.0772265995068101,0.0894385657330121,0.0667281641046373,0.0720911123039451,0.0732267584007275,0.0664130762632533,0.0656889504322391,0.0629872757033868,0.0343521328880949,0.0727555281160556,0.054983262922579,0.0412800076044102,0.087795933773384,0.0634421105241167,0.0637255935999919,0,0.169137082905436,0.0380892033047342,0.0719362435957514,0.0989749349233274,0.0172911831212561,0.107776931575075,0.0770796055071695,0.0887861272021033,0.0106665705831889,0.0617155260725618,0.040676227189051,0.0525696685624653,0.0832441038161377,0.0317072392593094,0.101766484912611,0.0179673712340982,0,0.0318625699223007,0.0946404288255655,0.0560143124573022,0.00590370928346975,0.105428149785763,0.0843724771837249,0.0530795787380036,0.0911448912869878,0.053430580255437,0.0172691166491711,0.0824795084777342,0.013303511942966,0.0915710522439437,0.0345967005559944,0.0109603331383201,0.0563277848518455,0.0591131394581721,0.0958198586189776,0.088587422602476,0.0568316001044887,0.148862458563826,0.0754049303279491,0.0349877815470836,0.0538506493017461,0.0336920485846308,0.13477987458373,0.0266461660614288,0.0568177971817722,0.027838707474238,0.0709337959165987,0.073637560929051,0.0820876012809366,0.0472453201505965,0.143479802615776,0.0713826157335956,0.0278702911379467,0.104508904199435,0.012506854141209,0.102288428503542,0.0587462633905421,0.0571678717547768,0.0642023204607618,0.0852884888171371,0.0745018839975607,0.0947401776077577,0.0727071451721977,0.0345674128218193,0.114122253657957,0.0264038501338705,0.129812753200351,0.0660305362502795,0,0.086226189012595,0.100452623384374,0.027151065112099,0.0682417412602817,0.0492637008067561,0.0725639333983476,0.0140129094286363,0.0894042863109992,0.0853831066145928,0.0786684556803923,0.0598112958902458,0.0811396203283094,0.0751383675515628,0.0580566223353001,0.0350233792212784,0.0408640045594826,0.033944278680152,0.104481494156974,0.0356027948440862,0.100846320061367,0.0543653507104028
