0,0.051371533866048,0.00359668553062139,0,0,0.0166588807768878,0.00645973832101538,0.0096452247245929,0.0322740746623351,0,0.0237590199953074,0.00468993354897567,0.00671581500121625,0,0,0,0.00292942295496238,0.0439084561916061,0.0074671477831659,0,0.00075144673086049,0.014944305784645,0.0161731914883869,0.00229239712918272,0,0.00367070233570449,0.0272600629117251,0,0,0,0.0145420961683156,0.0053992713673815,0,0,0.0145629134389925,0,0.0206510500607963,0.0217912521268677,0,0.0111717940530177,0,0.00584446352118733,0,0,0.00787468323092166,0,0,0,0.00242457426752123,0,0,0.000982105839652044,0,0,0,0,0,0.0119483835607863,0,0,0,0,0.00278046442319919,0.00851156219359342,0,0,0,0.0074422780259074,0.00944871720679147,0.00784879678821183,0.00851229137725687,0.00836674284975402,0.0020950565259501,0.0250895911272398,0.0207024426894053,0,0,0,0,0.00213634610417175,0.0155059625035667,0.0179530884594705,0.000437883908888157,0,0,0,0,0.00444595892898581,0.00130544244103349,0.00806961901877091,0.00750049103692954,0.00100541420923712,0,0,0.00917666362333933,0,0,0.031159538694247,0,0,0.00101685276718358,0,0,0.0202989842439102,0.00163560537380985,0.0250451797699568,0.00394699860920234,0,0.0236641660996587,0,0
0.051371533866048,0,0.0969367050297285,0.0995938954418631,0.147387146431174,0,0.123224655616129,0.0968812019347489,0.00320867202035218,0.0927422264068381,0.0262165645305664,0,0.0813670654570552,0.132771955305647,0.0495330827831473,0.0805430359311248,0.058844078326257,0.0207718918711203,0.127606986448047,0.114350860174801,0.105618923073506,0.0443850073628435,0.017126441069655,0.0205022036243347,0.0899048855989969,0,0.0609885924378152,0,0.0705143793291252,0.0397258219533122,0.176058153498334,0.0391496589183628,0.0989988654146491,0.091823067576372,0.0455412309262815,0.0388760275902725,0.00100762797587225,0.0607073700348651,0.054698033807363,0.155865793804628,0.00759076530581591,0.0711873982798265,0.159319913836624,0.0154905537157628,0.136978524019514,0.0401742688477772,0.0753975038176518,0.0687552034623308,0.0442957645733033,0.0583193944232487,0.0787415002169502,0.112594377621502,0.165458531088965,0.115977484548285,0.067012834880166,0.0497629665286735,0.0957967385480496,0,0.135135066928793,0.0230546109820419,0.0504729602668095,0.0118581255438557,0.179084269072364,0.0103905986504727,0.0219467134154169,0,0.00160366986023484,0.0472929470156307,0.00870504501190416,0.0503789484481015,0.0486326686544867,0.0751889630020826,0,0.0239732669477867,0.0439015827392455,0,0.088569164709172,0.0414757823473351,0.0365203628975961,0.0161829566176225,0.0226197607100572,0,0.132499786351821,0.0535330216274646,0.114572837337816,0.00797803573548271,0.116388262394718,0.0954112802089714,0.197062872823925,0.00539974517912233,0.0113015310691521,0,0.12604608034482,0.104431041193351,0,0.151839086330598,0.157902202384452,0.0017536428680912,0,0.0541800358236682,0.143072449507976,0.0656136179119543,0.0951614761279753,0.0134764479424359,0.00206369629970924,0.0110090532708062,0.0134857364938954,0.0773230851583117,0.0987892060116099,0.10956114625778,0.0767579209264857
0.00359668553062139,0.0969367050297285,0,0.0113947316496086,0.0925202799403702,0.0307207726129003,0.0436553508466701,0.113049505371396,0.0385208173144295,0.00277141473051783,0.0506692897867137,0,0.00350235652277838,0.00997618431043168,0.0482059300270756,0.00280325277527067,0.0561194912390154,0.10959289203334,0.177733937044122,0.0109268619207316,0.0126508758131229,0,0.147001537979628,0.0112520811835482,0.0095680668483689,0,0,0.00535573998268067,0,0.0110345796322034,0.126974755632465,0.00352249296357292,0.0776184273178098,0.039140191555797,0.00906398074564372,0.00698366711876317,0.122358501039548,0.0260328612681504,0.0637512767703089,0.150959591062864,0.0859965905249088,0.0281021469974312,0.136770537638621,0.00246944063061773,0.142460273372174,0.0870032007243106,0.0287347493900802,0.0135732329984563,0,0.0268184513261971,0.0404114285510156,0.120436888651512,0.129732283730936,0.0228323156530238,0,0,0.0458346503818457,0,0.0810101735109953,0,0.00213439452839665,0.0354066622664643,0.155329473010763,0.00632905340706395,0.0066828327449439,0,0.0315728964272004,0.053858761032175,0.0583454983511251,0.00348451516002481,0.0348661494967036,0.10469523376455,0.0193816072824167,0.0210202078373432,0.0452318983513365,0.0671385488577768,0.00472084805149775,0.0394966341209802,0.043418683034816,0.0102013390527513,0.0299971691514104,0.0159709733430133,0.120292599650233,0.0382578897992992,0.0693577017736519,0.00712395871206394,0.121101893745245,0.0541243440245365,0.168688687700344,0.126185418799095,0.0104610194448065,0.0319939094571108,0.0117754048976166,0.0435104944523971,0.0275644313003443,0.116523529735733,0.151340213694232,0.0803930434424437,0.00711800516804995,0.019438085342893,0.140439973101874,0.0720134013932748,0.10215516174083,0.129967662827607,0.0191637684389017,0.132115763144753,0.00671155097331707,0.0127411159902156,0.00460191208675357,0.0432445116830844,0.00882711824547525
0,0.0995938954418631,0.0113947316496086,0,0.0820519198526933,0.0326205911119827,0.0386906279859402,0.191866174280178,0.0395263323321883,0.0142276355133666,0.0531699790787569,0.0112973760438625,0,0,0.0198305122630477,0.0182436700720457,0.088198359340191,0.0855260769883599,0.244455403196591,0,0.010121809230483,0.00978039563893432,0.169283012515412,0,0.0426797888786815,0,0.0157966103397976,0,0,0.0107513843559639,0.118410664610853,0.0266279524792473,0.0826447826539178,0.0693428219660394,0.018972303214231,0,0.114909458545091,0.0192742201375752,0.0714706685099661,0.191935286754255,0.121541331251613,0.0333938892849952,0.181704010272841,7.99997698810948e-05,0.151616034508178,0.101029142275653,0.0406272852046497,0.0175935840230821,0.00541369276781903,0.0339191913474947,0.0279118101154877,0.215316116315827,0.159760251445639,0.0404669325598533,0,0.00459409251163043,0.0913829193781958,0,0.139728025085142,0,0.025985460990331,0.0473603410222689,0.256647677332249,0,0.00580843572259491,0.00943976638704285,0.0541952591648176,0.0757243076327734,0.0660769055489968,0.0052553003737585,0.0298760400219936,0.117002280599387,0.0422097960858655,0.0202509372278108,0.0683831269802365,0.106779240673662,0.0290681029051387,0.0871633502094171,0.067031060179435,0.0262433897419836,0.0638754647179152,0.0281012957213183,0.154874247160987,0.0764584966364906,0.100468351386697,0,0.159633034174282,0.089795988446355,0.181669914422138,0.126155971318507,0,0.0346057657127461,0.0147012557318737,0.100627843166353,0.0493069124708572,0.158719486891413,0.231029894493607,0.0992172062597869,0,0.0296597652978323,0.152316535687558,0.120707464473377,0.207752879169131,0.111607162140615,0,0.129783853550858,0,0,0,0.111779219912958,0
0,0.147387146431174,0.0925202799403702,0.0820519198526933,0,0.032136112206582,0,0.0553358608054797,0.0619158885349764,0.140542954212288,0.0321862995213495,0,0.0268958591121474,0.0249812944248372,0.0537208293023488,0.096042057428365,0.0522101136914671,0.113694933602096,0.12107917167384,0.0253541316599127,0.177642312649946,0.0461947488102401,0.145430627974429,0.00157572655398699,0.00418093065152461,0.0193305065125923,0.0342313693240144,0.000671041702514118,0.00874644523211197,0.000807104805120915,0.0930582125871378,0.0818586529698854,0.0233844063470793,0.0396867794033316,0,0,0.144522935192722,0.0365795492912715,0.0341317728669386,0.143976054105027,0.0832015684909194,0.147564019722712,0.0364986103309921,0.00141046144389736,0.100641290102657,0.0554955666942043,0.00572459205226421,0,0.0224754884296777,0.00373704850695326,0,0.0224755225773297,0.0929220269125062,0,0,0.0287101020204276,0.0131736780991512,0,0.000570488602663219,0.0113518288694769,0.0321235539699785,0.0119804609607301,0.0922984590558351,0.0118257866000101,0.034508187473814,0,0.0314250890788572,0.0358218241914092,0.0540551997220426,0,0,0.0911537981775725,0.0333805894552019,0.0217529156900517,0.0546162267868991,0.0457315549951017,0.066364943446623,0.0601327000188762,0.0444420791984827,0.063169957993428,0.0427558945012502,0.0512677296508381,0.115583002823152,0.0462934642241185,0,0,0.09449314860228,0.0564269411972457,0.0918094137128781,0.124780105943889,0,0,0.0375656108536955,0.0129781223283282,0.0438784497132853,0.0994208991869223,0.0732423658979956,0.128374254475904,0,0.069639088890292,0.0822286762913923,0.0108017789140111,0.00654102810758174,0.187673089570426,0,0.184862067772776,0.00346728726597538,0.0536108455573485,0.0121721182558749,0,0.00166338965816895
0.0166588807768878,0,0.0307207726129003,0.0326205911119827,0.032136112206582,0,0.0268048816451101,0.0155252360930473,0,0.0333222832188763,0.0163630988995447,0.0102222776806896,0.0111351092362386,0.00965994022641229,0.0156272541184991,0.0311756431821152,0,0.0126057303842031,0.0434981295258347,0,0.020386120101544,0.015157376927467,0.00111740531994461,0.00189303689227714,0.0170195309319772,0.00807146241010106,0.0605253841551561,0,0.00830248602179381,0.0470391781377447,0.0168102144913124,0.015697989566898,0.0211531160502373,0.0633861158431548,0.0143750707737168,0.0765892058987839,0.0257507548138112,0.00356399871166756,0,0.0147684724668725,0.0173265425414854,0.0236715032551678,0.0285541295547074,0.00296403417697795,0.00697965310676219,0.0155618599964511,0.0375306710762852,0,0,0.0427640117395584,0.023632533250792,0.0415842889155439,0.0529790443869329,0.00157061633310857,0.00201430905402205,0,0.0344346826683326,0.0327528590716382,0.0340219839632393,0,0.0105001423432574,0.0042332476615816,0.018779609146946,0,0,0.0197126117252646,0.041522012639767,0.000608666553648848,0.00709459291622749,0.0399227680281661,0.0479792350647115,0.050806236190945,0.0374645874701594,0.00669344892551978,0.0494445776041695,0,0,0.0485631043384358,0.0617609575482846,0,0.0199592691192439,0.00677468527591729,0.0484156876068458,0.0665229485518593,0.0241785000747327,0.00596352895317268,0.0430372667009103,0.0634043378889732,0.0295679191438627,0.0170834478125554,0.0160465384521584,0.000248297336488256,0.0100190857494588,0.0262681843286519,0.00525598578262041,0.0203968410483226,0.0130830388748851,0,0.0360685894669787,0.0106910471054654,0.0301175521625563,0.0158198991934324,0.0190095844973919,0,0,0.00126124247066083,0.0158304445051874,0.026974150983188,0.0010946544863922,0.0185817827057494,0.0265542552769049
0.00645973832101538,0.123224655616129,0.0436553508466701,0.0386906279859402,0,0.0268048816451101,0,0.0210696653608322,0.0506453445021012,0.0654401791730889,0.0343484840037023,0,0.0244772463230845,0.0263388415573482,0.0271387858847694,0.0466947000679339,0.0350958127477983,0.122472629699905,0.0817608590051159,0.0329564673861595,0.0973616469748361,0.0439963031773013,0.106281421877925,0.0116719246456133,0.0113165405545856,0.00546890701557211,0.0250511304865222,0.000649355808833161,0.0128058938045052,0.0229175339318128,0.0887194845654976,0.0693732953428391,0.00675062342216103,0.0676595638484242,1.13204811190461e-05,0.0200302050028137,0.147103092488942,0.0552559358195763,0.000158606342586206,0.0866747635629391,0.0925762496358656,0.0922530698272897,0.00431765265146178,0,0.0607454216270354,0.0562069361697596,0,0,0.0178170280288089,0,0.00450966975419323,0.0132609855723116,0.130300610980941,0,0.000506629176622177,0.0395890261464621,0.00378960126619737,0.00339097490287481,0.0041773812117524,0.0231943647905048,0.0372318544075163,0.00803142763579901,0.040217108687738,0.0114970071219191,0.013266358632465,0,0.0487271371062961,0.019250155529162,0.0682108749354574,0,0.0257206127449666,0.128663862122606,0.0632816029710034,0.0176080091254356,0.0924687161912832,0.0369434395480545,0.0522453518593721,0.0822020147186994,0.091961572377109,0.0782938079264557,0.0394300875898755,0.0561489114997378,0.172980276493652,0.095434900760672,0.000424738176017911,0.014357474534231,0.0624443475042747,0.11047831862947,0.0299131069512435,0.119475107418533,0,0,0.0263600899432903,0,0.0489495787002367,0.105630227364452,0.012195128426605,0.0937842374338813,0.0129017184716099,0.0434248671626106,0.0183182465955876,0.00252255720177903,0,0.164758637401714,0,0.166969940910162,0.0141051478475261,0.0240497519655629,0.00109900982441704,0.015652568200671,0.0191031034521676
0.0096452247245929,0.0968812019347489,0.113049505371396,0.191866174280178,0.0553358608054797,0.0155252360930473,0.0210696653608322,0,0.0335873549356571,0.154550826300433,0.00492505692060128,0,0.0642382163629903,0.0552377368746094,0.0466702816320454,0.162112837405266,0.00813348665747871,0.0451927245404498,0.0282017677541693,0.0576390785114302,0.1284428556414,0.048101190779613,0.151310155395899,0.0270587621671573,0.0950778527752953,0,0.133715805812556,0,0.1255487854531,0,0,0.148927008516755,0,0.0026056997211739,0,0,0.0890443274386396,0,0.00602769047816638,0,0.0752048041483916,0.155952103582534,0.0603876855184199,0.0543443847240193,0,0.0236189816279979,0,0.0617562033975524,0.0751908206403188,0.0253975071209873,0.0898005316312136,0.0284973856128658,0,0.0355627209705161,0.119910653133027,0.133451839286292,0.110655666394544,0,0.0961183861322191,0.0758996569600355,0.143037720785026,0,0.00339371805966025,0.0624864396844228,0.0833089346261695,0,0.0475954956898014,0.0148230296896012,0.0293189663872015,0.00634237220467168,0,0.00507230454697585,0.0517471244823902,0.0933292456527122,0.0380418941830527,0.0544383489886698,0.170804658406683,0.0532179474803584,0.0206769076026606,0.0529752320720607,0.102734437166434,0.0452029732084195,0.000743942167301182,0.018209014272985,0.103155653941446,0,0,0.0176295823445837,0.0189451199811556,0.0907089670083894,0.0209196757192341,0.0221167733005262,0.109292836684735,0.100938697545544,0.0658327838437945,0.0164470688191007,0.00108634565992792,0.115543705343874,0,0.183835141614447,0.0199482262190152,0,0.0368357287120102,0.124132849185912,0.00105808897720517,0.130552821185847,0.0176289764338223,0.104423604036355,0.0667736696655342,0.13506620202273,0.0118622392298448
0.0322740746623351,0.00320867202035218,0.0385208173144295,0.0395263323321883,0.0619158885349764,0,0.0506453445021012,0.0335873549356571,0,0.0350588829764014,0.00259565690452128,0,0.00385285032967603,0.066558839553222,0.0490258896917751,0.0318267888523892,0.0168740290403199,0.0206037661000876,0.0351819162969257,0.0593258413341861,0.0326267131925755,0.0086223328128035,0.00418052825544971,0.0134821129972073,0.0340641203063936,0,0.0196248789027517,0,0.0253029675869957,0.0241232715985056,0.0899321263088372,0.00727880698019697,0.0593962752001022,0.0329368878645312,0.00891109401868879,0.0325016509083471,0,0.0329980646748574,0.0353856750013822,0.0776705575772392,0,0.0131743102029005,0.067419304326144,0.00661418952764956,0.0416784760973553,0.0131109111930483,0.0217310178476551,0.0152202777113536,0.0182137704955033,0.0322436079381687,0.0226300187890072,0.0464423383457189,0.07470926352363,0.0567859758795698,0.0227351334549623,0.0126927768709948,0.0312326190292174,0.000583248395689393,0.0512734622890976,0.00774098451785052,0.0125005715265917,0.00257916491284721,0.0730232633023968,0.0023825970060572,0.0045472532865493,0,0.0216159897085221,0.0211760742599087,0.0120528881399506,0.0289446465622648,0.0152951691453666,0.0338738761015991,0,0.0284451549614444,0.0291157558532438,0.00410627775392668,0.0211324978354872,0.0161220212769381,0.0186319351608166,0,0.0268557988881778,0.00873870938279976,0.05825856495285,0.0279271249726727,0.0353540490777567,0.0088753894641963,0.0594173340378381,0.0685921450798594,0.0907663071762824,0.000297430087840427,0.0130121570928605,0.00778981896568286,0.0408718128971044,0.0482456386280445,0.0127825417198244,0.062403673409342,0.0449803858575164,0,0,0.0141271830479851,0.0658478872324329,0.0218204340049478,0.0325229219338929,0,0.0149741994104486,0,0.0133737915561462,0.0270118441597109,0.0609512906832256,0.046505414487518,0.046627046118978
0,0.0927422264068381,0.00277141473051783,0.0142276355133666,0.140542954212288,0.0333222832188763,0.0654401791730889,0.154550826300433,0.0350588829764014,0,0.06118328364934,0.008143348926766,0,0.00251205224303472,0.0196902136640717,0.00704416934166852,0.0806067811782635,0.0926610364732198,0.24035090151895,0,0.00853514749552874,0.0108685450721189,0.15936148954672,0.000791299549741431,0.0380159375699141,4.69542755555835e-05,0.00658016008155043,0,0,0.0208368288482765,0.148344040596579,0.0159154370902121,0.100443402546411,0.0884935945523827,0.0190868757280548,0,0.139180401632516,0.0327331486172033,0.0745801828123275,0.222974925100719,0.119586118353985,0.0454394336987567,0.223861683359519,0,0.163186821148658,0.106762159711841,0.0428940526045557,0.0103920065244707,0,0.0454914864946704,0.0298239840249594,0.214047884664405,0.189750896462615,0.0573589422136228,0,0,0.117779917305264,0,0.202149908941338,0,0.020110197205702,0.0557453950779042,0.248389818896198,0,0.00089559584048715,0.00368167466662321,0.0500251973788026,0.0901621696795083,0.0641224904499867,0.00856254595016963,0.0437304862221497,0.136235558478917,0.038714873575497,0.00803339553080682,0.0744560019778507,0.098856815939565,0.0162561060016332,0.0832459247239426,0.079699563814659,0.0309006129477642,0.0483370046725841,0.0291124805714315,0.188981163231332,0.0806316019270302,0.114457479951309,0,0.204794211735709,0.104418475799765,0.236231760622965,0.132296441663715,0.00141854237341534,0.0256769017805137,0.0321893605177427,0.123314786263284,0.0434929306822514,0.168909707206209,0.224950770503074,0.0935779147577911,0,0.0160421128263547,0.207574069529714,0.123835943902712,0.154410419260889,0.132053579472657,0,0.13337834529575,0,0,0,0.0848150560542576,0.0032575999215585
0.0237590199953074,0.0262165645305664,0.0506692897867137,0.0531699790787569,0.0321862995213495,0.0163630988995447,0.0343484840037023,0.00492505692060128,0.00259565690452128,0.06118328364934,0,0.00975330395199895,0.040683406270307,0.0264408261192488,0.000251375250027235,0.0575850059903396,0,0.0163975505272444,0,0.0163466661153664,0.062328339452887,0.0389330689993139,0.044994502654243,0,0.0351854897198906,0.00646635938285273,0.0525039072831525,0,0.0323643025594797,0.00843775013481393,0,0.0706564916106133,0,0.00455160199659427,0.0475903972437406,0.0139467024473416,0.0440357889449635,0,0,0,0.0135468651775911,0.0674698336639639,0.0129200941146285,0.00141198972179044,0,0,0.0115935166143538,0.0269044484418904,0.014678863280728,0.0304316288970599,0.0353654809360082,0.0206192804849045,0.011322809380275,0.0166324108520273,0.0239298132786587,0.029217737012476,0.0304672303157007,0.0234354419978001,0.0277893700564001,0.00757842257912438,0.0308939659238354,0,0,0.0109233274457498,0.0343135186344777,0.00667579226026391,0.00822944874350136,0,0.0054174146747233,0.0154224167285436,0.0181128934954368,0.0135226912795146,0.0284597461156909,0.012859671809975,0.0477188383961045,0.00743463098159446,0.0681793136946229,0.0315643556790547,0.00156752962413972,0.0279568393435039,0.0341782500345078,0.0351322310048024,0.0032456141524602,0.009009580717323,0.0443540631152007,0,0.00828811231390093,0.00236162293773349,0.0112782360462211,0.0177165977854925,0,0.0230454129752578,0.0206483225272189,0.0285932537617121,0.0427346296004407,0.00970582314614951,0.0155514660387124,0.0187059538677986,0.0109346954653148,0.0713521500786275,0.0190193014101028,0.016924524231513,0.0252835069481618,0.0584371765132917,0.0330280021105233,0.0332644599027461,0.0399342492708208,0.0504666456640343,0.0104871916798938,0.0384675995193952,0.0108975386919933
0.00468993354897567,0,0,0.0112973760438625,0,0.0102222776806896,0,0,0,0.008143348926766,0.00975330395199895,0,0,0,0.0117080852955616,0.00208450337178154,0,0,0,0.00194875451585046,0.00251612115433518,0.00929860381928593,0,0.00897096592431566,0,0.0366949481625212,0.00175231712430718,0,0,0,0.0013020458205344,0,0,0,0,0.0106901721778675,0,0.000168250888899221,0,0.00433129017429885,0,0.00809314603832044,0,0,0,0,0.0226366673108834,0.00557595554255313,0,0,0.0072604663900905,0.00168361820600935,0,0,0.00970317858003399,0,0,0.0162274845171998,0.0110105967861143,0.00853012104583068,0,0.00162731744974554,0.0179862537453172,0,0,0.0216035933728902,0,0.00584503169234835,0.00245037515639932,0.00767655487867782,0,0,0,0.00568655423574409,0,0.000809353140545296,0.00386867130407099,0,0,0.00376969836127689,0.00424296167865855,0,0,0.00163285465525562,0.000202052199817291,0.0132695347464575,0,0.0114858186435454,0.00968855164982506,0.00309701216872186,0,0.0113212691850383,0.000542558641569739,0,0.00561014798522973,0,0.00183252480126091,0.00904075778246135,0.0117721789586393,0.00486052395048775,0,0,0.00164221897246809,0.00218091237639545,0.00418120629218156,0.0120165355992333,0.00466499163367747,0.0097725634898795,0,0.0106015262162553,0.000872718124692862
0.00671581500121625,0.0813670654570552,0.00350235652277838,0,0.0268958591121474,0.0111351092362386,0.0244772463230845,0.0642382163629903,0.00385285032967603,0,0.040683406270307,0,0,0.00972824137613335,0.0126239213416771,0,0.0751328327678217,0.061377486847032,0.157002693612886,0.00847781603263358,0.00311427539003593,0,0.137049814254078,0.00411572712397427,0.000113809797701808,0.0148290552971112,0.00637283352272321,0,0,0.0179930838041734,0.0871279357778464,0,0.0329162786991641,0.039343009276842,0,0,0.0711744332644212,0.0425722639992653,0.0299857634633583,0.09297565858588,0.0974334802955096,0.00166478156022446,0.0514324819229708,0,0.113855324707279,0.0723812349152747,0.0190207685188742,0,0,0.0146934634149647,0.00450907273816966,0.0524134786322063,0.0851216339647224,0.0137412606596313,0,0,0.0145556670061686,0.00826558772128361,0.00866460824379505,0.0145378564527031,0,0.00778691260193902,0.0968266988987045,0.00183761043971407,0,0,0.0298130228516117,0.0475771914376948,0.0509097999093435,0.00846627625808513,0.0314961684797842,0.0714503646455241,0.0216579788286931,0.00771373284277969,0.0476976081672605,0.0588056796758513,0.00535686068226836,0.0704542434558037,0.044171448959353,0.00355461936238847,0.0294840603601684,0.00853536905878422,0.08787103497808,0.0565131012058402,0.0201014919908314,0,0.0646372529706424,0.0522953670115406,0.0692807910064073,0.0848250281236095,0.00425684617505983,0,0.00208651935930615,0.0122876376577322,0.0437510957556428,0.115067448999676,0.101851104479618,0.0549070466200837,0.0166191432090358,0.00141264239391441,0.0620621478202154,0.0238949830240663,0.0552461368921093,0.0751188482459407,0,0.0855973908320283,0.0114022709081355,0,0,0.00786251899883791,0.00895080121325017
0,0.132771955305647,0.00997618431043168,0,0.0249812944248372,0.00965994022641229,0.0263388415573482,0.0552377368746094,0.066558839553222,0.00251205224303472,0.0264408261192488,0,0.00972824137613335,0,0.0138152687462222,0.00226145325867404,0.0469926371804857,0.112465908096211,0.0865536648379688,0.0049113923582901,0.0161051976403669,0.0157640094914119,0.0424852596010909,0.00342290366257692,0,0.00345309488040373,0.0244272429169691,0,0,0.0219703669151146,0.153280778666759,0.0112216778839386,0.0436287518333213,0.0338848541581281,0.0071418215258351,0.000191124858059945,0.104394966338274,0.0427550591705196,0.0378571249102815,0.118536832007571,0.0534615907939918,0.0238412750309856,0.0403632597455873,0,0.100626129423357,0.0400802775838278,0.0119585914128088,0.00395871961634125,0.00304556047575143,0.000127571433007269,0,0.0312676058462216,0.0930836791842514,0.00879484789040299,0,0,0.00699631096157011,0.000272052800049296,0.00276448129501705,0,0,0.0273751378594144,0.0667098912823387,0,0,0,0.017340348550012,0.0213181537241718,0.0755939344160014,0.025457575856074,0.0462201960844397,0.109311251329742,0.0405198891983461,0.0308295027113824,0.07673967243177,0.0302780786759475,0,0.0364824823112354,0.0584886420289608,0.0264402641586299,0.0150734723584501,0.0321527517352152,0.117672211384545,0.0501772719425919,0.0051669179711018,0.00658984910197393,0.0608783887777701,0.0733347583978421,0.0756061810660016,0.0724740313402287,0,0,0,0.00313028155576027,0.0342892411095932,0.112339619732799,0.0580063253903095,0.0885563812498064,0,0.00517712274130338,0.0633895411635235,0.0199124100114765,0.0236822873433946,0.128314794617227,0,0.124015494892844,0,0.00903514040289794,0,0.00247128187695758,0.00752566083192552
0,0.0495330827831473,0.0482059300270756,0.0198305122630477,0.0537208293023488,0.0156272541184991,0.0271387858847694,0.0466702816320454,0.0490258896917751,0.0196902136640717,0.000251375250027235,0.0117080852955616,0.0126239213416771,0.0138152687462222,0,0.00940492187383071,0.0365294608772712,0.0796794622263321,0.0747795211140458,0.00548956892429805,0.00766455767954298,0.0128614640680693,0.0161639135977978,0,0.0170106211229035,0.00488600562866148,0.0173145357994746,0,0.0254377969983677,0.00376750953498637,0.0815425095229367,0,0.0840505175870401,0.022764416366854,0.0153944003137731,0.00902066450693595,0.0228590686182356,0.0783290812341862,0.0284189188272744,0.0991239967849607,0.00396629716980105,0,0.0662358444585994,0.00956451287236252,0.0710840486767887,0.0186198815496766,0.0120774531651538,0,0.00182689865362631,0.0217448255029792,0.023347538520969,0.0472942803487914,0.0611158309817528,0.0443686752312768,0.0152936636343391,0.00142277108519848,0.0266800828042129,0.00378112702116015,0.0512473989996,0.0160662992138915,0.0123832980597693,0.00664575099489009,0.102133446932924,0.00458623122037333,0,0.00784137627009095,0.00774730018783736,0.0629092602906234,0.0208949256079959,0.0121833749858181,0.0151364883477804,0.0422191910516103,0.000774861578979016,0.0273067898555136,0.0173099103783502,0,0.00222682450910018,0.00920732923303858,0.0202388154948591,0.00966345264388736,0,0.0284463115283806,0.05613891746126,0.0193828763292371,0.0310371471371833,0.00886617690930854,0.0728549132721991,0.0385712441912543,0.0978318140509625,0.0659640936609978,0.0377027004634427,0.00783147123338739,0.0203465371614145,0.0395725085939453,0,0.0450544933126798,0.0360060966453284,0.026630006916213,0,0,0.0558279655659162,0.0299407394561313,0.0249272441000213,0.0401812843053141,0,0.0215530637322646,0,0,0.0191282686526264,0.0507189824073891,0.00412821438364151
0,0.0805430359311248,0.00280325277527067,0.0182436700720457,0.096042057428365,0.0311756431821152,0.0466947000679339,0.162112837405266,0.0318267888523892,0.00704416934166852,0.0575850059903396,0.00208450337178154,0,0.00226145325867404,0.00940492187383071,0,0.0659710537859315,0.0841379064733818,0.228716752492103,0,0.00839484759506254,0.0185745194761998,0.132568692442363,0.00371271082485425,0.0278952150039735,0,0.0101929144992194,0,0,0.0217229041246736,0.105964357546191,0.030171276380578,0.0995394429692617,0.0902740180296967,0.0245106695507947,0,0.13707778735009,0.0333725187535324,0.066102116415827,0.208888220236534,0.112902696917591,0.0495246971113452,0.194769827721724,0,0.139109656064583,0.103963893888455,0.0383134573735979,0.00303998414354331,0,0.0413819149789647,0.0143989049920988,0.218751970145542,0.180124839293718,0.0593870227772724,0,0.000860007396921489,0.105470826055837,0.00939051837396576,0.123905254975051,0,0.0243812120774623,0.0625503724412769,0.220771661865318,0.000744051084262013,0.00404659309433445,0.0188712696740369,0.0583761121546319,0.0861680935495506,0.0596824087488759,0.0151541584706362,0.0483212753128407,0.147370382535696,0.0539249882321754,0.0141202321199177,0.0703436516419856,0.0817091994083024,0.0274907230127004,0.0811513113143371,0.0859540342109298,0.0345863741494256,0.0441689394692059,0.0268270558392018,0.176272687744307,0.0756249126680469,0.103964384608773,0,0.189257481647407,0.0952022599828836,0.179570509959413,0.118763558345092,0.0120421279758415,0.0349162633449807,0.0283304293101476,0.0965296329211065,0.0387234693981985,0.146807790365914,0.204105960654112,0.0855517640593109,0,0.025775961949124,0.174846019165525,0.118372122854061,0.143003746847803,0.116521246725103,0,0.118473985544986,0.000353927925193576,0,0,0.0611423972657655,0.000597873890053123
0.00292942295496238,0.058844078326257,0.0561194912390154,0.088198359340191,0.0522101136914671,0,0.0350958127477983,0.00813348665747871,0.0168740290403199,0.0806067811782635,0,0,0.0751328327678217,0.0469926371804857,0.0365294608772712,0.0659710537859315,0,0.00916407013244497,0,0.0449558037508594,0.0785818477178462,0.0375063886881659,0.0527206498529232,0.00508776191042043,0.0481872205921806,0.00212914157148632,0.0514010965427497,0,0.0488132463965354,0,0.00749215123234288,0.0733253843128922,0.000486224949031271,0.00498775801901013,0.0119525194613864,0.000562941569252347,0.0353727334005956,0,0,0.00763304512958842,0.00332394237443109,0.081957276584454,0.0392957271195076,0.0185476735992967,0.00485643769584641,0,0.0172476796292244,0.0480155548366543,0.0472664184845975,0.0353938039188353,0.0828870663027822,0.0378268271015346,0.00920213387091505,0.0329891102926691,0.0401825885703411,0.0575501302035435,0.0514508051899866,0,0.0668624905051814,0.0128309003426649,0.0597888886072734,0,0.0352125535590903,0.00785270921640693,0.0282154719465884,0.00963777479859144,0,0.000209260348988731,0,0.00881078710120507,0.00624928146195703,0,0.0149476613226718,0.0250879487504387,0,0.00442831933984154,0.0863840403790008,0.0185661748112189,0,0.0120025446364865,0.0136714613793126,0.0110054890965229,0,0,0.0553997016141105,0,0.0160648748502805,0,0.0415666397622642,0.0154578788381269,0.000127943903607396,0.00950288221800868,0.0643856233714747,0.0477588668202519,0.0117143169010257,0,0.0242733234739447,0.0301474463598412,0.00216403845234454,0.080723883602898,0.0279241056541545,0.017125305915946,0.0300028121108503,0.0836318773487256,0.00550129033862642,0.0706404366979343,0,0.0486105842570517,0.0458593121922645,0.0559280952310976,0.00682978944624447
0.0439084561916061,0.0207718918711203,0.10959289203334,0.0855260769883599,0.113694933602096,0.0126057303842031,0.122472629699905,0.0451927245404498,0.0206037661000876,0.0926610364732198,0.0163975505272444,0,0.061377486847032,0.112465908096211,0.0796794622263321,0.0841379064733818,0.00916407013244497,0,0.0800001738685582,0.104330303963905,0.110405913176956,0.0859132328673302,0.0422611219922936,0.0111066113648358,0.0906592187916753,0.056546606916399,0.0995226625505626,0,0.037629174932188,0.0730675038813264,0.0878344553897727,0.0610695544038093,0.0590982560423897,0.0772005916662194,0.0544530015598586,0.0651747661084441,0,0.013433610763373,0.0358479529650113,0.0736900181974113,0.00628989306309365,0.0976781723586503,0.100975015449998,0,0.0435743793638827,0.018111584452087,0.078271258223232,0.0493317831930732,0.0656733901313031,0.0904266926218932,0.0481901472628659,0.0994072775659294,0.13723244905516,0.101036752121751,0.0246028177362644,0.024596057012603,0.090426580395956,0.00943169881789121,0.101997416929726,0.00289196075259716,0.0153371756457351,0.0316115257532916,0.077945719434725,0,0,0.00789337158068231,0.0103424228568458,0.011208050804262,0.0195608948344682,0.0818149660241668,0.0736388930026005,0.0746944722310402,0,0.00235250904588503,0.0522392518659899,0,0.0535652923978429,0.0306542327150838,0.0479890762577286,0.0183347360227735,0,0,0.0977232701963019,0.0331961137393605,0.079983464905409,0.0137749081396305,0.109408747172565,0.042279019353344,0.116616263173063,0.00435475264039679,0,0.00249630194454111,0.0971275083882662,0.0912218634621104,0,0.086726525442664,0.0901897622973235,0.0160806309386727,0.00070954851230621,0.0399313024688865,0.114795367321148,0.0547718128641228,0.0613721534002278,0.0631952109391963,0,0.0699721391103087,0.00046355616032926,0.0620427778872519,0.100762742942798,0.0754137600150534,0.0943042086385023
0.0074671477831659,0.127606986448047,0.177733937044122,0.244455403196591,0.12107917167384,0.0434981295258347,0.0817608590051159,0.0282017677541693,0.0351819162969257,0.24035090151895,0,0,0.157002693612886,0.0865536648379688,0.0747795211140458,0.228716752492103,0,0.0800001738685582,0,0.0789741260425981,0.213344486299156,0.1195674709334,0.175513292313486,0.00200767844306743,0.160480782741449,0.0473902278956468,0.18933826865196,0,0.158378080357945,0,0.00434981104677222,0.202782547258931,0.0223148031205159,0.000782260280205007,0.0720925814573066,0.00204685141298603,0.0971559704818607,0.023556345479978,0.00473020801083907,0.00517942389668419,0.0659868454771742,0.216910211110423,0.112251881235102,0.043213682034664,0.00377381788778627,0,0.0405227871726279,0.122445349898453,0.0833408807041463,0.13140167953145,0.151772295261091,0.134977122438768,0.00747446704028375,0.0726931034991736,0.115412271502554,0.156404613763882,0.184249941076395,0,0.160494224722179,0.0788768708887441,0.151905375485956,0.00219323780749994,0.0586956924189585,0.0668475614400469,0.0791348128588377,0.00206113572877588,0.039491408545503,0,0.00767998061485638,0.0353593830014418,0.0247975252926861,0,0.0216039171243954,0.0872782131310164,0.0230236023635779,0.0320242501998719,0.191742681402983,0.0640028666309006,0,0.0969106398434354,0.108989841844092,0.0841185629790592,0,0.00601770697909466,0.171401951516742,0.0209977783842541,0.0447516135458394,0,0.0826206962730846,0.133535496797151,0.0199718588605827,0,0.146707476030495,0.179027858433983,0.0736368456543228,0.00700100271938516,0.0639383714242718,0.139624495796428,0,0.228491486140611,0.0889908380077263,0.0702929311078564,0.112945074914078,0.182773446056257,0,0.190641366896576,0.027268488024163,0.171491143449177,0.0469824801415448,0.156822131878482,0.0322839826708827
0,0.114350860174801,0.0109268619207316,0,0.0253541316599127,0,0.0329564673861595,0.0576390785114302,0.0593258413341861,0,0.0163466661153664,0.00194875451585046,0.00847781603263358,0.0049113923582901,0.00548956892429805,0,0.0449558037508594,0.104330303963905,0.0789741260425981,0,0.00573376266717583,0.0129792696697263,0.0353219814659982,0.00236602498765993,0,0,0.0212240806030017,0,0,0.0225153528019442,0.143653695378203,0.00455759109323559,0.0457659744273386,0.0287212378720237,0.0109485439177139,0,0.0913954535859017,0.0327119947637449,0.0453115777043543,0.123861763191478,0.0510897468333338,0.0115459015028414,0.043114951860635,0,0.10019732831997,0.0388454740866765,0.0119214864119726,0.0054615695026477,0.00615487852302868,0,0,0.0328006130036898,0.0786050189487076,0.015005913269443,0,0,0.00596377782521932,0.00664372800256362,0.00672324881935555,0,0,0.0341330346774835,0.067960125637116,0,0,0,0.0125200708257505,0.0198525164179114,0.0711442186937837,0.03294909499776,0.0481572104388287,0.102264672840381,0.0341501987465349,0.0250906934836603,0.0700710355465224,0.0405642181629247,0,0.0286404762996042,0.050987021961827,0.0162134240002947,0.0110362474462453,0.0222178651257977,0.103007607879918,0.0416083014695527,0.00462370151432751,0.00583632066042957,0.0580182688465888,0.0628786087208301,0.0739048178682517,0.0556754492168807,0.000611319983516123,0,0.000585382969029621,0.00428838955319072,0.0307626648017892,0.095646083478764,0.0626928283402298,0.0836482746436569,0,0.00203381470371322,0.0608364424435736,0.0263592178672409,0.0335734211163159,0.0969518206180903,0,0.0940000943109866,0,0.00105290709875348,0.00143788346043855,0.00689853907554294,0.0114113381407781
0.00075144673086049,0.105618923073506,0.0126508758131229,0.010121809230483,0.177642312649946,0.020386120101544,0.0973616469748361,0.1284428556414,0.0326267131925755,0.00853514749552874,0.062328339452887,0.00251612115433518,0.00311427539003593,0.0161051976403669,0.00766455767954298,0.00839484759506254,0.0785818477178462,0.110405913176956,0.213344486299156,0.00573376266717583,0,0.00465807644591232,0.0875486902328672,0,0.0338874536737554,0.00208308136323316,0.0133335848148453,0,0,0.0375116155340534,0.155624617238312,0.00672914042510107,0.105358921358356,0.0980838782369468,0.0156738866939853,0,0.121971239382146,0.0543491317832642,0.061546428265858,0.193560054984516,0.0945410007695358,0.0227692029824253,0.204109606657253,0,0.148499223846215,0.103233570950867,0.0399523054740424,0.00447172168736732,0,0.0718676370288405,0.0267201080646322,0.169434959467732,0.216835421229591,0.0773602976325933,0,0,0.106290643740244,0,0.114528902065316,0,0.00261011290432013,0.0414345547582991,0.200815067739727,0.00188741632030814,0.00532137797941947,0,0.0460836690740756,0.0947193925130664,0.066770870388755,0.0165712647295956,0.0563902905035766,0.15348396724665,0.0325792981709149,0.00732133592793413,0.0773410433175971,0.0502029784628181,0.00371361729483734,0.0844518981976046,0.0913786992469472,0.020103105508412,0.0287243337639763,0.0414712830748046,0.210883975375422,0.0873066125822949,0.104703655847872,0,0.214873966110362,0.108583186378422,0.228519936556928,0.117201956758561,0.0148565396152434,0.00567855698054144,0.0340278389759818,0.0996237382962347,0.0323618207850716,0.178617947801581,0.196309996266717,0.0659009277724462,0,0.000377113937507463,0.23489353461415,0.0932717132366774,0.100424452979092,0.132170163837213,0,0.111543322834291,0.00114054889557745,0.00179441061492288,0,0.0567427331673785,0.0176484284481568
0.014944305784645,0.0443850073628435,0,0.00978039563893432,0.0461947488102401,0.015157376927467,0.0439963031773013,0.048101190779613,0.0086223328128035,0.0108685450721189,0.0389330689993139,0.00929860381928593,0,0.0157640094914119,0.0128614640680693,0.0185745194761998,0.0375063886881659,0.0859132328673302,0.1195674709334,0.0129792696697263,0.00465807644591232,0,0.0334044213979268,0.0212949201264311,0.0117103001513086,0.0151859068391363,0.00119646258986038,0,0.0192050451346354,0.0248981411771682,0.0752729424702288,0.0111616863409455,0.0593115856515055,0.102487413344541,0,0.0192090199317868,0.0873030620842727,0.0378532193612672,0.0293147503444671,0.108097026532323,0.0506004243822767,0.0274454326405985,0.0564670780109999,0,0.0779544328052375,0.0473552072739024,0.0198427342051083,0,0,0.0308003466389083,0.0174048816912221,0.0759088831311016,0.134399537712581,0.0530692780631094,0,0,0.0297923876065418,0,0.0268854584542848,0,0,0.031000067656479,0.0841847207712945,0,0,0,0.025118851862151,0.0533496620646843,0.0285395769795335,0.0122526189275202,0.0371970719766348,0.0912385008822664,0.0128988510148366,0,0.0485912086857149,0.0073620707514529,0.0101429838137423,0.0465697470752193,0.0656683951808933,0.0151202341811199,0.0113287724983971,0.0190512795033188,0.13549615562259,0.0588098668601126,0.0145257409042935,0.0128660082489289,0.111496108221301,0.0864148630431053,0.0813250381105872,0.0911909422086574,0.0196842575543663,0,0.0155011039055093,0.0383616960852061,0.0237021079456819,0.0858464413166524,0.0519084466347588,0.0214056379033569,0.00869380677856461,0.0200026385497856,0.0747961185700085,0.0474294621102244,0.0199190828517375,0.0876128563879124,0,0.0740704952728808,0.0217711930631885,0,0.00037721938011606,0.0222229871524369,0.0169531477724562
