0,0.0170519328776008,0,0,0,0.0125355659483818,0,0.0164914662043793,0.00462145881199122,0,0.0224562092611652,0,0.0321948492925313,0.0141129866419014,0.00179803942068444,0.0386906178257204,0.0239061053212522,0.0147053865222947,0.00872491651715156,0.0128564569634698,0.026729187329479,0.0223564233241755,0,0.0166123606910122,0.0244770972455749,0,0.0118477906319787,0.0100273155250871,0.0154960294262515,0.00852512531601638,0.0243288838809354,0.0193312618655765,0,0.0134007856684458,0.00720209086606319,0.00786480246563508,0.0304336278850646,0.00399275576953591,0.00130816611839094,0.00667111945642208,0.00979764362150691,0,0,0,0,0.00874504550466064,0.0183988996108,0.0195393692707484,0,0,0.0191251667277129,0.00133831379346233,0.00484086025498567,0.000858166889337689,0.0299157501338714,0,0.0172128670301266,0.0277908467286224,0.0321905075773396,0.020610475612162,0.00665850647162406,0.0102770973890643,0.00907339595519221,0.00828774602820157,0.0194457683134773,0.0194660897499623,0.00930687238436797,0,0,0.0243534436638227,0,0.0168569280014581,0.0143367206887019,0,0,0.00700249446826261,0.000891015223573149,0.0229958882775824,0.0105602288615235,0.0408828289940405,0.0149581450603285,0.000206096737463254,0.000962635640621614,0,0.00364095064793978,0,0.000401818775918007,0.0191915629096834,0.0198124112549232,0,0.0168634385968709,0.00673722691396403,0.0172296574124296,0.0143823131367606,0.00413354561359028,0.00639893212470108,0,0,0.00534921461538189,0.00459292601029297,0,0.01034506141387,0.00272162263561999,0.017830723758476,0.0086701621356542,0.000715721774753861,0.00176464340283669,0.00144896135071097,0.00197166787585734,0.0188184483764167,0
0.0170519328776008,0,0.00861773515718454,0.0349449168505414,0,0.0162508747273722,0,0.0107541460271006,0.036696658311341,0.0329031917023116,0.00681870521485758,0,0,0.00674494953285486,0.0164957468345488,0.0172008721747434,0.0164478776271722,0.0119778776164694,0.00472848386311451,0.0143340853090116,0.0233440047252155,0.0166816669122716,0.0112464357377418,0.0181302246969108,0.00191593743735723,0.0128370129925383,0.0164611685088749,0.030199420142405,0.0336181535650987,0.0227265684622683,0,0.00501351470953175,0.0170475861718732,0.0372755302335738,0.0218908039962583,0.00157630448419483,0.00816310139922492,0.00534180138440258,0.0168602334372732,0.0319098177273317,0.000589906427429357,0.0445973688099222,0.00449895797912204,0.0327294690551313,0.0398198866987343,0.00869609281665422,0.0169508437988424,0.013207979715472,0,0,0.0177338717278148,0.018003596209146,0.00301571540392054,0.0196806010288966,0.0260444775569184,0.00455668404528377,0,0,0,0.0166208998543831,0,0,0,0.0327835408213765,0.00324685651186427,0.013844475065845,0,0.0015015524445111,0.0034749276592144,0,0,0.00130636220706602,0.00650383778856757,0.0183412255990365,0.000333239097957018,0,0,0.0153486579362998,0,0.00272810189743434,0.0211617718587567,0.00909466172685432,0.000867599078936041,0.0157588605696537,0.00601706388253477,0.0150418663471717,0,0.0158921386487585,0.0112934777918786,0.0244483433324634,0,0.0137002834481954,0.0117707256499356,0.0269848984427745,0.0374784306268206,0.0275761736710628,0.0104220970843745,0,0.00400024807194387,0.0194219397752512,0,0.00655554283009459,0.0233509946029343,0.00696282541466575,0,0,0,0,0.000820818046829895,0.0152722360424872,0.0129535570255045
0,0.00861773515718454,0,0,0.00577094254538452,0,0,0,0.025346465415317,0,0,0,0,0.00325647396431826,0,0,0,0,0,0.00734561276215191,0,0,0,0,0,0,0,0,0,0,0,0,0.0121955460517475,0,0,0.0183354013802025,0,0.00557954072341376,0.0109176637402209,0,0,0.00843072512618456,0.0136545341394368,0,0,0.0197681713058562,0,0.00999870753274819,0,0,0,0.0206988424738205,0,0.00216624971751825,0,0,0,0,0,0,0,0.00205769996774204,0,0,0,0,0.00155131784036096,0,0,0,0.01538245880305,0,0,0.00427888119983542,0.0215896552276458,0,0,0,0.00729208947878176,0,0,0,0,0,0,0,0,0,0,0,0.00397409552016839,0,0,0,0.0374175373365383,0,0,0.00318426723369789,0,0,0,0.0166020082851636,0,0,0,0,0,2.57432093357605e-05,0,0,0.0173332886000299
0,0.0349449168505414,0,0,0,0,0,6.8207542007117e-06,0.0057532994916532,0.012375365659114,0.00823705945418528,0,0.00296498609005824,0.0164260492047613,0,0.00994412876404972,0.00657568620190799,0.00355276297594168,0,0.0173344609499788,0.0142590087953245,0.00576039481294474,0.00297340639383665,0.0120022936726974,0,0.0285985422013446,0.00937544450516476,0.0131267774590865,0.00357210176730354,0.00468674655006145,0,0,0.00783917798739843,0.013063472846781,0.00432695881091967,0.023815488095016,0.00918124735160506,0.0480675389248544,0.0147202570561036,0.0177373428456014,0.01200692283028,0.0157891537563823,0.00558864255072936,0.0102316059530354,0,0.00554853989678655,0.0148140581592798,0.0244880878555741,0.0142227492663118,0,0.0109491062009008,0.0283785148025133,0.01245730120309,0.00710420647992018,0.0439772438550692,0,0.000146222482464686,0.0061066804647377,0.0119674650071881,0.0274762591162625,0,0.00269320364965165,0,0.0246464053455293,0.033507372115381,0.0255369385106531,0.0230532087343573,0.00393655015205668,0.00846569978732128,0.00358001829432906,0,0.00082140131446333,0.00354697180739232,0.0066931317809343,0.0113037121834872,0.00762107274183998,0.00163599094213691,0.0209953434322036,0.00191395648359831,0.00615921121445519,0.00451988313959395,0,0.0127621674474794,0,0.0100537989799135,0,0.0171809729274017,0.00674371864858503,0.0152170868081026,0,0.0166436101962571,0.00753647800815754,0.00122358903471472,0.0171932722343361,0.0255504461892693,0.0131989128153978,0.0288188961092469,0.00281335090039706,0.00806900397278254,0.0217330490648875,0,0.00900849250077176,0,0.0126276534070707,0,0.00701851084633651,0.000513897256909594,0.00183391168275694,0.0204345193678195,0.0131629039674815,0.014658286653796
0,0,0.00577094254538452,0,0,0.0082533729274867,0.00680978325940147,0,0.0232653133194339,0.0117050491622479,0.00444085212104351,0,0,0.0418142041850299,0.00634439787034611,0.00146935446261664,0.00278155465289471,0,0,0.0509130189905718,0.0131323610957164,0.00528172111738324,0.0335881936633703,0.0398143755026282,0,0.0635218918884259,0.0122103104435424,0.00751736264201879,0.0156578202268027,0,0,0,0.015599709840057,0.0337953313252201,0.00217559137400641,0.0195210293544629,0.0090537378427923,0.0346410146559264,0.0187263705410534,0.0276151568058295,0.00747542805670321,0.0517627172059444,0.0064572299733368,0.0218802765880494,0.0352652186797913,0.0216125800413025,0.00152736675982222,0.0266231698659094,0,0.00720773922303771,0.000631056312864973,0.0601658094502205,0.0028935048874106,0.0133097496053682,0,0,0,0.000961288302301245,0.0238741019936249,0.0344305883796956,0,0,0.0106020396417456,0.0189196927692115,0,0.0234586953124118,0.00511730912846023,0.00270684170464524,0.00703216266563087,0,0,0,0,0.000276547471042188,0.00751825616854925,0,0,0,0.00786147958451205,0,0,0,0,2.04253268258741e-06,0.00250827260972084,0.0160903634950506,0,0,0.0236493574664478,0.0288962936467746,0,0,0,0.00521880092894412,0.0695552873707198,0,0,0,0,0,0,0,0,0.00555659103054145,0,0,0,0,0,0,0.0340876534344349
0.0125355659483818,0.0162508747273722,0,0,0.0082533729274867,0,0.00245891279473501,0,0.0348493629627673,0.00568781759916859,0.0100107176659027,0.00715546097193238,0.00247141575369005,0,0,0,0,0,0,0,0,0,0.00962009371421585,0,0.00702901531134052,0.00447241323023261,0.0247731529248869,0,0.00079204549593814,0,0.000841529742678676,0,3.01006674280755e-05,0.00428658227616819,0,0.0237443046966657,0.0187639161073509,0.00676291233283651,0,0,0,0.0126004125267129,0.00286517639870861,0.00168366350779986,0.00854573093191753,0,0,0,0,0,0,0.00442169882143122,0,0.00526892856649551,0,0,0.0103251844649024,0.0201861540678896,0.00684495390284038,0.00592272071033638,0,0.00642144953329549,0.00158893867963133,0.00674871706167581,0.0175691958155826,0,0.0113371437108251,0,0.00114926826340301,0.029556848379219,0,0.00346035319899627,0.00207233070197841,0.0131010207267948,0.00370610368006355,0,0.00488676140296454,0.00127961474156068,0.0301057778172038,0.0111924583422213,0.00185177692830509,0,0,0.00375412882193113,0.014659359653334,0.012528508571036,0,0,0.0395384181015448,0,0.00278115518899174,9.31210739032867e-05,0.0042094677865008,0.00248092898178549,0.0339301456520011,0,0,0,0.0141638027534987,0,0,0.0225126885932303,0,0.00494006577979239,0,0,0,0,0,0.00765940784738565,0.0247702061288942
0,0,0,0,0.00680978325940147,0.00245891279473501,0,0,0.00790071736523341,0.00870850700850907,0,0.00676053478998693,0,0.0061596303820774,0,0,0,0,0,0.0108166638532513,0,0,0,0.00327603014618698,0,0.00832924688282884,0,0,0,0,0,0,0.0187833511730109,0.00253171076281883,0,0.00501593061036945,0.00514918746320704,0,0,0.00310558474727504,0,0.00471966592805536,0.00298027239435288,0,0,0.013299550721607,0.000590044282495284,0.0109323228191913,0,0,0,0.0143450052223541,0.0124521269602461,0,0,0,0,0.00628675340103792,0.00859944604560934,0,0.0216365125725223,0,0,0.0143836170444172,0.000813700642660128,0,0.00858345364083477,0.0110173799060375,0.0190819878712402,0,0,0,0,0.0220268831388866,0.0203247293632348,0,0,0,0.00889426555752754,0,0,0,0,0,0,0,0,0,0.0139781091579812,0.00193653553811626,0,0,0,0,0.0489154941778534,0,0,0,0,0,0,0,0,0,0,0,0.00234100899763155,0,0.00265133947614153,0,0.0331050700920386
0.0164914662043793,0.0107541460271006,0,6.8207542007117e-06,0,0,0,0,0.0133274989788886,0,0,0,0.0188586462586127,0.00717887430216757,0,0.00855463692965733,0.00154178524555072,0,0,0.00533271899421284,0.00874407962598517,0,0,0.000443552302496216,0,0.00750617909052656,0,0,0.000127835464260538,0,0.000367337199944361,0,0,0.00272450650457173,0,0.00757314828259709,0.0182494435045157,0.0143799372481937,0,0,0,0.00899972518313301,0,0.0011823621542746,0.00211626884932392,0.0129388507392937,0.00759805750498037,0.00838041287386059,0,0,0.00100840538017252,0.00939573455696492,0,0,0.0251135548363596,0,0,0.00834806845500717,0.0254535619599335,0.00947125887951143,0.000534041752296095,0,0,0.00111790594878706,0.019791073809909,0.00652543382326869,0.0162655312870516,0.00100284054481963,0,0.00168341772782908,0,0,0,0,0,0.00629963048374722,0,0.00229986067347323,0,0.00844575597777415,0,0,0.00180493619881492,0,0.00367057945109484,0,0,0.0104783020909195,0.0331511560463807,0,0.0147350793238121,0,0,0.00575760581934772,0.0022683744844947,0.00247096925126001,0,0,0,0.000148673620383464,0,0.0101869772742194,0,0,0.00722829188302917,0.007500496280241,0,0.00685378699801386,0,0,0
0.00462145881199122,0.036696658311341,0.025346465415317,0.0057532994916532,0.0232653133194339,0.0348493629627673,0.00790071736523341,0.0133274989788886,0,0.0252620352323158,0.0392969313721384,0.017505379236119,0.0389543667432444,0.0299218199882826,0.0351651587949898,0.0428751093287506,0.0378741021516107,0.0296230240231146,0.0253668522792156,0.0291508920251337,0.043038530738924,0.0410188471337668,0.0310571432412966,0.042027452846654,0.0243084821593818,0.0137156829970846,0.0384258386673401,0.0323014615074768,0.0345953508719552,0.0197406734310479,0.0171053994369764,0.0177988116709333,0,0.0455451272157912,0.0356951134742836,0.00581593854448797,0.0378218973725658,0,0.0165964870143312,0.0391138194291655,0.0268074975583554,0.0347986920629997,0.000498886360541538,0.0154098142712452,0,0,0.0188969146507402,0.0082062781823057,0,0.0289477577735722,0.0287248164427604,0.0169104843768502,0.0129827352171846,0,0,0,0.0232889350704954,0.0372948590425271,0.0283335028222855,0.0259246792362881,0.00829726129023632,0,0.0221983037760119,0.0388793746568063,0.0211801039134961,0.030732335055185,0,0,0,0.0323431419157226,0,0.0289082397092417,0.032911123819752,0,0.00828919410347295,0.0203683753104771,0.0231457403303087,0.0311691221604468,0.0262413473371536,0.0185464888376865,0.0326564361955287,0.0184338101121618,0.0232914186681498,0.0298590427513023,0.0180184341717761,0.016205388837698,0.0141332783683064,0.018002065346166,0.0101904643945579,0.0237563184370197,0.0120305288793155,0.0317126587450416,0.0340971891336896,0.0275751573405302,0.0115666863108105,0.0129481447766111,0.00368125143419601,0.0137292379181184,0.0334431444007311,0.0224486211523302,0,0,0.0192299114832924,0.0369772842272907,0,0,0.00559520898642645,0.0183837505428992,0.00595319538180917,0.027368138871298,0
0,0.0329031917023116,0,0.012375365659114,0.0117050491622479,0.00568781759916859,0.00870850700850907,0,0.0252620352323158,0,0.0288273657880853,0.0172762295359807,0.0261884536630186,0.0217094234454426,0.0102943884713872,0.0288108398312694,0.0283111986138633,0.0244548155920887,0.0119446206037696,0.0148487258493439,0.0282574884798959,0.0279940869287167,0.0102553679631157,0.0245834278327299,0.00957117982307378,0,0.029346009586459,0.00141182899406008,0,0,0,0.0169452563570829,0,0.00967762319736582,0.00973410923844065,0.00841190981864779,0.0173800722885277,7.43875315111856e-05,0,0,0.00393725766152848,0.013245110084824,0.00284472164801598,0,0,0,0,0,0,0,0.0109166607232006,0.00250357289079675,0,0.010237771372535,0.00606266637127279,0,0.0274982340836753,0.0414473042782839,0.0341994029936208,0.0162968277647487,0.00690012422493661,0.00395897329762462,0.003663366939551,0,0.0243585314465524,0.0226250991923127,0.0153247184051166,0,0.0051521001567268,0.0402658881786376,0,0.0213516228468761,0.0129839666873105,0.0233391981300638,0.00804320537790193,0.0140562089962261,0.00738717752736516,0.026007364944793,0.0211590706464167,0,0.00424468060833139,0.00831342822408829,0.0131219196885239,0.0120936955795411,0.0102875691463694,0,0.00226523406237266,0,0.0160601199483012,0,0.00614997056824653,0.0102817637650547,0.0044715449055616,0,0.0214783528106628,0,0,0,0.0197315055705939,0,8.82469382920547e-05,0.00323329326219819,0,0.0208222654108513,0,0,0,0.00385458112055545,0,0.0194554198506056,0.0140004356822478
0.0224562092611652,0.00681870521485758,0,0.00823705945418528,0.00444085212104351,0.0100107176659027,0,0,0.0392969313721384,0.0288273657880853,0,0.00450669612908562,0,0,0.0343568021330786,9.65752361106418e-05,0.0240218985974517,0.00772175666837986,0.00373818369403384,0,0.0215020930279778,0.0238052023017123,0.0336354423523745,0.00110916118120459,0.00317419669151186,0.012214648367766,0.0585124689953196,0.0444293154019757,0.0301822909556886,0.0133261571376997,0,0.0114223026303449,0.00939590122956829,0.0374720475482211,0.0244328903130553,0.0105788774695219,0.0125332668811274,0.00830309459802672,0,0.00451663686891716,0,0.0291883159918696,0.00243329387399883,0.0199481165844297,0.011549441815895,0,0,0.00190906584246412,0,0,0.00619116686301647,0.0109419942178119,0,0.0100696908491426,0.00506580249741585,0,0.0102454021257067,0.00854317045634469,0.00288026622134495,0.000307056006219859,0,0,0,0.0181731229102325,0.00828191990164234,0,0.0138314343444689,0,0,0.0270019278016219,0,0.009915341664084,0.0200044289230394,0.0284071665810322,0,0,0,0,0.035712462309967,0,0.00458927479163194,0.00256802255948547,0,0.0198100429543447,0.00502386054758964,0.0201697016002217,0,0.00228476093768101,0.0328417236662584,0,0,0.00452346224388187,0.0123947904877241,0.0297201588770862,0.033343108867897,0,0,0,0.00790118548907335,0,0.00260697829998535,0.0135793041904805,0,0,0.00133622696456064,0.00215560502027663,0,0,0,0.0246502190594519,0.0279567305619014
0,0,0,0,0,0.00715546097193238,0.00676053478998693,0,0.017505379236119,0.0172762295359807,0.00450669612908562,0,0,0.0369180621206264,0,0.00323486298799577,0.00316050837121446,0,0,0.0490376841220678,0.0125907639584343,0.00500815709957575,0.0137408378001315,0.0375812273719978,0,0.0515798871256809,0.00231716979332604,0.00692250301323534,0.0125437735429558,0,0,0,0.0305498971732064,0.0273952557413918,0.00215126354619322,0.00514814388211192,0.00721461497078891,0.0153596130379623,0.0187911237731444,0.0132979929454368,0,0.0386580668095639,0.00609412243174858,0.0174338236542679,0.0214931296892128,0.016978821059605,0.0109484318667512,0.0249861408237163,0.00137439415086838,0,0,0.0421909187928894,0.00946301279596663,0.00743930667217601,0.00336233799040642,0,0,0,0.023635758081743,0.0215639781640297,0.00362923750378846,0,0,0.0233981129035317,0.00104221378495618,0.0203261807851595,0.0051989837080142,0.00315266054389199,0.00785719540576307,0,0.000516813226220247,0,0,0.030292834423861,0.0187760237950181,0,0,0,0.00191882527577794,0,0,0,0,0,0.00269650375689972,0.0117544314252436,0,0,0.0268692122660609,0.0215368241019731,0,0,0,0.00728156475749191,0.0697947714713114,0,0,0,0,0,0,0,0,0.00432219121273911,0,0,0,0,0,0,0.0365318153109324
0.0321948492925313,0,0,0.00296498609005824,0,0.00247141575369005,0,0.0188586462586127,0.0389543667432444,0.0261884536630186,0,0,0,0.00252786550505828,0.00198587663050879,0,0,1.75779159525179e-05,0.00196983543108012,0.00620526478293221,0.01127178862606,0,0,0,0.00277704635316066,0.0209755933259095,0,0.0104183302239136,0.00459039700687534,0.0173787105692301,0.0196309851335184,0,0,0.0262007465203736,0.000194166960245185,0.0108407449173134,0.0267375336061536,0.00998475870871684,0,0.0127934541955415,0,0.0237111378468025,0.00997329627771841,0.00311835840325364,0.0190651094786101,0.00474516778599878,0,0.00455319422705709,0,0.00849819345291421,0,0.0198088328540872,0,0.000202600464875047,0.0207161051903307,0,0.00402529099774708,0.0185242519960225,0.0238082243375433,0,0.0106488611399585,0,0.00497981667412689,0.0046093955848607,0.00378193120529227,0,0.00183771650561865,0,0.00138103127343364,0,0,0,0,0.00504992857361974,0,0,0,0.00281458738721012,0.0016352196146706,0.00870537011713663,0.00105787777297732,0.000619002156426191,0,0,0.00184512005085258,0,0,0,0.0229790199521229,0,0.00959006124239025,0,0,0.0212915876001745,0.0303274414385324,0,0,0,0,0,0,0,0.00478427360129075,0,0,0,0.0038817589143324,0.00779421555091489,0,0,0.00880933585651968
0.0141129866419014,0.00674494953285486,0.00325647396431826,0.0164260492047613,0.0418142041850299,0,0.0061596303820774,0.00717887430216757,0.0299218199882826,0.0217094234454426,0,0.0369180621206264,0.00252786550505828,0,0,0.00544769404173819,0.00458714137268357,0,0,0.0149855800866326,0.00899125627092742,0,0,0.00190679518995473,0,0.0130962103095337,0,0.00289348193944528,0.00429280046574204,0.0105759769990387,0,0,0.0293731113897641,0.00822003841907427,0,0.0101625720613358,0,0.0173655070207343,0.00786370094264136,0.00151727187254444,0,0.00512211964000798,0.0211801488116098,0.0213100333819189,0.0138812544134909,0.019096316092247,0.00657803348641641,0.0189586179717156,0.00360268922314003,0.00402773931118702,0.00266914324926303,0.0272009356137366,0,0.0199559176455024,0.0410088862712434,0.000471386470561054,0,0.000843368002969133,0.00139041868716205,0,0,0.00976284802041175,0,0.0372620077943464,0,0.00475450490145774,0.0231659386324008,0.0109903226774173,0.0232436793729439,0,0.0182245085786737,0,0,0.0554038556489802,0.017373924419418,0.00182865930140239,0,0,0.00734994012122794,0,0.00808350492999713,0,0,0.00216202960556064,0.00453745846116965,0,0,0.00460110101472865,0.0196265700466158,0,0.00224714352907041,0,0,0.0105114768989434,0.0828348085790592,0.00856055046097882,0.000155618034938862,0,0,0,0,0,0.0140144001789464,0,0,0.0269955378933655,0,0,0,0,0.0350450765733466
0.00179803942068444,0.0164957468345488,0,0,0.00634439787034611,0,0,0,0.0351651587949898,0.0102943884713872,0.0343568021330786,0,0.00198587663050879,0,0,0.00533350436150042,0,0,0,0,0.0112459104226474,0.00116084584386651,0,0,0.00829296196934045,0.00732040047459524,0,0.00141899766998214,0,0,0.00112749861398332,0,0.00403126328500175,0.0130690465325858,0,0.0175611609949015,0.0508393902768072,0.0109917382312994,0,0,0,0.0372099059245099,0.00427288233461078,0.000520857334911516,0.00468017978963639,0.00446291254907749,0.000272548443722165,0,0,0,0,0.0107488974401746,0,0.016658117688714,0.00065625551914378,0,0.00815692302144232,0.0279614542460016,0.0348079457424442,0.00368477490623003,0,0,0,0.00674696477214018,0.0145666680078228,0.0026607413075099,0.0172241880853606,0.000613897752059214,0.00375649067043641,0.038946603009299,0,0.0189074123389816,0,0.0281398799574434,0,0.0205236916776461,0.00159199129084204,0.00163757829525374,0.0371505797300369,0.00945771844282189,0.00259914161354233,0.00383309160420979,0.000203523318375588,0,0,0,0,0,0.0471765730528677,0,0,0.00562860706690293,0,0.00963063798238931,0.0337418728160681,0,0,0,0.0158840480330694,0,0,0.00995565723751395,0,0.0059541048587339,0.0040016226837773,0,0,0,0,0.0141205591477925,0.0293524706908504
0.0386906178257204,0.0172008721747434,0,0.00994412876404972,0.00146935446261664,0,0,0.00855463692965733,0.0428751093287506,0.0288108398312694,9.65752361106418e-05,0.00323486298799577,0,0.00544769404173819,0.00533350436150042,0,0.0079725215219806,0.00727912035907411,0.00819930186864831,0.00175898060468477,0.0234701221813291,0,0,0,0.0163702562318052,0.00131839597704543,0.0169764316068507,0.0208416007414971,0.0123873232303377,0.0312262842994329,0.0099931226378099,0.00190957584537349,0.0033789274480939,0.0196039691002759,0,0.0142581000833604,0.0270037559593091,0.00407616706064726,0,0.00352255780996471,0,0.0115839226708684,0.00553708654121426,0.00636894767406675,0.00131810773799393,0.00093745857080061,0,0.00151116508009552,0,0,0,0.00186811958595532,0,0.006636946472256,0.0100491259096247,0,0.00221496689843486,0.0136505559070733,0.0131094495809227,0.00339178771058198,0,0,0,0.018107793657845,0.0138929452387116,0.00172449265941852,0.0148341990135808,0,0.00353741228517527,0.0183665482981398,0,0,0,0.0280351518544444,0,0,0.000649803549561397,0,0.01418566452243,0.0176959340191964,0.0312021706691015,0.00430936996194385,0,0,0.00446536761542592,0.00468326113952309,0,0,0.0411304353042275,0,0,0,0,0.0468717691919666,0.0289610864505844,0,0,0,0.00328312903278687,0,0.0095358149419226,0.0271598612970107,0,0,0.000412347826755618,0,0,0,0,0.00600073156602808,0.0146123051277581
0.0239061053212522,0.0164478776271722,0,0.00657568620190799,0.00278155465289471,0,0,0.00154178524555072,0.0378741021516107,0.0283111986138633,0.0240218985974517,0.00316050837121446,0,0.00458714137268357,0,0.0079725215219806,0,0.0197195169751249,0.00434163171281478,0.00274341988851847,0.0331285730319847,0,0,0,0.0150983220008707,0.00423809109915946,0.0166394468759135,0.0057646377525502,0.0111042868155536,0.014915347549227,0.0100870473242881,0.00408135565483752,0.00525325210915503,0.0163712606946048,0,0.0164947224323289,0.0468056137234383,0.00573154464282261,0,0,0,0.0214214522856831,0.00534184692809012,0.00354158511095972,0.00135934658471069,0.00251478377351582,0,0,0,0,0,0.0062403948121515,0,0.0103564130466707,0.0104708347402414,0,0.00766877473106485,0.0202606944597409,0.01959706543918,0.00545839406123897,0,0,0,0.0118481264619802,0.0190588339296973,0.00200034065879374,0.0175405358049267,0,0.00569845541381645,0.0421928595207001,0,0.0160250557492798,0,0.0341190209703971,0,0.00678914384994626,0.00395638850231985,0,0.0250606349180211,0.0152683995091567,0.0178252605447962,0.000643776356699301,0,0,0.00530923583987342,0,0,0,0.048439517109672,0,7.34157594551247e-05,0,0,0.0347280050350169,0.0308026359214775,0,0,0,0.00460545743019594,0,0.00246406454960265,0.0191482931689657,0,0,0,0,0,0,0,0.0106816734858341,0.0169355235804995
0.0147053865222947,0.0119778776164694,0,0.00355276297594168,0,0,0,0,0.0296230240231146,0.0244548155920887,0.00772175666837986,0,1.75779159525179e-05,0,0,0.00727912035907411,0.0197195169751249,0,0,0,0.0161100603927246,0.00928448930367047,0.00881028333261219,0.00217621478680607,0.00532698439574208,0.00695734802389846,0.0239572483133951,0.00654387455722244,0.0157547147937936,0.00362582084254187,0,0.00128223152362231,0.000862045460225413,0.0179810129304613,0.00244942666244393,0.0100978559433071,0.0354820682770092,0.0106748369360537,0,0,0,0.0286218031900875,0.00387707932116408,0.0103956576864988,0.000938073393827059,0,0,0.00175103948912626,0,0,0,0.0083606911978187,0,0.0112108958595874,0.00848693959389108,0,0.011912003437888,0.0161125715457934,0.0131020336819953,0.00409022941937874,0,0.00351536585872237,0,0.000776218318145986,0.0174621487489175,0,0.0211332296913254,0,0.000377031742293318,0.046824568193227,0,0.00193130671598969,0,0.0201296085435137,0.00109094439712517,0.00425904696557497,0.000186903145235087,0,0.0103017908673064,0.00321238747920168,0.00300633071666426,0.00118220646970373,0,0,0.00791294100700012,0.00187419966885583,0,0.00783184708187061,0.0416859662361733,0,0,0,0,0.0176845743534952,0.0162593352061552,0.00328501072031319,0,0,0,0,0.00533675297189189,0.0160902638914392,0,0,0.000804584009560544,0,0,0,0,0.0192198136933434,0.00991349598014802
0.00872491651715156,0.00472848386311451,0,0,0,0,0,0,0.0253668522792156,0.0119446206037696,0.00373818369403384,0,0.00196983543108012,0,0,0.00819930186864831,0.00434163171281478,0,0,0,0.0198222495241451,0,0.000223101041935579,0,0.00984707363370233,0.0192347634983019,0.00572206009111614,0.00635631933353,0.0154004147551428,0.0026885641428926,0.00785003008346648,0,0,0.0164153469767715,0,0.0163216537477752,0.0514049938978117,0.0174154601498704,0,0,0,0.032515233703205,0.00484453621844308,0.00481307927424452,0.004939396044336,0.00580823587213603,0.00276353578144039,0.000839613551921836,0,0,0,0.0118913027586056,0.00105183476651012,0.00803725528598084,0.0190126552418509,0,0.000785127080886101,0.00531625374394133,0.0184167905943282,0.0070417337104842,0,0,0,0.00140800381233938,0.0327338638783324,0,0.0169208316148729,0,0.000556776487906601,0.0244855609782208,0,0,0,0.0079731286880627,0,0.000438082314149145,0.00277445577293564,0,0.00571169713197918,0.0160491375942069,0.00908819943002029,0,0,0,0.00705783647090855,0,0,0.0061898316318581,0.0501161076613319,0,0.00493887659434073,0,0.00478982514658158,0.0356782902653211,0.0116018485194642,0.00563289694137305,0,0,0.000288483190183344,0,0.00445531390750361,0.0200766619260163,0,0.00742416367775706,0.00138504173379246,0,0,0,0,0.012403077221155,0.00836332797126561
0.0128564569634698,0.0143340853090116,0.00734561276215191,0.0173344609499788,0.0509130189905718,0,0.0108166638532513,0.00533271899421284,0.0291508920251337,0.0148487258493439,0,0.0490376841220678,0.00620526478293221,0.0149855800866326,0,0.00175898060468477,0.00274341988851847,0,0,0,0.00410774246916417,0,0,0,0,0.0107583078594889,0,0,0,0.0047431367732488,0,0,0.0321049320660398,0.00341065621659143,0,0.0119339208328427,0.000273703052546172,0.00645957498061579,0.000836804853579296,0,0,0,0.0188993213446857,0.0150416173096746,0.0095970738157771,0.016223152060452,0.00317925340534317,0.0109049247556934,0.00696245255694894,0.00987085408705743,0,0.0246799819114953,0.00453613512526039,0.0229497877411543,0.0347991650991307,0,0,0.0152643654175387,0.00422220279252597,0,0.00653250117697371,0.00657271639655153,0,0.0328669801196086,0,0,0.0226458649213425,0.00596884506985733,0.0221003568473921,0,0.0276253098014,0,0,0.0621888528520723,0.0197995726709016,0.00315029625815594,0,0,0.0213134113648404,0.000963681643969502,0.00477025006718072,0,0,0.00902462930224622,0,0,0,0.00255881057801406,0.0152912153835939,0,0,0,0,0.00547625850124051,0.0844557539717695,0.0014440302919289,0.00229155418060854,0.00413219021302711,0,0,0,0,0.00461229962416395,0,0,0.0246744712683892,0,0,0.00189338343523384,0.000863883989381466,0.0410484408536956
0.026729187329479,0.0233440047252155,0,0.0142590087953245,0.0131323610957164,0,0,0.00874407962598517,0.043038530738924,0.0282574884798959,0.0215020930279778,0.0125907639584343,0.01127178862606,0.00899125627092742,0.0112459104226474,0.0234701221813291,0.0331285730319847,0.0161100603927246,0.0198222495241451,0.00410774246916417,0,0.0264065979843414,0.00269535370496353,0.0020014072635197,0.0171589015342291,0,0.0342480086205505,0.013500139483965,0,0.0180084863164624,0.00865298062762566,0.0217776700622692,0.00362637669826938,0.0061270776379862,0,0.014538663767719,0.0320109413675392,0.00356773502261093,0,0,0,0.0103001316339471,0.00493129295193678,0,0,0.00145695801438474,0,0,0,0,0,0.001038818495098,0,0.012542010059811,0.00796744959792958,0,0.0115969562768958,0.0272654392855096,0.0190814322605173,0.00766533075779613,0,0,0,0.0146337201510438,0.0156359602174318,0.00842706703730188,0.0147611099360953,0,0.00675238778008661,0.0393130794684712,0,0.0268222392086758,0.0162265475010669,0.0346912328255617,0,0.00564320624955844,0.00380502673067695,0,0.0322277121928759,0.0135025494888277,0.0260391344784402,0.0123348606290393,0,0.00815509084470022,0.00406246204080773,0,0,0,0.0367220986988232,0,0.00130488514536549,0.00854320248733224,0,0.0334088420045774,0.0360209303175502,0,0,0,0.0156399805098532,0,0.00349146329988014,0.0188644340280282,0,1.12376923646635e-06,0.000453084405134613,0,0,0,0,0.0186504675287126,0.0232185278775687
0.0223564233241755,0.0166816669122716,0,0.00576039481294474,0.00528172111738324,0,0,0,0.0410188471337668,0.0279940869287167,0.0238052023017123,0.00500815709957575,0,0,0.00116084584386651,0,0,0.00928448930367047,0,0,0.0264065979843414,0,0.00310806574895645,0,0.00871857829090361,0.00313372464468164,0.0325944276745009,0.0210821801669231,0.0245199774616843,0.0150089115294069,0.00280543325083701,0.0028261272664203,0.00737626062817595,0.0280253055032036,0,0.0154760186102999,0.0404839839440711,0.00397360615439905,0,0,0,0.0239760267565092,0.00571282865234828,0.00935874254045905,0.00449487297339083,0.000499661650281612,0,0,0,0,0,0.00694031559931342,0,0.0122037648015641,0.00783636715121812,0,0.00687729295597997,0.0200952799626018,0.0197644337830452,0.00343509353413132,0,0,0,0.0152065041460841,0.0150263924517025,5.19274394245989e-05,0.0164751693424881,0,0.00528338548245235,0.0431014916033217,0,0.0112816749001679,0,0.0364784715123513,0,0.0049367214265207,0.000926799743517332,0,0.0295024368885177,0.0102996105396497,0.014559905734319,0.00196334461824937,0,0,0.00238475083999401,0.0028806652556831,0,0,0.0461750098784972,0,0,0,0,0.0360140719787236,0.0352820450374366,0,0,0,0.00551180508957549,0,0.00196828188251952,0.0183470721510481,0,0,0.00211831220287235,0,0,0,0,0.0172499905045259,0.022079940143813
0,0.0112464357377418,0,0.00297340639383665,0.0335881936633703,0.00962009371421585,0,0,0.0310571432412966,0.0102553679631157,0.0336354423523745,0.0137408378001315,0,0,0,0,0,0.00881028333261219,0.000223101041935579,0,0.00269535370496353,0.00310806574895645,0,0.00861729114577542,0.00777362856058811,0.0223832785966201,0,0.00253489826757339,0.000412072246279337,0,0.00308376001628412,0,0.0129036233295856,0.0108170083075214,0.000557178863939255,0.0228641859354369,0.0492378819419903,0.0034576209684219,0,0,0,0.0358475937923312,0.005809894832609,0,0.0148171946952405,0.00933780441516038,0.00826147312115428,0,0,0,0,0.0233737002303201,0.00947102752024255,0.021726620789385,0.00713301034335196,0,0.00317721506366941,0.0299269245505609,0.0301989432519938,0.00524881637038983,0.00379464574846012,0,0,0.0107560321431621,0.00854377598015939,0.00872357876946735,0.0153023601372688,0,0.00755872006835155,0.03940787603728,0.000167070642436373,0.0190372306903404,0.0127863163189654,0.0470511331548104,0.00452422721460092,0.0168116818614047,0.00614162976731006,0,0.0708316714391881,0.0232787354556721,0.00589498459343535,0,0,0.00346869634850303,0.00220197200673026,0,0,0,0.0454776641224598,0,0.00277496751763224,0.0128871325044984,0,0.00728438107993107,0.0576672204140279,0,0,0.00950190823080838,0.0150048121334406,0,0,0,0,0.0146292703362363,0,0,0,0,0,0.019218081394609,0.0363987878489609
0.0166123606910122,0.0181302246969108,0,0.0120022936726974,0.0398143755026282,0,0.00327603014618698,0.000443552302496216,0.042027452846654,0.0245834278327299,0.00110916118120459,0.0375812273719978,0,0.00190679518995473,0,0,0,0.00217621478680607,0,0,0.0020014072635197,0,0.00861729114577542,0,0.000194335681412285,0,0.00412667964717565,0.00324138143813833,0.00763104643275911,0.007663456226809,0,0,0.0235760348817257,0.0230311659958874,0,0.0158264027273522,0.0195108000121022,0,0,0,0,0.0191667633861947,0.0102215522861141,0.0174865328929052,0.0105046847647926,0,0,0.00040734780879267,0,0,0,0.0113401177265771,0,0.0196794204887761,0.00517437924927884,0,0.0123651741955699,0.0342869734327327,0.0164988755479001,0,0.00196027887310716,0,0,0.0248175300835651,0,0,0.0173120595372166,0,0.0141300231844968,0.0250056707318591,0.00395472455067976,0.00147001931371256,0,0.0655836262293599,0.00423508011857331,0.00446725635611999,0.00145869340259316,0,0.0414810893644304,0.00698192760838838,0.00794421042667882,0,0,0.0107024720046386,0,0.00297671863586396,0,0,0.0413385942260613,0,0,0,0,0.0147414121113851,0.0661689134225748,0,0,0,0,0,0,0.0110849232154995,0,0,0,0,0,0,0,0.0139485389337657,0.0402715663800289
0.0244770972455749,0.00191593743735723,0,0,0,0.00702901531134052,0,0,0.0243084821593818,0.00957117982307378,0.00317419669151186,0,0.00277704635316066,0,0.00829296196934045,0.0163702562318052,0.0150983220008707,0.00532698439574208,0.00984707363370233,0,0.0171589015342291,0.00871857829090361,0.00777362856058811,0.000194335681412285,0,0.0146558377015572,0.0102249487393054,0.0147458511368141,0.0193745736778578,0.0116179948348036,0,0,0,0.0197371110061133,0.00637413997361141,0.00876034909182983,0.028145946561195,0.00823087439069284,0,0.011415234994592,0,0.0139495877101,0,0.0178177049178287,0.0102889040623837,0,0.00523758821511794,0.0134680213553509,0,0.0140446220180272,0.000613973876319447,0.0109996209267662,0.00181008377374051,0,0.0175811857927683,0,0,0,0.0123006121815899,0,0,0.00249236849435063,0,0.00790256876140503,0.0137796381513067,0,0.0142697833393352,0,0,0,0,0,0.00888564098405967,0,0,0,0,0,0,0.0121747315707254,0.00470251957782813,0,0,0,0.00252218506983392,0.0112490343756139,0,0.0173651476186287,0.0299438921931622,0,0,0.000152690595719985,0.0167297874351276,0.0231006889257195,0.00321685444863595,0.00267553757927233,0,0,0,0,0.0155389905035998,0.0263769691668571,0,0.00799652027957512,0.00307361058161467,0.000272592083565769,0,0.00238062239257536,0,0.00110355120343895,0
0,0.0128370129925383,0,0.0285985422013446,0.0635218918884259,0.00447241323023261,0.00832924688282884,0.00750617909052656,0.0137156829970846,0,0.012214648367766,0.0515798871256809,0.0209755933259095,0.0130962103095337,0.00732040047459524,0.00131839597704543,0.00423809109915946,0.00695734802389846,0.0192347634983019,0.0107583078594889,0,0.00313372464468164,0.0223832785966201,0,0.0146558377015572,0,0.0105258398062341,0.00299515431167414,0,0,0.0106955762759477,0.0224248901376525,0.0218165049426296,0,0.00481577948736341,0.00955385461674408,0.0191071876744874,0,0,0,0.000473355725959886,0.006535266259452,0.0111549622289145,0,0.000637351612257054,0.00627824396546862,0.00448767222999781,0,0.00238797835376732,0.0234563672707372,0.00105747430762363,0.0127204178361211,0.0155615232059786,0.0310553334991721,0.0124519874271842,0,0.0167333101785233,0.0394891387565134,0.0128613686383856,0.007089630520105,0.0222660408790747,0.00993528660856483,0.00479259861592204,0.00937896245087903,0.000250450340119722,0.00321666850885475,0.013000519699867,0,0.0144347323412521,0.0263950131994034,0.0164994020410649,0.0231017195535933,0.0235920673203497,0.0495678741598565,0.0118035749212208,0.0114779925961923,0.00513696911926912,0,0.0635355119149552,0.00550969423942642,0.00352765916186803,0.00865241032931879,0.0038717152039972,0.0379816264106076,0,0,0.00393050518915117,0,0.00726161895128717,0,0,0.0199084827637015,0.00313765280184028,0,0.062206060577744,0,0.00962387709858335,0.0174839218334895,0.0199266399295902,0,0,0,0,0.0121849033024886,0,0.0156160413973656,0,0,0.0108818764201958,0.0220313905100028,0.0497554401251729
0.0118477906319787,0.0164611685088749,0,0.00937544450516476,0.0122103104435424,0.0247731529248869,0,0,0.0384258386673401,0.029346009586459,0.0585124689953196,0.00231716979332604,0,0,0,0.0169764316068507,0.0166394468759135,0.0239572483133951,0.00572206009111614,0,0.0342480086205505,0.0325944276745009,0,0.00412667964717565,0.0102249487393054,0.0105258398062341,0,0.028656503031997,0.0290674741868345,0.0104269743553694,0.00316178809923169,0,0.00599187981510726,0.0333374535526124,0.0152198048994867,0.0197028581736007,0.0581265237208711,0.00263508639693819,0,4.55168282477435e-05,0,0.030768295604391,0.00414202282665216,0,0.0133953855555883,0.00740767026091206,0.00759898294026226,0.000907585607365965,0,0,0,0.0148105320287948,0.0118842816172676,0.0153289770111784,0.0124614822331319,0,0.00296051816754043,0.0281243588893346,0.0270283977654935,0.000496886953412401,0,0,0,0.0146699396027606,0.0169586677766171,0.00683866671892885,0.0138268847792164,0,0.0044768528959261,0.0410296778011918,0,0.026470627385818,0.0247883543261907,0.0393787964081165,0,0.0114895781002966,0.000566583160269286,0.0116566159482599,0.0436694745539975,0.021027840585936,0.00939808122707391,0,0.00147746956602327,0,0.00292194216093976,0.00216801427166593,0,0,0.051089541657998,0,0.00281061360610789,0.0136576167771915,0.00443183208164068,0.0342661646300503,0.044926501931004,0,0,0,0.0123959198369937,0,0,0.00934392787135232,0,0.0256401879717946,0,0,0,0,0,0.0185033018130184,0.0225315416349012
0.0100273155250871,0.030199420142405,0,0.0131267774590865,0.00751736264201879,0,0,0,0.0323014615074768,0.00141182899406008,0.0444293154019757,0.00692250301323534,0.0104183302239136,0.00289348193944528,0.00141899766998214,0.0208416007414971,0.0057646377525502,0.00654387455722244,0.00635631933353,0,0.013500139483965,0.0210821801669231,0.00253489826757339,0.00324138143813833,0.0147458511368141,0.00299515431167414,0.028656503031997,0,0.00113040285389899,0,0.00030440642126487,0.0115429955362132,0,0.00216899774818049,0,0.0165752781602534,0.0418965009512939,0.002406594863932,0,0,0,0.0156181464740268,0,0,0,0.00325295983935149,0.00598079036593465,0,0,0,0,0.00534864852325212,0,0.00990105441106365,0.0125367364707249,0,0.0104059187340249,0.0324230651455739,0.0282773943100475,0.00511054042522968,0,0,0,0,0.016694654870106,0.0122966027419761,0.0134256901683433,0,0.00336791903762858,0.0577500410064134,0,0.0266969406545791,0.0178701706957477,0.0287594016769907,0,0.0117068498387453,0,0.0197438313288058,0.0337899115049126,0.0124466640797818,0,0,0.00363983041600458,0.00416803863005497,0.00612897256719674,0,0.00101212758250465,0.0037143101883978,0.0485009786521932,0,0.00493806872854931,0.0193729691660861,0,0.00603402983889279,0.0309471104068446,0,0,0,0.024886109586519,0,0,0.0186716782683045,0,0.01359670423587,0.00244856830869585,0,0,0,0,0.0274174169164499,0.019845126675588
0.0154960294262515,0.0336181535650987,0,0.00357210176730354,0.0156578202268027,0.00079204549593814,0,0.000127835464260538,0.0345953508719552,0,0.0301822909556886,0.0125437735429558,0.00459039700687534,0.00429280046574204,0,0.0123873232303377,0.0111042868155536,0.0157547147937936,0.0154004147551428,0,0,0.0245199774616843,0.000412072246279337,0.00763104643275911,0.0193745736778578,0,0.0290674741868345,0.00113040285389899,0,0,0.00591390688823657,0.028515263606188,0.00442079598394184,0,0,0.0176552312409049,0.0283376737346132,0,0,0,0,0.00410093385155129,0.000352165927717407,0,0,0.00374629686632868,0.00253295440542875,0,0,0,0,0.00194889019834648,0,0.0109218262862712,0.0118932426118495,0,0.0161109058531996,0.0375638654188507,0.0274924516024897,0.00607205341784177,0.00152420761870865,0.00214285051264077,0,0,0.0211274262717964,0.00555496839082844,0.0193233467093202,0,0.00748094390196538,0.0490169217333313,0,0.0326572834532852,0.0208089981834118,0.0360801070703879,0,0.0109927479411401,0.00324485017629688,0.0139074570521817,0.0421368783835463,0.0265394538016581,0.0125148773452904,0.00861730736047835,0,0.016371526760982,0,0,0,0,0.0296178562343625,0,0,0.0183132288844697,0.00379397615588842,0,0.0358752978334033,0,0,0,0.0221971271244573,0,0,0.0216453131230366,0,0.0250716569878955,0.00450080638586087,0,0.00561704934455953,0,0.000865169481097758,0.0354068586646255,0.0228709761076427
