0,0.107917200099703,0.136040245505074,0.0316999991906585,0.0635775943063586,0.0477889297683827,0.0952770910487677,0.0742080027260659,0.0252567634862721,0.113609591138599,0.0483370946798141,0.0624410010972523,0.0462729612789185,0.0395914956712099,0.0226780349037566,0.0193544258828495,0.152671101950067,0.0741374225914511,0.10529543061005,0.147451077553029,0.132633930675188,0.0986671244811965,0.0390616652726584,0.132264075510538,0.0157898293031108,0.0188532571349045,0.0176504923998581,0.0411677498349105,0.172882892884387,0.0776914713781629,0.0675195635899235,0.0770376251300368,0.116510243705283,0.125442891124667,0.146771981502179,0.151029448458824,0.0709023062054758,0.0421335926504334,0.0422569454463698,0.0723725584494013,0.0194265780601469,0.012916569751238,0.0429338166875905,0.0156603187663814,0.0748458450237609,0.16313814297643,0.0343966958609879,0.0661106554223993,0.0187815449506295,0.102161358044551,0.0970527364561754,0.0375883339961622,0.0493733574471944,0.0695707025438859,0.09669500752517,0.0398935822460984,0.0850791754531501,0.0883720453064168,0.0364411234850423,0.034669163997162,0.0809748289423746,0.0429987147131244,0.119587613629302,0.0337048671739912
0.107917200099703,0,0.0892522456026405,0.012323841080447,0.151698330330469,0.0355132828998843,0.13156633110341,0.0777074322669954,0.0120721543978769,0.0285431927499344,0.100478139509209,0.137520162303234,0.137114496435963,0.0102250601855401,0.057221022631633,0.0436629189260143,0.178100991274134,0.0952470589293973,0.0217384988690182,0.0663359377307332,0.167890671156073,0.0169232863439246,0.197017884236583,0.268854484957989,0.042521144756982,0.0261540498419255,0.00973037313260046,0.0128852652183039,0.188708777064001,0.0121458028394975,0.0121127787534657,0.111924631498259,0.0187843914041923,0.0600463530589746,0.0267975752131206,0.0630246120505838,0.00455783340934688,0.0548532740748749,0.101010964968922,0.166094803291569,0.0186069923952117,0.0338029015143954,0.0134410524463633,0.0913965549859206,0.0590589770092787,0.0987728084297283,0.0387288496670376,0.0432502714882351,0.0183275340597504,0.0837027856783629,0.0500585702644719,0.102157756853167,0.226264443055674,0.0151328295773639,0.144893956144924,0.0523662965103092,0.18807207421432,0.0911020117192126,0.0231345967622769,0.0761743588515873,0.0341495493346592,0.0473081424883554,0.0115730677523668,0.0724761394576631
0.136040245505074,0.0892522456026405,0,0.0688804756070375,0.157020106921359,0.0270899112760924,0.109613311251312,0.0965643371560729,0.00920781640006681,0.0490332869630201,0.0360119219383508,0.140337728643728,0.141890956064457,0.0334564436868258,0.0154106074735735,0.0134056566802637,0.172571720039678,0.0183370831726992,0.0124844773301335,0.111281351041106,0.187093350266868,0.0150410916467736,0.138002700088462,0.191298404656292,0.0214203638273532,0.0950240454348817,0.0276904548854575,0.0323586872577604,0.0802838935963176,0.0228762331182042,0.0195152937724985,0.0905939048615934,0.0205604284160695,0.0404843963191376,0.0717573229440591,0.0239739416805871,0.0545013273770126,0.0530894322625158,0.126846280807142,0.192365858225809,0.0345375861637692,0.00279914999302315,0.0182345284051649,0.147610067766365,0.0077770167415262,0.111494581446404,0.0198637814289105,0.123315250071569,0.0236799613465909,0.0786511318880172,0.0595985738762421,0.137064294913209,0.15030055543157,0.030254503110702,0.163761547005149,0.0696449068426516,0.0818748991860572,0.0328478086084006,0.0138480456375396,0.141874694776493,0.0630532481142437,0.0496777914235083,0.0463200490384951,0.0501928506929376
0.0316999991906585,0.012323841080447,0.0688804756070375,0,0.134381526412374,0.0274561109386437,0.0896683233975315,0.0460917257706595,0.00944100209486424,0.0983207393212577,0.0462084753738328,0.0480137337278115,0.110237402901565,0.0168020837388003,0.022999439771592,0.0177370620998001,0.114371142542933,0.0366354872692079,0.0463361607683154,0.132157979383535,0.117459688763588,0.0758518324446583,0.0508227442723938,0.129493272120778,0.00887067774755268,0.0412549084490372,0.0110503741169582,0.0128769032443679,0.124203908642352,0.0166988325054456,0.0415374099961844,0.0531686418782204,0.065846591071459,0.0460246037271867,0.0547759124089537,0.0649458388562391,0.0445321458014919,0.0493967216856443,0.0357717354732186,0.0663512381100979,0.0012790288281513,0.00683677736038956,0.0175495490368858,0.0652585856685404,0.097894202530017,0.159200803612985,0.00800820069948659,0.166147875377907,0.0320160363878904,0.0722095463144826,0.0869065910631722,0.0633509976882783,0.0691083099873657,0.0656478213592526,0.107092988509308,0.057348561046138,0.0828482973403063,0.0671821104426223,0.0299511075992036,0.0144280429794244,0.0195707266918909,0.018956556722369,0.0208378121360834,0.0328680676340393
0.0635775943063586,0.151698330330469,0.157020106921359,0.134381526412374,0,0.121203695887016,0.0582284460957696,0.0376046931536718,0.0776013797584285,0.104790974265206,0.0876179950267205,0.00876481466786696,0.00954234330179548,0.135053923641372,0.0859709445042924,0.068489535729917,0.100656503527127,0.0857446863511146,0.128076261140178,0.0869479318117989,0.0669862448429335,0.108370063461186,0.0127724946057303,0.0832419677597806,0.0181257177633233,0.0427822839325073,0.0730474423520238,0.0914824137933164,0.185569609663771,0.114530705139758,0.0972512195063145,0.105684704771616,0.12053780350162,0.134677222263107,0.159758048340048,0.157627070047928,0.163767425867427,0.0594208298615494,0.0152209073894802,0.00371818205176818,0.0307186499758518,0.060551149450799,0.151542229074199,0.108886782738048,0.148598475184551,0.148078889909166,0.0868608566710542,0.0128698929430448,0.0452781894566529,0.0608363536478143,0.0641779057401889,0.0455904750927149,0.0152203256021682,0.075142785685467,0.0252133601867945,0.0121028805383879,0.0913071683605836,0.0992002837546161,0.105871656857454,0.100939588534447,0.137648572897639,0.0342546753808911,0.133868776590281,0.0346219008973492
0.0477889297683827,0.0355132828998843,0.0270899112760924,0.0274561109386437,0.121203695887016,0,0.0855054691653021,0.0786003532123581,0.0317118135491774,0.120736557482073,0.0182297783822436,0.0671304308990222,0.0905549489210691,0.00680939716474272,0.00570948423805434,0.0107493504641091,0.115626619814118,0.00446709596907538,0.0494262627501838,0.204197645439209,0.121796589982826,0.102747554030269,0.0545763515607011,0.0962436893592917,0.0270132344151816,0.0548765967405576,0.00714103503190878,0.00665633322338271,0.0385705949048468,0.0135069183006383,0.024841610978246,0.0275848621443559,0.03647457411082,0.0153175995428337,0.0310453923375432,0.0291064232937165,0.0397536828295197,0.0512758355715025,0.0492880206618962,0.090526574517018,0.0362500981351018,0.0129818123065583,0.0101050417723219,0.0445126254588811,0.0212112149468421,0.122056196728049,0.00362850733723486,0.156661576183936,0.0442028327071672,0.103016116757882,0.14152594300568,0.0950993754288806,0.0825127837043615,0.0756777213314971,0.124618964611708,0.0589951481082468,0.0274988785228886,0.0216444446463942,0.00677539993108619,0.0333041461570745,0.0260076131382698,0.0252668263188761,0.0199422708929854,0.0526312212192522
0.0952770910487677,0.13156633110341,0.109613311251312,0.0896683233975315,0.0582284460957696,0.0855054691653021,0,0.0207427298359655,0.0189152682602526,0.0503092041223674,0.0637520628228018,0.0558385770481448,0.14504699096925,0.106944471096749,0.11099559258462,0.253989504910682,0.0112780237694247,0.288352232986234,0.0956752072368594,0.0692849345382883,0.0529060850745711,0.0476511996367038,0.0577022828406735,0.024291344425337,0.140899598431183,0.2185076038667,0.179552193177124,0.200647983158518,0.138143381790311,0.176225684086168,0.109236740930303,0.203770184864297,0.0817768678564694,0.142768422216701,0.118572589569088,0.113196897469062,0.0722382318505607,0.014612025975774,0.0350885378009981,0.0436409940413542,0.0172067036543351,0.0768092924694178,0.127631827435885,0.176070268747401,0.0915040383901988,0.0176276866559646,0.161153516609051,0.273470442856174,0.194499784273351,0.022929137179054,0.0478624170059841,0.113325191795264,0.06669868736301,0.106140688320581,0.158721026310428,0.1191300787116,0.179307701699736,0.181021840261203,0.169626688845002,0.128588539827614,0.0976137190516062,0.0466425472107281,0.162199791063284,0.252259850619744
0.0742080027260659,0.0777074322669954,0.0965643371560729,0.0460917257706595,0.0376046931536718,0.0786003532123581,0.0207427298359655,0,0.0136868072281012,0.0661585837500096,0.0454261610469245,0.0336909330818414,0.0721025595166719,0.0397886642106698,0.0479210948630941,0.127038951502867,0.0452950117152118,0.14937739524909,0.081887796406559,0.0608785645797334,0.0762369814436339,0.077274980633335,0.0413071875089291,0.0220290231516888,0.0938030435161623,0.105552650987834,0.0756129621067405,0.0965753712510015,0.0415097709643933,0.0907021191127529,0.042351498979347,0.198112758237531,0.0474211844387526,0.117912227542405,0.0794125756394327,0.105636984662764,0.0452177481738531,0.0290866027446957,0.0482884051246888,0.014184582196071,0.0464617892280777,0.0378022230732339,0.054649283136364,0.0622405756370798,0.0284169612451326,0.0510861980514292,0.0779713700037245,0.215818829930317,0.172183281917321,0.0099682692576642,0.03110898801585,0.0839986021041456,0.0789929191246954,0.0582897065107633,0.0751829996066747,0.0985950077420731,0.052918651594967,0.0463057819654948,0.0618477589103664,0.0773627889334672,0.0466047563859595,0.0290289756031914,0.102958745400309,0.160333261965577
0.0252567634862721,0.0120721543978769,0.00920781640006681,0.00944100209486424,0.0776013797584285,0.0317118135491774,0.0189152682602526,0.0136868072281012,0,0.114045453610898,0.0247514752347668,0.0148083340816901,0.0307561893563951,0.0223854392114849,0.00591909414955488,0.0287984898101984,0.0333498524843837,0.0568526060670836,0.0112363340330952,0.0380752029294122,0.0299339493701694,0.102625305653764,0.0180206055392902,0.00536556322316082,0.0531735553000212,0.0526797826925711,0.0289781076081532,0.0307174277615911,0.0311639811985435,0.00553252341408754,0.00688881950938136,0.0288275249919332,0.0140537180439382,0.00918385755232189,0.00763402551633632,0.00784568621123585,0.0199776365601511,0.066047409683276,0.0127952413201364,0.00337349375884781,0.0309283562916775,0.0266240293679797,0.0244451272615596,0.0174893142457092,0.0101106805162068,0.0680090624988141,0.0165535519057482,0.138804997740523,0.119500759372802,0.011258082301225,0.0158224098634646,0.0800639937826673,0.00244749250819059,0.0757931511702856,0.0423571429706361,0.0794853607870081,0.010522495503995,0.0142062455223929,0.0106082626889601,0.021785124597272,0.00600390323103787,0.022219688186847,0.0173276268496056,0.0454281282121489
0.113609591138599,0.0285431927499344,0.0490332869630201,0.0983207393212577,0.104790974265206,0.120736557482073,0.0503092041223674,0.0661585837500096,0.114045453610898,0,0.0140986425026973,0.0163273596722177,0.0891461656083732,0.0348507111634549,0.0226951038647584,0.0963670170545474,0.00719562944601762,0.107971155266948,0.11483244632965,0.0438182170533138,0.0169517897159004,0.0166039396271653,0.00999717312763554,0.00726320578532402,0.0732266625074821,0.141860937155441,0.137691333692056,0.124429351625279,0.0338319830026513,0.0659862420421731,0.070997071042492,0.0964907664357437,0.066752217249194,0.0740531216977591,0.0624943512539625,0.100440114250481,0.0835217409701311,0.0595772101512606,0.0382480996324775,0.00923058508068666,0.0623329583476647,0.0140787459617907,0.0126491271469347,0.0868962612798199,0.0427642811577644,0.0191639051366976,0.111043715903512,0.218370360558652,0.183963851660086,0.0690184703030726,0.0477392279665659,0.15903089578155,0.00904866832885267,0.0258886935828597,0.051167679031144,0.121425395647841,0.0703750882710445,0.0609660011697383,0.0869714360948693,0.104519699341371,0.0513448408062984,0.0289609985050843,0.0837136299296905,0.0449846153318845
0.0483370946798141,0.100478139509209,0.0360119219383508,0.0462084753738328,0.0876179950267205,0.0182297783822436,0.0637520628228018,0.0454261610469245,0.0247514752347668,0.0140986425026973,0,0.105498444456038,0.142214269956985,0.146657847460032,0.00780554293554601,0.0291439533201238,0.0642985359830778,0.0111855594000615,0.0159613488597522,0.0236528815236546,0.0476168830474473,0.0145665329492769,0.132771494010667,0.0533962275531878,0.0267937644038016,0.0702932446096532,0.0227680645089827,0.04601606911361,0.0323038286549932,0.0537204866947441,0.0308053876541204,0.0115751208866619,0.0161421311692008,0.0240595270416184,0.0455532342035935,0.0395848657763839,0.0438006840551559,0.0134562719942471,0.0626443212532832,0.106250137533713,0.0285831105115561,0.0261352307171114,0.140563892081596,0.150197954707099,0.0324571967348558,0.0141294025189467,0.0267110019543035,0.0474729686785872,0.020006381255205,0.0337072016092003,0.0264790480683945,0.0513821613648028,0.126905572690135,0.039761441178987,0.126110539156666,0.0164614505444219,0.0208114848655807,0.032281396305609,0.0231610093139463,0.0800107258084712,0.069067462109538,0.0513747083776531,0.0504939742902658,0.0162792344277751
0.0624410010972523,0.137520162303234,0.140337728643728,0.0480137337278115,0.00876481466786696,0.0671304308990222,0.0558385770481448,0.0336909330818414,0.0148083340816901,0.0163273596722177,0.105498444456038,0,0.0639655931359697,0.108872426971205,0.135736279677134,0.171515439772391,0.0612763872291677,0.182205291506774,0.0965592423647056,0.0154085899389988,0.0245622168816042,0.0260080521445135,0.0255641181904939,0.197931998006301,0.146067179981334,0.135265509297146,0.119035498268781,0.135748041487471,0.200392105547655,0.132204159100082,0.0899438585556764,0.202101030646195,0.0866806378798976,0.149014888190362,0.120406803192062,0.132679501605255,0.0572126706877733,0.022555634531416,0.0444986644906437,0.0622440734729595,0.0205116626490506,0.101561750241724,0.187090428184797,0.0996442410379595,0.108036377721591,0.0490414429027533,0.111743239328772,0.129544776868834,0.12711012983647,0.0404368197382912,0.0286759626546124,0.0384929679584574,0.0491500752188374,0.0333766672126296,0.0599385156911806,0.0695081278691514,0.207461304512226,0.120476427253707,0.129016065009064,0.0758701235588707,0.0643692441651389,0.0274776922922982,0.128837526166033,0.189540162307994
0.0462729612789185,0.137114496435963,0.141890956064457,0.110237402901565,0.00954234330179548,0.0905549489210691,0.14504699096925,0.0721025595166719,0.0307561893563951,0.0891461656083732,0.142214269956985,0.0639655931359697,0,0.209422236765251,0.146994431549741,0.132405565545212,0.111795708949519,0.129570763268861,0.110481842980436,0.120051834374435,0.0834475447762963,0.0619840097382993,0.0375511953905123,0.199161760851152,0.116466871985011,0.173215336221068,0.128326263317312,0.184103069257948,0.212174697344889,0.135808144402346,0.167950696826506,0.117944860460796,0.107062165110098,0.127570395462241,0.137164760763149,0.137291385980912,0.113036023488837,0.0216368383754424,0.0129331487892893,0.0402079293029026,0.0151579711988951,0.0520408155738781,0.204239929555139,0.126987870445064,0.213790934270088,0.162851644841566,0.154881318458074,0.0236336633237859,0.0735235495391417,0.0949274300052736,0.0838119485347399,0.0181312711146181,0.0749408131585609,0.0382767181454808,0.045538510011586,0.0355277982160629,0.221315565785933,0.183429282159034,0.179506498670959,0.114245616590605,0.139089976138648,0.0787728094858717,0.120295299384646,0.0569633241740612
0.0395914956712099,0.0102250601855401,0.0334564436868258,0.0168020837388003,0.135053923641372,0.00680939716474272,0.106944471096749,0.0397886642106698,0.0223854392114849,0.0348507111634549,0.146657847460032,0.108872426971205,0.209422236765251,0,0.116540188445596,0.0511655632375294,0.115120265683601,0.0258063978773855,0.0106614187645354,0.0525803228577128,0.10924685254293,0.015276027018339,0.125139951404826,0.172839191602333,0.0200577805952411,0.0329709629695699,0.0220082217747971,0.0161377315518863,0.0776933032665385,0.00421282996827998,0.0166590141242799,0.0387688629625206,0.0193165174810138,0.0330933612210118,0.0193361578784566,0.0167494342809198,0.010047571993479,0.0736431675816108,0.0465680147031352,0.10154855199647,0.021870189808092,0.0539572619725417,0.00577349303151259,0.16820197849523,0.0859228775624575,0.159759336104241,0.0206749083042864,0.10863440659232,0.00173705205972125,0.0449342521757491,0.0339932226218988,0.0652450701753815,0.151518492313775,0.0430354772400308,0.152949653168867,0.0399441600550615,0.123055183129078,0.0784877647938079,0.0411590443447579,0.0338450972591915,0.0149125835624567,0.0454566906623776,0.00475828444495849,0.0665536177960701
0.0226780349037566,0.057221022631633,0.0154106074735735,0.022999439771592,0.0859709445042924,0.00570948423805434,0.11099559258462,0.0479210948630941,0.00591909414955488,0.0226951038647584,0.00780554293554601,0.135736279677134,0.146994431549741,0.116540188445596,0,0.0158461729294862,0.0880424252460542,0.0266006374100885,0.0204401223109269,0.0736990190074698,0.0889174498395814,0.0252987857552025,0.0932138626176441,0.101723943505221,0.0223663408752118,0.0557200346754647,0.0257635881517714,0.0400318841572014,0.014169263589183,0.0342984310197365,0.0332057887868815,0.0100843917418919,0.017909668528281,0.013052911828676,0.0310039469711676,0.011706683171494,0.0217563335892229,0.017431694988849,0.0118193530199988,0.120418430262032,0.0272482344133097,0.0229280363952345,0.0945976353035882,0.136868696115626,0.0115918061549083,0.0895592725226027,0.011208115094156,0.0651326117020488,0.0169079760062254,0.081614226552792,0.0732222935601571,0.0372508353341576,0.112921583095647,0.0696770240231278,0.164475568596575,0.045041244635714,0.046428373624101,0.0473004691474795,0.0362672506381616,0.0661308879112475,0.0352295173212509,0.037712464658726,0.0324748117481454,0.0134585599927996
0.0193544258828495,0.0436629189260143,0.0134056566802637,0.0177370620998001,0.068489535729917,0.0107493504641091,0.253989504910682,0.127038951502867,0.0287984898101984,0.0963670170545474,0.0291439533201238,0.171515439772391,0.132405565545212,0.0511655632375294,0.0158461729294862,0,0.156371809665919,0.0518152666495667,0.0262126718866547,0.193271785556259,0.151239565963434,0.0559959017294225,0.100291604092444,0.14005321092359,0.0266992824497868,0.0550230808381383,0.049248149251234,0.0489050350994269,0.0377622388007299,0.0156854441209701,0.0663595732332714,0.0178501791486132,0.0392969075025857,0.0270711296789927,0.0379743177116261,0.0215206432766477,0.0178595977885275,0.012443548229686,0.00307351209972942,0.119138030327204,0.0463884077268872,0.0257217053274543,0.0531074203051269,0.112009422459797,0.10362713039881,0.136778527056333,0.0425659656123518,0.131744206589769,0.0155556968940313,0.160677945410486,0.144164194541191,0.0280735951192849,0.122842876359998,0.0965183921619588,0.204533340015162,0.0447019719636897,0.174463220047418,0.166891708100617,0.100291396708112,0.0364914151119528,0.0177201167103679,0.0206555877957141,0.0272026919564175,0.0718234394878932
0.152671101950067,0.178100991274134,0.172571720039678,0.114371142542933,0.100656503527127,0.115626619814118,0.0112780237694247,0.0452950117152118,0.0333498524843837,0.00719562944601762,0.0642985359830778,0.0612763872291677,0.111795708949519,0.115120265683601,0.0880424252460542,0.156371809665919,0,0.182588923655596,0.149458475153968,0.00434413300469257,0.0598304958882097,0.0483532757739847,0.0767836625282168,0.0108708773665184,0.0863408522661951,0.172436172622842,0.140406626712229,0.178664139943144,0.17934856654258,0.205411218544309,0.115159212128481,0.20682658846504,0.141751502632782,0.19220695967928,0.1872721604202,0.181122205368951,0.110364222044836,0.0381590249310774,0.0443805337010754,0.0928904980207516,0.0835463501725929,0.0546697446290066,0.142589428594704,0.199274189882419,0.119019331601056,0.054569058112568,0.124925825906135,0.205069958083066,0.168580417781673,0.0277812278398776,0.0260798604684667,0.135027516514824,0.0747681983702662,0.0239874850722208,0.117342700367176,0.0692075754836252,0.0942742894672559,0.118755325923321,0.134858941260432,0.161848500938339,0.1356351524669,0.0421907533995307,0.208411279570369,0.113451912532855
0.0741374225914511,0.0952470589293973,0.0183370831726992,0.0366354872692079,0.0857446863511146,0.00446709596907538,0.288352232986234,0.14937739524909,0.0568526060670836,0.107971155266948,0.0111855594000615,0.182205291506774,0.129570763268861,0.0258063978773855,0.0266006374100885,0.0518152666495667,0.182588923655596,0,0.0341277843072098,0.319768018623788,0.180578859532415,0.0842698763553912,0.105535139597913,0.109791810543609,0.0437609396360487,0.11275567120635,0.0336066513522666,0.047841801771618,0.00680688046344876,0.0395537324546842,0.0352135520563804,0.0267778249063192,0.0251900227112347,0.0278720822116922,0.0472545716559883,0.0166446155606399,0.021708709493392,0.0108784921092514,0.0260620282132897,0.144818458584334,0.0616372584102633,0.0601175235633502,0.0656489215532002,0.122466955677643,0.00651021993270131,0.074036484686644,0.0162072603373902,0.189854999669152,0.0408706562258551,0.312288719505937,0.245450384060877,0.0873107019040339,0.132166636058313,0.101649102083399,0.200651440657965,0.0698522499231614,0.0533487840966724,0.0277695192039784,0.0194795468127088,0.106680569424669,0.0511065999050069,0.0161986737713144,0.07481547707343,0.124417799451186
0.10529543061005,0.0217384988690182,0.0124844773301335,0.0463361607683154,0.128076261140178,0.0494262627501838,0.0956752072368594,0.081887796406559,0.0112363340330952,0.11483244632965,0.0159613488597522,0.0965592423647056,0.110481842980436,0.0106614187645354,0.0204401223109269,0.0262126718866547,0.149458475153968,0.0341277843072098,0,0.259034358572277,0.156058396653645,0.110997216855919,0.0826282027604944,0.114121919391617,0.0419662457168483,0.100699563790298,0.0362759720848173,0.027676104374453,0.0585542497684918,0.00926759662111755,0.00788067506643088,0.0657241568887563,0.0233990945732296,0.0111681971490732,0.00894716931046874,0.0269269871953812,0.0231657999087623,0.0363773913075116,0.0540828593726929,0.102646932823045,0.0208433857550546,0.0101840194650646,0.00735437600789062,0.0842688045603927,0.00401455472402873,0.114395032593355,0.0156376484367598,0.190859951293876,0.0843270328069224,0.110930335768012,0.149662367922577,0.1739623434528,0.0968051570873469,0.0855280693504729,0.159743866747984,0.0936899319245013,0.0523725616036223,0.0300776005067971,0.00893676811597207,0.0948954818411701,0.0202361537728334,0.0186373191681416,0.0236107927613697,0.0838848887899306
0.147451077553029,0.0663359377307332,0.111281351041106,0.132157979383535,0.0869479318117989,0.204197645439209,0.0692849345382883,0.0608785645797334,0.0380752029294122,0.0438182170533138,0.0236528815236546,0.0154085899389988,0.120051834374435,0.0525803228577128,0.0736990190074698,0.193271785556259,0.00434413300469257,0.319768018623788,0.259034358572277,0,0.0351931864059058,0.0336582838879511,0.0259237932193331,0.0181208644521652,0.139377518076736,0.226965235954053,0.241076651471297,0.276118105135137,0.07161851193739,0.149875813687096,0.147106896797021,0.24789120356385,0.167632836087581,0.211863820804235,0.155266051568468,0.193617582416056,0.121571656116223,0.0196518502229261,0.0523189701087359,0.0127772822494789,0.0325180345590233,0.0209417167762457,0.0465500548516182,0.133182727680867,0.0880043907282424,0.0165296005276709,0.180155813015726,0.298500298300108,0.350505391471195,0.15628098026707,0.0416866153283141,0.184293529538029,0.0315374785339133,0.0637101788812561,0.122836895799471,0.153355651246077,0.130360011711688,0.152637356267053,0.172462883974821,0.155479806008503,0.0937461470026674,0.0351990058185648,0.223829380650422,0.159415205773265
0.132633930675188,0.167890671156073,0.187093350266868,0.117459688763588,0.0669862448429335,0.121796589982826,0.0529060850745711,0.0762369814436339,0.0299339493701694,0.0169517897159004,0.0476168830474473,0.0245622168816042,0.0834475447762963,0.10924685254293,0.0889174498395814,0.151239565963434,0.0598304958882097,0.180578859532415,0.156058396653645,0.0351931864059058,0,0.0378995253967903,0.0286198221018348,0.0266641205951336,0.0843371846230212,0.177475982219826,0.159000289411619,0.19695632941205,0.159402802954703,0.177073316390388,0.134545896522147,0.193264895964309,0.163017647168908,0.208740050985099,0.189467893191928,0.176004182248062,0.121507918208228,0.0405469646411166,0.0559189857317286,0.0486668276423834,0.0700448488902593,0.0328593063966408,0.112785402491789,0.131901009244411,0.134224819343889,0.0397718527834138,0.135791310099891,0.157072260899393,0.176282010927831,0.0700606347377916,0.0549385508806233,0.112737088734985,0.0287961368461842,0.0104370420256669,0.0564419990445752,0.0766011671862411,0.0961761627939845,0.143546217661138,0.16276383821799,0.167081052710072,0.119671045011906,0.0657622745954525,0.202485157855178,0.104888094833389
0.0986671244811965,0.0169232863439246,0.0150410916467736,0.0758518324446583,0.108370063461186,0.102747554030269,0.0476511996367038,0.077274980633335,0.102625305653764,0.0166039396271653,0.0145665329492769,0.0260080521445135,0.0619840097382993,0.015276027018339,0.0252987857552025,0.0559959017294225,0.0483532757739847,0.0842698763553912,0.110997216855919,0.0336582838879511,0.0378995253967903,0,0.0291764626388538,0.0278564103460667,0.0648433657393913,0.0970569533162151,0.0892399555145286,0.0983953764024338,0.0180224398368903,0.0330680035148833,0.0525127101645504,0.0648485726648128,0.0526814064708491,0.0441857500606796,0.0308787725376387,0.0548996437898986,0.057507481402549,0.0760565461491953,0.0331125413271072,0.0234622912404063,0.0621835578712767,0.00898088239542248,0.0105267195511098,0.0534806397690362,0.0308557925166172,0.0310179952003556,0.0623063049059349,0.147606263730354,0.157087869309004,0.0635593742012837,0.0664396140964811,0.151447404226848,0.0129393761313041,0.0382822473682477,0.0362921625916694,0.11139696043785,0.0405532928666259,0.067618876076673,0.0516470273725968,0.083515304311219,0.0315080292128598,0.0107661068389904,0.074724795301546,0.0400368124805479
0.0390616652726584,0.197017884236583,0.138002700088462,0.0508227442723938,0.0127724946057303,0.0545763515607011,0.0577022828406735,0.0413071875089291,0.0180206055392902,0.00999717312763554,0.132771494010667,0.0255641181904939,0.0375511953905123,0.125139951404826,0.0932138626176441,0.100291604092444,0.0767836625282168,0.105535139597913,0.0826282027604944,0.0259237932193331,0.0286198221018348,0.0291764626388538,0,0.186260640227859,0.0687993945528964,0.0470080005823065,0.0479159033656627,0.0681568495010673,0.199465005118481,0.120440283898185,0.0725851981120676,0.104527719016721,0.0639351698657791,0.117859346916417,0.123974352925746,0.127398057270366,0.0645951171847462,0.0621431708109511,0.0334127899934908,0.0269208021614129,0.0243399968267408,0.0843831137852699,0.163402681815306,0.105858159474328,0.100304578019802,0.0757011702388472,0.0727851658767399,0.0322762428401682,0.0321405014979729,0.0498249656553082,0.0264337024720396,0.0300864227766752,0.00566532742528024,0.0463537430092643,0.0296123427862641,0.0135328151242269,0.140018930392921,0.10978898320182,0.074165245786337,0.0600048239083803,0.090908543211656,0.058678341245267,0.134152946641778,0.119248278348234
0.132264075510538,0.268854484957989,0.191298404656292,0.129493272120778,0.0832419677597806,0.0962436893592917,0.024291344425337,0.0220290231516888,0.00536556322316082,0.00726320578532402,0.0533962275531878,0.197931998006301,0.199161760851152,0.172839191602333,0.101723943505221,0.14005321092359,0.0108708773665184,0.109791810543609,0.114121919391617,0.0181208644521652,0.0266641205951336,0.0278564103460667,0.186260640227859,0,0.0983061246222386,0.166518709746538,0.117528264343812,0.134895551251308,0.20383499558556,0.169448599053522,0.110285625166613,0.138348468519155,0.0885236258858205,0.162173054686598,0.160967322248263,0.164167824122885,0.140364155125931,0,0.0251352227448728,0.175280581203536,0.0197200745913685,0.0639759796276888,0.259714384172059,0.26155449016436,0.130908113964245,0.0101073557270283,0.0844488251804268,0.135232833595316,0.0577993965882446,0.0294927396751777,0.0221075581204044,0.126181649387275,0.297357160421209,0.0307760820487451,0.135384888465604,0.0565816806513515,0.0940756549608083,0.11244076371357,0.122700372769815,0.174406353716923,0.172341874455618,0.026671995373706,0.169289049019134,0.1422037220551
0.0157898293031108,0.042521144756982,0.0214203638273532,0.00887067774755268,0.0181257177633233,0.0270132344151816,0.140899598431183,0.0938030435161623,0.0531735553000212,0.0732266625074821,0.0267937644038016,0.146067179981334,0.116466871985011,0.0200577805952411,0.0223663408752118,0.0266992824497868,0.0863408522661951,0.0437609396360487,0.0419662457168483,0.139377518076736,0.0843371846230212,0.0648433657393913,0.0687993945528964,0.0983061246222386,0,0.0196212696860813,0.0306679867526222,0.0815724113157011,0.0221316148214256,0.0354631787629327,0.0652104681364284,0.0131353246884823,0.0409137922190621,0.0260860345591939,0.0461793965127373,0.0225835925870566,0.0236726028560257,0.0148205348566516,0.0179591678240564,0.0742040919211102,0.0652309574789951,0.0151174001814046,0.0339306773838426,0.056967892890265,0.0403643670083877,0.101874233850775,0.0317299731838029,0.0382440895602665,0.036364642763898,0.10152755972366,0.131498526767565,0.0242162204619627,0.100985645147956,0.115237823742964,0.141795529849974,0.0204042333788475,0.094690518950246,0.0755358729461587,0.047697638699789,0.0523857154557868,0.0269923141010432,0.0777819295161594,0.0606988398279201,0.0284284049655937
0.0188532571349045,0.0261540498419255,0.0950240454348817,0.0412549084490372,0.0427822839325073,0.0548765967405576,0.2185076038667,0.105552650987834,0.0526797826925711,0.141860937155441,0.0702932446096532,0.135265509297146,0.173215336221068,0.0329709629695699,0.0557200346754647,0.0550230808381383,0.172436172622842,0.11275567120635,0.100699563790298,0.226965235954053,0.177475982219826,0.0970569533162151,0.0470080005823065,0.166518709746538,0.0196212696860813,0,0.123722624235709,0.19752197760284,0.155986674000166,0.068418216219287,0.190841421850093,0.0706896698164484,0.113471220316127,0.108753894258253,0.116472287499915,0.102980698245803,0.0744848978570558,0.0293069472713696,0.0101074551417241,0.0832519696929976,0.0300909796436509,0.0228205734381114,0.0312513332493873,0.0238240384723526,0.202919497761362,0.192159804564619,0.115134439519993,0.131703595841145,0.0470588927016536,0.177288987344265,0.184753584825031,0.00228965245233994,0.0849219515942411,0.121469299606341,0.220986254012791,0.058466961288225,0.172506771832065,0.22407543842796,0.213127567359289,0.038366195574967,0.0650915456810904,0.0394768057404466,0.0951412466936249,0.0327871783326779
0.0176504923998581,0.00973037313260046,0.0276904548854575,0.0110503741169582,0.0730474423520238,0.00714103503190878,0.179552193177124,0.0756129621067405,0.0289781076081532,0.137691333692056,0.0227680645089827,0.119035498268781,0.128326263317312,0.0220082217747971,0.0257635881517714,0.049248149251234,0.140406626712229,0.0336066513522666,0.0362759720848173,0.241076651471297,0.159000289411619,0.0892399555145286,0.0479159033656627,0.117528264343812,0.0306679867526222,0.123722624235709,0,0.031050300049212,0.0848581232227038,0.0105955873276785,0.106595027718765,0.0296331365663006,0.0461090135510371,0.0290061210228551,0.0343691722923369,0.0384166440592802,0.017779952339563,0.0222017082094489,0.0365193971797486,0.0973580835547526,0.019109198413907,0.0197485972716715,0.0149160583107779,0.0778556246104759,0.0731994664592209,0.166234076383593,0.039280162286547,0.240156132156501,0.0113442251209128,0.162530949207895,0.170054985941228,0.0322457271963201,0.081861429271469,0.114404982203425,0.186939407361844,0.089315221418456,0.0895114634106851,0.116282000687578,0.0491974145158674,0.0255106452507624,0.00370941943907247,0.0173547115180091,0.0185298888268748,0.0660087391717186
0.0411677498349105,0.0128852652183039,0.0323586872577604,0.0128769032443679,0.0914824137933164,0.00665633322338271,0.200647983158518,0.0965753712510015,0.0307174277615911,0.124429351625279,0.04601606911361,0.135748041487471,0.184103069257948,0.0161377315518863,0.0400318841572014,0.0489050350994269,0.178664139943144,0.047841801771618,0.027676104374453,0.276118105135137,0.19695632941205,0.0983953764024338,0.0681568495010673,0.134895551251308,0.0815724113157011,0.19752197760284,0.031050300049212,0,0.0876119768427072,0.00722997933679826,0.0492605413154103,0.035728559501849,0.0571464947343645,0.0379662639535748,0.0331967869221255,0.0330401884940991,0.011376031301757,0.0331215094134631,0.0230765957046603,0.113765660672751,0.0256014152674476,0.0249274281507361,0.0305004688500747,0.123037482253999,0.0525058987182956,0.156427726219058,0.0310013247620241,0.267128087665534,0.0177905148780117,0.171548520653223,0.18689186264251,0.0549189260032258,0.0952685922559875,0.126801390815421,0.223215867609039,0.118649847013566,0.0894125594669792,0.153626862027906,0.0129978791469492,0.0540137934284252,0.0104533769081088,0.0124647770295215,0.0157656040394952,0.0928596662505015
0.172882892884387,0.188708777064001,0.0802838935963176,0.124203908642352,0.185569609663771,0.0385705949048468,0.138143381790311,0.0415097709643933,0.0311639811985435,0.0338319830026513,0.0323038286549932,0.200392105547655,0.212174697344889,0.0776933032665385,0.014169263589183,0.0377622388007299,0.17934856654258,0.00680688046344876,0.0585542497684918,0.07161851193739,0.159402802954703,0.0180224398368903,0.199465005118481,0.20383499558556,0.0221316148214256,0.155986674000166,0.0848581232227038,0.0876119768427072,0,0.131825585158828,0.0625083172230202,0.0180815424900746,0.0317184850180223,0.0766039774040331,0.118835276996023,0.0831157276000343,0.0958412380311462,0.0579869387297986,0.0224536802098074,0.193477675661518,0.032735444291169,0.029803071750305,0.111098384054347,0.266352796784541,0.0407803545114055,0.113474093545154,0.0315276028114128,0.179092749453428,0.0190779601037893,0.0592717809532375,0.0510877992601748,0.156742177535904,0.22493716967204,0.045256081030115,0.207019701032759,0.0506120707535161,0.113327012725207,0.0282744739508245,0.0394246458753895,0.198497985067021,0.135305060711405,0.0364285890722543,0.111490817440892,0.0210013542213695
0.0776914713781629,0.0121458028394975,0.0228762331182042,0.0166988325054456,0.114530705139758,0.0135069183006383,0.176225684086168,0.0907021191127529,0.00553252341408754,0.0659862420421731,0.0537204866947441,0.132204159100082,0.135808144402346,0.00421282996827998,0.0342984310197365,0.0156854441209701,0.205411218544309,0.0395537324546842,0.00926759662111755,0.149875813687096,0.177073316390388,0.0330680035148833,0.120440283898185,0.169448599053522,0.0354631787629327,0.068418216219287,0.0105955873276785,0.00722997933679826,0.131825585158828,0,0.0302812278961977,0.0323148708654294,0.0277591572380427,0.0297216668676548,0.0487620013851717,0.013471119090229,0.00675083412939282,0.033928716687232,0.0368793340367692,0.140923429242032,0.0172509250977595,0.00761941311318922,0.0145026868650192,0.144042156137783,0.0721191491953121,0.16544839330421,0.0172278402988618,0.158659344641733,0.00495665912886141,0.112953405864986,0.091741803291328,0.0764626468402937,0.131136524819294,0.0610406869166726,0.171600267654602,0.0592506546863218,0.125427309636628,0.120548639715505,0.0199966446813931,0.090834009982519,0.028690517694753,0.0558489004668593,0.00986537537726502,0.0554491298040772
0.0675195635899235,0.0121127787534657,0.0195152937724985,0.0415374099961844,0.0972512195063145,0.024841610978246,0.109236740930303,0.042351498979347,0.00688881950938136,0.070997071042492,0.0308053876541204,0.0899438585556764,0.167950696826506,0.0166590141242799,0.0332057887868815,0.0663595732332714,0.115159212128481,0.0352135520563804,0.00788067506643088,0.147106896797021,0.134545896522147,0.0525127101645504,0.0725851981120676,0.110285625166613,0.0652104681364284,0.190841421850093,0.106595027718765,0.0492605413154103,0.0625083172230202,0.0302812278961977,0,0.0448096582536153,0.024538254208981,0.0283652715391674,0.0083187854475966,0.0181343177551213,0.0118981889660335,0.0363840840910127,0.0445306384652951,0.0800266170871699,0.0108223196543928,0.00899503174793074,0.0199430890431061,0.160602054351722,0.0302232357012378,0.173520886856803,0.0561889145076473,0.27859335978082,0.0419939244700319,0.0756299457283445,0.0915314979319704,0.0798687823442843,0.0816400065174497,0.0907882143695542,0.167009828470802,0.105099281657095,0.0582689322318772,0.0627899593998479,0.0164055614489481,0.0831876756924695,0.0271906235702943,0.0128040157854108,0.0136740759510467,0.0693376058039559
0.0770376251300368,0.111924631498259,0.0905939048615934,0.0531686418782204,0.105684704771616,0.0275848621443559,0.203770184864297,0.198112758237531,0.0288275249919332,0.0964907664357437,0.0115751208866619,0.202101030646195,0.117944860460796,0.0387688629625206,0.0100843917418919,0.0178501791486132,0.20682658846504,0.0267778249063192,0.0657241568887563,0.24789120356385,0.193264895964309,0.0648485726648128,0.104527719016721,0.138348468519155,0.0131353246884823,0.0706896698164484,0.0296331365663006,0.035728559501849,0.0180815424900746,0.0323148708654294,0.0448096582536153,0,0.0451843665024305,0.0821131921155034,0.0898801072516196,0.0866519220682522,0.059920092539578,0.0292078953129695,0.0639211826818321,0.198075865345797,0.0789246162929542,0.020966896966193,0.0700348393738085,0.107156021056478,0.0295672633353768,0.107943335783202,0.0207498458099984,0.131537991075789,0.0151332880950845,0.205766044927798,0.188444328258842,0.0776414173550671,0.133522763976645,0.0576754114726327,0.172356587382612,0.0585741334494051,0.0725499141016915,0.0567440680935801,0.0255224242099697,0.0823660215174026,0.0570114625057126,0.0222934642634312,0.0695361167605824,0.0712295858592247
0.116510243705283,0.0187843914041923,0.0205604284160695,0.065846591071459,0.12053780350162,0.03647457411082,0.0817768678564694,0.0474211844387526,0.0140537180439382,0.066752217249194,0.0161421311692008,0.0866806378798976,0.107062165110098,0.0193165174810138,0.017909668528281,0.0392969075025857,0.141751502632782,0.0251900227112347,0.0233990945732296,0.167632836087581,0.163017647168908,0.0526814064708491,0.0639351698657791,0.0885236258858205,0.0409137922190621,0.113471220316127,0.0461090135510371,0.0571464947343645,0.0317184850180223,0.0277591572380427,0.024538254208981,0.0451843665024305,0,0.0303620533323821,0.0125906791272999,0.0249423816692252,0.0408026639367022,0.0364138036804148,0.0458622908842105,0.105235558651416,0.0139905288248079,0.0233981371265189,0.0209748653040968,0.100132797487197,0.00670092929572933,0.0951028685848065,0.0270645009811202,0.158028106430674,0.0404314434941798,0.0921014392002353,0.0978660959535778,0.0885453620857119,0.0694319829873466,0.07434150657371,0.15253798824144,0.0901358192574014,0.0334292294485275,0.01852874506988,0.0250038523165785,0.0947222547069727,0.0477236276337909,0.0181751332521721,0.0358088048054474,0.0402732703081516
0.125442891124667,0.0600463530589746,0.0404843963191376,0.0460246037271867,0.134677222263107,0.0153175995428337,0.142768422216701,0.117912227542405,0.00918385755232189,0.0740531216977591,0.0240595270416184,0.149014888190362,0.127570395462241,0.0330933612210118,0.013052911828676,0.0270711296789927,0.19220695967928,0.0278720822116922,0.0111681971490732,0.211863820804235,0.208740050985099,0.0441857500606796,0.117859346916417,0.162173054686598,0.0260860345591939,0.108753894258253,0.0290061210228551,0.0379662639535748,0.0766039774040331,0.0297216668676548,0.0283652715391674,0.0821131921155034,0.0303620533323821,0,0.0658104890758286,0.0167280283085911,0.0205054247111102,0.0308186292612263,0.097417323719236,0.166431671190467,0.0315782568389154,0.0047638843960996,0.016746086391385,0.125403531750634,0.0104300826608568,0.110234718156365,0.0221165028591213,0.144173737000974,0.0163647593019231,0.130871733040286,0.117755805970585,0.109638266025546,0.129808034212286,0.0648274503574053,0.189188497237842,0.0796374196475955,0.0775121724855922,0.0496604120799291,0.0187461908758957,0.151141231226379,0.0596044736916669,0.0532547096193932,0.0469873692505476,0.0693351662453218
