0,0.0703659111870397,0.205854878712416,0.0596156047475892,0.156804905098728,0.0868140589147939,0.297905333140905,0.235998392814622,0.031781991853517,0.124133043097646,0.0407347550936784,0.301228602333754,0.0934912218883421,0.099331648847297,0.0377609789484228,0.0797556294629152,0.195981124721756,0.317452094493135,0.2496120945653,0.166128919410958,0.293102262627013,0.136411509565086,0.203231364237406,0.27770290943849,0.071358752722639,0.12120153030217,0.0555107594247856,0.162326677704079,0.359559872508415,0.118499923241102,0.024223800379604,0.353760776554524,0.218564103744884,0.299051423024944,0.251883894880809,0.150651588251606,0.0680334584007429,0.0471337813748518,0.142054118467733,0.346279614713569,0.142567628129664,0.034511828019394,0.24206128906609,0.103856180316987,0.00500306519872779,0.128182957369979,0.0383259084563958,0.164257886392774,0.187373852955682,0.290048648499062,0.262044168008532,0.0424753472334407,0.133426240902745,0.0922990618943272,0.218369870539221,0.064179510599805,0.243529850863418,0.218255551045533,0.0988070670313704,0.01181699813478,0.144215490933385,0.158913604046689,0.33260841369858,0.213436102156714
0.0703659111870397,0,0.139812817531068,0.0775997412093287,0.0834677219396877,0.0855252630380097,0.165969319451226,0.159803752721898,0.0324605153809145,0.11171472483808,0.0625166495235392,0.228445809521497,0.121986133913264,0.122146414420183,0.0290269553187977,0.0434061718165772,0.100731199048187,0.126245650798118,0.111273564681126,0.0866925531288742,0.208223224423588,0.0787050630432939,0.102165817723215,0.142048982196606,0.0339097764420333,0.108031898414414,0.0851937723402575,0.0558149209360416,0.228522407900221,0.0762683840070001,0.0454232774029474,0.195565900521268,0.147461791389685,0.182405654932504,0.133981039893273,0.0899914365964067,0.0729223529256442,0.0285590723972395,0.127593046015502,0.272121128444041,0.130563397048445,0.0352986019235476,0.309890139105271,0.142395777516115,0.0306754525300432,0.0832910573337052,0.0420378037611551,0.137586257458226,0.0837657078748256,0.133236240592459,0.136243497961597,0.0587674284225391,0.0941503490592624,0.0743983327308128,0.152200594385534,0.0558246199437099,0.112094805221995,0.110688519932101,0.0490979158063105,0.0544569854923393,0.124106472789495,0.0595346192808013,0.15744842260657,0.170730771761178
0.205854878712416,0.139812817531068,0,0.239430647349415,0.12234111491289,0.0322148960269457,0.0295996823683329,0.0697215458170398,0.0718515376341148,0.344777525251011,0.0858737934925528,0.211058660949731,0.137804952621841,0.202732065282574,0.0445792005971593,0.0918448788257117,0.116480137933406,0.0636838287538278,0.0313692517524309,0.0366318743701181,0.268458077679182,0.0877033979808724,0.127960860415098,0.10454487691668,0.0982304211118383,0.142629920678633,0.25450778055014,0.0533610120389625,0.0790797577632243,0.0622754342199994,0.334973509766258,0.214266158597015,0.0662830594189553,0.0590925578484278,0.0584466786226162,0.13016707832333,0.22833420188206,0.0181994464075207,0.176800262557622,0.219058849840568,0.131220470338107,0.0521701556937016,0.243569831557689,0.245447970427685,0.331639180077988,0.0483438963011509,0.105771655551575,0.116107974450535,0.018763208823592,0.0324249898731497,0.0541362977190364,0.0457391878968278,0.0841826994418234,0.127675339334181,0.131291399419726,0.0689084904144998,0.0915787079420147,0.0219973311271716,0.0320801726390478,0.158729922114601,0.205900614173616,0.0304748004213448,0.019380502537213,0.303795741244355
0.0596156047475892,0.0775997412093287,0.239430647349415,0,0.0725992991542915,0.176965034950505,0.263952764450592,0.227220731980977,0.0795888211251483,0.0507686242382562,0.0957002889563611,0.281866247607939,0.0863700602966019,0.145284809074944,0.03459371210056,0.0578573126474795,0.255187543725153,0.263359717006024,0.203395095798921,0.155836603040974,0.26462118554683,0.0933221534619271,0.0635323480961063,0.168409902396881,0.0318178087846344,0.101455574482137,0.026839943048766,0.0988697103259388,0.316670053056834,0.155362554516511,0.0345611700536411,0.358722414222151,0.313194939331428,0.294743133015359,0.227379261013332,0.169825054737375,0.116625921586954,0.0716723782190044,0.163332388750278,0.265111928087524,0.15576991855147,0.0555591130617829,0.251247412554519,0.0836632369219297,0.0296261746842492,0.113751986823601,0.0435433376796059,0.176885776697307,0.128054249658693,0.230054604515338,0.20387243030714,0.0606522334674696,0.0553694997834001,0.0636318715489062,0.208593492813372,0.0453383606912469,0.198291836647364,0.159106784364086,0.0660117577427664,0.0175715047689772,0.0991037198102455,0.0967098762378312,0.260678517906196,0.18801554050655
0.156804905098728,0.0834677219396877,0.12234111491289,0.0725992991542915,0,0.167897189041059,0.19565140583722,0.166292707872399,0.087322395012504,0.0642420841731927,0.0861064870770027,0.165693463527724,0.0567120073814607,0.0630750420263818,0.0254725806780319,0.0361270517958817,0.156636167711058,0.218017904412393,0.236915313885587,0.182033258614216,0.126535971749787,0.0938125580444193,0.0350995441267379,0.114125147124464,0.0379469552213164,0.0520291273482463,0.0507813676965424,0.119195330457027,0.16767913123369,0.0755505202564615,0.0885834351345665,0.211844866456265,0.188136277104676,0.184396629599189,0.16834570895846,0.149848905109971,0.106201691709363,0.0911197712093244,0.0586082022248471,0.155477966840697,0.0583930559312434,0.0579005588167941,0.109854628466526,0.020702047674564,0.0329524816087332,0.0666973294381794,0.0381975294382723,0.112615741555638,0.178423909729758,0.224166706138196,0.216511622166713,0.126211073076599,0.0350987034579079,0.0249657833629013,0.132406069398672,0.0275241753883449,0.133796830092569,0.122763700954886,0.0673592471438906,0.0535630190679678,0.081055828847777,0.0647978590947194,0.200856118066766,0.0737552897902671
0.0868140589147939,0.0855252630380097,0.0322148960269457,0.176965034950505,0.167897189041059,0,0.0726209801965368,0.0434203358381673,0.138413377426513,0.277555416831873,0.0734089515398518,0.138223301784157,0.0710358411852372,0.171821556559519,0.0327854687770062,0.0673898177318615,0.107681053946974,0.165171616256974,0.0691312641302661,0.0498278898341176,0.216513616337355,0.104434772628061,0.129906636016967,0.0940365695019047,0.0641984556969187,0.0826646644608417,0.0921882082143343,0.0267599266904675,0.0615166761782411,0.0455597509361187,0.140345482910662,0.14551066468411,0.0586055296483919,0.0746491192565588,0.0422748893015284,0.0688453542947229,0.131113518337033,0.0136926358014262,0.0894578606856379,0.141032908136827,0.0864889649235822,0.0264326532875613,0.208759239651859,0.173081700202931,0.107276737744174,0.0366770999804504,0.083126720490244,0.12893381466555,0.129355935061215,0.154896553701938,0.0806104345782414,0.015348633778792,0.0728431979446821,0.121851962391224,0.132235764312069,0.0598050031900397,0.0874037724595593,0.0385878769464821,0.020269418057414,0.0691787179837171,0.0961104791059954,0.0491409680539339,0.0739780205563065,0.162219206744522
0.297905333140905,0.165969319451226,0.0295996823683329,0.263952764450592,0.19565140583722,0.0726209801965368,0,0.0636034092856728,0.176617693055664,0.441368801179417,0.073373450764308,0.207985164654432,0.151998514016205,0.193485664588437,0.043562646171927,0.0894168803970764,0.116754322464072,0.162169903508247,0.0724382814883973,0.0826729273212792,0.276590798353596,0.157384792518896,0.218008614274879,0.164390076269112,0.0966734424768891,0.135897622749212,0.246524475590947,0.0745377734511385,0.0440793450946171,0.076897587257591,0.362876560170712,0.137537917561703,0.0341210811732889,0.0165019285688909,0.120408543440098,0.271989766579123,0.274767483836549,0.0361966209247137,0.153278037411455,0.254722441380912,0.127965656846594,0.0405264695495541,0.227750611363995,0.282049259235207,0.215753507464133,0.0504548889933267,0.131533539304013,0.136201105276033,0.0398837296874705,0.0285332093846031,0.102793647662922,0.0956117323507646,0.120813859429047,0.170184905001851,0.163281768015145,0.0749840852428639,0.128311347564593,0.0493577604008417,0.0329342726492048,0.188232799264749,0.206445076045093,0.0412477231847694,0.0455396056775115,0.293736971239454
0.235998392814622,0.159803752721898,0.0697215458170398,0.227220731980977,0.166292707872399,0.0434203358381673,0.0636034092856728,0,0.115531821331529,0.410820426966785,0.0831379714122412,0.222099479743798,0.148725368327279,0.179801947343955,0.0616672808231469,0.0885045027901843,0.119639633893825,0.140124934425319,0.0364484625927055,0.0355441526486771,0.273301461494431,0.128897669138673,0.17131223071621,0.12926609592447,0.112549108292965,0.119547889104608,0.194647210503063,0.0776350299597799,0.0653615482690651,0.104264186077393,0.25814245967836,0.0833089418054502,0.0766054089067082,0.0441192953527078,0.117619080256647,0.186244493364759,0.196216270609005,0.0344767826374027,0.200440993541159,0.254262615035612,0.147365009771866,0.0669995512140193,0.21139628916563,0.220627441367592,0.190330179866143,0.0723102254947858,0.122242720782694,0.134882431009433,0.0507554641179879,0.029328064111877,0.0295465584004067,0.05711634610397,0.1030921383086,0.153650846333284,0.152021534985351,0.0757061172458697,0.131855994432599,0.0762598038751798,0.0499873910989674,0.141576565234758,0.17142566581628,0.0530969366523337,0.0553460311209034,0.265492043231678
0.031781991853517,0.0324605153809145,0.0718515376341148,0.0795888211251483,0.087322395012504,0.138413377426513,0.176617693055664,0.115531821331529,0,0.147831149173011,0.0917799434089219,0.137808924827067,0.04528108534389,0.116393709337925,0.0169061465800621,0.0765830094792687,0.154642039800322,0.260083359586262,0.215625618083235,0.146566075725829,0.10502679880055,0.0523543764489644,0.146779621162905,0.137243563859165,0.0744671798324655,0.0516947444628602,0.0615679190212574,0.111544982068447,0.108643764364207,0.0582606753672083,0.0512798597620891,0.181978829636946,0.113827608904544,0.123522334966807,0.073136346411508,0.0548159937718205,0.037349859639386,0.0191638687752733,0.108149105362351,0.149154001628618,0.0652348134539849,0.0150036822083732,0.167421627966958,0.095567829761278,0.0396145558361046,0.0550617097081028,0.0662006383512199,0.171958353144229,0.254320499737476,0.288087604908938,0.21008021222238,0.0486187377990712,0.0783298197570537,0.0736603687274571,0.0830886056558234,0.0576330293729257,0.130482763959228,0.108383395032694,0.0672603119419323,0.0325597299690133,0.0372104682479422,0.0716177367672796,0.177246503427944,0.202242591128158
0.124133043097646,0.11171472483808,0.344777525251011,0.0507686242382562,0.0642420841731927,0.277555416831873,0.441368801179417,0.410820426966785,0.147831149173011,0,0.108539139652503,0.38083976779721,0.150664594539171,0.0258327980270572,0.137929909409788,0.1212886486852,0.263845345450056,0.365277824855999,0.368792640779334,0.419344749014933,0.316967807131132,0.208099216348118,0.192177807779572,0.33941918422638,0.166216812650015,0.159597305802659,0.122011049567309,0.279245091169131,0.428750716301527,0.21532366754561,0.221037986474357,0.407774017355158,0.320394281530692,0.384846437481123,0.323523507878369,0.288731431185845,0.222884687527671,0.112639776287714,0.168008115447554,0.406003133772114,0.16596758805064,0.135773343507373,0.11435618765549,0.056097803308552,0.099948608935206,0.284362293202969,0.0833582763878636,0.204091278381731,0.254221404746225,0.402600263123613,0.481526648711274,0.227961591131374,0.143896984650425,0.0678757478402789,0.303556852829403,0.0810991198443931,0.332164860129551,0.36004751289131,0.23855844891741,0.0853634068376811,0.231676160269774,0.201627622578173,0.36360444832196,0.28803681883479
0.0407347550936784,0.0625166495235392,0.0858737934925528,0.0957002889563611,0.0861064870770027,0.0734089515398518,0.073373450764308,0.0831379714122412,0.0917799434089219,0.108539139652503,0,0.121754353187576,0.0634628970864099,0.0891749644351975,0.0863661720079533,0.0327639954815288,0.0537359052192641,0.0901568776480905,0.031600158412422,0.0482556126645706,0.102121546214059,0.118802422542012,0.148338503458667,0.141303445585124,0.0395016256317554,0.0526259602663925,0.0168034577587191,0.0255553321195313,0.0919286636498001,0.0583395044002133,0.0645962683238114,0.0782708025909789,0.0650405971969615,0.0707583750264916,0.0479546418070042,0.0633139702810226,0.0953846189282184,0.0535798750991318,0.0639017170255073,0.125420388609582,0.0958508217377055,0.0985103977126413,0.096320452737346,0.0957696586844852,0.0824534330543936,0.0756370115453373,0.0332464110545596,0.012749137142878,0.051091577884017,0.0930799947826572,0.0752957540645691,0.0484852109553972,0.103625179248241,0.0392856309836518,0.0896303617747382,0.0113296569118067,0.0752305757753448,0.0636487646819452,0.0436981415287734,0.0333715288985514,0.0978997739756506,0.0413678412708182,0.0343820140346702,0.101128032124803
0.301228602333754,0.228445809521497,0.211058660949731,0.281866247607939,0.165693463527724,0.138223301784157,0.207985164654432,0.222099479743798,0.137808924827067,0.38083976779721,0.121754353187576,0,0.23035464969157,0.227890922030465,0.103061363694852,0.0819062229854377,0.126794795950377,0.0988164838927725,0.127958996187046,0.119641653643739,0.237662610634992,0.10205252162386,0.117710184982006,0.0975084680450204,0.128550822240359,0.168530271014623,0.27238560755136,0.142031192956119,0.215571464763467,0.19047092486727,0.333496054537218,0.0606311842719397,0.151673404925322,0.14561684395258,0.181506433797397,0.265699714542747,0.26879276013402,0.0699183401256226,0.106901015012582,0.035908422354926,0.134660104127871,0.0982355061325956,0.175441611960292,0.305015326687955,0.281635934873458,0.15987122371149,0.218270665793917,0.177414997103803,0.0855371825340247,0.0564181861274049,0.0892044114016222,0.0874856456695664,0.0886993752057675,0.116317191995278,0.105561285053664,0.116481924720439,0.158596132793374,0.15838970767028,0.117300532593816,0.188761271560381,0.233288785343579,0.056566222372163,0.134019425733546,0.0494905618982381
0.0934912218883421,0.121986133913264,0.137804952621841,0.0863700602966019,0.0567120073814607,0.0710358411852372,0.151998514016205,0.148725368327279,0.04528108534389,0.150664594539171,0.0634628970864099,0.23035464969157,0,0.112374814831087,0.0966653593369396,0.106421141169437,0.143582096070033,0.15027812721441,0.0799014299777007,0.0949573502169579,0.179798600567935,0.0822578311852789,0.0871519976456162,0.148454723990806,0.141671209211303,0.0377130488071421,0.106697543058612,0.0773275636079992,0.234283809417071,0.12673326229716,0.109057476900967,0.145819734637434,0.120356876699312,0.113070561091482,0.104879254944394,0.0888177096699726,0.0957912045896181,0.0456784806603514,0.0766436438323095,0.19437196150527,0.0531260763415069,0.101797073268081,0.184501076707519,0.0560269905533531,0.11051469983206,0.145763974723307,0.0863092733724465,0.120920417673903,0.072318500993437,0.107668999144495,0.108995233167651,0.0201932211337458,0.0727816478262063,0.078915634567855,0.135493189541886,0.055398661719263,0.200753223789035,0.166114139142732,0.0717096013607258,0.0648423263719885,0.10465985237284,0.0668970493055963,0.105393612036561,0.141900951137709
0.099331648847297,0.122146414420183,0.202732065282574,0.145284809074944,0.0630750420263818,0.171821556559519,0.193485664588437,0.179801947343955,0.116393709337925,0.0258327980270572,0.0891749644351975,0.227890922030465,0.112374814831087,0,0.121307344961539,0.115116125692229,0.196949806463579,0.137134938697792,0.136724220120538,0.1304946634459,0.161431277370909,0.115239779167941,0.0696841176922461,0.102607580108876,0.0788247964195958,0.124347690474133,0.0594092881061919,0.0637103503938636,0.244848562142456,0.217271283753689,0.113747826885424,0.178714548800201,0.208205416076019,0.180549532728069,0.14287936736359,0.1576520878189,0.153928656170571,0.0923920660576421,0.157709836586015,0.13472422665474,0.198776683898001,0.15264500997691,0.212433005967305,0.0810159705959941,0.105804019823064,0.143604664735251,0.16198390638976,0.0877113834794312,0.0303677286972068,0.125257240274362,0.130722952864753,0.0616200686549705,0.0608837169636401,0.0304560182230198,0.142743812610423,0.0414676548742256,0.170318109880095,0.132499079840224,0.0724881557768946,0.0565497145059503,0.104553693452242,0.0528171534082818,0.151767163673565,0.109221352735741
0.0377609789484228,0.0290269553187977,0.0445792005971593,0.03459371210056,0.0254725806780319,0.0327854687770062,0.043562646171927,0.0616672808231469,0.0169061465800621,0.137929909409788,0.0863661720079533,0.103061363694852,0.0966653593369396,0.121307344961539,0,0.0404697717617536,0.0407722902140406,0.0321053263658003,0.0332969331931908,0.0272440987033503,0.149717513847811,0.0333127026306323,0.0322634818220844,0.0318745930561042,0.0466669549436589,0.169054253688628,0.163414914280633,0.0550517700386641,0.0635597933025335,0.0135069702052725,0.0621704519368779,0.0580417458557404,0.048476520190843,0.0404162077156794,0.0217618811765195,0.0140698364052027,0.00619887790417831,0.0396913912472207,0.136635353750243,0.0973192253170627,0.148117576830212,0.0434503580586197,0.126352579316771,0.0700531312965312,0.147767132050526,0.0260528643561818,0.0529739428787187,0.0709334275281989,0.0466800618444918,0.0416022690419909,0.0535406724453525,0.0195674621012657,0.0155478293820953,0.0881799122173905,0.0773632098693416,0.0803391472245233,0.022942073028197,0.0270373297181769,0.0632043758021239,0.0550162246741433,0.0307417767300228,0.037497647663801,0.0292688602231169,0.146446967110389
0.0797556294629152,0.0434061718165772,0.0918448788257117,0.0578573126474795,0.0361270517958817,0.0673898177318615,0.0894168803970764,0.0885045027901843,0.0765830094792687,0.1212886486852,0.0327639954815288,0.0819062229854377,0.106421141169437,0.115116125692229,0.0404697717617536,0,0.0851269231246777,0.0555006166920766,0.0867335338238406,0.0807697332569576,0.113080126403688,0.0622725367513562,0.0739095487926418,0.0454074820019252,0.0367133055443475,0.186943763942533,0.178796093516704,0.10837218026304,0.0948751955716933,0.069792024194875,0.133012433203272,0.0758627716628506,0.0811959653562303,0.074040756207695,0.0712340208971101,0.0839712560685236,0.0748219918521666,0.0245486580563796,0.0851412779040006,0.0714123351807227,0.0715518213662138,0.0398031511768991,0.106878713759378,0.106335572035653,0.167701744965334,0.103150545301218,0.124239041218454,0.0764045796818048,0.0691155875498644,0.0697283667487285,0.100939186556212,0.069413732402039,0.0569416755429304,0.0492685366069115,0.0662906197524274,0.0553090232336446,0.0799391334833484,0.0868386808424685,0.153128822233106,0.11371262922407,0.101375113626612,0.0449290065458296,0.0828489902358698,0.182013916302519
0.195981124721756,0.100731199048187,0.116480137933406,0.255187543725153,0.156636167711058,0.107681053946974,0.116754322464072,0.119639633893825,0.154642039800322,0.263845345450056,0.0537359052192641,0.126794795950377,0.143582096070033,0.196949806463579,0.0407722902140406,0.0851269231246777,0,0.0292473003014708,0.10414607761249,0.104488872788362,0.198954001985827,0.119694146915204,0.175245325520942,0.126828747600127,0.0908693831539921,0.191909053436243,0.27340419520633,0.125429823700397,0.0828409242529456,0.138307846500496,0.338206992531686,0.122299386151393,0.107846541174651,0.0814757961800189,0.0765650382954286,0.177781550452095,0.20401731581503,0.0413344090871128,0.0919866253632256,0.156163252287489,0.0914094995335839,0.0238173061757933,0.202547677852448,0.288466438621801,0.226743859163241,0.0590013861303376,0.239944109168912,0.114683798569305,0.0446130147501909,0.0700610185772791,0.11453668993437,0.109059883167906,0.102260136744151,0.117604198685716,0.124777681355764,0.085538545508808,0.119089543139864,0.0598572284452766,0.126036650398736,0.188748135445888,0.161206021933684,0.0151170602804801,0.0761032124060942,0.238112928297841
0.317452094493135,0.126245650798118,0.0636838287538278,0.263359717006024,0.218017904412393,0.165171616256974,0.162169903508247,0.140124934425319,0.260083359586262,0.365277824855999,0.0901568776480905,0.0988164838927725,0.15027812721441,0.137134938697792,0.0321053263658003,0.0555006166920766,0.0292473003014708,0,0.199620772398106,0.19938533274309,0.181075769241333,0.184154225270485,0.254264756241263,0.154830537602141,0.0647410579897827,0.150961355608142,0.308385452930835,0.14842444983412,0.0202532942817842,0.0672789716381892,0.360306999791412,0.0468722495113971,0.0867470722249541,0.0903476597886918,0.112964788483041,0.288348741211435,0.276190248690285,0.0788109648767949,0.0771647391765208,0.161892523412894,0.109811753375013,0.0241075345074963,0.165038708983626,0.276764840310043,0.146969940758359,0.023802814965374,0.12278403536796,0.107551379755252,0.132419914792381,0.178890317637474,0.199179281605131,0.19986588807502,0.135289992593758,0.158553078336636,0.107634365128496,0.0586427158832342,0.0587622048172098,0.0272599485728844,0.0492604444103933,0.232448983245426,0.184772156928703,0.0115813106211928,0.134012294438893,0.24465547221697
0.2496120945653,0.111273564681126,0.0313692517524309,0.203395095798921,0.236915313885587,0.0691312641302661,0.0724382814883973,0.0364484625927055,0.215625618083235,0.368792640779334,0.031600158412422,0.127958996187046,0.0799014299777007,0.136724220120538,0.0332969331931908,0.0867335338238406,0.10414607761249,0.199620772398106,0,0.0479542865265284,0.176175377675115,0.187542622736288,0.297093259341443,0.183389363614447,0.0856233693511329,0.0663343454716502,0.100160827944372,0.0494988831341916,0.0727176609663053,0.0487660480445862,0.155063040543315,0.140023477304318,0.0454703944954697,0.0400831591689346,0.0341721505582588,0.169904271011405,0.20281057630845,0.0420955568488205,0.0925635827212262,0.192138550482372,0.0657281407268682,0.0230101730165781,0.198266699576018,0.20777652867483,0.0833801893399222,0.0520879205490752,0.0813195487612943,0.137578187997013,0.191559163013813,0.189479088920695,0.0718924277661012,0.100066388533309,0.150136498825573,0.148252208413922,0.100351176639366,0.0678871385346494,0.118462614194278,0.0682022634824628,0.029026739258277,0.120766443923269,0.122774375852661,0.0856240824241162,0.0879404526428046,0.226116200143536
0.166128919410958,0.0866925531288742,0.0366318743701181,0.155836603040974,0.182033258614216,0.0498278898341176,0.0826729273212792,0.0355441526486771,0.146566075725829,0.419344749014933,0.0482556126645706,0.119641653643739,0.0949573502169579,0.1304946634459,0.0272440987033503,0.0807697332569576,0.104488872788362,0.19938533274309,0.0479542865265284,0,0.246709024886236,0.178797013363678,0.24339643312637,0.167429468579075,0.100416983970773,0.100085706876104,0.115508857510184,0.0873938717065503,0.0673353514023521,0.0548930361800611,0.117578295477982,0.119222822742095,0.0511875119771049,0.0443907297787126,0.0538033977101145,0.0845660945051429,0.105583046945211,0.0339170291384611,0.0795034046545907,0.189148439240891,0.0779770315559652,0.0314908072290372,0.165609204401182,0.162024156587538,0.0721051435572833,0.0507820628662154,0.0866256907636171,0.157873613911379,0.215270359695824,0.232502461111269,0.288705208118538,0.0639792033095591,0.127079699674376,0.183531786199357,0.174849349804127,0.0753695054315421,0.131468348147002,0.0923761514592655,0.0498259535096415,0.064392056011375,0.0676584861409145,0.0920432537363665,0.0927725953122873,0.240983667886394
0.293102262627013,0.208223224423588,0.268458077679182,0.26462118554683,0.126535971749787,0.216513616337355,0.276590798353596,0.273301461494431,0.10502679880055,0.316967807131132,0.102121546214059,0.237662610634992,0.179798600567935,0.161431277370909,0.149717513847811,0.113080126403688,0.198954001985827,0.181075769241333,0.176175377675115,0.246709024886236,0,0.229957601789295,0.0511869052483552,0.14262955706174,0.20341840212576,0.100376379200795,0.263016706869987,0.196004922507056,0.293897989668744,0.214971349226695,0.294947326908698,0.16729845850217,0.249666167489413,0.249329208670143,0.243882282519606,0.264867296901985,0.287388986670331,0.0706778890434991,0.0579052744144872,0.0704915347546329,0.0419015096026324,0.148277491841892,0.11281470627183,0.204820988671405,0.260926400911901,0.192735442583127,0.193561431800486,0.20094129002006,0.0964705347981246,0.15941755674237,0.239447158133561,0.0667480901630253,0.0679043596805584,0.130054092902318,0.237804322122459,0.13105861516731,0.232030567465695,0.261960686412325,0.165966280266556,0.159187111084841,0.239964535967511,0.0966876612161862,0.193643257400867,0.0279606595849939
0.136411509565086,0.0787050630432939,0.0877033979808724,0.0933221534619271,0.0938125580444193,0.104434772628061,0.157384792518896,0.128897669138673,0.0523543764489644,0.208099216348118,0.118802422542012,0.10205252162386,0.0822578311852789,0.115239779167941,0.0333127026306323,0.0622725367513562,0.119694146915204,0.184154225270485,0.187542622736288,0.178797013363678,0.229957601789295,0,0.0481736883240773,0.11891198862129,0.0900297510144415,0.109402657824184,0.142498367508351,0.129296430457617,0.104641174130633,0.0808910793906446,0.114425665753855,0.120664770496212,0.0973464587506649,0.106744513556296,0.112766499676703,0.121526723855025,0.0904676393952534,0.0101524190620328,0.103997596304884,0.145148803708745,0.108105554478425,0.0482011749356993,0.138638569343008,0.0955654113283477,0.0715388963966788,0.0589802308505846,0.0900715948414964,0.149840990023538,0.194945489355801,0.206617632780576,0.246744030083805,0.0632031654190635,0.00850037209013705,0.124596868134795,0.158813345773835,0.0757079200889956,0.131710215843097,0.109563723120116,0.0851037314564914,0.065920218842728,0.0384070173908519,0.0903562258515844,0.158075285649369,0.141854186401994
0.203231364237406,0.102165817723215,0.127960860415098,0.0635323480961063,0.0350995441267379,0.129906636016967,0.218008614274879,0.17131223071621,0.146779621162905,0.192177807779572,0.148338503458667,0.117710184982006,0.0871519976456162,0.0696841176922461,0.0322634818220844,0.0739095487926418,0.175245325520942,0.254264756241263,0.297093259341443,0.24339643312637,0.0511869052483552,0.0481736883240773,0,0.155951820169621,0.102012462957984,0.0701646636020449,0.172611429392953,0.206854932912238,0.172409847425865,0.116361627676267,0.194275923102151,0.183325761182088,0.146477188556493,0.16875466569311,0.195815857942323,0.208007976551255,0.107234209812227,0.06696208007533,0.0850030308496935,0.124271603230026,0.0658391924353616,0.0528696310441095,0.102991030967475,0.0507617479833257,0.0726167549190835,0.0932708214566592,0.0825423693497256,0.159610362238871,0.27034896819044,0.253973000986739,0.271690251922317,0.201084014883166,0.00871112652220286,0.0364802379914694,0.0565170691896598,0.0661400790724471,0.170670109939652,0.166134751290502,0.132632471686233,0.143582539753791,0.0757316246644215,0.120649013376942,0.262113957719233,0.104811042205035
0.27770290943849,0.142048982196606,0.10454487691668,0.168409902396881,0.114125147124464,0.0940365695019047,0.164390076269112,0.12926609592447,0.137243563859165,0.33941918422638,0.141303445585124,0.0975084680450204,0.148454723990806,0.102607580108876,0.0318745930561042,0.0454074820019252,0.126828747600127,0.154830537602141,0.183389363614447,0.167429468579075,0.14262955706174,0.11891198862129,0.155951820169621,0,0.0668693943733134,0.133636932487469,0.247391284264651,0.180976110473108,0.0885302406038773,0.0988804139871903,0.268389101433129,0.0920837835085511,0.115330749803743,0.116576436237474,0.180529049731692,0.217129764917264,0.173052545743612,0.0375716431478763,0.0917607801128944,0.126762547678423,0.107083921931803,0.055372054460183,0.116526969960277,0.162143830337847,0.129125283378931,0.0528854756120485,0.125016699974167,0.169919237315077,0.193761086975088,0.141605839102108,0.184038668976642,0.153977454797458,0.0905374097087013,0.109260877787914,0.0850225753429905,0.0598075336727525,0.104472890939427,0.106930617996927,0.0995556751689753,0.182420335225183,0.140629733601131,0.0504824234090953,0.161462360271774,0.084907785034007
0.071358752722639,0.0339097764420333,0.0982304211118383,0.0318178087846344,0.0379469552213164,0.0641984556969187,0.0966734424768891,0.112549108292965,0.0744671798324655,0.166216812650015,0.0395016256317554,0.128550822240359,0.141671209211303,0.0788247964195958,0.0466669549436589,0.0367133055443475,0.0908693831539921,0.0647410579897827,0.0856233693511329,0.100416983970773,0.20341840212576,0.0900297510144415,0.102012462957984,0.0668693943733134,0,0.289271153258614,0.197140890615903,0.114591913354193,0.126317019335438,0.057323628838647,0.105478178044782,0.117272867851913,0.0969122545217994,0.0896958017665525,0.0679420493908776,0.0682556541832458,0.0579979511237229,0.0181339082118148,0.101144639701513,0.133576275645931,0.102014120666951,0.0381302930357928,0.11959217106566,0.0948329318703258,0.0635542220374634,0.0748477162052969,0.0281161869665992,0.0999708610122554,0.0794281158845138,0.0846812709035666,0.12756087682986,0.0780991946674885,0.0695277821666604,0.124822305038485,0.103874686867963,0.0926084851565662,0.0894291407423141,0.118885143252469,0.163430247029022,0.0936883976348158,0.0713010163336882,0.0236565684680532,0.0764790264001299,0.190562483251177
0.12120153030217,0.108031898414414,0.142629920678633,0.101455574482137,0.0520291273482463,0.0826646644608417,0.135897622749212,0.119547889104608,0.0516947444628602,0.159597305802659,0.0526259602663925,0.168530271014623,0.0377130488071421,0.124347690474133,0.169054253688628,0.186943763942533,0.191909053436243,0.150961355608142,0.0663343454716502,0.100085706876104,0.100376379200795,0.109402657824184,0.0701646636020449,0.133636932487469,0.289271153258614,0,0.155545317639403,0.097155865860349,0.217458207490948,0.152177021868441,0.123956072118691,0.158025328580968,0.148059595909958,0.118580176181728,0.1116801179267,0.103885537313131,0.112678858240292,0.038050140198556,0.0653936906693832,0.114970624078188,0.03179052233743,0.134968361739216,0.0953192901899872,0.0670312033636648,0.133593298834051,0.177528242618564,0.146068015051734,0.27129130197393,0.042517604132385,0.0729638493106813,0.0886722325591364,0.0268562298976364,0.069194302606894,0.226526753443378,0.0647157095397788,0.230930879927391,0.254968010812943,0.238246572878705,0.113089011167313,0.056751804221228,0.0963364587909823,0.0866749280793444,0.0974023338794175,0.188842684991861
0.0555107594247856,0.0851937723402575,0.25450778055014,0.026839943048766,0.0507813676965424,0.0921882082143343,0.246524475590947,0.194647210503063,0.0615679190212574,0.122011049567309,0.0168034577587191,0.27238560755136,0.106697543058612,0.0594092881061919,0.163414914280633,0.178796093516704,0.27340419520633,0.308385452930835,0.100160827944372,0.115508857510184,0.263016706869987,0.142498367508351,0.172611429392953,0.247391284264651,0.197140890615903,0.155545317639403,0,0.228623267554589,0.365635725946552,0.207834776862367,0.0708830998667641,0.344632302524442,0.249646210860786,0.240884302083475,0.172541010178977,0.106376912645839,0.11515982400675,0.0326722416095563,0.15309214367308,0.279423045366773,0.136010928872666,0.135130978080171,0.178919336352237,0.0586084184933865,0.0765807076842567,0.249256460659658,0.0785329962102494,0.197142636755323,0.0867969533702719,0.164574734196533,0.143902215898398,0.0498299661588143,0.134838020881822,0.133170186999362,0.169700291652056,0.108412158838214,0.370436259523836,0.388548313635419,0.244994992441013,0.0487596670604923,0.136906132079409,0.15794523164288,0.197403921096791,0.336294354842761
0.162326677704079,0.0558149209360416,0.0533610120389625,0.0988697103259388,0.119195330457027,0.0267599266904675,0.0745377734511385,0.0776350299597799,0.111544982068447,0.279245091169131,0.0255553321195313,0.142031192956119,0.0773275636079992,0.0637103503938636,0.0550517700386641,0.10837218026304,0.125429823700397,0.14842444983412,0.0494988831341916,0.0873938717065503,0.196004922507056,0.129296430457617,0.206854932912238,0.180976110473108,0.114591913354193,0.097155865860349,0.228623267554589,0,0.158252999358101,0.0312818607052024,0.191213915910993,0.250668007776148,0.0760378625203872,0.0728004135850535,0.0347169435913128,0.0665894923853211,0.0853926611194872,0.0249240522213238,0.113255447017173,0.210555644156769,0.0672727907068969,0.0313588656080344,0.137539537893892,0.127472585113487,0.0347413354869888,0.0828465166920701,0.030279983881874,0.157871178231957,0.0435089995544576,0.0475193690864363,0.0845636801910518,0.104375454002537,0.1319707859021,0.150316792983962,0.0834623032968739,0.0802793574244979,0.202388507125861,0.218253352268695,0.0357724880611174,0.166022830794992,0.116267154122042,0.0756462014001964,0.0459698715648687,0.345769532061007
0.359559872508415,0.228522407900221,0.0790797577632243,0.316670053056834,0.16767913123369,0.0615166761782411,0.0440793450946171,0.0653615482690651,0.108643764364207,0.428750716301527,0.0919286636498001,0.215571464763467,0.234283809417071,0.244848562142456,0.0635597933025335,0.0948751955716933,0.0828409242529456,0.0202532942817842,0.0727176609663053,0.0673353514023521,0.293897989668744,0.104641174130633,0.172409847425865,0.0885302406038773,0.126317019335438,0.217458207490948,0.365635725946552,0.158252999358101,0,0.138798288367051,0.461002870003665,0.0755725867673954,0.0407133754038243,0.0498917523986994,0.153651242316283,0.260019622191123,0.289684480486432,0.0179780782933749,0.153663215806511,0.263432857166579,0.140732956281416,0.0683595129842661,0.291116888396903,0.330777970811957,0.365330184632915,0.0685409402437561,0.177787646018467,0.157380477810087,0.0532441773174595,0.0282599075768255,0.0839731157931967,0.102316123183861,0.108409571548201,0.147691635066856,0.158487206078921,0.101551226725072,0.0916979058564105,0.0942490532196899,0.100392666922031,0.276852324079436,0.312152410255158,0.0315830640672346,0.0587841566684021,0.234213562681468
0.118499923241102,0.0762683840070001,0.0622754342199994,0.155362554516511,0.0755505202564615,0.0455597509361187,0.076897587257591,0.104264186077393,0.0582606753672083,0.21532366754561,0.0583395044002133,0.19047092486727,0.12673326229716,0.217271283753689,0.0135069702052725,0.069792024194875,0.138307846500496,0.0672789716381892,0.0487660480445862,0.0548930361800611,0.214971349226695,0.0808910793906446,0.116361627676267,0.0988804139871903,0.057323628838647,0.152177021868441,0.207834776862367,0.0312818607052024,0.138798288367051,0,0.22985821839242,0.240018001168329,0.111379059651131,0.0796387808683676,0.0507575468128848,0.0627684722064845,0.0878845502059476,0.0171568411019064,0.15743066739204,0.210662647152273,0.137819903922044,0.0290318128890023,0.260761774423482,0.204970690232382,0.246563868233673,0.0383271099308995,0.120115763712131,0.130713578528694,0.0145478482496936,0.0544374559051427,0.0778573239552578,0.0389976280061068,0.0740420629543716,0.109418029282369,0.125678846459292,0.0632589181348828,0.0728377799435421,0.0237811689704515,0.0323332423103059,0.14339621569112,0.146961588575572,0.00546110340999946,0.0496022006347607,0.261126569808525
0.024223800379604,0.0454232774029474,0.334973509766258,0.0345611700536411,0.0885834351345665,0.140345482910662,0.362876560170712,0.25814245967836,0.0512798597620891,0.221037986474357,0.0645962683238114,0.333496054537218,0.109057476900967,0.113747826885424,0.0621704519368779,0.133012433203272,0.338206992531686,0.360306999791412,0.155063040543315,0.117578295477982,0.294947326908698,0.114425665753855,0.194275923102151,0.268389101433129,0.105478178044782,0.123956072118691,0.0708830998667641,0.191213915910993,0.461002870003665,0.22985821839242,0,0.440050037952324,0.336508743674123,0.338273341834151,0.222075276165788,0.15936972368397,0.100101707807649,0.0417320989073718,0.209196701708328,0.346460943836005,0.167554598307557,0.0421355395616239,0.245305562340641,0.135796615719323,0.00499176575804907,0.214811180052913,0.0668274360494508,0.27288896056086,0.168613735474438,0.249046459088553,0.186105544273921,0.0490935427305643,0.132599450069839,0.107974819391745,0.205263695477857,0.093804271098794,0.359932892090625,0.325215578121544,0.148142774575828,0.042700955536008,0.160677333748177,0.125050484342925,0.313060141026971,0.366952064011806
0.353760776554524,0.195565900521268,0.214266158597015,0.358722414222151,0.211844866456265,0.14551066468411,0.137537917561703,0.0833089418054502,0.181978829636946,0.407774017355158,0.0782708025909789,0.0606311842719397,0.145819734637434,0.178714548800201,0.0580417458557404,0.0758627716628506,0.122299386151393,0.0468722495113971,0.140023477304318,0.119222822742095,0.16729845850217,0.120664770496212,0.183325761182088,0.0920837835085511,0.117272867851913,0.158025328580968,0.344632302524442,0.250668007776148,0.0755725867673954,0.240018001168329,0.440050037952324,0,0.201265279564845,0.1583502106696,0.279341925754762,0.340565652862227,0.356902127075903,0.0537158500908748,0.088714147447532,0.145496599203754,0.0735112372822027,0.0640202236376015,0.191591618925236,0.282492435258052,0.301430970507837,0.0895418474620404,0.214298465895884,0.130530557552435,0.0875460256442417,0.0644940611186893,0.104674886884756,0.128793623784608,0.108919493397586,0.126547564414042,0.0680979102158874,0.0599865979318237,0.166107526194217,0.162501059217045,0.188593561962087,0.259465058675152,0.361065916395498,0.0515986796158242,0.146004185389553,0.229289787072039
0.218564103744884,0.147461791389685,0.0662830594189553,0.313194939331428,0.188136277104676,0.0586055296483919,0.0341210811732889,0.0766054089067082,0.113827608904544,0.320394281530692,0.0650405971969615,0.151673404925322,0.120356876699312,0.208205416076019,0.048476520190843,0.0811959653562303,0.107846541174651,0.0867470722249541,0.0454703944954697,0.0511875119771049,0.249666167489413,0.0973464587506649,0.146477188556493,0.115330749803743,0.0969122545217994,0.148059595909958,0.249646210860786,0.0760378625203872,0.0407133754038243,0.111379059651131,0.336508743674123,0.201265279564845,0,0.0394206428730051,0.090803406320552,0.203811297619197,0.304892566863977,0.0254798624672838,0.108194249129045,0.193593533608482,0.103248702874994,0.035490055316709,0.237941124413483,0.268546063410898,0.249133442065603,0.0575657355864492,0.160887640618164,0.119749428397912,0.0244632016961119,0.0413090435313032,0.0787872506399198,0.0450942376266963,0.0836991707433741,0.138436974759744,0.146395097616544,0.0806405156206111,0.110755618440379,0.0423105101183916,0.0647895809338685,0.15079856728653,0.194397243520127,0.0314160914295816,0.021334898765542,0.194755746166364
0.299051423024944,0.182405654932504,0.0590925578484278,0.294743133015359,0.184396629599189,0.0746491192565588,0.0165019285688909,0.0441192953527078,0.123522334966807,0.384846437481123,0.0707583750264916,0.14561684395258,0.113070561091482,0.180549532728069,0.0404162077156794,0.074040756207695,0.0814757961800189,0.0903476597886918,0.0400831591689346,0.0443907297787126,0.249329208670143,0.106744513556296,0.16875466569311,0.116576436237474,0.0896958017665525,0.118580176181728,0.240884302083475,0.0728004135850535,0.0498917523986994,0.0796387808683676,0.338273341834151,0.1583502106696,0.0394206428730051,0,0.215621168935324,0.268360590920299,0.350075900991955,0.0246310055587783,0.110253708101352,0.191465012388933,0.0994705980336509,0.0489120742135866,0.230257925132421,0.25571309828904,0.220327789688696,0.0506525935504799,0.12039990514481,0.112113330842279,0.0313800969358081,0.018784714719623,0.0540911297093676,0.05706990852855,0.0928477219196277,0.140792922044559,0.125237723030807,0.062228381164222,0.109744162343257,0.0490557179298238,0.0356435361974977,0.162008553570223,0.251856339461591,0.0462814733288255,0.0153047544069912,0.21683095861945
