0,0.0893804853653382,0.192893417004888,0.219121877544139,0.202422971596147,0.0481968654154901,0.0953813363948187,0.0200452221869558,0.0637750408485508,0.101366622726291,0.193010494535074,0.0513037740624108,0.0195841697960149,0.269776453520237,0.265896863549249,0.279649132825231,0.0708616518260048,0.036373125897223,0.177741946267282,0.182674310774585,0.0482590904984376,0.178220405599798,0.0904716291596332,0.151463302071158,0.214296522220786,0.203011660150004,0.220578448506869,0.207708912689462,0.12451579863414,0.135056095162899,0.0975222307412019,0.143217371975049,0.19418159739957,0.171919628976126,0.0424161215980763,0.0553021150577801,0.0398437488921682,0.0935331862785829,0.0699457792705521,0.0464589333497578,0.0562431034554193,0.198989865373246,0.298280787479242,0.0992943385942931,0.354655142450953,0.272675071806619,0.248127282168693,0.150370707531437,0.0453982544967198,0.084555524195462,0.214433913717939,0.167557779137681,0.175782965552698,0.168518984903412,0.127784854944541,0.18510610040063,0.179766412354026,0.187847071174895,0.271084323291322,0.0575249960146314,0.182138813669755,0.118774940644436,0.0889700694423929,0.237385463602337
0.0893804853653382,0,0.0567148028633051,0.0716518733039995,0.0622559831572034,0.115629358660501,0.0771243420650257,0.100648071514098,0.105074766354177,0.0334185937127187,0.0329471471012038,0.032094294657419,0.0805862527205169,0.0343906278966739,0.0509071311988944,0.0301186727460292,0.0674867490794649,0.12740294095705,0.164616491425628,0.105332827851035,0.0989643853439545,0.0866181814717841,0.115790196541032,0.0192934015431999,0.0176851881732273,0.0368811543895333,0.02218973660746,0.0100998550470062,0.0501427471763919,0.0228034969782376,0.0527687524773338,0.0337826510504337,0.0537565987187987,0.07012271374801,0.119649479671888,0.0352600550446502,0.0408481579860027,0.067491155134986,0.135198391474103,0.0245837587030994,0.110487884367785,0.0430319290779604,0.0615083660912414,0.0658446097403663,0.0913325550515156,0.0370460535099595,0.0135850060889076,0.0306832073348154,0.100607989635666,0.167032496841269,0.155195364706949,0.120714678622255,0.0897877672856844,0.0302795501624674,0.0588977600076788,0.0139747307333974,0.0202598011976718,0.0273184867053971,0.0351112588617023,0.0628375770040825,0.0420026278696069,0.0376324849466607,0.0812844067367878,0.0280330131446674
0.192893417004888,0.0567148028633051,0,0.234352717363945,0.165718473776306,0.140979485700691,0.0567564975950044,0.13498442634849,0.109169311631529,0.133013595182203,0.0558406825525778,0.0332011011441798,0.0821249388613446,0.148821497621988,0.265971864729525,0.224860998533329,0.0513284300106464,0.176345249202487,0.264294757119462,0.18423606728567,0.0614082701587444,0.2062022308392,0.187539354039325,0.137555716589137,0.163834563836727,0.0871699553147013,0.074266044762117,0.0613582170526782,0.0494328851585597,0.0477652432391931,0.0622091795501446,0.0783136207451267,0.0683729308003454,0.0725301724232219,0.19020025800907,0.0992488817930312,0.0694063238573723,0.0945135382037919,0.174782580527406,0.0470059729284075,0.14652361522616,0.198072577964409,0.160888353720039,0.0749841149476386,0.261159897715947,0.284984413011103,0.135564983142811,0.0313997385859524,0.100462292132163,0.221300532531214,0.250674679352581,0.223294939986301,0.18273169555757,0.145269648787875,0.124832977042148,0.107346948848499,0.175424136026858,0.136491099628148,0.168536278025101,0.0894952575666407,0.0654329457340683,0.0726176400797166,0.0851867996104583,0.211042091478912
0.219121877544139,0.0716518733039995,0.234352717363945,0,0.0304354344125517,0.285067599215857,0.261154283204578,0.1458521386976,0.186490588686653,0.0556101272806893,0.244886066078048,0.0345323695062832,0.230880244254751,0.236697624925124,0.0602401011816323,0.225973161830617,0.0150218480475114,0.265333424590372,0.252393107976862,0.0632317680652961,0.0247701080337893,0.14740381475891,0.14684948560303,0.131648626037684,0.194239905443307,0.118504478265082,0.154695169495552,0.182869693250695,0.174669574680864,0.178476365685327,0.27071450337529,0.0852244016198543,0.205731263416751,0.212443974423014,0.144719752276079,0.100711306533112,0.14807024833158,0.0546465546905859,0.196794076066426,0.00842041452252309,0.17742445618535,0.0251161662078804,0.155204157345368,0.325638230997567,0.194053792217966,0.102712450884659,0.318345769929654,0.299680281807087,0.221427466649048,0.190661064466089,0.160436765609247,0.277117537470288,0.186319618429413,0.108660157347044,0.0545048794397474,0.172317715594331,0.157475197186523,0.122013089744214,0.141563800591709,0.206482946056951,0.210124310793956,0.0157874342395972,0.232036352091699,0.10161873558657
0.202422971596147,0.0622559831572034,0.165718473776306,0.0304354344125517,0,0.20587973829511,0.199644578839693,0.128098887551254,0.14003687525905,0.0331959678746605,0.183999153790468,0.0171232234446969,0.207762526706134,0.145910571302599,0.00863636744244787,0.0460345775704674,0.00983001235603287,0.206239717575204,0.204027227439183,0.113729517839732,0.0869016257117565,0.15497089270757,0.162228952574062,0.0695510147318403,0.094013694975051,0.0555236678835191,0.108652664625333,0.143912788623611,0.129006901648694,0.110202201094264,0.187336403501815,0.130920880512136,0.156052980639703,0.195489308303764,0.148570072135217,0.0755299563957194,0.111099660094152,0.0694440764769456,0.164398881482651,0.00512627070406107,0.172433306141533,0.0119235929036342,0.0943261415625111,0.228985264110432,0.0299289718675224,0.00784989794866241,0.1041688674842,0.181202983768645,0.163075259454526,0.194377754148832,0.142687007198322,0.182026647316427,0.108594833228615,0.0389546865158277,0.0425380487018265,0.122486747434484,0.0496903869532075,0.114445689179413,0.0683380844833888,0.169664096484603,0.185136872154052,0.0316386911341476,0.207746018276025,0.0492907167892059
0.0481968654154901,0.115629358660501,0.140979485700691,0.285067599215857,0.20587973829511,0,0.106988781982957,0.0333992299314383,0.0668693097357253,0.12613447359037,0.176255389007535,0.0538112106555205,0.0625507016776811,0.236801759604976,0.233028309753623,0.262909122241561,0.0594183746774308,0.0833909899431558,0.228943539644188,0.198677435289395,0.0399303973278895,0.250096529903303,0.117081454400384,0.210012987210014,0.230042809555547,0.168647663467551,0.16607079553283,0.176187225930117,0.134706850689777,0.153140064717104,0.123492202676044,0.134830783244309,0.128291825141737,0.131162860729746,0.0626832613242912,0.0773413072415768,0.0551512714906344,0.0915948239971472,0.078742640761619,0.0672770237715989,0.09119329196454,0.177542740030149,0.237037256717741,0.144040899547317,0.268049694203726,0.252702819781498,0.264919738651295,0.186617734595057,0.0829804237134087,0.0947356433813279,0.24991496202547,0.19139968786361,0.160722440556108,0.224729081111398,0.154251518651439,0.188069191414022,0.221429550416541,0.190505532378401,0.218751037518697,0.0712009667923266,0.123281113545789,0.115300498734127,0.107444251722714,0.226665347152887
0.0953813363948187,0.0771243420650257,0.0567564975950044,0.261154283204578,0.199644578839693,0.106988781982957,0,0.100372126698488,0.0992310938571217,0.125384799606822,0.0812215858577952,0.0551422739207745,0.0707148983900279,0.205319731141414,0.286094234491908,0.269592837997963,0.0423942835777339,0.121223674818719,0.252669696470689,0.200367652117816,0.0791194266747901,0.220152879291292,0.165504891423396,0.199197874872286,0.224561995747398,0.12305532347875,0.106837513947156,0.118202734121853,0.118262273670348,0.0919233150506201,0.0431926953759383,0.10138771371614,0.0220475882561788,0.0228558562389883,0.156529312395795,0.0751761758315561,0.059869602109317,0.0923176841245615,0.154490158802224,0.0802512863159038,0.122134685142358,0.217730701547511,0.194715572679851,0.0624784200868083,0.293419596222029,0.293351688863025,0.205816475484505,0.0708588257514797,0.0522656710074265,0.220110947539217,0.260126565537572,0.202440261859439,0.181390741100772,0.168297652844202,0.193504436914472,0.16515662640037,0.223253361644089,0.189575572269284,0.211645897787684,0.0527833517353496,0.034194906634061,0.0814248204657309,0.0339861590501241,0.223783210006098
0.0200452221869558,0.100648071514098,0.13498442634849,0.1458521386976,0.128098887551254,0.0333992299314383,0.100372126698488,0,0.032107142407148,0.0536807948282663,0.153358011815272,0.0987149932314229,0.0838369627507302,0.195808086037049,0.151639193633425,0.172507184536475,0.0443639733237267,0.0607990381779962,0.0989157871630669,0.0993889010368779,0.0774942676419589,0.0988799512714591,0.0395258741994753,0.122612037319192,0.136674433689437,0.129833193411943,0.131795871372802,0.137478601396675,0.10096587251597,0.142996021608822,0.125000406362331,0.104550639560543,0.0894397020748623,0.0921551644662542,0.0222706740712058,0.0644977988715985,0.0777459631554249,0.0514570422598264,0.053467841633141,0.0993097479062755,0.0118543560220171,0.0946030636184907,0.185204888251278,0.137431470535594,0.189232746387455,0.161964762476541,0.191586403218691,0.134791686380286,0.0611744284133947,0.0464533415389047,0.134919681792408,0.0901523466011614,0.10484381028422,0.100051086123909,0.164121240590106,0.121137922045657,0.126140154844299,0.124349024988602,0.151897530921905,0.0802786199035284,0.101944432848649,0.0528559599384857,0.092218504051448,0.1404575260618
0.0637750408485508,0.105074766354177,0.109169311631529,0.186490588686653,0.14003687525905,0.0668693097357253,0.0992310938571217,0.032107142407148,0,0.0621194826863041,0.139623457583063,0.0448342942035058,0.0850817702416191,0.180770803826671,0.14462709534778,0.175388434201072,0.0485301915526188,0.124608713876568,0.0423401595861294,0.14264858267388,0.0281250199225255,0.138558739996549,0.0374550079031499,0.154944110875878,0.156522247297522,0.152718576315746,0.140398142214251,0.148904114503816,0.107784538733012,0.131046210688848,0.159637770539336,0.11241689290994,0.111179618080399,0.10230653855184,0.0622067590329518,0.0446339490166032,0.0864901312687307,0.0986124773862441,0.0105948502990263,0.0370741759454373,0.0305250573538189,0.122133087540791,0.190783218605894,0.171185275799824,0.177516976885137,0.147685815714364,0.186013714639457,0.170240152181104,0.123213437566639,0.0559193178553245,0.100039896383461,0.0324547018932522,0.0672223986192564,0.144613789918495,0.100149195917492,0.147724708264954,0.144899324054957,0.140593470722033,0.152193513997837,0.0979352832513751,0.125689628866259,0.0888660448312567,0.11863048300662,0.153794543498462
0.101366622726291,0.0334185937127187,0.133013595182203,0.0556101272806893,0.0331959678746605,0.12613447359037,0.125384799606822,0.0536807948282663,0.0621194826863041,0,0.116158577191521,0.0166777368447862,0.0770318850247479,0.0915287398530168,0.080328954714114,0.137022767781277,0.0150845271486709,0.132696689230399,0.0813801432544237,0.0278589934468492,0.0277120653100495,0.0311506102652884,0.103214882339827,0.119940517311256,0.0991323247490982,0.0642854728091983,0.0745417718215911,0.0996973414258606,0.102693815587843,0.093701579784315,0.111213284865309,0.0849444700473388,0.146806281061059,0.126033766248192,0.0996275979549817,0.04568616492171,0.0514461812141938,0.00637588162875512,0.0555623511647518,0.0219701220168024,0.0799880887572707,0.0847473710781396,0.0913528621282551,0.130293350836992,0.0964124441073817,0.108387936624157,0.154975102692733,0.13900873305235,0.12930868297324,0.107127005173219,0.0469657876677464,0.0611979392902993,0.0246665494402643,0.0929665342139311,0.0197102333868675,0.0922747102334623,0.12491021770575,0.0864108829038393,0.0979525211703495,0.0793020132645173,0.110718161802168,0.00957285573929774,0.105992793057611,0.150086135323692
0.193010494535074,0.0329471471012038,0.0558406825525778,0.244886066078048,0.183999153790468,0.176255389007535,0.0812215858577952,0.153358011815272,0.139623457583063,0.116158577191521,0,0.0315797786409158,0.131274965852166,0.196633370793753,0.250154045338948,0.270316929232397,0.0229564598412702,0.263938021411479,0.321551268715079,0.19573773872158,0.0883603336506255,0.214990477576192,0.167594026848369,0.113715667069523,0.199967318860333,0.118623540511299,0.0800478908282569,0.121430124764675,0.0454179870523786,0.0415596607781551,0.0901186428794664,0.0853887724029688,0.0565215785702839,0.0901509004852142,0.18664047762336,0.099319803185391,0.0641081523556523,0.102585297253494,0.154589392170148,0.0354222581687171,0.148184984087217,0.161905610358339,0.207208348709882,0.125505067048187,0.323111563482768,0.243136757489474,0.144762867661267,0.0107710992907986,0.161760012560519,0.263665165377125,0.287877130448809,0.262675882356324,0.204747959403681,0.117492149420534,0.125263987835744,0.129304185252064,0.139550758797282,0.176115832502132,0.236252326354602,0.115966244804224,0.0487449394218597,0.0847990286157551,0.175932509784378,0.184416196720811
0.0513037740624108,0.032094294657419,0.0332011011441798,0.0345323695062832,0.0171232234446969,0.0538112106555205,0.0551422739207745,0.0987149932314229,0.0448342942035058,0.0166777368447862,0.0315797786409158,0,0.129771066021637,0.00913780880287458,0.020460803289777,0.0163820894933148,0.0462993865031107,0.08809243923431,0.125247366636562,0.0607280823486238,0.175337733435333,0.0300780771043958,0.0450257591333468,0.000508465875063461,0.00804949311119234,0.0320750807711791,0.0338689330480447,0.0222203008455138,0.0263084130007637,0.0196037791416982,0.0472754329665077,0.0345887683463817,0.0207902830673836,0.0256394532286036,0.0783034396282025,0.0989842993263235,0.0430271837274131,0.0217192098779509,0.0713600120091732,0.0213983002750251,0.0651093058174564,0.0167785915605561,0.0417057972805516,0.0545088496387114,0.0434373138117489,0.0233904415682373,0.0142732803495555,0.0424286619711406,0.0878043725582502,0.122946429498409,0.13294052463843,0.112105028761444,0.0861820869203666,0.0017727640843248,0.00949901857576644,0.0123986138711207,0.00041144064663127,0.0117092599044579,0.0185184599604841,0.0580331734908253,0.0154457607620293,0.0177738920272227,0.062803478786357,0.00555865541320532
0.0195841697960149,0.0805862527205169,0.0821249388613446,0.230880244254751,0.207762526706134,0.0625507016776811,0.0707148983900279,0.0838369627507302,0.0850817702416191,0.0770318850247479,0.131274965852166,0.129771066021637,0,0.35116850839723,0.209412680106204,0.23805300147676,0.085067971759899,0.107954735238259,0.209084791797959,0.204397105917024,0.141951604769947,0.181246593330851,0.107100245391737,0.115607375705624,0.194779601647872,0.31153139433493,0.240856475097835,0.240822495878593,0.0840050627467416,0.113692077178848,0.118517053405343,0.0983271546599846,0.0768417757487464,0.0725088254660643,0.0987117751537775,0.0451248196829746,0.0602514519594591,0.0933304933685717,0.10510003889361,0.0858828623772769,0.091611594583065,0.14112777081514,0.401829222369955,0.15196138374834,0.350200594291788,0.197846453294244,0.214205299086158,0.168886202550895,0.12508616359133,0.152953361269811,0.241625587819997,0.176032581505109,0.191752860606464,0.156080598350661,0.217391221351262,0.210885943787701,0.139549274734243,0.158478773403391,0.258746131575243,0.039853676265943,0.105779825247329,0.109157444637461,0.0753482598025305,0.140806958308637
0.269776453520237,0.0343906278966739,0.148821497621988,0.236697624925124,0.145910571302599,0.236801759604976,0.205319731141414,0.195808086037049,0.180770803826671,0.0915287398530168,0.196633370793753,0.00913780880287458,0.35116850839723,0,0.151531289269529,0.0424088091293155,0.019641269168805,0.288354973690898,0.365656144473618,0.199322003649922,0.0801754565354079,0.250865068295995,0.178736590760721,0.0065635497993513,0.0142072995675048,0.0274567000115869,0.0513917600110059,0.0913229542435165,0.0567485417788805,0.070228867531334,0.247602769923118,0.0545586819102587,0.141121053640745,0.194340868217934,0.203336381355656,0.133453432734193,0.152097101564593,0.0910697656733875,0.22834925719831,0.00351893732043769,0.19870623936229,0.083315626593625,0.0839476439968019,0.300140458498402,0.193420400868522,0.0888569285768807,0.0263885727925689,0.192366724059718,0.225570264293034,0.293774901652903,0.32795977539584,0.328037788376395,0.241709623904705,0.0301433239247377,0.0498860061043151,0.0233425919418695,0.00527266958122968,0.0244290302882371,0.0603363565018821,0.236327652478704,0.191802433021775,0.0612901396179135,0.262433851194326,0.033967740848568
0.265896863549249,0.0509071311988944,0.265971864729525,0.0602401011816323,0.00863636744244787,0.233028309753623,0.286094234491908,0.151639193633425,0.14462709534778,0.080328954714114,0.250154045338948,0.020460803289777,0.209412680106204,0.151531289269529,0,0.178586480852287,0.016066551538212,0.260838767329517,0.241278857477758,0.0923903393788316,0.0537144581667192,0.170237491204921,0.164057914264631,0.090939368152165,0.163212230796046,0.0606355742258424,0.109823050523869,0.156005264597364,0.191328487355545,0.158794728100284,0.218421521466808,0.113618263454202,0.217743482466761,0.258031587670393,0.177308607523974,0.0786872982662473,0.124216320168463,0.0612751567933084,0.179384567853616,0.00702834621091717,0.169253321467313,0.0177517982759866,0.0703998507820364,0.271423509770595,0.0446500415003404,0.0278280643439661,0.242235785793178,0.261949792067432,0.20961104872429,0.20404066753376,0.165194850602853,0.247085454484194,0.158636474186775,0.0274071517423897,0.0391457406332535,0.143790874888943,0.094268295151166,0.141520502704048,0.119301261578603,0.189324716374402,0.199037055783693,0.0253908541772745,0.243402153353456,0.0819951097339849
0.279649132825231,0.0301186727460292,0.224860998533329,0.225973161830617,0.0460345775704674,0.262909122241561,0.269592837997963,0.172507184536475,0.175388434201072,0.137022767781277,0.270316929232397,0.0163820894933148,0.23805300147676,0.0424088091293155,0.178586480852287,0,0.0182145299243927,0.309428513388224,0.307719950851097,0.126863068448064,0.0420482650071221,0.226486991303942,0.1723481526046,0.0237007164447457,0.0264838766208261,0.0203687885524511,0.0699531690007547,0.0986135716244115,0.107589370168094,0.102433683428131,0.259123958221423,0.0439848091717211,0.205194333117731,0.233842271649641,0.186334229691287,0.118090201125735,0.148513736775003,0.0880341305640573,0.197988357460827,0.0191766663525057,0.177067396143242,0.0816266397271875,0.0151713946253184,0.303226103666953,0.071610655218352,0.19701184037143,0.29325239569149,0.317460625027118,0.237119360090267,0.23688728725625,0.229063754798482,0.321967784676888,0.239359668545043,0.0224413644923033,0.0336337785249079,0.026804750770109,0.0115753917389031,0.025990600674797,0.00760843131006449,0.207767922759948,0.188661078037807,0.0421997124215797,0.256874884137886,0.0818847913268568
0.0708616518260048,0.0674867490794649,0.0513284300106464,0.0150218480475114,0.00983001235603287,0.0594183746774308,0.0423942835777339,0.0443639733237267,0.0485301915526188,0.0150845271486709,0.0229564598412702,0.0462993865031107,0.085067971759899,0.019641269168805,0.016066551538212,0.0182145299243927,0,0.0427408710766874,0.0844898917095886,0.0436080281913974,0.0340320312678282,0.0276513347257529,0.0381123320024166,0.0069309567428511,0.00734895145287317,0.0113899703954565,0.000215331160948143,0.00730987528505557,0.0275342845505723,0.0164599916717939,0.0497255476694761,0.00665382626137436,0.0316307617767449,0.0305473524089243,0.0239684656871427,0.0477536201878435,0.0574680022477017,0.0351134182479026,0.0489568065722219,0.00955632505539793,0.0488583228375265,0.0159446587050873,0.037162105239594,0.0746804327935853,0.0274835992348822,0.0183119373342843,0.00983214553940623,0.0168767254920857,0.0283050226310697,0.0641598422445566,0.0790229368178871,0.081184276516845,0.0724323406634907,0.00750327422124029,0.0222625467289827,0.00832414929359373,0.00554312687302043,0.0143242186552904,0.00524907367956766,0.0437903853874721,0.0248842462027434,0.0177118612239525,0.0472851973675258,0.0209540213955514
0.036373125897223,0.12740294095705,0.176345249202487,0.265333424590372,0.206239717575204,0.0833909899431558,0.121223674818719,0.0607990381779962,0.124608713876568,0.132696689230399,0.263938021411479,0.08809243923431,0.107954735238259,0.288354973690898,0.260838767329517,0.309428513388224,0.0427408710766874,0,0.271167150840658,0.209795349419044,0.0806747585666962,0.221192380756131,0.130850940375382,0.214419212346251,0.269866125546344,0.18580371786044,0.179038573065691,0.235899712904599,0.141882037094847,0.175190359657953,0.113666487132884,0.118587878914944,0.092827829628773,0.122832740773976,0.109664322282319,0.106167878273541,0.0944982722757402,0.110844934548242,0.108168918936327,0.110278950766886,0.0966942333496533,0.198420765320799,0.267242962261576,0.133111641902993,0.341252219268573,0.265904291788135,0.32522649435948,0.275367591321333,0.0835795041791325,0.228241007018304,0.273083107662021,0.233524856433708,0.249088978973047,0.195900090217661,0.215610000019817,0.233000339227454,0.23369737995325,0.226507924368795,0.266679750852643,0.0758661414903074,0.0754441059422125,0.101016418915744,0.106298998990302,0.229289550658654
0.177741946267282,0.164616491425628,0.264294757119462,0.252393107976862,0.204027227439183,0.228943539644188,0.252669696470689,0.0989157871630669,0.0423401595861294,0.0813801432544237,0.321551268715079,0.125247366636562,0.209084791797959,0.365656144473618,0.241278857477758,0.307719950851097,0.0844898917095886,0.271167150840658,0,0.179143876064287,0.0850149439839787,0.148619328991272,0.0361684509039158,0.230209062116956,0.262819836691726,0.250964848273699,0.260955272229842,0.269057520374378,0.203277165896689,0.230588977781466,0.373375332685129,0.138419802891082,0.254255311562007,0.222878400656614,0.100723041564146,0.059579048523856,0.161680158330113,0.0739118090472704,0.072468535603653,0.109196718023574,0.049724155251213,0.179873495607853,0.36854810023665,0.420144314341951,0.372059251454119,0.253085802884572,0.367955313860894,0.321150910717752,0.242327949441379,0.125024011142492,0.211313702520986,0.104452735816956,0.207412337387179,0.231697554162648,0.229784305219219,0.252484949573492,0.253619210707271,0.220058733092377,0.274442307925206,0.254271918742877,0.265668565622191,0.0815661115083707,0.261693080503912,0.193083170693929
0.182674310774585,0.105332827851035,0.18423606728567,0.0632317680652961,0.113729517839732,0.198677435289395,0.200367652117816,0.0993889010368779,0.14264858267388,0.0278589934468492,0.19573773872158,0.0607280823486238,0.204397105917024,0.199322003649922,0.0923903393788316,0.126863068448064,0.0436080281913974,0.209795349419044,0.179143876064287,0,0.0196208262726375,0.0731330645057245,0.146938777635978,0.0982452589361459,0.141410723890079,0.150121106195874,0.168144170713154,0.186766576313053,0.133950845086048,0.147512857150752,0.207722732638752,0.122559907623822,0.161135470703239,0.176834790153676,0.166646097879742,0.0740493767652375,0.138639000843563,0.0226773492682455,0.104931130553059,0.0199208364007618,0.149888565527194,0.0690420790082747,0.171659686888482,0.240298545710096,0.098329231925857,0.0754184180447121,0.169057223636106,0.210463962749194,0.190638804896007,0.226825105545048,0.107517691479583,0.183002304156748,0.0928387894363656,0.0814418863237243,0.100059366952343,0.170174568183494,0.0879437675069649,0.152429529544226,0.165448647137441,0.182889553930114,0.183246566255855,0.046457809891113,0.193663215784821,0.0989455092124006
0.0482590904984376,0.0989643853439545,0.0614082701587444,0.0247701080337893,0.0869016257117565,0.0399303973278895,0.0791194266747901,0.0774942676419589,0.0281250199225255,0.0277120653100495,0.0883603336506255,0.175337733435333,0.141951604769947,0.0801754565354079,0.0537144581667192,0.0420482650071221,0.0340320312678282,0.0806747585666962,0.0850149439839787,0.0196208262726375,0,0.0325821317509523,0.0208777463271094,0.0287831969456385,0.0713207951245859,0.0782889069741907,0.111597119909556,0.100356272326841,0.0482278412957376,0.0699954877433791,0.0926952525539098,0.0595797344273106,0.0309241046894556,0.0531239271416266,0.0403869465494943,0.10594909822585,0.0956099474823695,0.022198323574406,0.0246854335170852,0.0241430651743347,0.0379675065698023,0.0446663565136193,0.0638834059759937,0.0900771192801518,0.0368014682766725,0.0476816598098405,0.0493126383507762,0.0805206684531505,0.0886401317255019,0.0865643333500107,0.0755571320567058,0.0799552168285497,0.0706441537498463,0.0280385524290327,0.141395084321718,0.0867722075393022,0.0269071770074875,0.0782575879815188,0.0827004689051878,0.114144503137464,0.0832695830644306,0.0516014229605085,0.0977091389721634,0.0400914176300863
0.178220405599798,0.0866181814717841,0.2062022308392,0.14740381475891,0.15497089270757,0.250096529903303,0.220152879291292,0.0988799512714591,0.138558739996549,0.0311506102652884,0.214990477576192,0.0300780771043958,0.181246593330851,0.250865068295995,0.170237491204921,0.226486991303942,0.0276513347257529,0.221192380756131,0.148619328991272,0.0731330645057245,0.0325821317509523,0,0.118026151075226,0.180758841360041,0.224755692988642,0.17414262487824,0.181214481211496,0.20095421398545,0.172549196377574,0.163215931610707,0.226087907483779,0.11620940727608,0.204728248455486,0.191802372493143,0.114238728743071,0.0674660190010279,0.109065020419556,0.0211294146292046,0.137204875482546,0.0121787164092167,0.140768490796064,0.119404728232544,0.20914460407406,0.260163091570983,0.217715529616828,0.171567026247703,0.273896232280974,0.261093757680238,0.193942571220566,0.170225479738287,0.069460665295627,0.13939107372219,0.0338619399571606,0.24209277610254,0.0837719950779627,0.222727093771579,0.192013212290284,0.179008483054084,0.200647782710464,0.165703217171584,0.190081203833963,0.0273816049007232,0.184696950971407,0.14810952404228
0.0904716291596332,0.115790196541032,0.187539354039325,0.14684948560303,0.162228952574062,0.117081454400384,0.165504891423396,0.0395258741994753,0.0374550079031499,0.103214882339827,0.167594026848369,0.0450257591333468,0.107100245391737,0.178736590760721,0.164057914264631,0.1723481526046,0.0381123320024166,0.130850940375382,0.0361684509039158,0.146938777635978,0.0208777463271094,0.118026151075226,0,0.153391374635084,0.172635303803887,0.122878126596026,0.134485050318989,0.159185318514624,0.149337081242055,0.146537214852978,0.140013978947562,0.130984266629991,0.126066961133409,0.163186811845763,0.044955744695213,0.0464266168934896,0.0818207806533768,0.107347096033879,0.0273764854306571,0.0408088799689444,0.0173872839408175,0.156530767231327,0.164717572069627,0.159507252746472,0.145773547436003,0.158424882311036,0.178209789935304,0.163801249512939,0.121204478039354,0.0433549780959608,0.0440188241894009,0.0665272721674622,0.0725065923882104,0.130733472284459,0.100393539747721,0.152234398051273,0.149375123971086,0.174723205009907,0.16466714381875,0.113391797384038,0.142477250232682,0.12304149873016,0.156933013959654,0.160061240056391
0.151463302071158,0.0192934015431999,0.137555716589137,0.131648626037684,0.0695510147318403,0.210012987210014,0.199197874872286,0.122612037319192,0.154944110875878,0.119940517311256,0.113715667069523,0.000508465875063461,0.115607375705624,0.0065635497993513,0.090939368152165,0.0237007164447457,0.0069309567428511,0.214419212346251,0.230209062116956,0.0982452589361459,0.0287831969456385,0.180758841360041,0.153391374635084,0,0.0240546168642316,0.0184047126669873,0.0413900672587147,0.0332587108749803,0.0401254105145503,0.0419060782376554,0.151852039462068,0.0222514671825771,0.12783497024886,0.122199710075228,0.127794552801244,0.0929715609525787,0.0914262531855031,0.0927662679356233,0.174601502965123,0.0146551338868946,0.167151116435471,0.0953372621399487,0.000792858990718886,0.164328817081747,0.0301504667062539,0.0600517079053154,0.071171291922646,0.125456913589863,0.152320218995977,0.152106065347115,0.146183042042154,0.223809483141271,0.178936673825163,0.0336777137907639,0.0486438763152869,0.033369543721434,0.0281256779320027,0.0265741276273883,0.0292766651660641,0.127806542091261,0.0737890571802374,0.0418905381580934,0.139128185076241,0.0584408448087463
0.214296522220786,0.0176851881732273,0.163834563836727,0.194239905443307,0.094013694975051,0.230042809555547,0.224561995747398,0.136674433689437,0.156522247297522,0.0991323247490982,0.199967318860333,0.00804949311119234,0.194779601647872,0.0142072995675048,0.163212230796046,0.0264838766208261,0.00734895145287317,0.269866125546344,0.262819836691726,0.141410723890079,0.0713207951245859,0.224755692988642,0.172635303803887,0.0240546168642316,0,0.0098504203516892,0.0272371113501145,0.0615555019618897,0.0841611373328859,0.0647117564802069,0.199248206676135,0.0476807378083641,0.161685431140562,0.198338029226526,0.159769199518916,0.0904358923976153,0.109365455265182,0.0856164124148803,0.207048937702393,0.00748056793370573,0.169427808781518,0.0747775355462543,0.00979267272392619,0.248250848845529,0.0917636437325575,0.0869411014459295,0.0997787778544885,0.250506158293481,0.199286076174158,0.222960084869335,0.202287359968325,0.247785117170563,0.185118237251413,0.0377682624952245,0.0653326174665586,0.0393781976331817,0.0246806891674839,0.0216196110707733,0.0108320602120424,0.161296816867244,0.136560516596136,0.0556903328392013,0.20918979317249,0.0642891921284053
0.203011660150004,0.0368811543895333,0.0871699553147013,0.118504478265082,0.0555236678835191,0.168647663467551,0.12305532347875,0.129833193411943,0.152718576315746,0.0642854728091983,0.118623540511299,0.0320750807711791,0.31153139433493,0.0274567000115869,0.0606355742258424,0.0203687885524511,0.0113899703954565,0.18580371786044,0.250964848273699,0.150121106195874,0.0782889069741907,0.17414262487824,0.122878126596026,0.0184047126669873,0.0098504203516892,0,0.0998220424689501,0.0923284631527166,0.0476988620226791,0.0285619000582975,0.196072485784789,0.0413095235081859,0.0962173029209809,0.118603073219668,0.138421714325855,0.149632707875953,0.166460657922173,0.0911426107147011,0.137041234266303,0.0144168210791632,0.129825826312491,0.0536994186311013,0.0327795901660844,0.220744665981177,0.0764311710038679,0.0486301116009066,0.0183425174062204,0.11936824197897,0.158772674277886,0.21563552558155,0.234514590648318,0.241746476529004,0.19088087911304,0.0208818491060294,0.0376248680927155,0.0113550219486888,0.0144131841333808,0.0261127526766107,0.0145593041303703,0.215579463254489,0.19473432681408,0.0295102113450306,0.175429599394735,0.0310653329549944
0.220578448506869,0.02218973660746,0.074266044762117,0.154695169495552,0.108652664625333,0.16607079553283,0.106837513947156,0.131795871372802,0.140398142214251,0.0745417718215911,0.0800478908282569,0.0338689330480447,0.240856475097835,0.0513917600110059,0.109823050523869,0.0699531690007547,0.000215331160948143,0.179038573065691,0.260955272229842,0.168144170713154,0.111597119909556,0.181214481211496,0.134485050318989,0.0413900672587147,0.0272371113501145,0.0998220424689501,0,0.00552800911135134,0.0379828010253538,0.0108592544726781,0.152553318072363,0.0360604598132698,0.0936900513820807,0.110157696685799,0.142225628557237,0.143456831157717,0.114847816905189,0.0946669141318487,0.116109966705588,0.0231394441474187,0.122197855995687,0.082090016987259,0.0782037410996257,0.183626128137934,0.160869495484852,0.0882270214564589,0.0162595932926365,0.0553306383106345,0.144741440162654,0.220241886788503,0.250168029050656,0.245064662838425,0.207229445696079,0.0417631871577538,0.0665552149134189,0.0128751876651509,0.0348323044464623,0.0310649092883833,0.104558957437681,0.192849481540595,0.160884345070536,0.0434065863602186,0.148701437609087,0.0531699174760804
0.207708912689462,0.0100998550470062,0.0613582170526782,0.182869693250695,0.143912788623611,0.176187225930117,0.118202734121853,0.137478601396675,0.148904114503816,0.0996973414258606,0.121430124764675,0.0222203008455138,0.240822495878593,0.0913229542435165,0.156005264597364,0.0986135716244115,0.00730987528505557,0.235899712904599,0.269057520374378,0.186766576313053,0.100356272326841,0.20095421398545,0.159185318514624,0.0332587108749803,0.0615555019618897,0.0923284631527166,0.00552800911135134,0,0.0351693136482159,0.0126019949588975,0.183712164267925,0.0464433020303374,0.0909263748238303,0.123708629112508,0.169389040843046,0.117433752704046,0.123152994802027,0.0885998570687084,0.151293839447236,0.0201342511154443,0.143138798567275,0.108771850750291,0.122557439897598,0.221119126508338,0.196665291991571,0.112249381954358,0.0154011710170983,0.091601602646144,0.189308995216819,0.252722846314799,0.251136136381674,0.248271585978505,0.202675096347475,0.0519997628831024,0.100338886748918,0.044248582719267,0.0393178563981716,0.0717256501255664,0.19734031632696,0.207770597020248,0.170480402509512,0.0587868272225268,0.217180919735839,0.0729476626086557
0.12451579863414,0.0501427471763919,0.0494328851585597,0.174669574680864,0.129006901648694,0.134706850689777,0.118262273670348,0.10096587251597,0.107784538733012,0.102693815587843,0.0454179870523786,0.0263084130007637,0.0840050627467416,0.0567485417788805,0.191328487355545,0.107589370168094,0.0275342845505723,0.141882037094847,0.203277165896689,0.133950845086048,0.0482278412957376,0.172549196377574,0.149337081242055,0.0401254105145503,0.0841611373328859,0.0476988620226791,0.0379828010253538,0.0351693136482159,0,0.00898871777384177,0.0670161947507524,0.0565151145093988,0.0616313812811516,0.0649455200164225,0.128057293738151,0.0794104690851059,0.0656699711992829,0.076228520870141,0.175399227936963,0.0356371682453198,0.138636679663025,0.136733612901687,0.0629725688936679,0.0787576750978287,0.140073099483891,0.161770600210102,0.0342142702799963,0.0286506790988085,0.0843490465899169,0.155913301345173,0.170331609884307,0.174528501659726,0.14451871627822,0.0550759443782494,0.0910003633513386,0.0566569754456255,0.0726107669669638,0.0820384234206199,0.0775292029436834,0.0768427803423798,0.0599881755741338,0.0600606825006865,0.0852349514089966,0.101242978682744
0.135056095162899,0.0228034969782376,0.0477652432391931,0.178476365685327,0.110202201094264,0.153140064717104,0.0919233150506201,0.142996021608822,0.131046210688848,0.093701579784315,0.0415596607781551,0.0196037791416982,0.113692077178848,0.070228867531334,0.158794728100284,0.102433683428131,0.0164599916717939,0.175190359657953,0.230588977781466,0.147512857150752,0.0699954877433791,0.163215931610707,0.146537214852978,0.0419060782376554,0.0647117564802069,0.0285619000582975,0.0108592544726781,0.0126019949588975,0.00898871777384177,0,0.0901514431382991,0.0376019881128692,0.0667427493111772,0.0737354147772191,0.181429460897385,0.0736857679803687,0.0622232254531059,0.0836865186827662,0.146906130708806,0.0241467524437627,0.148137736385196,0.114998575188579,0.0985731841039632,0.108433616291591,0.154466590068791,0.132755258467481,0.0139536486345343,0.0356440284985924,0.129710113853481,0.198730588067966,0.21198345922539,0.201637829946529,0.149651283746554,0.0554672899833103,0.0614370172861984,0.0241646219002621,0.0499936560213473,0.0829662125307849,0.0603716593032343,0.0937918105497268,0.0504406589159793,0.0568024800144531,0.0926631104313679,0.0960223883879522
0.0975222307412019,0.0527687524773338,0.0622091795501446,0.27071450337529,0.187336403501815,0.123492202676044,0.0431926953759383,0.125000406362331,0.159637770539336,0.111213284865309,0.0901186428794664,0.0472754329665077,0.118517053405343,0.247602769923118,0.218421521466808,0.259123958221423,0.0497255476694761,0.113666487132884,0.373375332685129,0.207722732638752,0.0926952525539098,0.226087907483779,0.140013978947562,0.151852039462068,0.199248206676135,0.196072485784789,0.152553318072363,0.183712164267925,0.0670161947507524,0.0901514431382991,0,0.0804713188873181,0.0507061064893191,0.0525293966511901,0.142450312225238,0.115738098890244,0.0430436119464761,0.107519699175858,0.142612150667065,0.0512597983186644,0.141018828033558,0.147547430156025,0.283071008388043,0.0491265708257197,0.323086365029685,0.22650491817049,0.216838760484839,0.149183908493402,0.100041525539394,0.223106244634338,0.318917035992666,0.344723587914476,0.264967474399776,0.167311503566744,0.141292878968372,0.166599351988102,0.164587897399734,0.1556133037049,0.230720005775659,0.0513907869412792,0.0260358463050119,0.0911049391258645,0.0486604575384349,0.177727141982695
0.143217371975049,0.0337826510504337,0.0783136207451267,0.0852244016198543,0.130920880512136,0.134830783244309,0.10138771371614,0.104550639560543,0.11241689290994,0.0849444700473388,0.0853887724029688,0.0345887683463817,0.0983271546599846,0.0545586819102587,0.113618263454202,0.0439848091717211,0.00665382626137436,0.118587878914944,0.138419802891082,0.122559907623822,0.0595797344273106,0.11620940727608,0.130984266629991,0.0222514671825771,0.0476807378083641,0.0413095235081859,0.0360604598132698,0.0464433020303374,0.0565151145093988,0.0376019881128692,0.0804713188873181,0,0.0949263997466053,0.117785793945892,0.112631126324217,0.0678889725446925,0.041009404938514,0.117500424546988,0.130797192150025,0.0115170155694959,0.158382199272597,0.116981229589604,0.0694433839190029,0.106891784018127,0.0792417599185053,0.0588607890795497,0.042305127017537,0.063351759061618,0.0805902089987255,0.12258535922017,0.113921371247392,0.127342960008896,0.0904119166595811,0.0505495120226629,0.0599582235393288,0.0443895285075018,0.0342363925633129,0.0805277318497476,0.0606925458477858,0.0946174720283632,0.0701887539918265,0.147118306144446,0.0993019303071613,0.0294343241466754
0.19418159739957,0.0537565987187987,0.0683729308003454,0.205731263416751,0.156052980639703,0.128291825141737,0.0220475882561788,0.0894397020748623,0.111179618080399,0.146806281061059,0.0565215785702839,0.0207902830673836,0.0768417757487464,0.141121053640745,0.217743482466761,0.205194333117731,0.0316307617767449,0.092827829628773,0.254255311562007,0.161135470703239,0.0309241046894556,0.204728248455486,0.126066961133409,0.12783497024886,0.161685431140562,0.0962173029209809,0.0936900513820807,0.0909263748238303,0.0616313812811516,0.0667427493111772,0.0507061064893191,0.0949263997466053,0,0.0276631923243003,0.123143262090316,0.0966508814438191,0.0469900300137607,0.0888648378472303,0.123149986892357,0.0329810871567409,0.113137504651011,0.154290776416388,0.155284568410492,0.0572966305122688,0.223858001874101,0.237498355239867,0.139308844093103,0.0396474010745533,0.0346257665674886,0.149269182235956,0.215225525925314,0.234524555653457,0.177813785467495,0.142574409558189,0.083385700393326,0.104993366395087,0.146291835278331,0.138703209169773,0.171432052861189,0.0727307834015759,0.0592839027897189,0.0992266759722797,0.0345627226887458,0.232211562517111
0.171919628976126,0.07012271374801,0.0725301724232219,0.212443974423014,0.195489308303764,0.131162860729746,0.0228558562389883,0.0921551644662542,0.10230653855184,0.126033766248192,0.0901509004852142,0.0256394532286036,0.0725088254660643,0.194340868217934,0.258031587670393,0.233842271649641,0.0305473524089243,0.122832740773976,0.222878400656614,0.176834790153676,0.0531239271416266,0.191802372493143,0.163186811845763,0.122199710075228,0.198338029226526,0.118603073219668,0.110157696685799,0.123708629112508,0.0649455200164225,0.0737354147772191,0.0525293966511901,0.117785793945892,0.0276631923243003,0,0.145845700047723,0.0716702936007059,0.0476190412610124,0.102156714912149,0.143456778000744,0.0284570906202122,0.132287179741853,0.196073458595198,0.197471892307469,0.0710712836728278,0.287223756381851,0.25101243719587,0.148993629184649,0.0371326477704624,0.0484192276158855,0.184686121173051,0.214489457447743,0.188699138085436,0.157399498613897,0.124198557425619,0.136369640073595,0.140577480703442,0.140835248951065,0.179843734934624,0.222146651568184,0.0745369500454889,0.0525005549560998,0.101799934246706,0.0533290064422153,0.201172473894405
