0,0.0189330900018605,0.0514077024534708,0.0893436472649303,0.0377341909837367,0.0218039198247277,0.0187695781053324,0.0247925128196365,0.0394597357774019,0.0815098728951945,0.0224731397046883,0.0424039719652251,0.023140555320906,0.0559928595780761,0.0205467002233955,0.0138020644096836,0.0325974372085648,0.030113669818133,0.0211173815348704,0.0273511026393954,0.021162964803672,0.013213859673432,0.0120028214419801,0.0192556115964725,0.0295809814186589,0.0175008299325043,0.0213398544681935,0.0150686693131052,0.0280591679757112,0.0544562130973393,0.0191920392729793,0.0313483970508225,0.0418530327249961,0.0203283122391401,0.0136629703687881,0.0217459075953779,0.0913310001388863,0.0366234457767086,0.0261361038744423,0.0583326264064409,0.0141910884553828,0.00880793987495529,0.039789823358797,0.0583998752425193,0.0577080165018737,0.0346334326128813,0.0429053963975313,0.045776793350367,0.0362834558447069,0.0234589598061582,0.0192446242666407,0.0165055242160133,0.00729710244158618,0.0374448095497589,0.0282418947103268,0.0309619555130435,0.018648762063511,0.0267899365625641,0.0320987837235853,0.0151288033822238,0.0719534845155384,0.0194659544048895,0.0259732025759453,0.024089079524759
0.0189330900018605,0,0.0478445883784284,0.00898362273747071,0.0168246133588298,0.0338792362551955,0.00615687441600669,0.0256511393928005,0.00947402352923125,0.0211569907912515,0.0271806026855438,0.0222665021954307,0.0116930978760409,0.0264788178062956,0.0313649862350326,0.0307631303160533,0.0229289268187439,0.0151365187039733,0.0102566968338555,0.00741545164271848,0.0327088656516959,0.0258691293063187,0.0317366205377607,0.031414171217642,0.0187245966516466,0.0175792323018909,0.0110692590293235,0.0165041839477886,0.00384779674058344,0.0201168677581519,0.0021363909217788,0.0213808453925653,0.0143507641665998,0.00424399770288639,0.00908626252274236,0.0143813966764791,0.00758376792396567,0.00366644833435554,0.0302258590324029,0.0173227255441198,0.0138093952593765,0.0291087852395428,0.0285520876175182,0.00725425822083318,0.0528567849759484,0.0368287254697228,0.0180197267560941,0.0402232856290494,0.00912101583088724,0.0140641151761627,0.0119066031368042,0.0277840381835522,0.0315644336946452,0.0158960662212535,0.0322892543272137,0.0217368896791867,0.033103252061037,0.0279152857252876,0.05188397649334,0.00753609535255872,0.00380555256776413,0.0113733227909628,0.0334182317026477,0.00996205662091224
0.0514077024534708,0.0478445883784284,0,0.177554983411347,0.133874484892005,0.0164770093060917,0.0271710202756048,0.0299243415617807,0.26960909992878,0.148009142377982,0.0930864359630802,0.0164263324524863,0.0835615853888584,0.128369897662012,0.0216774042591901,0.102068962065572,0.0700988315169921,0.0246315107072602,0.126425438385412,0.0939811545524336,0.0374001316029864,0.0675350593946046,0.166963623200216,0.042773115845018,0.0385430342742799,0.0269690833000839,0.0308952966251773,0.0262307488631712,0.0200686205993082,0.132286795733821,0.0432351328471346,0.0308074303556215,0.0971501878327444,0.0360274337669572,0.0915059888247669,0.118865738234651,0.142185491768432,0.158904598039172,0.0562120671868045,0.0236840927068082,0.213188949875152,0.112490117088518,0.0301335486255057,0.165960453123571,0.106946347729798,0.0482336457877774,0.163340168226455,0.0553701608075515,0.0278264314931299,0.0285035781719507,0.0226623402206472,0.168879065074309,0.0877731145840069,0.0326628893265653,0.0631041450505387,0.0528449049373605,0.0196323573385771,0.00891817630471246,0.0225506850985857,0.0740882463694539,0.128395370641596,0.0125935729377645,0.042368449096928,0.076076793703514
0.0893436472649303,0.00898362273747071,0.177554983411347,0,0.157943813736595,0.0709626966131293,0.0850896753336458,0.0739708071760384,0.0763245849014372,0.0140050244986033,0.116481125307805,0.0704453612779465,0.0566870570581274,0.106742665645257,0.0765460029984227,0.111985280947307,0.230872119192832,0.0485253307957551,0.116964694541191,0.0448556376327045,0.0775316126242685,0.0220202403405591,0.0988544963116164,0.0266291586823688,0.017025321122691,0.0193386415677741,0.0168989203539102,0.0115095080288546,0.0206037849275368,0.0415145579008524,0.0065804022286028,0.152208598675577,0.159057925610875,0.089615904417232,0.099195302793579,0.0904428213903345,0.00744515478492939,0.0939133725878733,0.102927689483972,0.0461408984747763,0.0957130196184531,0.079831817535519,0.108336213256396,0.0278256631694385,0.141122072442774,0.0803701237264127,0.0201086898914603,0.206423161433802,0.0756881675580183,0.0483997597647214,0.0610172489508561,0.132687035558767,0.0837411089764935,0.0105336743337986,0.0464329019538652,0.0210661138764237,0.015823531495486,0.061420237671254,0.0960344010684542,0.0552938464529903,0.0296555747218062,0.0310196800851933,0.0907268835812091,0.12925545006495
0.0377341909837367,0.0168246133588298,0.133874484892005,0.157943813736595,0,0.0481860522694033,0.0797837192292533,0.0352000774238346,0.0209734031402746,0.0675823968762057,0.0557273973036459,0.074110742916572,0.0348361604181016,0.133003298121796,0.054774342238091,0.0329078593369509,0.0415878728448952,0.0112146637225708,0.0298272372727998,0.0131385021634767,0.113741005245584,0.0222428834899848,0.0180008563124938,0.0118283596319973,0.0307749359747416,0.0366929742995944,0.0363204204446763,0.060201293529067,0.0166408540065307,0.109932313132075,0.0743288391450274,0.0398138143478513,0.0549929848877838,0.034558622715565,0.0294619557629196,0.0236522356387283,0.107020704611179,0.0137020226444364,0.0535614603978673,0.101512242229932,0.00593362954470472,0.0486500293033606,0.090932504076281,0.122579633318613,0.163241647387482,0.0968620400185649,0.104116281686853,0.0716157155623773,0.0332827469283457,0.0189339713165986,0.0342525845605953,0.0611263054960346,0.0376186662719066,0.0183735809961211,0.0999301810448881,0.028538432657473,0.0290768823901987,0.0687078837967321,0.11188486532883,0.041078813100459,0.0786521032718786,0.0181958377858294,0.00598553713532518,0.0480094724756901
0.0218039198247277,0.0338792362551955,0.0164770093060917,0.0709626966131293,0.0481860522694033,0,0.0126850368063125,0.0470920099471337,0.0194461951608747,0.0161244546367463,0.01848140645822,0.0180076545680325,0.160792835321305,0.0960269125192593,0.0443577769974924,0.0222082984732597,0.0937951396560679,0.0316439064959152,0.0243884985843862,0.0443036538072421,0.0120037389483932,0.0217067625609648,0.0172962661901343,0.0364648356427661,0.0983016081173991,0.0540838328674037,0.0687986996703284,0.0325111053333818,0.0718887607199696,0.15134730070645,0.0775938690877653,0.0835503425504344,0.0261387997932811,0.036396554205363,0.0239265914097748,0.0244877754690061,0.0140911765841536,0.008732598691809,0.0275738029524664,0.0121055920253947,0.0411247925527199,0.0311236444988202,0.0309679303340093,0.178199808951237,0.0783177869042154,0.0581116256003991,0.120643337988829,0.126596343804457,0.036983694298903,0.0465559584889538,0.0426575212683777,0.0218347348144613,0.0226434951355667,0.0728421589381773,0.0665246154854507,0.113706016463342,0.0241041305272405,0.0812701562417907,0.032704697631945,0.110557105743305,0.095833540454396,0.0858674413925966,0.0421812650743253,0.0272200597322038
0.0187695781053324,0.00615687441600669,0.0271710202756048,0.0850896753336458,0.0797837192292533,0.0126850368063125,0,0.0307819346018911,0.0897377211986461,0.200523827148842,0.00884350833376308,0.0335799232231478,0.0271990338483946,0.0444543328632706,0.0126357551444515,0.0157801868854826,0.071037455669105,0.056848347778882,0.0168903452662524,0.0451483256047536,0.0311622497292098,0.0653246582674231,0.0468865866749101,0.0227370514795993,0.0345009224194791,0.0277827700837931,0.0411672612676528,0.0175191810656607,0.0148649270849756,0.0549638632769989,0.00936604897451644,0.0508922357746928,0.027392915185763,0.0447533041896236,0.00897650476049161,0.048385628323034,0.081380672459003,0.0611340266724203,0.0201349448806779,0.0349513829313964,0.0447768398543595,0.0230344814311117,0.0171612747527977,0.048753065172138,0.0590141151116934,0.016883444744646,0.0370715720809595,0.0530926460599343,0.0380220960051593,0.0138049757402639,0.0136803547608645,0.00958398292442246,0.0150118114249354,0.0440232991314169,0.0215359965418276,0.038041432301494,0.00921161232644834,0.0145438019314781,0.022387797904555,0.0261495249127344,0.0811105949024101,0.0392388731687498,0.0433360253437249,0.0115592927213664
0.0247925128196365,0.0256511393928005,0.0299243415617807,0.0739708071760384,0.0352000774238346,0.0470920099471337,0.0307819346018911,0,0.0258885536129668,0.0531715114619598,0.00725496103530542,0.141197673275192,0.0565891842566317,0.116828315385024,0.0156939223893316,0.0204124430724871,0.0166192440032774,0.0754654479843294,0.0215503402705737,0.00715648699171641,0.0301708537212724,0.023946647536483,0.0850503570384529,0.108902628866683,0.0151643296550532,0.0256900415665859,0.0355760793974011,0.038875498069142,0.00626207569804031,0.0963161412570491,0.0509157001782138,0.0192456876956865,0.00885586157046435,0.0240657308135439,0.03072710793673,0.031601930189286,0.0592264368875644,0.0128358865866816,0.0162138796720259,0.109775288331611,0.024037412195585,0.0169815327938682,0.0586948101705403,0.0838734300906894,0.0726252030465627,0.0156009094649612,0.0289602615667943,0.0205850700822303,0.0754018989647415,0.0438694455585686,0.0373625952030572,0.0208895870497671,0.0514876866545002,0.00944505238792026,0.0458075841068827,0.0193336959493075,0.0367326570441498,0.0201185510914136,0.0457147451704812,0.0655863387368332,0.128940061801074,0.0456276888761911,0.0451668945118502,0.0223606271798242
0.0394597357774019,0.00947402352923125,0.26960909992878,0.0763245849014372,0.0209734031402746,0.0194461951608747,0.0897377211986461,0.0258885536129668,0,0.0492552104490543,0.128560416237051,0.104424308911455,0.0212084057011523,0.189782348330656,0.107470245623666,0.0492687375870461,0.0373668905964789,0.116024441855118,0.130444214790865,0.0903537163368135,0.0382958455256538,0.0071854005305769,0.009485836538996,0.069914331811964,0.0205792878088909,0.0567937088380395,0.0307374173016168,0.0326740763866011,0.0132921392042879,0.0684293217517823,0.0484806644679341,0.0327592762572007,0.0574856926497674,0.0542996449797334,0.121443514476945,0.0174845358289949,0.0372513425265428,0.0238566462419955,0.0423790173670279,0.0564262274935373,0.0177833237615075,0.0686428263429887,0.154896636354624,0.0805502592111857,0.163808847456762,0.113889039176805,0.087653261678023,0.0741716844932769,0.20736020056463,0.143341672998822,0.13651723608889,0.209616426657821,0.0261590031345341,0.014480477274718,0.0579532387787748,0.0195721996564041,0.0415601655691184,0.0271252227540322,0.0418847999567219,0.0252138686106486,0.0766800291199198,0.0178224638068927,0.0579810684908496,0.126090330152604
0.0815098728951945,0.0211569907912515,0.148009142377982,0.0140050244986033,0.0675823968762057,0.0161244546367463,0.200523827148842,0.0531715114619598,0.0492552104490543,0,0.0596052825563763,0.109484013590902,0.0722896090369976,0.0578015608366087,0.0516110072970535,0.0458818927666016,0.13149019027057,0.285190714144453,0.216803963493379,0.149040961808319,0.0465521623154837,0.0661213301754192,0.0217921969492053,0.142091406804208,0.0560635488081807,0.252493504536558,0.16530832344625,0.173200945678051,0.10862105400721,0.0199036712200333,0.0388446637586172,0.0763593663184759,0.101445438605087,0.11709700172006,0.167574219677813,0.113511780646267,0.0307928521748447,0.124875143898807,0.0732274545451091,0.0612826631344023,0.0908712915875778,0.0460619448848848,0.0680904019162889,0.0377135496469962,0.0442853575582107,0.0323952487271697,0.0277067210155271,0.161331727838248,0.337473780330913,0.262398281976894,0.213427795844633,0.17894454050584,0.0237865354323088,0.0360349942973174,0.017560527783583,0.0713579656220624,0.187839213492928,0.0610246537425755,0.0827271210734054,0.0697553993198235,0.018405412688051,0.00242579356206899,0.182475920608779,0.209890344375168
0.0224731397046883,0.0271806026855438,0.0930864359630802,0.116481125307805,0.0557273973036459,0.01848140645822,0.00884350833376308,0.00725496103530542,0.128560416237051,0.0596052825563763,0,0.0694599652770364,0.0738093363447815,0.23004586431187,0.0483006069625297,0.0220816865614515,0.0296339802004948,0.0611485671418439,0.0104755042766557,0.0138159190437083,0.0107758505262659,0.0224069079361602,0.0781267808049643,0.0646560782245861,0.0280186113783518,0.0199764248145046,0.0172961273647802,0.030788486183518,0.00992906466586474,0.134642765753973,0.0507694419989784,0.0227392638241537,0.0306387966225623,0.0184972932711947,0.0281704201095274,0.0318978562736904,0.0714263536859737,0.0326000176290673,0.0336676293895404,0.0379907545156333,0.114057341771161,0.0173498942813533,0.148222929639323,0.149665245438005,0.153243546459545,0.0650846219831662,0.120399393131479,0.0469652366530607,0.100843154219382,0.0641966325990894,0.0606521892758115,0.0191608331536429,0.0382284901877714,0.0270775410043364,0.0556829623369822,0.0472363434018574,0.0197766672336968,0.0247074355127465,0.0252679588845697,0.0534447938580112,0.113135478402292,0.0278847596631543,0.0202018822314871,0.0255183470309445
0.0424039719652251,0.0222665021954307,0.0164263324524863,0.0704453612779465,0.074110742916572,0.0180076545680325,0.0335799232231478,0.141197673275192,0.104424308911455,0.109484013590902,0.0694599652770364,0,0.0762787445223407,0.0350957133436346,0.0262249367877867,0.057919605016918,0.0249341979663181,0.0229310572078518,0.0642569343812465,0.0562252850187861,0.0241672033597585,0.0534931803258264,0.0916061769038828,0.0655472381083883,0.032434294290427,0.0233414837050996,0.0292533279741856,0.025874814615575,0.0255896658535389,0.085321331442661,0.0319344508785747,0.0195625323590766,0.0328191665185115,0.0333817133689186,0.0828788378189135,0.0680380626001495,0.0564481330223742,0.0549410032538791,0.0357805880532182,0.0065276363146276,0.148299133536968,0.0485852035325227,0.0283323114749603,0.0969859900974199,0.035079104658227,0.0154193592069611,0.0532451822089476,0.0390208963899118,0.0257544029128805,0.0400288444893426,0.0507884452863994,0.0529670835942373,0.0481815301484462,0.0285299955368268,0.0120987002340841,0.0390713787855685,0.0236045292423444,0.0237685531244402,0.0211260250847831,0.04622888116086,0.0854279454238975,0.0116906403203903,0.0357675615933863,0.0504270141316146
0.023140555320906,0.0116930978760409,0.0835615853888584,0.0566870570581274,0.0348361604181016,0.160792835321305,0.0271990338483946,0.0565891842566317,0.0212084057011523,0.0722896090369976,0.0738093363447815,0.0762787445223407,0,0.0811093304644098,0.0326263170312062,0.0408297442429867,0.082671827411004,0.0543633389126472,0.0224871097825607,0.0217619445838902,0.150810873992599,0.0281348131882869,0.0286182661231246,0.0525816199592711,0.0270648797517379,0.0645995549036625,0.0700744617483816,0.146317341752044,0.0177473883251744,0.0613316107741067,0.03389785564285,0.0233405711383038,0.0389323454631447,0.0275037083416162,0.0294078853326597,0.0217605019386386,0.0468678334026569,0.0245542178839959,0.0884633448116452,0.079123842080421,0.0365337328617667,0.0378390086685556,0.0705836176381139,0.0803240866655653,0.131611621590636,0.0711781996528003,0.0647799339116736,0.16854273823413,0.0415460805364523,0.0310712916655222,0.020907642056829,0.0316955292488435,0.0456663093455507,0.00893807752176104,0.134192794013618,0.0116499253399439,0.0649338587771823,0.0994854042372036,0.172446944285889,0.0272059738475152,0.04632394912105,0.0207637980284672,0.0257255271840023,0.0303221205287682
0.0559928595780761,0.0264788178062956,0.128369897662012,0.106742665645257,0.133003298121796,0.0960269125192593,0.0444543328632706,0.116828315385024,0.189782348330656,0.0578015608366087,0.23004586431187,0.0350957133436346,0.0811093304644098,0,0.194059052414008,0.146270517684967,0.0983434007056733,0.0344622422887862,0.0888711315452519,0.0945095219052677,0.116444358332837,0.130748078380543,0.158152992140514,0.067475453282032,0.0449043547139543,0.0269466095546972,0.0316854344822714,0.0158381294234373,0.0251082289778961,0.0748051942881839,0.00923498094276197,0.0468443882328132,0.0901279305266473,0.0361690216900489,0.100819022882893,0.0985185683659361,0.0602785327071442,0.131120457841724,0.136730464614183,0.0168001471591855,0.196729649121977,0.209932880060996,0.140833981122822,0.1602416730208,0.0869196003498403,0.0453585739022281,0.125082209861865,0.0870702029588868,0.0281278352941468,0.0165006626748982,0.0477971972358475,0.118529723173835,0.122413821297282,0.03143729147811,0.0851626465874782,0.0429440158566724,0.0234912111842082,0.0543327151259242,0.13258535252057,0.0488315785507088,0.06953395150611,0.0158330048364831,0.0213328307379717,0.0756734427881088
0.0205467002233955,0.0313649862350326,0.0216774042591901,0.0765460029984227,0.054774342238091,0.0443577769974924,0.0126357551444515,0.0156939223893316,0.107470245623666,0.0516110072970535,0.0483006069625297,0.0262249367877867,0.0326263170312062,0.194059052414008,0,0.0273162085204868,0.0410708135061834,0.090400998637603,0.0170289424906178,0.00767340400945178,0.0400089653818231,0.0957358747895083,0.096578379649735,0.0810477492894124,0.0423463548311348,0.0419581801223695,0.0393491756650312,0.0249145622179932,0.0181372192917861,0.0714558151467327,0.0120018791494316,0.0160653114034375,0.0304752267347816,0.0106786090138804,0.0131552742915195,0.0262301088443999,0.0364635441365063,0.0370392916895542,0.0302081841332167,0.0123118393977865,0.0673205306443332,0.113842957167319,0.0502963986890097,0.100017628710276,0.0596600322251649,0.0278375657941788,0.113653395886161,0.0314889030421401,0.123405686453861,0.0808762313002633,0.0401227869950767,0.0200920475228332,0.069025154905054,0.0319454827595779,0.0199642725567153,0.0429979578815791,0.0454099624966464,0.0152451735297357,0.0597081463332939,0.0137414280116433,0.0690178023950094,0.00671756293435483,0.0215091614678053,0.0212001051849212
0.0138020644096836,0.0307631303160533,0.102068962065572,0.111985280947307,0.0329078593369509,0.0222082984732597,0.0157801868854826,0.0204124430724871,0.0492687375870461,0.0458818927666016,0.0220816865614515,0.057919605016918,0.0408297442429867,0.146270517684967,0.0273162085204868,0,0.0108792522072411,0.0672539196897475,0.0126910180802214,0.0195582691009211,0.010344088986848,0.0113582957894684,0.0720720806912138,0.0576195446891857,0.00861485692509831,0.010349177443683,0.00332325830166801,0.0108029187386739,0.0068668201873287,0.0813475080590109,0.0316931965044563,0.00487564299235229,0.0168418667005412,0.00867006596728862,0.0315450342895815,0.018201503877506,0.0626441047177593,0.0318110299010743,0.0138403732931262,0.037686148997143,0.0421406044527157,0.0100122107426596,0.0988792983015681,0.102203267597777,0.0994615144404415,0.0511088906573913,0.0910431528396966,0.012382047032445,0.106965946156457,0.0741023657161413,0.0798138239393561,0.0303672398995539,0.0288056627545601,0.0350151886061918,0.0337205769830044,0.0123070759841217,0.0197285865794119,0.00742882446117322,0.0158380547220025,0.022852805916407,0.115131651707924,0.0243930779755419,0.0309096368071149,0.0294999873859645
0.0325974372085648,0.0229289268187439,0.0700988315169921,0.230872119192832,0.0415878728448952,0.0937951396560679,0.071037455669105,0.0166192440032774,0.0373668905964789,0.13149019027057,0.0296339802004948,0.0249341979663181,0.082671827411004,0.0983434007056733,0.0410708135061834,0.0108792522072411,0,0.193152216586909,0.0666405067437281,0.0545760568295805,0.157260844257703,0.0241831201832299,0.0061349507867959,0.0538513463885301,0.0493624347294613,0.289237921740133,0.190253619727734,0.271564177052742,0.0423283350955071,0.145467068826285,0.0828388775315662,0.0430234249921931,0.0199550305143677,0.0475690402723498,0.049082845723542,0.048531016441062,0.133156094720986,0.0702481982939721,0.0409401198019855,0.0304735094922839,0.041067941747563,0.0217289484142475,0.0554585560488491,0.14517466284578,0.168676353944796,0.109986091395085,0.199319683409166,0.0136473773033359,0.110202732306139,0.102490244122538,0.0460601563583954,0.0198934033955538,0.0277044665100734,0.0356979548360824,0.115380382641584,0.0417368968204649,0.164032430737835,0.114073041418451,0.171927351922898,0.108690756773753,0.124837110491562,0.0561705828502524,0.0827440789152251,0.0479023663674412
0.030113669818133,0.0151365187039733,0.0246315107072602,0.0485253307957551,0.0112146637225708,0.0316439064959152,0.056848347778882,0.0754654479843294,0.116024441855118,0.285190714144453,0.0611485671418439,0.0229310572078518,0.0543633389126472,0.0344622422887862,0.090400998637603,0.0672539196897475,0.193152216586909,0,0.0881359274405539,0.17201293586429,0.0280514942638522,0.126203503116962,0.0481044479755587,0.0152376742084486,0.123510068137887,0.0413182775691508,0.0391889820114934,0.0656173416832452,0.0775684569626689,0.037378671657384,0.0221983821703734,0.115920313793221,0.0393652088496448,0.0290980970514305,0.0892078138617864,0.0506985751413782,0.08814887030453,0.0698206091359011,0.0375008963116634,0.0225530083774201,0.100556052042935,0.0945201858873613,0.039272619693953,0.0246819391042141,0.0257509746814292,0.0583365728506869,0.0379858791385874,0.157344723583323,0.0617192476643932,0.220514518277852,0.136322700061535,0.0515679900752982,0.026527798034163,0.162021039174474,0.0332830576418764,0.112715046679403,0.0234486453417728,0.0498419523295983,0.0253662822497217,0.0377883353780552,0.0575522808336552,0.123237878899109,0.0216293016903578,0.0492608051116005
0.0211173815348704,0.0102566968338555,0.126425438385412,0.116964694541191,0.0298272372727998,0.0243884985843862,0.0168903452662524,0.0215503402705737,0.130444214790865,0.216803963493379,0.0104755042766557,0.0642569343812465,0.0224871097825607,0.0888711315452519,0.0170289424906178,0.0126910180802214,0.0666405067437281,0.0881359274405539,0,0.0535416681673206,0.0203619629417197,0.0536541920957202,0.0934984289392984,0.0568126416217543,0.0314047971312926,0.0436175631880357,0.0154394745681675,0.0144285316996687,0.0272876155454812,0.0994785967588084,0.00935768717854791,0.0446175863591081,0.0315469427518721,0.0249868194243238,0.0185204722449498,0.039726160271919,0.132301248003414,0.0686089329012418,0.0307525381628065,0.058109094161303,0.0624722696334589,0.0294830089069193,0.056775844627852,0.0678512963265014,0.0810397245962194,0.0339525082351135,0.0613065532122914,0.0729799931469942,0.141973861999527,0.0205706856609586,0.0211286479969434,0.0287437041162261,0.0220458483610088,0.0466197233523366,0.0217015505694274,0.0293143677278928,0.0314173669863038,0.0179225223900413,0.0149573681250429,0.0251880265579071,0.083327356704497,0.0255500655677344,0.054800277526504,0.0425414297621629
0.0273511026393954,0.00741545164271848,0.0939811545524336,0.0448556376327045,0.0131385021634767,0.0443036538072421,0.0451483256047536,0.00715648699171641,0.0903537163368135,0.149040961808319,0.0138159190437083,0.0562252850187861,0.0217619445838902,0.0945095219052677,0.00767340400945178,0.0195582691009211,0.0545760568295805,0.17201293586429,0.0535416681673206,0,0.0381564123488006,0.132419293336247,0.0797404139356769,0.106169731079195,0.0495435525398435,0.108138176166587,0.0630293105396485,0.0572247076397782,0.0436732229229983,0.0486758384328416,0.0320597894982015,0.0413953425174649,0.0385024218600142,0.0483329674021261,0.0471951098258114,0.0120482141452092,0.0337861417967302,0.023488707119188,0.0145307449510988,0.0351169322490108,0.0337102134981992,0.0547038428446011,0.0493306447156683,0.0520947886460206,0.0372789535652152,0.012192964414525,0.0353155406744322,0.0674193939678735,0.228577660809653,0.167444649126417,0.141060074851861,0.0421152502914736,0.0290916516201191,0.0483273833468618,0.0116731070917259,0.0333897430670199,0.0982855817981962,0.0389907526402587,0.0423117132642169,0.0353784067444233,0.0647650435536949,0.0229072626222318,0.0676076629481997,0.0855854690425229
0.021162964803672,0.0327088656516959,0.0374001316029864,0.0775316126242685,0.113741005245584,0.0120037389483932,0.0311622497292098,0.0301708537212724,0.0382958455256538,0.0465521623154837,0.0107758505262659,0.0241672033597585,0.150810873992599,0.116444358332837,0.0400089653818231,0.010344088986848,0.157260844257703,0.0280514942638522,0.0203619629417197,0.0381564123488006,0,0.0256759527218956,0.0417543832266516,0.0342107085217864,0.0999788477553211,0.0365451014983904,0.0895225716293578,0.00269567498600138,0.0777673121610361,0.0639072604154937,0.0491238954687915,0.0760875289426228,0.0686504235051533,0.00882399723515899,0.0129184998646602,0.0324726338177045,0.0194347948183931,0.0411397458406856,0.0305955424656737,0.0204967785825996,0.0373406667698689,0.00604918883552383,0.0419498674465887,0.178200760118724,0.0711720088513349,0.0626411235422394,0.156851945150117,0.176444096482443,0.038584533657132,0.0731579946498768,0.0621639043178463,0.0293332834762737,0.0209116182125656,0.137211135826329,0.129493385502527,0.157001773348521,0.0373436661343038,0.0234295252043353,0.0119046961522241,0.0604004886157005,0.0758303234566761,0.078344118746558,0.0101243130780712,0.0284940726024835
0.013213859673432,0.0258691293063187,0.0675350593946046,0.0220202403405591,0.0222428834899848,0.0217067625609648,0.0653246582674231,0.023946647536483,0.0071854005305769,0.0661213301754192,0.0224069079361602,0.0534931803258264,0.0281348131882869,0.130748078380543,0.0957358747895083,0.0113582957894684,0.0241831201832299,0.126203503116962,0.0536541920957202,0.132419293336247,0.0256759527218956,0,0.0240890051254055,0.0956137786891651,0.035375373346899,0.0674037385101652,0.0239470275200528,0.0778388104896685,0.00759149216631775,0.0323433786174153,0.0342794259275942,0.0191494455057152,0.0151599465476238,0.020864054095062,0.0673333485696609,0.00834424754517474,0.00665010650474317,0.011135387770196,0.0169215437605792,0.0152491163586486,0.0119995926563983,0.0257307892800613,0.0714965065841495,0.0599002806489741,0.0616135745507148,0.082652890260032,0.0809552501243227,0.0216799596790918,0.154547141638708,0.180477683758103,0.164193572555401,0.0488438290855665,0.0210132706454471,0.133773568232982,0.0243232345403601,0.0563363416460142,0.0733675881650886,0.0253824319506217,0.0390149721470921,0.00372229119110318,0.0358734112987074,0.039112770223829,0.0455761000645024,0.0455146399666788
0.0120028214419801,0.0317366205377607,0.166963623200216,0.0988544963116164,0.0180008563124938,0.0172962661901343,0.0468865866749101,0.0850503570384529,0.009485836538996,0.0217921969492053,0.0781267808049643,0.0916061769038828,0.0286182661231246,0.158152992140514,0.096578379649735,0.0720720806912138,0.0061349507867959,0.0481044479755587,0.0934984289392984,0.0797404139356769,0.0417543832266516,0.0240890051254055,0,0.0307112339254896,0.0322552810112638,0.0213501397452579,0.0150218220211586,0.00779500216389962,0.00917787210382378,0.0793479661376461,0.0469373882585508,0.0143652079395707,0.00990984806137543,0.0205411557119532,0.0906103560272873,0.00815843520023211,0.0447212696387814,0.0124341119943031,0.0486162513519437,0.0575869683439646,0.0173347223648975,0.0536341770194656,0.149085740067664,0.0992149221953053,0.1399545111707,0.122206200372687,0.111228844546581,0.00270245350047174,0.120930122146004,0.0998646445389095,0.121535150914405,0.129470349762877,0.0307324860104813,0.0395722928881147,0.080573307097658,0.0233559438065456,0.0130784296032958,0.0392121140031477,0.0637015689784266,0.014944668373964,0.0770611506456887,0.0374613033721242,0.0398864596405821,0.0538133023580096
0.0192556115964725,0.031414171217642,0.042773115845018,0.0266291586823688,0.0118283596319973,0.0364648356427661,0.0227370514795993,0.108902628866683,0.069914331811964,0.142091406804208,0.0646560782245861,0.0655472381083883,0.0525816199592711,0.067475453282032,0.0810477492894124,0.0576195446891857,0.0538513463885301,0.0152376742084486,0.0568126416217543,0.106169731079195,0.0342107085217864,0.0956137786891651,0.0307112339254896,0,0.089462094363403,0.00554522024283137,0.0300297236115744,0.00313340674412199,0.0498578208737949,0.0191746880814535,0.0604535785372105,0.0364420512103802,0.00779154351008207,0.0175098926494618,0.0643340573845082,0.0108036840469512,0.00347331308247953,0.0362093640610827,0.0129395145176078,0.0363773098138905,0.0564137209072799,0.0779216681594586,0.0984100223255981,0.0519590254050593,0.0426962107460384,0.0557061238921349,0.0537512510971488,0.046157637310964,0.0498821943905691,0.0986661003158629,0.110172848776287,0.0588974828809008,0.0364413544051746,0.106798255825214,0.0772757347879747,0.0857910317397953,0.00786646249287812,0.0500148210276695,0.0356405608457405,0.0248264068933431,0.0343390995506294,0.0549419506317843,0.0138411597519076,0.0250188588035755
0.0295809814186589,0.0187245966516466,0.0385430342742799,0.017025321122691,0.0307749359747416,0.0983016081173991,0.0345009224194791,0.0151643296550532,0.0205792878088909,0.0560635488081807,0.0280186113783518,0.032434294290427,0.0270648797517379,0.0449043547139543,0.0423463548311348,0.00861485692509831,0.0493624347294613,0.123510068137887,0.0314047971312926,0.0495435525398435,0.0999788477553211,0.035375373346899,0.0322552810112638,0.089462094363403,0,0.0961488120895405,0.0796573461995711,0.119898526692216,0.00967881945157262,0.0170871582971174,0.0100939965400738,0.0144124889314903,0.028427242902686,0.0230861199888989,0.0368204046853099,0.0117505947820118,0.0173969568955791,0.0241404148930434,0.0389030916914715,0.00324390966148702,0.0209408241291029,0.0222301027497347,0.0279684164450881,0.0369904827838202,0.0476832509301666,0.0525499662745327,0.0623111908129278,0.0555079452151115,0.123626801167588,0.119535271794508,0.0695974379351139,0.0247485171539345,0.0367312075098647,0.0826655853077495,0.0248848457008208,0.0527917715068689,0.088977407543259,0.0785725147472792,0.133620457649426,0.00831989980766783,0.0130810963114196,0.0142261920007094,0.0370189925458083,0.0312671571776752
0.0175008299325043,0.0175792323018909,0.0269690833000839,0.0193386415677741,0.0366929742995944,0.0540838328674037,0.0277827700837931,0.0256900415665859,0.0567937088380395,0.252493504536558,0.0199764248145046,0.0233414837050996,0.0645995549036625,0.0269466095546972,0.0419581801223695,0.010349177443683,0.289237921740133,0.0413182775691508,0.0436175631880357,0.108138176166587,0.0365451014983904,0.0674037385101652,0.0213501397452579,0.00554522024283137,0.0961488120895405,0,0.0502515084427038,0.0926961858298644,0.0661582878741507,0.0303122223922897,0.0260032714772066,0.122330459584217,0.0563995925982853,0.00776047922085036,0.0369387912309478,0.0134526948998246,0.0437716891847463,0.0310258663451429,0.0354045440231328,0.0207703051982506,0.0231709812209469,0.03412907384788,0.0283212254491223,0.0179478381759616,0.0442327835946194,0.0277992182768006,0.0427168709240805,0.244816956204233,0.0506092447535205,0.118055499299802,0.0778431475554694,0.0225732255023218,0.0284736626186579,0.150401858791675,0.0151896921500474,0.123945996103321,0.0209890853884956,0.0319141536146315,0.0478429105372959,0.0238974327478017,0.0430513761851097,0.0947396968686594,0.0160595343110288,0.0104943577497267
0.0213398544681935,0.0110692590293235,0.0308952966251773,0.0168989203539102,0.0363204204446763,0.0687986996703284,0.0411672612676528,0.0355760793974011,0.0307374173016168,0.16530832344625,0.0172961273647802,0.0292533279741856,0.0700744617483816,0.0316854344822714,0.0393491756650312,0.00332325830166801,0.190253619727734,0.0391889820114934,0.0154394745681675,0.0630293105396485,0.0895225716293578,0.0239470275200528,0.0150218220211586,0.0300297236115744,0.0796573461995711,0.0502515084427038,0,0.10865190854432,0.063518399783736,0.0264611307496828,0.00139063748240042,0.0966310267366096,0.0424912772642363,0.0234936786692389,0.0195916821678798,0.00935754496497954,0.0283866897651291,0.0342863551422549,0.0445056842696776,0.0470105460642442,0.023721837469389,0.0451178034375154,0.0200443786877548,0.0513909250554927,0.0360650382746461,0.042491889845764,0.0750969966663672,0.236732578272403,0.0388463514114471,0.0781104947304373,0.0405842006620194,0.0130033734320185,0.0246762469532303,0.116617756432277,0.0199624842568866,0.126207764367942,0.0480860742193384,0.0232596079651925,0.0923010717735715,0.00791519841495874,0.0065319669637386,0.0679660372684815,0.00743961283735123,0.0160049792446769
0.0150686693131052,0.0165041839477886,0.0262307488631712,0.0115095080288546,0.060201293529067,0.0325111053333818,0.0175191810656607,0.038875498069142,0.0326740763866011,0.173200945678051,0.030788486183518,0.025874814615575,0.146317341752044,0.0158381294234373,0.0249145622179932,0.0108029187386739,0.271564177052742,0.0656173416832452,0.0144285316996687,0.0572247076397782,0.00269567498600138,0.0778388104896685,0.00779500216389962,0.00313340674412199,0.119898526692216,0.0926961858298644,0.10865190854432,0,0.106630592998863,0.0344833875812684,0.0271513962769004,0.176462728764284,0.0597833512413809,0.0239605274852305,0.0226812646355659,0.0058974423884791,0.0286719642384689,0.0175168900632744,0.0469625555348758,0.0198351324981926,0.0268336947837972,0.0345954300157877,0.0191595795701318,0.0631677737522587,0.0167873097035912,0.0335297372384207,0.061635034159783,0.303686608812154,0.0423061903776462,0.0482246669852417,0.0379303734988185,0.0109430040724811,0.0143196869959797,0.132941242049998,0.027021640363023,0.157177006163088,0.0282709836100605,0.0535080671102895,0.00649581314161265,0.0755228433666877,0.00765980910367735,0.127071328378685,0.0693059142541333,0.0301347640659606
0.0280591679757112,0.00384779674058344,0.0200686205993082,0.0206037849275368,0.0166408540065307,0.0718887607199696,0.0148649270849756,0.00626207569804031,0.0132921392042879,0.10862105400721,0.00992906466586474,0.0255896658535389,0.0177473883251744,0.0251082289778961,0.0181372192917861,0.0068668201873287,0.0423283350955071,0.0775684569626689,0.0272876155454812,0.0436732229229983,0.0777673121610361,0.00759149216631775,0.00917787210382378,0.0498578208737949,0.00967881945157262,0.0661582878741507,0.063518399783736,0.106630592998863,0,0.0458232168545378,0.00683997907499426,0.0152608051799483,0.0207388846118857,0.0169188991518795,0.0246424460615499,0.00917872727718795,0.0321130736148244,0.0139726063266878,0.0411082489804991,0.0170963833202011,0.00833574888534354,0.0139231976154153,0.0092791283687417,0.0121775139532468,0.0496869769376133,0.0147198464186546,0.0187962125892783,0.0334129035328363,0.0799857238705909,0.0747657099652957,0.0420836410327412,0.0174537430369091,0.0167452832141048,0.0351669162626181,0.0341366601849896,0.020221781717202,0.122590711945707,0.0477854893322397,0.0941913033604934,0.0237633744540248,0.0293473164843068,0.0106689632497402,0.038157935410308,0.0277659368975506
0.0544562130973393,0.0201168677581519,0.132286795733821,0.0415145579008524,0.109932313132075,0.15134730070645,0.0549638632769989,0.0963161412570491,0.0684293217517823,0.0199036712200333,0.134642765753973,0.085321331442661,0.0613316107741067,0.0748051942881839,0.0714558151467327,0.0813475080590109,0.145467068826285,0.037378671657384,0.0994785967588084,0.0486758384328416,0.0639072604154937,0.0323433786174153,0.0793479661376461,0.0191746880814535,0.0170871582971174,0.0303122223922897,0.0264611307496828,0.0344833875812684,0.0458232168545378,0,0.0250350809249086,0.0599283213377278,0.0783534811926993,0.0339738988821772,0.0845345943210854,0.0989809708204414,0.0266179258959689,0.102834067470051,0.151389111300364,0.0503653160060375,0.110234172508579,0.0952714754407218,0.104214660859429,0.0268508776236726,0.108387432028621,0.0552374572085713,0.0160968216102083,0.149611031458797,0.0574070643935953,0.0347587830231042,0.0533333214008987,0.116920551157884,0.0600699137660563,0.0186411700009489,0.0486588667357289,0.0230152051641203,0.015545509105603,0.0612745756747764,0.111472586032175,0.053981093158179,0.0547229071881646,0.0310707182540401,0.0549338269531093,0.0789276953648947
0.0191920392729793,0.0021363909217788,0.0432351328471346,0.0065804022286028,0.0743288391450274,0.0775938690877653,0.00936604897451644,0.0509157001782138,0.0484806644679341,0.0388446637586172,0.0507694419989784,0.0319344508785747,0.03389785564285,0.00923498094276197,0.0120018791494316,0.0316931965044563,0.0828388775315662,0.0221983821703734,0.00935768717854791,0.0320597894982015,0.0491238954687915,0.0342794259275942,0.0469373882585508,0.0604535785372105,0.0100939965400738,0.0260032714772066,0.00139063748240042,0.0271513962769004,0.00683997907499426,0.0250350809249086,0,0.0451052152953463,0.0459859910247687,0.00139130224486825,0.0166560311288093,0.0126265157212777,0,0.0525011289948846,0.066799981128658,0.0338736000339169,0.0528252232661308,0.033980845648049,0.0217585632201104,0.0291693435192693,0.034889813319374,0.0205614155655025,0.0273900589178771,0.0840175303142694,0.00406526405411627,0.0144084334312869,0.00773007865194974,0.0361345411753206,0.0437054105736026,0.0170652171262007,0.0179999010150549,0.0158780287105775,0.0419358422069909,0.0198927078740713,0.0973552502459387,0.0270135582404957,0.00741028238850665,0.04078662940149,0.00334644808495498,0.018952620439384
0.0313483970508225,0.0213808453925653,0.0308074303556215,0.152208598675577,0.0398138143478513,0.0835503425504344,0.0508922357746928,0.0192456876956865,0.0327592762572007,0.0763593663184759,0.0227392638241537,0.0195625323590766,0.0233405711383038,0.0468443882328132,0.0160653114034375,0.00487564299235229,0.0430234249921931,0.115920313793221,0.0446175863591081,0.0413953425174649,0.0760875289426228,0.0191494455057152,0.0143652079395707,0.0364420512103802,0.0144124889314903,0.122330459584217,0.0966310267366096,0.176462728764284,0.0152608051799483,0.0599283213377278,0.0451052152953463,0,0.0291561402881432,0.048535851578384,0.0324336501997551,0.0328386589760142,0.123617497383914,0.0581018927605359,0.0401569244049189,0.0222283378892421,0.0290126974350177,0.0136247848251009,0.0275500789970041,0.0656591683366262,0.0789009625719842,0.0415226332413837,0.0735109926327011,0.0313135834680231,0.0697993210901283,0.0724355439285403,0.0216604087908175,0.0147974008790202,0.0262380253984706,0.0205807209890029,0.0546801291498158,0.0172631590057795,0.0800740912596736,0.041636980017685,0.117252776679077,0.0540319464432288,0.140743086794551,0.0281206432149309,0.0357364455355369,0.03907535897188
0.0418530327249961,0.0143507641665998,0.0971501878327444,0.159057925610875,0.0549929848877838,0.0261387997932811,0.027392915185763,0.00885586157046435,0.0574856926497674,0.101445438605087,0.0306387966225623,0.0328191665185115,0.0389323454631447,0.0901279305266473,0.0304752267347816,0.0168418667005412,0.0199550305143677,0.0393652088496448,0.0315469427518721,0.0385024218600142,0.0686504235051533,0.0151599465476238,0.00990984806137543,0.00779154351008207,0.028427242902686,0.0563995925982853,0.0424912772642363,0.0597833512413809,0.0207388846118857,0.0783534811926993,0.0459859910247687,0.0291561402881432,0,0.0281192902443698,0.0343159703653997,0.0616392599651865,0.138717647015736,0.0618997786064802,0.0232800145920099,0.0432621179071993,0.0358455275165689,0.0189200696213455,0.0573685762447978,0.0971680885907541,0.108454043863882,0.067496071340848,0.121205530678258,0.0293314912425619,0.0289506731398168,0.0509753945651407,0.0264600312284665,0.0290417954130514,0.0143857292574643,0.0585576160876459,0.0538460269340379,0.03383524310805,0.0560466266564007,0.0381203557891491,0.0680188259229623,0.0401714001921152,0.0977115776347888,0.037082014242221,0.00953767147782911,0.0363992072652642
