0,0.0238059611513707,0.0300588912798402,0.0365028745520833,0.0110204848491016,0.0225621366056143,0.0209495612459021,0.0225269611048849,0.0352829661358858,0.0167039747764236,0.0217318424995458,0.0256334372962508,0.0320943308151602,0.0416017561331091,0.0273596233845307,0.0183409557668669,0.0095560077504485,0.00227361647388591,0.0265895194226646,0.0233928109414855,0.0469094774085454,0.0571057485287456,0.00704964139182061,0.0132432428222835,0.0434227958953466,0.00896714374975496,0.0209268901154374,0.00939110727465578,0.0170525408804428,0.01936574404421,0.0233621521759758,0.0115815982172432,0.0313975806030632,0.0103915837386854,0.0248402281165174,0.0181934999918712,0.0321894784130743,0.0371679239986074,0.0191360577665102,0.0176017834647367,0.0225686258649843,0.0225833449474278,0.0341335203170069,0.0200674922553621,0.0356686063362228,0.00883043840133602,0.0311023531077494,0.0400971104069285,0.00926979923226884,0.0199061270899201,0.033364413210192,0.0235500534013476,0.0139607971161469,0.0927721127215713,0.0575784430352262,0.013417773588937,0.00810821320174356,0.0211884693373816,0.0256970869934958,0.00976777865383727,0.0364532915050015,0.0310363417121722,0.00811107788609945,0.0126252313791584
0.0238059611513707,0,0.0318408094370358,0.0144115490039987,0.0347968159686818,0.0439916135340968,0.0315956542679474,0.0306498962364336,0.0615492755378061,0.0321024350888863,0.0377354899986981,0.0867603186215651,0.0804626192990411,0.0648691334816313,0.0128458464295933,0.0224529612622393,0.0146819408346618,0.0586458491550359,0.0781138638614978,0.0679098369391939,0.0482491015538439,0.0549549162145754,0.0416653990227275,0.0666310216414085,0.0305869512385209,0.0595122629469704,0.0165293841143613,0.0110925924036477,0.0191776604141125,0.0139479950078573,0.0170577841387917,0.0152522843535623,0.033326643388061,0.0471144178370651,0.0428025423098456,0.0626937661555101,0.0615643809691728,0.0543073226414694,0.0187015128810431,0.0735451570027516,0.0333313919420979,0.0165748891136769,0.0388154124021272,0.0742047236067882,0.0252100823211484,0.0227339119833032,0.0171752850059082,0.0292271242910038,0.0740121613340318,0.0758400173536517,0.0599621309985658,0.027886308709232,0.0194056440703002,0.0847899402799032,0.068433139936465,0.0280544169354456,0.0317226884385724,0.0124659102583366,0.0177439774036704,0.0177850118766232,0.0181920914045463,0.0590291110601648,0.0560430930680641,0.0271920600788795
0.0300588912798402,0.0318408094370358,0,0.0284660025394787,0.0226381988130715,0.0609396107049385,0.0768723268680954,0.024024989398976,0.0313816065070351,0.0261803191317025,0.0510891393983227,0.111269939893344,0.0887790196926088,0.0964989043302955,0.00612078369121638,0.0591868726329598,0.0176681751926274,0.107440636346664,0.0456977246862816,0.114595493363137,0.042570843466547,0.0117373927413555,0.0760888017703183,0.0861330801471103,0.0196057466424427,0.0466875050289549,0.0249338791730952,0.0292295947187039,0.010554671534579,0.0298877776323837,0.0279935300567513,0.023753813351848,0.0241909172624996,0.0900297246587408,0.0210132559905244,0.0244713262460769,0.0170411453955384,0.0120719286010157,0.0273057926120764,0.0935474971823174,0.0423365509147559,0.00614372942107221,0.119616468114713,0.0752949628107341,0.0603581850366016,0.0516780028918767,0.0284833250243534,0.0370796935004822,0.0941667960430861,0.128543394203399,0.105010972902283,0.0516922214260525,0.0491948443134123,0.0574852582768508,0.105864274042687,0.0319425519872935,0.049831484504693,0.0176394499409531,0.0356763094259562,0.0379211095858576,0.0421714418996203,0.0241058661887274,0.0359138920028456,0.0209532106517258
0.0365028745520833,0.0144115490039987,0.0284660025394787,0,0.0135141293860816,0.0298483663910382,0.00841721339623664,0.0186756689676641,0.0276244683829086,0.00801189473846152,0.041964386881656,0.0258392253637442,0.0833787809270285,0.0780001302877487,0.0285461145793287,0.0214753218409827,0.0239544404195968,0.0263940196704192,0.0330938330564888,0.0460497467627872,0.0398305606939326,0.0752736135542783,0.00589779669945499,0.0254431807696395,0.0706512432848498,0.016329741101383,0.0142913731594427,0.00415206239071443,0.0201500194317145,0.00984960843963477,0.0188708391193149,0.00488141691371614,0.035637173836616,0.0242319663969021,0.0159449477405439,0.0199485299751917,0.0376454421363151,0.0277431684775053,0.0186732564564523,0.0233652765050041,0.0356052214536918,0.025916062744091,0.0543769578853088,0.0750073178715336,0.03808709217701,0.0128061427695916,0.0473428288017149,0.0547492586966511,0.0363859489812079,0.0503607828019412,0.037317864218366,0.0162437687099582,0.00973319668532832,0.0965594488803758,0.0672510420615839,0.00662270494963325,0.015709491811283,0.00947271958422873,0.008340568994128,0.0202765200410847,0.0140304386888162,0.0421881974745484,0.0194018711632677,0.0176235063151229
0.0110204848491016,0.0347968159686818,0.0226381988130715,0.0135141293860816,0,0.0199982856721791,0.021891279735389,0.0236798486620689,0.0298845723737475,0.00804414454322444,0.0556106182962131,0.0333400022840643,0.114050377926634,0.0794395794676934,0.0324589866099354,0.0280245417873761,0.00309684048667185,0.0332156679004884,0.0439743066524203,0.0424371229422564,0.0337777535502377,0.0588831049710548,0.0141528128568245,0.0214340730826087,0.0676427721607843,0.01639963353347,0.0240950049774429,0.0187010299338565,0.0232452048555459,0.0223504317391327,0.0292410351771,0.00540264757955809,0.0234404363070696,0.0302263807055693,0.0171975855600717,0.0294414319939608,0.0273038887962193,0.0116748682270146,0.0160607575547637,0.035061031274454,0.033545589860489,0.0382562510437104,0.057696836554178,0.0948748770346564,0.0424592344423284,0.00997264478988761,0.030887863263852,0.0607486102815292,0.0283760796534873,0.0552414976735803,0.076109983593923,0.0128749112873312,0.027686065057654,0.116855671645709,0.0749282471992191,0.0215340887485557,0.00904095152479648,0.0195139134451725,0.0302111457653499,0.0450586751217972,0.0216095165972252,0.0280819050047048,0.0356000949357256,0.00327452790563453
0.0225621366056143,0.0439916135340968,0.0609396107049385,0.0298483663910382,0.0199982856721791,0,0.0243292027957885,0.0267311091644144,0.0131855101626792,0.0173616938847268,0.0285455821035265,0.0268228615976244,0.0516541781697134,0.0193405908864881,0.0264793255785431,0.074575239974684,0.114969892754022,0.0131006821485435,0.0367194426796848,0.0337416204925322,0.0396098008724115,0.0517017531197981,0.0375380497437868,0.0177257908709707,0.0267060772357579,0.0161193043948985,0.0234038480533911,0.0430569602999071,0.0184651898684302,0.0691971395878877,0.0166643627916787,0.0683371885823439,0.0490510635143804,0.0281478614414947,0.0331413647062493,0.0389131815665296,0.01247440904612,0.0151823317228829,0.0207858812684319,0.0252778301656307,0.0212118531611807,0.0246587568664749,0.0332020849239261,0.0480556317385872,0.00260713696489815,0.0196605169481885,0.0289236111536604,0.0765386281695722,0.0140220047969684,0.0193575272114886,0.0401081006002517,0.0407595346024294,0.0185621581603818,0.0302957832624419,0.0201759515474865,0.0147283153391902,0.0574294210609976,0.01147282996264,0.0385531560929231,0.0181044307631836,0.027007235073547,0.0634369751616033,0.0238721926023924,0.0922094585966006
0.0209495612459021,0.0315956542679474,0.0768723268680954,0.00841721339623664,0.021891279735389,0.0243292027957885,0,0.0211259970579009,0.0172304539935717,0.0277476798806959,0.0143565274549489,0.0212387209825344,0.0448600058955014,0.0154627807746186,0.0503516228271565,0.0391947987778364,0.151006971185972,0.00358817818019459,0.0170884660298245,0.0327109599853666,0.0224344994083678,0.0497833177765717,0.0145096268413561,0.010027161826709,0.0293669782762923,0.0209255722043226,0.0085646757838889,0.0152738145186242,0.028776232796315,0.0467917752452402,0.0153205990252522,0.0973193677652979,0.0685751417894135,0.0821684750218975,0.0326050474656811,0.03589820245238,0.00735879720052864,0.019809660140793,0.0841109666160224,0.0103915030316966,0.0273123584004032,0.036495914085526,0.0256873643640777,0.0457262056447564,0.00771252471572852,0.0167896558581734,0.0374397540704613,0.0694831308937022,0.0105798208870106,0.0280604650679335,0.0227404574304067,0.0315599493324173,0.022957917906703,0.0290230096765125,0.0184703411528123,0.0103911086188413,0.0346168578758151,0.0116931359134195,0.0209297584725462,0.0104764763084147,0.01304013886098,0.0774574833272331,0.0210054421961554,0.122303909745386
0.0225269611048849,0.0306498962364336,0.024024989398976,0.0186756689676641,0.0236798486620689,0.0267311091644144,0.0211259970579009,0,0.0123961845239257,0.0231474821141218,0.00783161600797582,0.0283673532733033,0.00609766903202959,0.00337140691705787,0.0130788994021928,0.029361743311884,0.0338428348761512,0.0260013663675727,0.0147482873757437,0.0189205372210572,0.0301841868218482,0.0221305584001291,0.041465378395966,0.0468477382648076,0.00747329343896168,0.026130465658875,0.0235041046934122,0.0236986673725164,0.0238704958294201,0.0228864492723115,0.0118048310027893,0.0651606180613523,0.0537695569256924,0.0307210827808629,0.0362097626880243,0.0333099879939752,0.0174300194933466,0.0342782185436039,0.0225160335645217,0.0256276878826705,0.0107774519979507,0.0108244607041862,0.00406486799904083,0.00889322838852949,0.0106235028919173,0.00689613803645,0.00845309259976131,0.0102557915680092,0.0170124936294504,0.0214792742398109,0.0158282184829801,0.0184321747865688,0.0350265685699307,0.0164722038572511,0.0220212156292434,0.0167877239089087,0.0354987068061556,0.0143051387649272,0.0300767178011495,0.0182445112517376,0.0295356690881375,0.0704396061729355,0.0180335855667386,0.0623303033892364
0.0352829661358858,0.0615492755378061,0.0313816065070351,0.0276244683829086,0.0298845723737475,0.0131855101626792,0.0172304539935717,0.0123961845239257,0,0.00583112941448264,0.030039424537617,0.0319812317546718,0.108553663099187,0.0587385806509289,0.0321406876545395,0.0218989154178753,0.0280552746214835,0.00545707453577115,0.0133652838299099,0.0355298502659485,0.0526367746728574,0.0537384285119013,0.0217569429184651,0.016813436603382,0.0553925034328858,0.00623443086287436,0.0320195763302825,0.0381885664825289,0.0223764288820866,0.0456122727436021,0.0333883890945079,0.010841836114163,0.0278721652894399,0.00255434858338403,0.0109119652232873,0.0132434549231587,0.0313921296369093,0.0270640441587791,0.00916374902875174,0.0300900448297724,0.0253682777216008,0.0347943683604631,0.0528887449084983,0.0983329303476237,0.0455378853451096,0.0116651314113158,0.0485842290313729,0.10297720488865,0.00423126401612307,0.0392320192094594,0.035871158000436,0.0535633861136927,0.0326303529757864,0.0854018335665285,0.0815815766199502,0.0159092833892463,0.0247788483005316,0.0203140299259014,0.0380454659477442,0.0522123703123114,0.0281597609629062,0.0497386757074915,0.00909133127674047,0.0127751638142988
0.0167039747764236,0.0321024350888863,0.0261803191317025,0.00801189473846152,0.00804414454322444,0.0173616938847268,0.0277476798806959,0.0231474821141218,0.00583112941448264,0,0.0143785695519905,0.0379933666306071,0.0630545072743531,0.0399680935326749,0.0135016687599571,0.0233065109160023,0.0981742987266731,0.0274834464634832,0.0211375608955148,0.0489223787242388,0.0360613224420571,0.0429338493120793,0.0415126236941332,0.0195701432971243,0.0393286386296638,0.0214653603691038,0.0306751432807075,0.0234352995845916,0.0307753519320658,0.0367056177646747,0.0294635635233358,0.0700825373512221,0.0567296118687645,0.0136269346614037,0.0195683254964163,0.0192879485433058,0.00910968870743891,0.0120268210491807,0.0223800494724672,0.0379793879527258,0.0111222129555296,0.0104613901603343,0.0377466011347272,0.0603713938126766,0.0114665177185935,0.0264933231670951,0.0458476184901462,0.0818884853182803,0.0271160913571081,0.0438876410088692,0.0617425010796798,0.017190264513745,0.0191175537530383,0.0576974454586269,0.0364009868486791,0.0210548750877149,0.0185770008149405,0.0218927395544666,0.0515889781617281,0.0226667846288643,0.0237536272982975,0.0932811727500369,0.0154744983365105,0.0689165650868056
0.0217318424995458,0.0377354899986981,0.0510891393983227,0.041964386881656,0.0556106182962131,0.0285455821035265,0.0143565274549489,0.00783161600797582,0.030039424537617,0.0143785695519905,0,0.0246449358277636,0.0772838750483545,0.0444398788991316,0.047289401712419,0.0260702267102033,0.0254049698569216,0.00698701446587083,0.0244542409370648,0.0222210352848268,0.0581157008830712,0.0395566098582907,0.0451040246104405,0.0216754865347447,0.0180428456816224,0.0156328715022354,0.0161634746428414,0.0351386412834318,0.0150493506684557,0.0334479814088124,0.0266618977942487,0.00788925563992408,0.0189293813429161,0.0139849736006496,0.0117136194599534,0.022185094074831,0.019593581433671,0.0288037489708034,0.0090941851742387,0.0511037264936151,0.0253076947079633,0.0245112943917038,0.03973287110273,0.0878999673179442,0.0276750408957802,0.0178547282665275,0.0408322886018061,0.0789985290212795,0.00865578195586712,0.00971028501556111,0.00774567104348791,0.0948018609307743,0.0450295398651426,0.0489313861955744,0.0755129416760969,0.017379939502688,0.0200256911286593,0.0151673606829447,0.0124114876042913,0.0389180512074214,0.0312057588152154,0.0277394559837689,0.0252330521544876,0.0197391242801807
0.0256334372962508,0.0867603186215651,0.111269939893344,0.0258392253637442,0.0333400022840643,0.0268228615976244,0.0212387209825344,0.0283673532733033,0.0319812317546718,0.0379933666306071,0.0246449358277636,0,0.0704077468234946,0.0297612536888758,0.0487899864284324,0.0695449118938201,0.124839437564239,0.0111452243618749,0.0429371503837042,0.0138886643489851,0.0448016254605372,0.0188796457038096,0.0387966298955717,0.0134960643169397,0.0300649295133181,0.0314415038289136,0.0212823252655235,0.044410129124576,0.0351158561788801,0.0683458916622853,0.0181556939607144,0.064085937284639,0.0502630777650955,0.096347430762852,0.0305601882583221,0.0720016370724819,0.0352941377388598,0.0469123649441826,0.0597828677685469,0.0434018717534559,0.0470671796140583,0.0456491096831378,0.0354044084886157,0.0643755969404096,0.003044036697189,0.0158766627681459,0.0271941878969702,0.0954953856036896,0.0475818484726392,0.021922518084798,0.0195536725791763,0.0721529747316302,0.0332181667522145,0.0111196470075214,0.0227201730051249,0.0143525678275576,0.0496525667995211,0.0181652832687609,0.0306203554235206,0.0610304910999061,0.03193164761983,0.0647222893285655,0.0492954625150819,0.0873926914293151
0.0320943308151602,0.0804626192990411,0.0887790196926088,0.0833787809270285,0.114050377926634,0.0516541781697134,0.0448600058955014,0.00609766903202959,0.108553663099187,0.0630545072743531,0.0772838750483545,0.0704077468234946,0,0.0396464545573677,0.0586141112703612,0.0669633479057248,0.0797328745679386,0.0807542020501154,0.115779342141265,0.0784687985319424,0.0253398896918197,0.0358992822083489,0.0276310539995208,0.041288909215544,0.00957344648201701,0.0665707591862895,0.0268823708737062,0.0462214142136051,0.0198259477656113,0.0399199538722693,0.0135208934312353,0.0448590235286194,0.0130078938317127,0.0748688502342608,0.0594583988812914,0.103972094674013,0.117024690785355,0.0777854212641561,0.0556735614146225,0.0326602270144679,0.0903945534791115,0.0735489324870203,0.022177540096168,0.0748427112734698,0.0155034854307861,0.00865408745480616,0.0480153781909773,0.0709184738268401,0.103294187830585,0.0796594636796001,0.0669162767239566,0.110638346468663,0.0509394047370828,0.0848530300761352,0.0546519706595018,0.0190921582279914,0.0298508026241979,0.00619555354274212,0.0292178405883677,0.0631463480236884,0.0629913975586788,0.0142802857996076,0.115589279354351,0.0198309995801867
0.0416017561331091,0.0648691334816313,0.0964989043302955,0.0780001302877487,0.0794395794676934,0.0193405908864881,0.0154627807746186,0.00337140691705787,0.0587385806509289,0.0399680935326749,0.0444398788991316,0.0297612536888758,0.0396464545573677,0,0.085891348317326,0.0490409376404343,0.0479043426328443,0.0239994287892296,0.0643931687817075,0.0451823745257399,0.0463672439923281,0.0272069668919865,0.0288776679928255,0.0108399365682813,0.00979848015932583,0.0277772651091669,0.0451614734875473,0.0377137410215165,0.010261706759593,0.0440065886935012,0.0300628676272741,0.0185507990790566,0.0182318698413628,0.0336133461481018,0.0506913295764017,0.0561439685990621,0.0733132378601105,0.0444275053818484,0.0359021350815116,0.0121459063639192,0.0436440260313969,0.0736332311777363,0.0185690128545462,0.0812529508071251,0.0292506564334639,0.00129253164402493,0.0431901429188823,0.0860354528713315,0.0372429201950414,0.0340155335708094,0.0306021199834676,0.0970118079791128,0.0623427587395946,0.0336380894392412,0.0278964777416687,0.0108997466137619,0.0364103824900882,0.00275319397435923,0.0264063802459319,0.0528644792689808,0.0552884738029071,0.0195764192870856,0.0654407073736518,0.025864572560728
0.0273596233845307,0.0128458464295933,0.00612078369121638,0.0285461145793287,0.0324589866099354,0.0264793255785431,0.0503516228271565,0.0130788994021928,0.0321406876545395,0.0135016687599571,0.047289401712419,0.0487899864284324,0.0586141112703612,0.085891348317326,0,0.0304622936216577,0.00195299089398968,0.0265413181221386,0.0225169328876532,0.0608130479244913,0.0402959840134829,0.058140505008289,0.0831892045595565,0.046571183392636,0.00967598267087222,0.0132093299145844,0.0243361263372842,0.0164482159017588,0.00951079805884003,0.0210704811601361,0.0402712667980537,0.0217115198476359,0.0139503579878631,0.0376652202815508,0.0116842747892503,0.0115552161997046,0.0173394486483816,0.0188377972912737,0.0317128132039433,0.0673245247337743,0.0449322855041454,0.0106288190634268,0.0638053595867043,0.0739174726792817,0.0606250762120005,0.0510774536888336,0.0317807584152171,0.0262141975820634,0.0155441588661217,0.0571050275455138,0.0214457725600803,0.0523544798305022,0.0453071827351703,0.0478939869391925,0.104076812985436,0.0184190618172511,0.0396569297200885,0.0197247024901169,0.0129878027905218,0.031627604584034,0.0280681467688872,0.0248238091342688,0.00996476228599192,0.0498349381290525
0.0183409557668669,0.0224529612622393,0.0591868726329598,0.0214753218409827,0.0280245417873761,0.074575239974684,0.0391947987778364,0.029361743311884,0.0218989154178753,0.0233065109160023,0.0260702267102033,0.0695449118938201,0.0669633479057248,0.0490409376404343,0.0304622936216577,0,0.042475322603544,0.0475302171786501,0.0395669327655254,0.0705901070123914,0.0599724886746237,0.034288392720474,0.0421341462103566,0.0627545070256172,0.015100996759017,0.0486683050933579,0.0075463472560521,0.0152279698717927,0.0195386147569674,0.040074660036648,0.027147374365603,0.0176289509628571,0.0316032211420971,0.0487175882840279,0.0218524013026467,0.027837167568156,0.0194201803820326,0.0217061650875932,0.0206654494853167,0.0911852530905454,0.0196807189134153,0.0234137115536792,0.0344948100701592,0.0740345203685208,0.0213943299260506,0.0370645644424254,0.0402431823718487,0.0642248936495336,0.0591347554184141,0.0573988445244815,0.0505431715698834,0.0365043233831301,0.0313287306037744,0.061133754589317,0.0766731641430019,0.0278806273869301,0.0406230097136326,0.0199254304802497,0.0138894645531825,0.0207595530211097,0.0195150899997564,0.0486930934984169,0.022325722439743,0.0196232703884576
0.0095560077504485,0.0146819408346618,0.0176681751926274,0.0239544404195968,0.00309684048667185,0.114969892754022,0.151006971185972,0.0338428348761512,0.0280552746214835,0.0981742987266731,0.0254049698569216,0.124839437564239,0.0797328745679386,0.0479043426328443,0.00195299089398968,0.042475322603544,0,0.248937860943996,0.0833603456827103,0.116640262351268,0.0319839912240298,0.0358223152844696,0.0811234174236427,0.116583190517066,0.0089292963102987,0.187989531772222,0.0397891171887551,0.0222321909022787,0.0192184799913315,0.0105670029379821,0.0174429362827878,0.0439444714455719,0.0495766916186631,0.103838470647232,0.0873696475125174,0.0363251718742636,0.0599899710667022,0.0270014161478395,0.036983631751991,0.131400312883382,0.0156981497793366,0,0.051085482337682,0.0612460743567166,0.00779056494726094,0.0961745826752142,0.0236486526873163,0.0370763748510908,0.201521056011916,0.14833875167127,0.126010453864671,0.0114284530176167,0.0162049051874535,0.0612194979808879,0.0542851377562339,0.0874472735044442,0.0487470865178664,0.0314758883004058,0.0479759847464342,0.0117699339888086,0.0140354942515299,0.034193588141619,0.0722147568729469,0.0159613786480262
0.00227361647388591,0.0586458491550359,0.107440636346664,0.0263940196704192,0.0332156679004884,0.0131006821485435,0.00358817818019459,0.0260013663675727,0.00545707453577115,0.0274834464634832,0.00698701446587083,0.0111452243618749,0.0807542020501154,0.0239994287892296,0.0265413181221386,0.0475302171786501,0.248937860943996,0,0.00893373525228779,0.0053557238524462,0.0363456150705604,0.0362428989615744,0.0209488631966683,0.00542043294712001,0.0290959835159257,0.0123685561654819,0.0176131066689589,0.0418100625796828,0.0156045573952473,0.0456738099789484,0.0165755768122572,0.111885386062711,0.0763487333554801,0.1112103550448,0.0375474524248452,0.0268035849621828,0.0041037426529465,0.0561232646097418,0.0750076296171934,0.0235309600877905,0.0173654514956979,0.0243062823192329,0.0243486638234021,0.0702714465802998,0.00398437513095148,0.0192784191289294,0.0400424044357819,0.123241652295371,0.00955392138510858,0.0175271103711449,0.01406779491922,0.0422791737206858,0.0263806890009646,0.0244547500937565,0.026153966900323,0.0181298795845498,0.0466125136014783,0.00253585807199024,0.0459905167924827,0.0285102514418253,0.0300290050785567,0.0843604606375593,0.0285796307172121,0.101072503202795
0.0265895194226646,0.0781138638614978,0.0456977246862816,0.0330938330564888,0.0439743066524203,0.0367194426796848,0.0170884660298245,0.0147482873757437,0.0133652838299099,0.0211375608955148,0.0244542409370648,0.0429371503837042,0.115779342141265,0.0643931687817075,0.0225169328876532,0.0395669327655254,0.0833603456827103,0.00893373525228779,0,0.0441840804923994,0.051946491693377,0.0396552773330268,0.0512707905470188,0.0308583925587137,0.0586491330946335,0.0212025488248,0.0217832413124582,0.0431456970111314,0.0367454944424157,0.0566852864818908,0.0360875024940466,0.0234321603506764,0.0456626245233356,0.0123641639095654,0.0207273365909629,0.0347234212936576,0.00993212721735117,0.029117756803076,0.0229719440351455,0.0570807812572438,0.0201098819059308,0.0145690858861068,0.0667480812125061,0.11883349484185,0.0344036072375948,0.0338240991341077,0.0698263466920375,0.123287801402627,0.0103768116956467,0.0376106241700288,0.0602139333992103,0.074107651111059,0.0390538512122085,0.0856977022794525,0.0673552067634979,0.00919989361076298,0.0280603747199874,0.0192481981069799,0.0239420936639003,0.0444534410989986,0.042966233726499,0.0660781493791304,0.0469818032952964,0.0249320822434762
0.0233928109414855,0.0679098369391939,0.114595493363137,0.0460497467627872,0.0424371229422564,0.0337416204925322,0.0327109599853666,0.0189205372210572,0.0355298502659485,0.0489223787242388,0.0222210352848268,0.0138886643489851,0.0784687985319424,0.0451823745257399,0.0608130479244913,0.0705901070123914,0.116640262351268,0.0053557238524462,0.0441840804923994,0,0.035162577128981,0.017423619387095,0.0455930218667768,0.0157522607127396,0.0474174617764065,0.0449833733132839,0.0206937948796065,0.052176302215891,0.0437744087394144,0.0780347523324276,0.0370495869495955,0.0537409787515955,0.0579502000778637,0.0486884759951175,0.0429404452364381,0.0447894667813592,0.0278515155131642,0.030059071692903,0.0636581873097998,0.0345716932950942,0.0280332170595814,0.047806861481346,0.0511278797383833,0.0902055744354506,0.0254718015279573,0.0301733288688496,0.0776997949045755,0.107459215265531,0.0272531450426969,0.00780771539668941,0.0255915821403856,0.0764906319172038,0.0470102549000426,0.0349853639013394,0.0467741827183196,0.0203951615400563,0.0369718458297687,0.0296889602931589,0.0326274914804184,0.047959203161208,0.0336727269093687,0.0730848793720535,0.0659030242175381,0.0364740922894214
0.0469094774085454,0.0482491015538439,0.042570843466547,0.0398305606939326,0.0337777535502377,0.0396098008724115,0.0224344994083678,0.0301841868218482,0.0526367746728574,0.0360613224420571,0.0581157008830712,0.0448016254605372,0.0253398896918197,0.0463672439923281,0.0402959840134829,0.0599724886746237,0.0319839912240298,0.0363456150705604,0.051946491693377,0.035162577128981,0,0.040765469776204,0.0163744889657358,0.0329729368509466,0.0356968094281042,0.0337499934124754,0.0195794133078087,0.0347667448161382,0.0198196286835619,0.0357667795142545,0.0206482004479851,0.0347229190592158,0.0190771926070782,0.0540317711074403,0.0389303838093125,0.0531787309969553,0.0500133676485036,0.0225803014878329,0.0215207461432251,0.0563328976577208,0.0388026324242147,0.043385370860771,0.0255172670656974,0.0201157777367515,0.0203965201441427,0.0231953227710931,0.0205670930493827,0.0349221536932153,0.0435860334259949,0.061495693002113,0.0367463921709252,0.0408184373249367,0.0231724212005502,0.0711204635506678,0.0324799482373279,0.0184090554189573,0.0130091929757224,0.0186906089053578,0.0304476979463888,0.0314186898798413,0.0349510337545771,0.026115658842579,0.04913565781449,0.0357131029332936
0.0571057485287456,0.0549549162145754,0.0117373927413555,0.0752736135542783,0.0588831049710548,0.0517017531197981,0.0497833177765717,0.0221305584001291,0.0537384285119013,0.0429338493120793,0.0395566098582907,0.0188796457038096,0.0358992822083489,0.0272069668919865,0.058140505008289,0.034288392720474,0.0358223152844696,0.0362428989615744,0.0396552773330268,0.017423619387095,0.040765469776204,0,0.00808565244261988,0.0182622828323301,0.108274107509077,0.0553321936418404,0.0871554857238048,0.0547760399323878,0.0728374493637183,0.0485208425944688,0.0491936323195407,0.0233450532802184,0.0274078228265923,0.0224899264167889,0.0546275705659166,0.0422899108000187,0.0768539192296163,0.0424419167234474,0.0201425444511585,0.0136442671488514,0.0221726039868484,0.0353061420521805,0.0203504270416452,0.0553814674435906,0.0657014327504709,0.07034422649434,0.0930423386652999,0.0968578827650167,0.0385019916432944,0.0280661136884886,0.0231774961503449,0.0462144362931448,0.0359788095148313,0.0670580964510429,0.048183049547761,0.0746018757255254,0.0150820715663533,0.0519768779748757,0.0597807392400536,0.0504776784274185,0.037767839239253,0.0285807823984527,0.0462576484546115,0.0243390576716473
0.00704964139182061,0.0416653990227275,0.0760888017703183,0.00589779669945499,0.0141528128568245,0.0375380497437868,0.0145096268413561,0.041465378395966,0.0217569429184651,0.0415126236941332,0.0451040246104405,0.0387966298955717,0.0276310539995208,0.0288776679928255,0.0831892045595565,0.0421341462103566,0.0811234174236427,0.0209488631966683,0.0512707905470188,0.0455930218667768,0.0163744889657358,0.00808565244261988,0,0.0493445914245119,0.0556737796464409,0.033355110313885,0.0395008306498151,0.0247973752598711,0.0329594067087216,0.0302474543943978,0.0248918670746457,0.0687388654997884,0.0539748674556662,0.0801279012612712,0.0274246403513577,0.0394051674710883,0.0296458492044133,0.0346333497206219,0.0543663101282817,0.0379757985102249,0.0565387026163971,0.0787756403390249,0.0135680763778246,0.019061482400039,0.0617853990608481,0.0416236696655188,0.0210217427081069,0.027855386298096,0.0319831275832078,0.0257765999818396,0.0502360278860695,0.0222034088930308,0.012749033252376,0.0658653659046314,0.043345766500753,0.0288281197565939,0.028370164321196,0.0385630881692565,0.0468182558322807,0.0286312437047732,0.0217842815102599,0.0393403697937743,0.0408224977995175,0.122501477038861
0.0132432428222835,0.0666310216414085,0.0861330801471103,0.0254431807696395,0.0214340730826087,0.0177257908709707,0.010027161826709,0.0468477382648076,0.016813436603382,0.0195701432971243,0.0216754865347447,0.0134960643169397,0.041288909215544,0.0108399365682813,0.046571183392636,0.0627545070256172,0.116583190517066,0.00542043294712001,0.0308583925587137,0.0157522607127396,0.0329729368509466,0.0182622828323301,0.0493445914245119,0,0.0260473778574815,0.0125334003828387,0.0360197516298497,0.0472064516280479,0.0221596394089715,0.0514847713530902,0.0117758534711712,0.0707111495150624,0.0556011145588786,0.0755308007499747,0.0368616952104046,0.0632316534761684,0.0189004321529783,0.0338609410962362,0.0428716761795789,0.0119873459822489,0.0257672994863617,0.0519408933524781,0.0143299302386034,0.0305335608009029,0.00887329510143171,0.0353077062693691,0.0153095914235299,0.047713857916207,0.0192269240046341,0.0065220261412624,0.027626435571844,0.0499442260946078,0.0425528111113462,0.00672655993130666,0.00868292071173592,0.0212873763717947,0.039767048218134,0.0228822048441178,0.049498257659165,0.038385196034478,0.0383376973589965,0.0556856843009693,0.0305983854293646,0.118518603547467
0.0434227958953466,0.0305869512385209,0.0196057466424427,0.0706512432848498,0.0676427721607843,0.0267060772357579,0.0293669782762923,0.00747329343896168,0.0553925034328858,0.0393286386296638,0.0180428456816224,0.0300649295133181,0.00957344648201701,0.00979848015932583,0.00967598267087222,0.015100996759017,0.0089292963102987,0.0290959835159257,0.0586491330946335,0.0474174617764065,0.0356968094281042,0.108274107509077,0.0556737796464409,0.0260473778574815,0,0.0373171832660135,0.0662287395955765,0.033549939717234,0.024200441990355,0.0226653503786307,0.0422906675427588,0.00717608341885371,0.0356101549774352,0.0050851359852303,0.0424560414245399,0.0307562828067572,0.0819965325586573,0.0319308086549751,0.0117035670145634,0.0178861128312028,0.025284419008457,0.014954289409138,0.00746354726988574,0.0343233433839907,0.0301758247533824,0.0155314679575509,0.0548187368520777,0.0449469021704409,0.0305188167251264,0.028032437395684,0.0237596159676418,0.07066131231471,0.0499996261649314,0.0240857566163357,0.0212466943919652,0.0305425876385795,0.0247123675051684,0.00889645166149621,0.0502766559416797,0.0343421156278937,0.0370350839730732,0.0266133280166682,0.0461582701501206,0.0627726269327015
0.00896714374975496,0.0595122629469704,0.0466875050289549,0.016329741101383,0.01639963353347,0.0161193043948985,0.0209255722043226,0.026130465658875,0.00623443086287436,0.0214653603691038,0.0156328715022354,0.0314415038289136,0.0665707591862895,0.0277772651091669,0.0132093299145844,0.0486683050933579,0.187989531772222,0.0123685561654819,0.0212025488248,0.0449833733132839,0.0337499934124754,0.0553321936418404,0.033355110313885,0.0125334003828387,0.0373171832660135,0,0.0278492627742635,0.0398300022848579,0.039746567088503,0.0544842262857289,0.0200583288877518,0.109583101977401,0.080158824398179,0.0187455684906168,0.027840824184065,0.0246033490403524,0.0137102730650561,0.0287221264866223,0.0264622071726912,0.0262118554703552,0.0160806555441559,0.0117262716425632,0.0316016672197829,0.0582366222582658,0.00400701550707287,0.0124629908898481,0.0337760767279959,0.114933470685985,0.0103035487882403,0.0347682791773376,0.0477625374811675,0.033795443493597,0.0180858026334541,0.03541143096647,0.0256023062626339,0.0144798814582915,0.0478854375518528,0.0118093526689823,0.0574082169865062,0.0297040364497604,0.0285994941174666,0.107145135957816,0.0191297628602984,0.0886439023586158
0.0209268901154374,0.0165293841143613,0.0249338791730952,0.0142913731594427,0.0240950049774429,0.0234038480533911,0.0085646757838889,0.0235041046934122,0.0320195763302825,0.0306751432807075,0.0161634746428414,0.0212823252655235,0.0268823708737062,0.0451614734875473,0.0243361263372842,0.0075463472560521,0.0397891171887551,0.0176131066689589,0.0217832413124582,0.0206937948796065,0.0195794133078087,0.0871554857238048,0.0395008306498151,0.0360197516298497,0.0662287395955765,0.0278492627742635,0,0.0106533613018758,0.0701449009031455,0.0129117473662981,0.0235476125609408,0.0661593307330445,0.0633996882123082,0.024655197812666,0.0186780312813029,0.0146365212329372,0.0158521361837358,0.0551903324186154,0.0162200330625292,0.0449339443392531,0.0230065357249606,0.0295822522436262,0.0295904463628392,0.0261708243942207,0.037823717519692,0.0417499557179457,0.025391452086139,0.0340741198110603,0.0104070504275466,0.0165684242306958,0.00963060552452646,0.0383239591161696,0.0202153807289677,0.0716563535242421,0.0115076633165218,0.030802000768609,0.027261052370133,0.0696442151339785,0.0309102126358331,0.0172340116367934,0.0157053909579008,0.0992925198046153,0.00833587221947341,0.0876872193361598
0.00939110727465578,0.0110925924036477,0.0292295947187039,0.00415206239071443,0.0187010299338565,0.0430569602999071,0.0152738145186242,0.0236986673725164,0.0381885664825289,0.0234352995845916,0.0351386412834318,0.044410129124576,0.0462214142136051,0.0377137410215165,0.0164482159017588,0.0152279698717927,0.0222321909022787,0.0418100625796828,0.0431456970111314,0.052176302215891,0.0347667448161382,0.0547760399323878,0.0247973752598711,0.0472064516280479,0.033549939717234,0.0398300022848579,0.0106533613018758,0,0.0266148619516601,0.0280374769203184,0.0148876203369167,0.0301469461492336,0.0456988691109707,0.043082366523675,0.024962240548737,0.0269022835709056,0.0247733240469078,0.0245109178077179,0.00990614762056449,0.051210755080602,0.0211293258009074,0.020134135773625,0.0296836096239116,0.0315109652358616,0.0176596955973122,0.0239459936367252,0.0234517864167164,0.0312245427078252,0.0595532965577482,0.0521307967226405,0.0441994393022359,0.0189585834235632,0.0220224522620123,0.059042823096036,0.0469271854966977,0.0134102378061695,0.023526769356736,0.0179390995261444,0.0225990864007041,0.00709567665080168,0.00909631191358689,0.0881319134460706,0.0226139992052202,0.0491883188121243
0.0170525408804428,0.0191776604141125,0.010554671534579,0.0201500194317145,0.0232452048555459,0.0184651898684302,0.028776232796315,0.0238704958294201,0.0223764288820866,0.0307753519320658,0.0150493506684557,0.0351158561788801,0.0198259477656113,0.010261706759593,0.00951079805884003,0.0195386147569674,0.0192184799913315,0.0156045573952473,0.0367454944424157,0.0437744087394144,0.0198196286835619,0.0728374493637183,0.0329594067087216,0.0221596394089715,0.024200441990355,0.039746567088503,0.0701449009031455,0.0266148619516601,0,0.0318134813749209,0.032465789981893,0.0266722434015184,0.04558283242603,0.000613345465943337,0.032104139550079,0.0136825313053169,0.0297308197364325,0.0348337095307238,0.00959931904392285,0.0149900622697681,0.0206431051127675,0.00604922188470351,0.0192687548539964,0.0255203887905072,0.0129960742363828,0.0191762020135624,0.0295449345102805,0.0236090544817633,0.020296722148548,0.0263730998611359,0.0347415464824939,0.0233952599186793,0.0194741436759222,0.0265956756744882,0.0129851185119294,0.0339710192454182,0.0246883480837116,0.0163895978539693,0.0532180277817129,0.0139445248891747,0.0257098732622777,0.090073375334077,0.0205286469304735,0.0802469599160064
0.01936574404421,0.0139479950078573,0.0298877776323837,0.00984960843963477,0.0223504317391327,0.0691971395878877,0.0467917752452402,0.0228864492723115,0.0456122727436021,0.0367056177646747,0.0334479814088124,0.0683458916622853,0.0399199538722693,0.0440065886935012,0.0210704811601361,0.040074660036648,0.0105670029379821,0.0456738099789484,0.0566852864818908,0.0780347523324276,0.0357667795142545,0.0485208425944688,0.0302474543943978,0.0514847713530902,0.0226653503786307,0.0544842262857289,0.0129117473662981,0.0280374769203184,0.0318134813749209,0,0.0140886039909694,0.00539649332335329,0.0208845129307446,0.047069130163705,0.0267553832885593,0.0439073111077042,0.0356898228070646,0.0285630725129469,0.0235820029204013,0.0913320554618493,0.0272513132834447,0.0230858910664566,0.025493765136555,0.0342061350589181,0.0210500832288429,0.0436197365895642,0.0214161865820813,0.0205967387581925,0.0558241813981035,0.0514694731326098,0.045951778094016,0.020095585039529,0.0160632202951382,0.0587853504170032,0.0566903597629856,0.0258751942303064,0.0397929313413068,0.030053209119494,0.0170395312971743,0.0107556932664526,0.0161042454860822,0.0334102317905946,0.0293126117723304,0.0263834955817464
0.0233621521759758,0.0170577841387917,0.0279935300567513,0.0188708391193149,0.0292410351771,0.0166643627916787,0.0153205990252522,0.0118048310027893,0.0333883890945079,0.0294635635233358,0.0266618977942487,0.0181556939607144,0.0135208934312353,0.0300628676272741,0.0402712667980537,0.027147374365603,0.0174429362827878,0.0165755768122572,0.0360875024940466,0.0370495869495955,0.0206482004479851,0.0491936323195407,0.0248918670746457,0.0117758534711712,0.0422906675427588,0.0200583288877518,0.0235476125609408,0.0148876203369167,0.032465789981893,0.0140886039909694,0,0.0198537073751356,0.0308916161423762,0.0168942329386102,0.0176056413518815,0.0273402427910388,0.0221225775837646,0.0181765984293833,0.0156129538543869,0.0164488896021673,0.0294989200927174,0.0343991638879326,0.0334438844171736,0.00791114900625931,0.0235659002630658,0.0332616867868502,0.014171253302625,0.0160926861473388,0.0278620402491443,0.0355248256353369,0.0328553566746966,0.0409677398059359,0.0268404393188844,0.0625480194428413,0.0243840062278916,0.0142050949396606,0.010523114607742,0.0344602692075682,0.0267150904388356,0.0128827578776717,0.0261527355752989,0.0319157736265251,0.0306303045599944,0.046590702673363
0.0115815982172432,0.0152522843535623,0.023753813351848,0.00488141691371614,0.00540264757955809,0.0683371885823439,0.0973193677652979,0.0651606180613523,0.010841836114163,0.0700825373512221,0.00788925563992408,0.064085937284639,0.0448590235286194,0.0185507990790566,0.0217115198476359,0.0176289509628571,0.0439444714455719,0.111885386062711,0.0234321603506764,0.0537409787515955,0.0347229190592158,0.0233450532802184,0.0687388654997884,0.0707111495150624,0.00717608341885371,0.109583101977401,0.0661593307330445,0.0301469461492336,0.0266722434015184,0.00539649332335329,0.0198537073751356,0,0.0468325725169056,0.0275573566360801,0.0495277253380809,0.00933573005478293,0.0145447765987193,0.0269634773565271,0.0109956153167779,0.0931954782758035,0.00835069466948287,0.0130362887966151,0.0164558635998128,0.0377410021746461,0.0180873937631498,0.10261282528469,0.0281733435246686,0.0419673513783454,0.0728257110467034,0.0709800308306679,0.0800232110697477,0.0141977017582134,0.0125911913940876,0.0342379863144756,0.0316670870740465,0.149001106512427,0.0201895984324955,0.054997736894006,0.0945911714130033,0.00809942006013502,0.0127727493451063,0.0398682111957579,0.0148012753347318,0.0435457218353966
0.0313975806030632,0.033326643388061,0.0241909172624996,0.035637173836616,0.0234404363070696,0.0490510635143804,0.0685751417894135,0.0537695569256924,0.0278721652894399,0.0567296118687645,0.0189293813429161,0.0502630777650955,0.0130078938317127,0.0182318698413628,0.0139503579878631,0.0316032211420971,0.0495766916186631,0.0763487333554801,0.0456626245233356,0.0579502000778637,0.0190771926070782,0.0274078228265923,0.0539748674556662,0.0556011145588786,0.0356101549774352,0.080158824398179,0.0633996882123082,0.0456988691109707,0.04558283242603,0.0208845129307446,0.0308916161423762,0.0468325725169056,0,0.0569031647664478,0.0592391521362631,0.0332075744480355,0.0445893520347431,0.027074731017604,0.0494039991209271,0.0465101675196524,0.0173461545667456,0.0100116592677133,0.0206843184957096,0.0138381262521858,0.0341022676903728,0.0557073300625471,0.0493203926831965,0.0363339586601813,0.0702872474467149,0.0635834413145428,0.0659276130894159,0.0310458674157541,0.0184925022817709,0.0261270220943133,0.0203109648994025,0.0601926209640125,0.0287688363909425,0.0530739125813176,0.071504323202419,0.0317479739716996,0.0258838917751184,0.0477845622570986,0.050369208560424,0.021760291402002
