0,0.1041884867909,0.0865626599458992,0.221639576668542,0.0616333114551761,0.065106191016512,0.096405658936206,0.0850059842045662,0.0354790004794032,0.147356086067839,0.186664995541009,0.0906549931095165,0.158577970569,0.0315971342745607,0.0734238733609611,0.297724359443506,0.0944456523953639,0.18778364495611,0.0882382609095413,0.0797144439802629,0.0920035606816189,0.358613130655464,0.182810336066994,0.154319649170664,0.361464081834422,0.376579530007316,0.312427413659309,0.330685555928381,0.232668147234538,0.110837729377068,0.21540305121968,0.090272915798386,0.0730049527500077,0.081665603510784,0.0735775016683296,0.0092434380499925,0.127403904771059,0.260190800483771,0.0313478355210901,0.0671585852761452,0.12075276561136,0.147444605229396,0.102465734679116,0.114124645428692,0.0273667478269152,0.199341038833221,0.248498982928623,0.349678329890286,0.138862530279105,0.147382181156837,0.0580898656201764,0.0693332766595881,0.141992022089268,0.338932365767805,0.0565053836434286,0.265515112424471,0.165348018402768,0.349993129877577,0.156645320975278,0.151557628124615,0.117593725933227,0.209994945724281,0.16737728453113,0.110944818881555
0.1041884867909,0,0.04959910653946,0.228302577992287,0.0543067578119943,0.185902586366639,0.0193260476597275,0.040086201824474,0.138720635008853,0.0363259578275279,0.250775157596422,0.0667871011031885,0.107783008487529,0.0545118221001383,0.0899768314369158,0.266896326787733,0.120500761968508,0.225276060896175,0.0175966663873098,0.0474694539519161,0.16692383211877,0.360822556013748,0.172741221519221,0.117506636931576,0.348105273837129,0.388281230730789,0.26785874724749,0.380997090592537,0.116078728583313,0.331068108151999,0.114762129611469,0.0454797506689601,0.180185967200028,0.0139398227856214,0.0921236409102923,0.0822593019869899,0.0482099019353244,0.232439560667327,0.134985453699001,0.0803369555514408,0.254929069923773,0.157982933046795,0.140782639108939,0.103352204652345,0.0259566641052377,0.156719076382262,0.231655946547466,0.352473558043615,0.145288994523587,0.137066358391714,0.0944234417259868,0.142025853444618,0.126376567636626,0.34999508712771,0.062360482343888,0.159938560337193,0.12690782386534,0.342148632792947,0.114047234083564,0.177744451035057,0.0762546452462049,0.210425078659588,0.121594264822581,0.0760033652884774
0.0865626599458992,0.04959910653946,0,0.217662866342861,0.0607571993768628,0.0549113038351222,0.0583144079852451,0.0135074614726016,0.0671668011282115,0.0784115093695036,0.18116464902581,0.0516617104498226,0.0816457943252684,0.00377865840530384,0.0353267938124424,0.284143602815774,0.0717532478834549,0.27045480436655,0.0387741444648089,0.0332290093044436,0.139145484673777,0.320086145654765,0.197384910073549,0.182537533586484,0.326067761233599,0.364924892875949,0.235374607591329,0.344988615855154,0.118091366086336,0.174658080445082,0.156282712280306,0.0260198633088857,0.0837479386717086,0.0288967186937013,0.0223290643153805,0.0500148429675681,0.0716596794893518,0.246234625399631,0.124186410833777,0.0575988125550706,0.169312959684388,0.189971548720526,0.0736547154434414,0.0544420807416231,0.00226647652579489,0.188467685795249,0.29226545020655,0.331466761399133,0.159324700855108,0.204823979084836,0.0221871823084953,0.112571708285251,0.174711263720008,0.286221437768616,0.0240944365952619,0.153484376947856,0.210146169172311,0.325894788846829,0.194113147903248,0.102209162747918,0.101959286127884,0.19384850309875,0.180208003706813,0.0388246107511391
0.221639576668542,0.228302577992287,0.217662866342861,0,0.0269410323969765,0.200869050318515,0.213596374619291,0.20104095268827,0.171186186652908,0.239198872785519,0.0961014643250218,0.0825396837660375,0.179938780319631,0.050751573432437,0.0247923446808574,0.221665921820171,0.0634023565711048,0.229525687729383,0.232727536393089,0.177517530633896,0.0805450447897438,0.133841564522808,0.0546950316819252,0.195864603540571,0.32175554560843,0.313006179982433,0.274485572961548,0.311997929035238,0.261549836856374,0.141890618344597,0.265233047159754,0.209386972725757,0.169619612698541,0.228530300035524,0.113551492128466,0.237108374649292,0.274775002042753,0.185238280674616,0.130283903446812,0.056051204324817,0.105621688317125,0.19552869749015,0.0309956375228524,0.115989332588264,0.0293987776224604,0.19587077475072,0.247916876788467,0.284107549194779,0.24318953808011,0.220910484628514,0.224757900504603,0.222480129005516,0.0545625227574065,0.129209921965661,0.0241067863239625,0.271925101514217,0.216655036844292,0.311788600531923,0.203155080927398,0.0284823385953204,0.121655514372159,0.243157126676321,0.282103481712694,0.201697370183674
0.0616333114551761,0.0543067578119943,0.0607571993768628,0.0269410323969765,0,0.0373376175034511,0.045299759516001,0.0431892609134888,0.0253526665952483,0.0994671170134403,0.0395253169956582,0.0135025972753295,0.102272111262917,0.0251498589058279,0.0510211441982979,0.167841973486572,0.0510370366956013,0.0924473104110502,0.0593363466109235,0.0454365490054256,0.00563020219775387,0.0662747364865732,0.0707692773474313,0.0787149878126363,0.22443316663337,0.200086011170217,0.128939125957749,0.184885834518843,0.109096090168464,0.0225119251966151,0.119871091038394,0.047334227846721,0.0340219399948003,0.0665932624171099,0.0286968200649619,0.0587378772086436,0.106436767341934,0.10188707646547,0.0200999323749054,0.00633559567409191,0.0346207203328307,0.0619372414570282,0.0478860115753927,0.0899454742932435,0.045772072265073,0.138779367746872,0.120899329559221,0.163122646701245,0.0800834615829758,0.07725708169493,0.0534632597972737,0.0508556018192851,0.0315736980171131,0.112897412561788,0.0079948573142515,0.151929822965028,0.0748522956476659,0.226310988928932,0.0767258275715929,0.0429496804617874,0.0525022973501611,0.1246421075543,0.0931949672919609,0.0429971856892077
0.065106191016512,0.185902586366639,0.0549113038351222,0.200869050318515,0.0373376175034511,0,0.114229813808407,0.0635646043833308,0.0199409041705868,0.209553559230746,0.221664239437138,0.0551739391764233,0.0891116931698953,0.0207783421816476,0.0557689877931309,0.251671265489807,0.113927989119759,0.257243260670136,0.124461217488067,0.0666696735538403,0.0823995628398685,0.30940385375244,0.147548359245668,0.158588542167895,0.326909304947551,0.356306055395672,0.283132463762406,0.342025336695606,0.163893763223845,0.150888395940389,0.227852103800949,0.0818878593101709,0.00396187458430441,0.14463891306482,0.0406395844379299,0.0349890506733345,0.148512163702488,0.220514256648722,0.0458298406863865,0.0603257776371742,0.209832147156886,0.198865354674615,0.119366147072989,0.105339467076626,0.0136329242635284,0.165393378581273,0.266012789745148,0.33380302574034,0.231536079763755,0.227978309891028,0.0496246895369929,0.0614914572765934,0.127239213714715,0.301839895938048,0.0393147687025402,0.214034613021972,0.179719124738359,0.331307778690319,0.15505694467717,0.0878692673861702,0.0983257529268209,0.229766377376683,0.265895407759368,0.0766849341834869
0.096405658936206,0.0193260476597275,0.0583144079852451,0.213596374619291,0.045299759516001,0.114229813808407,0,0.032818380672131,0.0675408760638254,0.0607741158000671,0.217212760234093,0.0722044319426789,0.0964213552178945,0.0331887831096829,0.0572485204844897,0.245879106283139,0.113601729557554,0.272941888054211,0.0129941763795679,0.0207308734490578,0.198643550438816,0.331512141451901,0.179833734314142,0.157602931213729,0.32240089354005,0.381207887427363,0.250212185654172,0.356946824393346,0.0976982677784858,0.200458382897335,0.119073237490963,0.0948273728273177,0.127465466077635,0.046498728812154,0.079218641628377,0.0706078335271509,0.0822837953755619,0.231534565115612,0.144072184259904,0.100086511617886,0.239509417016781,0.190868448148428,0.131889025902095,0.0845340286771502,0.00692975727696234,0.153298203582506,0.247078292235265,0.302862026802862,0.183648693908643,0.214428807211601,0.0464745934565878,0.131837850474396,0.158336770526827,0.319278407291301,0.0463009691066977,0.14410638538793,0.171538647479571,0.322254546828608,0.144516195764987,0.118081349631294,0.0943873474489116,0.226363702218593,0.260785911830809,0.0778923021105995
0.0850059842045662,0.040086201824474,0.0135074614726016,0.20104095268827,0.0431892609134888,0.0635646043833308,0.032818380672131,0,0.0437667451309354,0.0892161494982502,0.195187548183213,0.0714589580120179,0.0794994756522987,0.024285600283477,0.0445667461558913,0.239988220517544,0.112798491862046,0.291594098149422,0.023985127118302,0.0274350249028987,0.162693748775333,0.301595372496554,0.155913396285195,0.163300896824016,0.319388327474424,0.359644359615968,0.261611598140707,0.351080172859946,0.0870097671142914,0.152381293723516,0.139843272897534,0.00792715223814017,0.0875399399968939,0.0298949113157195,0.0664596780854216,0.0492686309450973,0.0750596456607636,0.217173231164056,0.118008063079117,0.090665066817692,0.214572807169496,0.215984993445967,0.124907136379118,0.0827066412648607,0.00424835531691804,0.162356967485371,0.282675245506063,0.312841942992473,0.204893822749245,0.239089377177009,0.0180131632732723,0.0900182642479192,0.148219668559482,0.304926136893624,0.0430813574285929,0.149115181801983,0.186875562854732,0.319862148648703,0.172153529455904,0.0915332508916991,0.081309964561074,0.21747782957504,0.213684041992079,0.0409256147122087
0.0354790004794032,0.138720635008853,0.0671668011282115,0.171186186652908,0.0253526665952483,0.0199409041705868,0.0675408760638254,0.0437667451309354,0,0.285729227060361,0.120524811542775,0.0305425172903467,0.10897314952576,0.0254031808604501,0.0725472267185465,0.243737133029651,0.0765448815546805,0.192301393133538,0.0675660675409307,0.0779920586090148,0.0476443900959792,0.309083318786514,0.136541928158156,0.130698236741802,0.347089856966385,0.350859340494992,0.243980376890051,0.324325505774935,0.205646082882187,0.0369277611826333,0.28132679093034,0.0526635572733533,0.0275832318715505,0.0908995896590483,0.038507922236289,0.0184134728175324,0.198161682612849,0.202729831810881,0.0178614876910222,0.0211134418733956,0.104608148805901,0.140737809205918,0.0944322376462143,0.116942482357108,0.0294017071855618,0.164203927259184,0.218213524443287,0.303547192725703,0.142222506314894,0.152981061778398,0.0375992338926345,0.0072126225865052,0.0772345983990645,0.294296066238406,0.0270306408421183,0.262466168416213,0.134736391580665,0.348555528992937,0.11398634033289,0.097509150293808,0.0985845505649337,0.230661026249151,0.195098067961795,0.0602594437157442
0.147356086067839,0.0363259578275279,0.0784115093695036,0.239198872785519,0.0994671170134403,0.209553559230746,0.0607741158000671,0.0892161494982502,0.285729227060361,0,0.274897832730596,0.063875891219569,0.0900378146094708,0.067843270468589,0.113456610445045,0.26491782796647,0.148616285331584,0.107814904585804,0.0557982795491585,0.0638316925406638,0.196030871642689,0.412366570389197,0.185998456775917,0.0568462202893692,0.358231467531785,0.371723021863512,0.19019820888652,0.329348026460689,0.0709450260685252,0.29941468484572,0.0997822116032883,0.0851685357884783,0.229696395049451,0.0449876647110138,0.115913699452535,0.129764127684646,0.0290847593953152,0.235056578390232,0.15441008680116,0.0775027941851167,0.31013856864743,0.0797130869731636,0.170106079746441,0.107146112315037,0.0435451874260527,0.145799588046628,0.161284589140658,0.254819921278633,0.0236461007455532,0.0457297820093496,0.124157268063544,0.16562264153358,0.0892684915022957,0.387997703624284,0.0588676694268024,0.146781565971803,0.0433577641048257,0.358519680154134,0.0609508194844843,0.174246337481929,0.039625185170814,0.178286668315931,0.0207460440681734,0.0914520037579908
0.186664995541009,0.250775157596422,0.18116464902581,0.0961014643250218,0.0395253169956582,0.221664239437138,0.217212760234093,0.195187548183213,0.120524811542775,0.274897832730596,0,0.0805388621611526,0.171658438257662,0.020196033308303,0.00336035936482779,0.1827866164133,0.0576653986559048,0.251398627802858,0.302691416465898,0.193786144413934,0.0448447162553489,0.210691713378283,0.0826047011020693,0.186515627791024,0.329761368832717,0.345018731114787,0.309612875761017,0.338874269582,0.264121401856469,0.114879001668043,0.269026784828804,0.189182939451765,0.132566685860775,0.22954945638846,0.0998449797830644,0.283272247821876,0.325402677903662,0.149648358210857,0.0521701216258573,0.0466482974530617,0.0572813096536807,0.209147362152218,0.0615037531591631,0.104201654125248,0.0105980639811543,0.141912296281635,0.242891892601796,0.321805626924257,0.280439140930829,0.261186123098423,0.271590519475125,0.203029826958689,0.0927050527199581,0.253624845041589,0.0451489354215812,0.265084704670696,0.197784453811969,0.31370798614124,0.163484240990561,0.0253901072710809,0.156967638606971,0.294639109877115,0.34224967152928,0.18974936001095
0.0906549931095165,0.0667871011031885,0.0516617104498226,0.0825396837660375,0.0135025972753295,0.0551739391764233,0.0722044319426789,0.0714589580120179,0.0305425172903467,0.063875891219569,0.0805388621611526,0,0.0564764052007091,0.00738788996791416,0.0265866640619594,0.0995849098574527,0.0390222893892238,0.109489269874108,0.09881682589859,0.0490809066112238,0.102179130577813,0.118375143209761,0.0867053315671897,0.058648680786356,0.140319343730326,0.201413910820963,0.105681515762637,0.167313228477516,0.0637793596301958,0.099113635392488,0.0671221689487272,0.0601174710417877,0.0579211459815067,0.077270283995217,0.0270133133222805,0.104958180903362,0.127663067530121,0.1058077784471,0.0399026527266099,0.0997994005420643,0.0624386949798365,0.0826540573016247,0.0428333375557769,0.0192589227756719,0.0368964894459991,0.0505400279307516,0.0806782862402909,0.0997463865754307,0.0911824596366195,0.109033234436491,0.0956344928740963,0.101943658795345,0.0706148179947994,0.0971465388307899,0.011617246804948,0.0504659473725281,0.0482423375864995,0.146533359860962,0.0516218050983111,0.0111187045446576,0.137932508893403,0.165031626920795,0.114834371457529,0.0585879826861875
0.158577970569,0.107783008487529,0.0816457943252684,0.179938780319631,0.102272111262917,0.0891116931698953,0.0964213552178945,0.0794994756522987,0.10897314952576,0.0900378146094708,0.171658438257662,0.0564764052007091,0,0.04473934374458,0.0962466070277028,0.256217476927047,0.046060263693839,0.0736216584284114,0.113188291133088,0.0692466026918617,0.0650426981735847,0.247495712877696,0.315329362999601,0.0765038105739955,0.198094050595417,0.149448013549351,0.0735506937869793,0.128166565118494,0.0792767027496341,0.177964494483852,0.0767574867440437,0.0860851000224021,0.0980696984855193,0.0884342192271815,0.0597098956019907,0.163565167929865,0.122325787966923,0.20636513549369,0.0476384155053923,0.0322678821405804,0.109110393532839,0.0378201830313637,0.0919396141709436,0.0622074241645279,0.0760154140783255,0.147481992277503,0.0826925786686206,0.104787431460749,0.088613327219723,0.075329611026563,0.124086210863783,0.207295877947376,0.129213338243717,0.262533898274504,0.016915845006882,0.0463326353121359,0.0702769279635628,0.195791539402725,0.0813074267226109,0.147950366812286,0.0598571687889573,0.0704328678060664,0.114996089102707,0.0844782656972609
0.0315971342745607,0.0545118221001383,0.00377865840530384,0.050751573432437,0.0251498589058279,0.0207783421816476,0.0331887831096829,0.024285600283477,0.0254031808604501,0.067843270468589,0.020196033308303,0.00738788996791416,0.04473934374458,0,0.0326742169814399,0.0885505427311791,0.0329521957292539,0.107858123726423,0.0663937948024696,0.0595355552314122,0.0448484839839159,0.0844844161307762,0.0455069201226089,0.0702048502592663,0.152433894209895,0.183037046919306,0.126597608600368,0.14567679780188,0.0534069236564453,0.0306455608327884,0.0700315585057889,0.0113597997493851,0.00713045646103451,0.0312351798218965,0.00288085597555772,0.0704605080656657,0.115448680485174,0.0745826537323626,0.00779508115578989,0.0156497260514889,0.0112467984578098,0.102955135579215,0.0976982639482535,0.0890130520857697,0.0303692852409813,0.0433105364037088,0.0771387801525985,0.112699231546745,0.0829002898022975,0.115514981721371,0.0563932340702383,0.0370014615175285,0.0326999737035694,0.0928377446081028,0.0412059130046717,0.0647074042130489,0.0503020199822543,0.159012288204743,0.0586204185233062,0.00523487482298387,0.0712122706286771,0.152503748550722,0.0850019741220203,0.0212015176459187
0.0734238733609611,0.0899768314369158,0.0353267938124424,0.0247923446808574,0.0510211441982979,0.0557689877931309,0.0572485204844897,0.0445667461558913,0.0725472267185465,0.113456610445045,0.00336035936482779,0.0265866640619594,0.0962466070277028,0.0326742169814399,0,0.0690401458422768,0.0369527420802366,0.0933461809478288,0.0903125610099379,0.0679983336972457,0.0371518372667692,0.0510720170783265,0.0246821706281525,0.0649020078232474,0.147382622547691,0.17384967101383,0.15869961219725,0.153912937773749,0.0948977071550376,0.0580087243316088,0.12042274706837,0.0396636105452419,0.0360288360270976,0.0701182629161151,0.02409118856387,0.125884925243266,0.190457414252554,0.0421751583467043,0.0179036650309631,0.0284474668238329,0.0125806908062256,0.0926571321284946,0.0401421501624084,0.118270546197385,0.0367018969510255,0.0404458804767942,0.0765582880780131,0.120328505325145,0.104894547631546,0.0975837697789434,0.0895610953774811,0.0708136491576753,0.0168969784659072,0.064740638127127,0.0660112168671788,0.11936127849008,0.0596412768730067,0.140415808488475,0.0497406850571701,0.00219941922294583,0.0636129552498342,0.16548964912582,0.119857772283734,0.0453259429150884
0.297724359443506,0.266896326787733,0.284143602815774,0.221665921820171,0.167841973486572,0.251671265489807,0.245879106283139,0.239988220517544,0.243737133029651,0.26491782796647,0.1827866164133,0.0995849098574527,0.256217476927047,0.0885505427311791,0.0690401458422768,0,0.0930449044312266,0.211358810006755,0.227963131743704,0.162655464506632,0.160614838280334,0.159229379175631,0.13819408058538,0.194136265448201,0.319684554947918,0.297503553808307,0.312466717543071,0.307583772699637,0.328616635538337,0.250047527963018,0.321514279373401,0.257856239481121,0.216702921165193,0.253526736324116,0.13533487848575,0.258771355331851,0.295051974635311,0.092187072819687,0.232067079919146,0.0944408230404252,0.164606617567452,0.188568248837382,0.0745100271557349,0.138056776701506,0.0543018857713533,0.188527254637368,0.276555150324454,0.29315234610171,0.250283306718919,0.193479174332946,0.236408157566012,0.308652594415065,0.0408347663811517,0.0833042372348868,0.0576997250657464,0.341906180941789,0.236034843275265,0.274961979618081,0.196750993796159,0.0450985636196434,0.0823316509302716,0.212412842800028,0.27481419214306,0.215334946237595
0.0944456523953639,0.120500761968508,0.0717532478834549,0.0634023565711048,0.0510370366956013,0.113927989119759,0.113601729557554,0.112798491862046,0.0765448815546805,0.148616285331584,0.0576653986559048,0.0390222893892238,0.046060263693839,0.0329521957292539,0.0369527420802366,0.0930449044312266,0,0.135499776766718,0.15555291144667,0.127069713987446,0.0371152335696931,0.0831839514476222,0.0832037736540316,0.0915157586410098,0.154444232003799,0.216127793191271,0.157729102193203,0.187869093701028,0.0952054596585642,0.0913463410123118,0.143106686692154,0.0849985696917056,0.0750105115108777,0.116101362719357,0.086277783861398,0.151709201981761,0.200306475724428,0.0811857083057197,0.0321587781614315,0.0405363902170709,0.0474082492782962,0.136183804413524,0.0318494753982142,0.0382962829457421,0.0566197891063107,0.0530245293888342,0.0998239019104183,0.134458382092204,0.140127702340373,0.163122567251777,0.150967869923632,0.102598964483799,0.0599216195301354,0.0751922588814338,0.0142670395336377,0.0984780077931934,0.0752416356427682,0.146813292305913,0.0590107715353995,0.0307384490667675,0.1966768656647,0.193826390867759,0.180835444469374,0.111140197217211
0.18778364495611,0.225276060896175,0.27045480436655,0.229525687729383,0.0924473104110502,0.257243260670136,0.272941888054211,0.291594098149422,0.192301393133538,0.107814904585804,0.251398627802858,0.109489269874108,0.0736216584284114,0.107858123726423,0.0933461809478288,0.211358810006755,0.135499776766718,0,0.21868581430165,0.152159887194287,0.236904834295401,0.282952316998275,0.194351622178261,0.0489824869008846,0.18598551854427,0.221709720932095,0.0420203593401756,0.134256905626044,0.0950489480920398,0.285968415569021,0.0900059884873257,0.293692625412161,0.224514850539453,0.221929228408721,0.206896979427211,0.16341881543469,0.0836736392281001,0.21029877100305,0.231401872368634,0.141632080361155,0.260930870656854,0.0629431150157645,0.165469158323434,0.0564338027398255,0.0355269052531398,0.0801174363982942,0.0521832202176441,0.0902840763813525,0.236620632879004,0.138397068476981,0.234932004132757,0.214225805274923,0.125387011779731,0.261837236740679,0.0478864930579884,0.0532892000538726,0.0899646227624858,0.22887234960755,0.0303759315757965,0.127175825504964,0.0356007481691724,0.0586903014943371,0.16136784290115,0.28740443217355
0.0882382609095413,0.0175966663873098,0.0387741444648089,0.232727536393089,0.0593363466109235,0.124461217488067,0.0129941763795679,0.023985127118302,0.0675660675409307,0.0557982795491585,0.302691416465898,0.09881682589859,0.113188291133088,0.0663937948024696,0.0903125610099379,0.227963131743704,0.15555291144667,0.21868581430165,0,0.063338675238454,0.217674524177036,0.358840156265628,0.179596302511644,0.166587429666695,0.315107113868464,0.363863250139859,0.246506560754384,0.335595025769028,0.0833237333070386,0.265845381261631,0.0976572060328162,0.0426913414882888,0.14730234140808,0.0223539036639781,0.137686514979372,0.11111178160627,0.105159646816902,0.221807057509011,0.123534603039717,0.127465721174104,0.286069249716504,0.156136031826385,0.188730818021125,0.114059918234464,0.0171411278226477,0.135514117081065,0.19126235563555,0.276561384741686,0.20336909535805,0.222028120058606,0.200920313239491,0.152957288175018,0.155793874953751,0.390261929632026,0.0833435862509205,0.13119074098482,0.130920643849775,0.3113404015187,0.130432247195191,0.143185800360724,0.114365188176141,0.228226403899539,0.225840453147931,0.114188556811645
0.0797144439802629,0.0474694539519161,0.0332290093044436,0.177517530633896,0.0454365490054256,0.0666696735538403,0.0207308734490578,0.0274350249028987,0.0779920586090148,0.0638316925406638,0.193786144413934,0.0490809066112238,0.0692466026918617,0.0595355552314122,0.0679983336972457,0.162655464506632,0.127069713987446,0.152159887194287,0.063338675238454,0,0.188746006693405,0.276398294913283,0.128855668348991,0.0819822085034119,0.245803002022684,0.27955638298634,0.151680067486007,0.241429638774901,0.0577797547652408,0.163057476087957,0.0741830523730987,0.0261757450728863,0.0880416998361293,0.0274522810320016,0.162211933114992,0.0909354459265,0.101066079561285,0.170449043982491,0.0962430295730167,0.0685411082283105,0.244932427501606,0.129056067248641,0.189665775362851,0.0864707375053523,0.00725674448872171,0.0804944111647689,0.105210349898164,0.159443813356017,0.0808428836431066,0.166686909851567,0.094421405559764,0.104852439377158,0.0834628278006068,0.300679263693633,0.0559872816330466,0.0850207951380741,0.0471093434075051,0.262029752700817,0.0629890605028333,0.0736886579479963,0.080679502864921,0.178851258369427,0.0985032198553845,0.0306743783402857
0.0920035606816189,0.16692383211877,0.139145484673777,0.0805450447897438,0.00563020219775387,0.0823995628398685,0.198643550438816,0.162693748775333,0.0476443900959792,0.196030871642689,0.0448447162553489,0.102179130577813,0.0650426981735847,0.0448484839839159,0.0371518372667692,0.160614838280334,0.0371152335696931,0.236904834295401,0.217674524177036,0.188746006693405,0,0.10988464028213,0.0867415340725613,0.198041173359779,0.256841368241911,0.326487974883532,0.223916869830135,0.293927095630833,0.177085362063071,0.0828160012286415,0.209107856471483,0.152998932362336,0.0820556333425476,0.190271388321201,0.0806532213105687,0.150151162823407,0.218462010285731,0.136816592885315,0.0168006451109775,0.0501032969821966,0.0101755156414555,0.213135475191069,0.0251343101997346,0.0325746205577902,0.0542797673201142,0.130673529100521,0.191558564806071,0.218860054648372,0.2138724774797,0.248299028896309,0.186572728208909,0.0991175718878576,0.094019169926863,0.079809343915426,0.0202177973616907,0.180316022426457,0.189683744631866,0.253711257063712,0.161780060369274,0.0254315008151656,0.301984322492245,0.256282594833343,0.26366511645409,0.185441488752085
0.358613130655464,0.360822556013748,0.320086145654765,0.133841564522808,0.0662747364865732,0.30940385375244,0.331512141451901,0.301595372496554,0.309083318786514,0.412366570389197,0.210691713378283,0.118375143209761,0.247495712877696,0.0844844161307762,0.0510720170783265,0.159229379175631,0.0831839514476222,0.282952316998275,0.358840156265628,0.276398294913283,0.10988464028213,0,0.0617093595018856,0.23377280101676,0.410384552490354,0.450607330573927,0.38556215253928,0.410233439079661,0.403626086581507,0.31009715798814,0.415477920929965,0.300419130108278,0.316182572851656,0.334111871246044,0.155708369449359,0.386101488835239,0.421583831795457,0.0933535653596238,0.183645440016745,0.0755389595125881,0.173960387406532,0.254134548154377,0.0545799476724461,0.126170958204274,0.0528535615958249,0.154360978324038,0.28850712736252,0.361334259382576,0.326802871984317,0.290424406509959,0.356620526077344,0.370737307912254,0.0642050001413134,0.0423237133335438,0.0414468402589659,0.384688461408836,0.265737419572952,0.373570663570103,0.187838765892113,0.0376746704253939,0.227083071056659,0.367702074758156,0.426204741553759,0.282302218329043
0.182810336066994,0.172741221519221,0.197384910073549,0.0546950316819252,0.0707692773474313,0.147548359245668,0.179833734314142,0.155913396285195,0.136541928158156,0.185998456775917,0.0826047011020693,0.0867053315671897,0.315329362999601,0.0455069201226089,0.0246821706281525,0.13819408058538,0.0832037736540316,0.194351622178261,0.179596302511644,0.128855668348991,0.0867415340725613,0.0617093595018856,0,0.187230278682826,0.312226773304945,0.287989721397959,0.235897796190306,0.298067077111899,0.23927130785316,0.110587672863741,0.23779645705658,0.17617668010532,0.128755762723388,0.162581188911407,0.0802439765347753,0.1561825471028,0.213378173270265,0.0193421834163032,0.130260346874586,0.0658161677782841,0.0817512929202669,0.169786917325556,0.0296527507987529,0.0975217269124951,0.0294854276755832,0.169980692908439,0.213631956274746,0.253407547458496,0.202305330613212,0.173078010225534,0.15795649934595,0.176692117431463,0.10219739256587,0.0884932867327522,0.0370208144965379,0.260123456571987,0.189094086049074,0.294963689125486,0.167789165289203,0.0781463538087388,0.142817818677932,0.200000816318808,0.237513606213952,0.163856519545217
0.154319649170664,0.117506636931576,0.182537533586484,0.195864603540571,0.0787149878126363,0.158588542167895,0.157602931213729,0.163300896824016,0.130698236741802,0.0568462202893692,0.186515627791024,0.058648680786356,0.0765038105739955,0.0702048502592663,0.0649020078232474,0.194136265448201,0.0915157586410098,0.0489824869008846,0.166587429666695,0.0819822085034119,0.198041173359779,0.23377280101676,0.187230278682826,0,0.215797702553323,0.228026778017198,0.0420476379977781,0.178815164354438,0.104583128526922,0.215435033392637,0.059392148568686,0.178256834822361,0.150482558210195,0.145695753164873,0.109115440440807,0.165860770657686,0.132104604238642,0.197186428259805,0.169947484222653,0.0889151320797629,0.173082337670883,0.00041936384509203,0.106319300271521,0.0317555410163378,0.0363381312451635,0.0909807787574311,0.0571767010900337,0.0977564041974474,0.113931755500652,0.0343444855743148,0.176535697861538,0.202098205571775,0.155348010597027,0.19890314701824,0.0284128011097064,0.0431872167043631,0.0396132010983317,0.235153032525287,0.0557611478485292,0.0628134522169447,0.0245686840707324,0.142590001939098,0.140713427247449,0.166847753812652
0.361464081834422,0.348105273837129,0.326067761233599,0.32175554560843,0.22443316663337,0.326909304947551,0.32240089354005,0.319388327474424,0.347089856966385,0.358231467531785,0.329761368832717,0.140319343730326,0.198094050595417,0.152433894209895,0.147382622547691,0.319684554947918,0.154444232003799,0.18598551854427,0.315107113868464,0.245803002022684,0.256841368241911,0.410384552490354,0.312226773304945,0.215797702553323,0,0.0305064451839778,0.297756596652856,0.25542340730027,0.377031894938257,0.382885633113172,0.393268872302382,0.310604877761468,0.335894376802583,0.298057383044702,0.216423121386713,0.343507193947831,0.334503336486271,0.278846847260051,0.265573999821595,0.120776878306407,0.291018183729773,0.218387116776214,0.190056151571904,0.053888142279523,0.0847584432982204,0.0328523349768063,0.143754962654344,0.188930512770239,0.281745436594076,0.218083492240412,0.334324363932804,0.370844412165039,0.127085872900266,0.357309008076528,0.0598599239436933,0.376098451041934,0.264346065900459,0.189055251635142,0.084853726381304,0.182943016223502,0.147212794014382,0.165009091608428,0.324685898436322,0.286920232096146
0.376579530007316,0.388281230730789,0.364924892875949,0.313006179982433,0.200086011170217,0.356306055395672,0.381207887427363,0.359644359615968,0.350859340494992,0.371723021863512,0.345018731114787,0.201413910820963,0.149448013549351,0.183037046919306,0.17384967101383,0.297503553808307,0.216127793191271,0.221709720932095,0.363863250139859,0.27955638298634,0.326487974883532,0.450607330573927,0.287989721397959,0.228026778017198,0.0305064451839778,0,0.322096285530547,0.280342667565885,0.384244112272541,0.424333885097654,0.410855741105275,0.359603936946044,0.363732197575689,0.335855869459875,0.255575850038927,0.363579192040448,0.365014792739861,0.256614894227434,0.273103624346666,0.168357914361982,0.318240692991149,0.244393576873529,0.225910908277557,0.0835508863691148,0.107897694076834,0.0380327644500598,0.105786258051972,0.17933882462773,0.330304066546708,0.264421753747264,0.380308270375588,0.388506092801431,0.0953340988417131,0.39889128361144,0.122034556745044,0.343609827158077,0.279805935098128,0.120390671160016,0.0932738046397204,0.237736527249754,0.205754581027784,0.170503789196386,0.375435793325396,0.336058375722703
0.312427413659309,0.26785874724749,0.235374607591329,0.274485572961548,0.128939125957749,0.283132463762406,0.250212185654172,0.261611598140707,0.243980376890051,0.19019820888652,0.309612875761017,0.105681515762637,0.0735506937869793,0.126597608600368,0.15869961219725,0.312466717543071,0.157729102193203,0.0420203593401756,0.246506560754384,0.151680067486007,0.223916869830135,0.38556215253928,0.235897796190306,0.0420476379977781,0.297756596652856,0.322096285530547,0,0.110991925716637,0.148573135650139,0.387012259174297,0.152482455363017,0.252844714842417,0.277011535882267,0.224592586062444,0.186397909606236,0.269483055854433,0.18532725924028,0.256439040889298,0.224860268457285,0.108430976645799,0.278032761512173,0.0739242135780155,0.197451359109896,0.108102180465738,0.0943916272563622,0.135670856989781,0.075988964230262,0.145331081527587,0.151571827204763,0.0843350024805593,0.282740986130737,0.322040412830296,0.121582373239116,0.375269758951417,0.0885805194221603,0.0396698581418593,0.0473522132802818,0.30133011737734,0.0268855528524147,0.235456485300907,0.0776996532671474,0.0269545657971677,0.216998527278661,0.21886690974755
0.330685555928381,0.380997090592537,0.344988615855154,0.311997929035238,0.184885834518843,0.342025336695606,0.356946824393346,0.351080172859946,0.324325505774935,0.329348026460689,0.338874269582,0.167313228477516,0.128166565118494,0.14567679780188,0.153912937773749,0.307583772699637,0.187869093701028,0.134256905626044,0.335595025769028,0.241429638774901,0.293927095630833,0.410233439079661,0.298067077111899,0.178815164354438,0.25542340730027,0.280342667565885,0.110991925716637,0,0.2923544291317,0.404293428323951,0.33716070879059,0.346446880105563,0.341686541939518,0.306526445416992,0.236729046931365,0.317872133740672,0.265099833587524,0.267913709419424,0.277811431382298,0.175475519413285,0.317019460348282,0.175969425774938,0.203514842085272,0.0829032483546234,0.0807835113243726,0.0968556855242731,0.0177677823809457,0.00400309049272234,0.321833008797279,0.208714636009657,0.356651879476027,0.349933203869542,0.17064450702043,0.376562736093207,0.0939185172433556,0.22447507729089,0.231043357726315,0.301158278934576,0.0298895523288635,0.204192659386142,0.132903079079575,0.0324467660850534,0.324920966841523,0.32155209847434
0.232668147234538,0.116078728583313,0.118091366086336,0.261549836856374,0.109096090168464,0.163893763223845,0.0976982677784858,0.0870097671142914,0.205646082882187,0.0709450260685252,0.264121401856469,0.0637793596301958,0.0792767027496341,0.0534069236564453,0.0948977071550376,0.328616635538337,0.0952054596585642,0.0950489480920398,0.0833237333070386,0.0577797547652408,0.177085362063071,0.403626086581507,0.23927130785316,0.104583128526922,0.377031894938257,0.384244112272541,0.148573135650139,0.2923544291317,0,0.323038793013561,0.058567482820662,0.106152988931685,0.204528747268451,0.0764031608127907,0.0789908697841767,0.161270535290276,0.0557639079174191,0.277464833913767,0.157617353482498,0.0761261492885355,0.219355187534103,0.0925849092605707,0.125092387787284,0.0822756776958521,0.0351680651642635,0.195767353639163,0.224936612214523,0.281198403363286,0.0338925190178922,0.0455392567720984,0.121704200821281,0.262280497889949,0.161852858021824,0.353950259421014,0.0426694508982785,0.123873729818231,0.111944473935362,0.368009016194612,0.0981125365617455,0.179391164369858,0.061182294958331,0.143571587423069,0.0254046368979528,0.095845073516186
0.110837729377068,0.331068108151999,0.174658080445082,0.141890618344597,0.0225119251966151,0.150888395940389,0.200458382897335,0.152381293723516,0.0369277611826333,0.29941468484572,0.114879001668043,0.099113635392488,0.177964494483852,0.0306455608327884,0.0580087243316088,0.250047527963018,0.0913463410123118,0.285968415569021,0.265845381261631,0.163057476087957,0.0828160012286415,0.31009715798814,0.110587672863741,0.215435033392637,0.382885633113172,0.424333885097654,0.387012259174297,0.404293428323951,0.323038793013561,0,0.329504751059373,0.179678859262012,0.0820427935752295,0.194498481958886,0.0981235165703382,0.154710922103849,0.337120489861577,0.19389928352069,0.00840791178895139,0.0828175692496446,0.0810022951012309,0.221984979951767,0.103772170781281,0.144820893343239,0.0182123403288593,0.176880437036892,0.299565133702,0.417794723249698,0.339508993837751,0.265163127823278,0.228503864236309,0.0760995800319608,0.125411154480282,0.326157559815996,0.0704829541378108,0.321903361098272,0.245440554710206,0.358124174318241,0.176691228512074,0.107854823234132,0.126187965582515,0.282018869075497,0.374951382056042,0.183129315681592
0.21540305121968,0.114762129611469,0.156282712280306,0.265233047159754,0.119871091038394,0.227852103800949,0.119073237490963,0.139843272897534,0.28132679093034,0.0997822116032883,0.269026784828804,0.0671221689487272,0.0767574867440437,0.0700315585057889,0.12042274706837,0.321514279373401,0.143106686692154,0.0900059884873257,0.0976572060328162,0.0741830523730987,0.209107856471483,0.415477920929965,0.23779645705658,0.059392148568686,0.393268872302382,0.410855741105275,0.152482455363017,0.33716070879059,0.058567482820662,0.329504751059373,0,0.143019824925321,0.234793544846395,0.102143882540439,0.1104653842787,0.170520876137745,0.0425336721287603,0.26867335512293,0.194137737364464,0.0802488606733523,0.273732426017067,0.0799329290168692,0.15002204097948,0.103394067317993,0.0608686262791111,0.188980316734683,0.206924530837354,0.289480538424155,0.0160148328745111,0.0279981600256479,0.155483778369003,0.229683541066662,0.13209690081309,0.379770116424075,0.0615187852479897,0.151230676896778,0.0406383397104551,0.387585500107557,0.0729776339247416,0.185513290409972,0.0471306348676817,0.145158446786865,0.025733136354032,0.121907924407319
0.090272915798386,0.0454797506689601,0.0260198633088857,0.209386972725757,0.047334227846721,0.0818878593101709,0.0948273728273177,0.00792715223814017,0.0526635572733533,0.0851685357884783,0.189182939451765,0.0601174710417877,0.0860851000224021,0.0113597997493851,0.0396636105452419,0.257856239481121,0.0849985696917056,0.293692625412161,0.0426913414882888,0.0261757450728863,0.152998932362336,0.300419130108278,0.17617668010532,0.178256834822361,0.310604877761468,0.359603936946044,0.252844714842417,0.346446880105563,0.106152988931685,0.179678859262012,0.143019824925321,0,0.091846663523139,0.0588799608168699,0.0368296575659761,0.0605255058554301,0.0830035365489337,0.235875433337389,0.120563329650296,0.0767138867304799,0.201926998263861,0.205434681877113,0.0965082307865533,0.0639142675625284,0.0029791113141914,0.166866082512793,0.276928559716319,0.315363950280489,0.195273246542544,0.240563720043379,0.0292716275244223,0.115786508813571,0.162449239086378,0.283920894619566,0.0287354079448443,0.14608111560563,0.211894490441158,0.314229067054499,0.185102993517947,0.0939241261885496,0.0998319461681097,0.219328065251366,0.23543390941902,0.0346105000776502
0.0730049527500077,0.180185967200028,0.0837479386717086,0.169619612698541,0.0340219399948003,0.00396187458430441,0.127465466077635,0.0875399399968939,0.0275832318715505,0.229696395049451,0.132566685860775,0.0579211459815067,0.0980696984855193,0.00713045646103451,0.0360288360270976,0.216702921165193,0.0750105115108777,0.224514850539453,0.14730234140808,0.0880416998361293,0.0820556333425476,0.316182572851656,0.128755762723388,0.150482558210195,0.335894376802583,0.363732197575689,0.277011535882267,0.341686541939518,0.204528747268451,0.0820427935752295,0.234793544846395,0.091846663523139,0,0.174046940551966,0.0374121564036611,0.059469329454796,0.180316679518112,0.1922643563917,0.0131091377015118,0.0440779294524814,0.13094547866632,0.183906294514451,0.081031276576719,0.0845542707586459,0,0.1518945885665,0.223559755122861,0.293658039860863,0.197335192736869,0.203165732843569,0.0883739845153079,0.0583068241487988,0.0939485889365589,0.276498472225936,0.0346144145864184,0.221719208540597,0.1679369949091,0.328140826134396,0.144706071630096,0.0825276121096313,0.113141306408307,0.259075052990398,0.277168889845325,0.0947428622658514
0.081665603510784,0.0139398227856214,0.0288967186937013,0.228530300035524,0.0665932624171099,0.14463891306482,0.046498728812154,0.0298949113157195,0.0908995896590483,0.0449876647110138,0.22954945638846,0.077270283995217,0.0884342192271815,0.0312351798218965,0.0701182629161151,0.253526736324116,0.116101362719357,0.221929228408721,0.0223539036639781,0.0274522810320016,0.190271388321201,0.334111871246044,0.162581188911407,0.145695753164873,0.298057383044702,0.335855869459875,0.224592586062444,0.306526445416992,0.0764031608127907,0.194498481958886,0.102143882540439,0.0588799608168699,0.174046940551966,0,0.0713571457191838,0.06403514841275,0.0505832904562179,0.239835439558778,0.114143010686781,0.0826368599264818,0.243000050682885,0.151579353095741,0.122174739041608,0.0790149381581039,0.0164063331468077,0.175765763140911,0.223456714798665,0.262692060241294,0.106423537466801,0.172679668718979,0.0524176404899067,0.114665296008213,0.141968246041114,0.330996403994702,0.0413599908478988,0.122821025214453,0.152728144654123,0.309357906189005,0.158597912115638,0.131279013524137,0.105174638721329,0.204014042081024,0.170154942840417,0.0761946994964508
