0,0.182636690887485,0.0345370107562455,0.0109198640731784,0.0703485643538167,0.0338303798837279,0.246800641109743,0.164171061710964,0.0683021106218974,0.272605097595405,0.0629761815035952,0.25546620827707,0.0315738677343777,0.0545664628673907,0.104208316317994,0.102373370483416,0.175535345106064,0.238545725787098,0.0810955933658235,0.181321787335204,0.313774076969136,0.0999664579236753,0.355725148625306,0.162078464915581,0.19345156710376,0.103014855639232,0.161599619623996,0.212402355588777,0.22689643684886,0.133144681298586,0.211154426480228,0.292544487296489,0.154571585113204,0.22074333267578,0.297638085938771,0.0987992449094271,0.0472346652215285,0.037113769166627,0.118950148087286,0.256702366223296,0.0295805636419787,0.104995183759962,0.108390543452483,0.0718107932633706,0.0460871568373993,0.141723269823245,0.0891893653580037,0.11283929106814,0.228684189896615,0.135847521408798,0.143322361147307,0.132423244748607,0.163577810510487,0.141020435260923,0.250628234594676,0.0898799604881955,0.257849281735283,0.288213881315842,0.211654965793442,0.0119159311696973,0.0200615971028363,0.117593853572019,0.0672107134903611,0.174445019262695
0.182636690887485,0,0.0560923875352352,0.129440673555946,0.236341315531139,0.102448706635357,0.209136840598211,0.0528055217108656,0.130732700932658,0.306815368315006,0.0605006035211031,0.281794647111224,0.091258819143599,0.0824396966195038,0.114585659296385,0.0948067011476763,0.164747767151614,0.202268301242414,0.0315928437911272,0.0948390357232611,0.3813121847894,0.128288830936297,0.362182687922084,0.140213080439377,0.156633016730849,0.102599635941538,0.0446250533829174,0.140044759448099,0.190715025144631,0.111144164319097,0.12970303581007,0.268868877696286,0.134436316129235,0.206076901998484,0.234304495573608,0.061617801649171,0.0858751748564254,0.122735392827077,0.0949724480303333,0.260601251386092,0.0145982426529278,0.14217390046339,0.107041605570051,0.16087752195094,0.0617377678531508,0.126281180156197,0.0690807962088109,0.0774209929217031,0.144415225992204,0.0674938500929648,0.0430130409903552,0.199604717567341,0.190406929243175,0.162824122044824,0.307465200509441,0.0829598701515807,0.199728871398595,0.257115179687254,0.152628415556635,0.155231400507408,0.0919495190767667,0.181055398437498,0.0789600280946568,0.196733292895917
0.0345370107562455,0.0560923875352352,0,0.118734021532211,0.159603228641739,0.0793924765073366,0.0547617783480335,0.076744671530344,0.182238235421577,0.106052355576975,0.173341846884215,0.0603905652932712,0.0552746928492316,0.0729967918792966,0.06608497586081,0.0370838396096314,0.0265249950321893,0.0194281582191944,0.0702041310863614,0.0383498106321225,0.0438091839320994,0.142864913836853,0.124711592865223,0.0404148105253934,0.081319159365815,0.0464933162224815,0.039852097855176,0.0462784317866329,0.0490135640266718,0.0409972453736276,0.0802704858627196,0.035869152533421,0.0491315271647895,0.00810353457482346,0.0590911353137029,0.0412237407931114,0.0954885418130036,0.212653878176113,0.0348159537691213,0.0306278556804054,0.186264424210879,0.100987434192595,0.104467705361134,0.0747604593954956,0.076614834767079,0.00888145543718986,0.0708379348589257,0.0387018429167809,0.01622508561986,0.0236290902947492,0.0243438947472566,0.117878664698513,0.0319126653421334,0.118783772152292,0.0249138367504436,0.0759626208893673,0.0331948221053073,0.0650985949277721,0.0399541678685683,0.0530239444525633,0.0692255547797318,0.0453017345887883,0.0561101053912335,0.0646823081835594
0.0109198640731784,0.129440673555946,0.118734021532211,0,0.00672019414492209,0.0694710659867371,0.20847965131107,0.0768744606069393,0.0200393560243522,0.157183323396472,0.0386091065233963,0.297943956233867,0.0952082854489305,0.144869171149359,0.0197536444126331,0.0573595804297965,0.178637005509083,0.215700717165006,0.0972571256818312,0.194274893745335,0.414549103499022,0.0443156953776405,0.298069304769873,0.122334821300408,0.0977098501973139,0.115528944922235,0.143864486247021,0.147197762172522,0.176732497828889,0.106963656883078,0.132203419958245,0.228012785364418,0.120148373219144,0.219750283334849,0.195252577937706,0.064728776853619,0.0673584103909176,0.0194761778580028,0.150226120701956,0.214387778002273,0.0858287391468404,0.0437885963282616,0.210555345862787,0.150774105170281,0.0491448131703041,0.0854584584820909,0.0929220406632396,0.141128604221103,0.220526664637463,0.143174970936927,0.18737542987847,0.0467876934777323,0.0855895182431021,0.0560238635945558,0.37495643060595,0.0318445871052289,0.156596566069975,0.188475511015525,0.175092133005352,0.0238880072419618,0.0129140957861297,0.0886016525452481,0.101899826687779,0.0760359377550495
0.0703485643538167,0.236341315531139,0.159603228641739,0.00672019414492209,0,0.035860051436013,0.262446045426982,0.137801116604286,0.0317673622759395,0.162297463471068,0.0609576833078076,0.228189318454885,0.067548245544627,0.116662159699831,0.0316256800491609,0.0326947585898502,0.160089049194288,0.264349311881701,0.22995748087543,0.274748960245612,0.370566172556283,0.0606150664594182,0.323259037618547,0.176537805597565,0.0953256788183334,0.086250854272204,0.179557902454009,0.197628155631808,0.190664497451952,0.0882159841876361,0.171151548044483,0.243396545032952,0.119436490249665,0.267066707054082,0.266588803502978,0.17894826738677,0.151413482155037,0.0397955494719169,0.170056414218029,0.222418499536415,0.0810595597485105,0.0949054581438431,0.158699696523667,0.0956960550871578,0.0306465450618141,0.0701024607369357,0.0697430621577361,0.1201792775669,0.301848170058085,0.229886146337286,0.285291495605561,0.0533490748617215,0.114788992161989,0.0415511478317285,0.328904302861427,0.042429478630362,0.152931482292283,0.228699857897587,0.145523353171743,0.0530899818948905,0.0316788033185311,0.0710757995371995,0.235238513832091,0.0841482728221335
0.0338303798837279,0.102448706635357,0.0793924765073366,0.0694710659867371,0.035860051436013,0,0.154749080573326,0.113938542697829,0.0292489186343012,0.0769333453080393,0.0487833228795703,0.215110480444634,0.0491804614405555,0.054184716450376,0.195847128214008,0.121436145697004,0.0937912020220061,0.10044664391973,0.0468818567235415,0.0904941945952235,0.144779743009582,0.0557306919505449,0.183100421883706,0.0595147804186381,0.173603953074554,0.131623595101633,0.178955392658896,0.124389967723919,0.187154008455722,0.181551029785274,0.210560651997326,0.19627014947468,0.0628815288835916,0.0886699293584575,0.110067626011904,0.0447759830633565,0.0454342060661468,0.029409844122039,0.0489648067087033,0.174400193334186,0.0305802867301104,0.115592612583011,0.0644183795899575,0.0216263038153631,0.19407505100778,0.203326370349699,0.14338867320118,0.0666063157557559,0.0781155148104789,0.0571905633417751,0.0546959881136084,0.0480355956155019,0.0775832619010758,0.0735183349586442,0.144063116267766,0.116989306116688,0.156316462175506,0.220587825247174,0.215282862885655,0.0743855715182583,0.123601782966864,0.0704113712072241,0.0425436177623443,0.0853992418974414
0.246800641109743,0.209136840598211,0.0547617783480335,0.20847965131107,0.262446045426982,0.154749080573326,0,0.189557005167141,0.295880407632758,0.354220362347799,0.217966668186803,0.201540958552061,0.119055481218713,0.0210589470984864,0.126613309371835,0.0737961225085806,0.0619829334235131,0.0358969488697435,0.316044545806555,0.246663029498631,0.217944761963128,0.331886554699762,0.380368881128142,0.172296523702756,0.0593114898981814,0.11281999354124,0.164663814918702,0.165444181670419,0.0316650031578258,0.037250922486819,0.106449614906598,0.0981849859420433,0.152598508362594,0.0108659352101724,0.165907116048558,0.262736145497143,0.265405701647304,0.267675152620531,0.0443362325651919,0.216188027123833,0.16473550737407,0.252912190176601,0.0216152746527148,0.112984143582725,0.0605275248690257,0.0439667238334488,0.0134821219724049,0.0166373860404906,0.159382331620801,0.304842955315502,0.256563774148682,0.309215937974451,0.224025698456678,0.314122446332381,0.105716683618865,0.062627335231197,0.107736709786568,0.020373864051053,0.0601626325137391,0.221758843243528,0.19125792124215,0.248950305119737,0.259606756460934,0.358964879807137
0.164171061710964,0.0528055217108656,0.076744671530344,0.0768744606069393,0.137801116604286,0.113938542697829,0.189557005167141,0,0.142376262168053,0.317239472724196,0.102980000587204,0.211177475572519,0.0682030550113735,0.0434027326874815,0.224270999991283,0.152776770638896,0.137649802254569,0.137332436865145,0.091185343145343,0.0251551009932999,0.221333717535558,0.190754676594175,0.372175466851881,0.147494080926909,0.217917443612965,0.0316576011313295,0.0446906726161213,0.0532913774730552,0.156491247884686,0.0912525565035478,0.0788837232182097,0.237360114741625,0.169678892108598,0.0903522712895192,0.0221380773528236,0.0764206534324738,0.0904008477898808,0.10024334958968,0.0591710154418133,0.246593138024637,0.0424157639907069,0.176514220309317,0.0492226587026341,0.070148430364408,0.0303773112092178,0.2053813990725,0.0721927052537631,0.119383363868148,0.045650437064619,0.0218504941711624,0.0328879656768441,0.210741509184815,0.18156747183514,0.241894298225901,0.13079416922634,0.156312334249845,0.240894225722983,0.286325888518876,0.152560885084581,0.116185648836367,0.0851971835566727,0.189747258934002,0.075731028674355,0.244778062408155
0.0683021106218974,0.130732700932658,0.182238235421577,0.0200393560243522,0.0317673622759395,0.0292489186343012,0.295880407632758,0.142376262168053,0,0.143579217599141,0.106966839836635,0.158252280490363,0.034271967933892,0.0889432495414761,0.00867245678953708,0.0211416232806601,0.172445285619933,0.299997830372404,0.234283873969469,0.349508021706854,0.184848571758249,0.0494755730887442,0.306338725198313,0.253383497308682,0.0943097514329933,0.0458036922092913,0.13644824931244,0.18130037994084,0.15785977479751,0.0476069691853555,0.121667690194378,0.234469094951954,0.131860315423953,0.291048146076256,0.209881465849212,0.162893685203462,0.107860873846875,0.0323229856146628,0.177812672913759,0.202467960381793,0.14058866567506,0.0468972087518721,0.15041981101265,0.0295591752757364,0.00129242839872439,0.0389650928336994,0.0301850452242703,0.0947528291802873,0.322578253201543,0.28906184878847,0.348484905569132,0.0464810858718868,0.0655813896556221,0.06129743361071,0.202755365865902,0.0472971349466371,0.168022647854137,0.217905266844759,0.120100655125604,0.0378934532001123,0.0210196787540492,0.108539586203474,0.229456293859999,0.0657354215754167
0.272605097595405,0.306815368315006,0.106052355576975,0.157183323396472,0.162297463471068,0.0769333453080393,0.354220362347799,0.317239472724196,0.143579217599141,0,0.117021010255895,0.11878936974528,0.103182624198448,0.0306110677717394,0.091785605001987,0.0781104650518472,0.214050416726264,0.315771317753141,0.356604126797275,0.377008642968881,0.0950092895921886,0.0679285347680448,0.319310854714624,0.201561245097325,0.243791816641992,0.177265278994793,0.298320577051903,0.31082485124726,0.280176999044835,0.18829030015131,0.276301812474598,0.303390816667588,0.143165229627562,0.311297844968724,0.308741596929046,0.293619296116644,0.285648468486127,0.138696059004701,0.197690000980701,0.192515649013401,0.134402030754447,0.0973634782195574,0.11419697738236,0.0344285538882646,0.0975389966303741,0.15803220381904,0.0659170714072043,0.169885727703373,0.372978303371078,0.350017402417359,0.405404924297818,0.201617160651494,0.0410887855823295,0.0751324565410179,0.136274373019634,0.120904468909933,0.235936023398612,0.352968282602827,0.259602548825954,0.226171820421091,0.182347172288269,0.0336780902990728,0.312817925852076,0.0346014374432022
0.0629761815035952,0.0605006035211031,0.173341846884215,0.0386091065233963,0.0609576833078076,0.0487833228795703,0.217966668186803,0.102980000587204,0.106966839836635,0.117021010255895,0,0.0848534435060244,0.0150760534892979,0.102121718779768,0.0814520890889356,0.033568135094188,0.135318489979378,0.266249246523146,0.117749578142574,0.227896483604859,0.0518016668785018,0.0559907365188763,0.215031909035545,0.188016738035207,0.046167569471353,0.0637560684566586,0.0819509521895871,0.124187837097931,0.0837862198666539,0.0319119528859076,0.066692691132991,0.155051677358137,0.109153744748392,0.268207187266327,0.126375205377972,0.10541709274859,0.053465982195417,0.0579035015662194,0.139129939400276,0.13045730403985,0.126352665604569,0.124811934678609,0.135345081328478,0.0303872059812423,0.024528142336015,0.0440566359209724,0.019771155980011,0.039309715810755,0.240948162775784,0.201775275427528,0.185375558221561,0.0598314724617172,0.0333257370203407,0.0487497562733835,0.104124286570738,0.0387118986867049,0.105049552497872,0.13554962592591,0.0904285969751228,0.0276776526411105,0.0262511073322179,0.0821424264668729,0.102112255311086,0.0762233045575589
0.25546620827707,0.281794647111224,0.0603905652932712,0.297943956233867,0.228189318454885,0.215110480444634,0.201540958552061,0.211177475572519,0.158252280490363,0.11878936974528,0.0848534435060244,0,0.194703444188494,0.0534887875244507,0.0644966617741034,0.0692082804136461,0.076446049418957,0.114716443750817,0.226668302482845,0.254210483806606,0.159332178459731,0.19451326759842,0.021069511313208,0.0144350087280776,0.109571084837103,0.20089756100802,0.246647947236728,0.223377673604718,0.184638046720557,0.225490491498105,0.263242351509831,0.174273463790219,0.0179193345185472,0.158123570559093,0.258514022335338,0.238506023331794,0.26182012293136,0.179179262102959,0.125243511642659,0.0248197810680266,0.140705086074759,0.0776633410077728,0.0139520531058866,0.20232192641635,0.233074345009137,0.183391880449595,0.143668402670007,0.059055837191472,0.142319796778889,0.1938644711048,0.191006857871459,0.107047521472719,0.136952969258866,0.042009204991905,0.0867204687350429,0.0534781036491601,0.0870453040431374,0.216793454500899,0.22946880531158,0.282176879028937,0.34631246551309,0.117387010420986,0.19767405943634,0.198063538643426
0.0315738677343777,0.091258819143599,0.0552746928492316,0.0952082854489305,0.067548245544627,0.0491804614405555,0.119055481218713,0.0682030550113735,0.034271967933892,0.103182624198448,0.0150760534892979,0.194703444188494,0,0.1023947795768,0.0898090826968269,0.108685656972444,0.130301324307078,0.135836353747201,0.0419235988488782,0.0790402842436319,0.273712206420595,0.0297904193731826,0.164324073077629,0.0819592114460849,0.125915572481541,0.181644086706332,0.151513539464717,0.139254741873469,0.112461893437438,0.164526528215228,0.130618255951083,0.158613664339168,0.057215950924182,0.127508060801026,0.0920669444027792,0.0617077129848959,0.0631492640474216,0.0446076997268639,0.0686817039797833,0.152088824416864,0.0257910753618046,0.0791744727499153,0.0682651530086496,0.131684366397083,0.145410959066888,0.14376540577257,0.135441459142003,0.11295788311873,0.126567755946314,0.0820038773089006,0.0366066884534772,0.0536071546893697,0.0843168206151537,0.0274979682450451,0.305887183436555,0.0935501587428408,0.103423860227414,0.123870120114807,0.190663565597386,0.0442643519731522,0.0462179360125415,0.0641993251288699,0.0803667581090671,0.0488214127274195
0.0545664628673907,0.0824396966195038,0.0729967918792966,0.144869171149359,0.116662159699831,0.054184716450376,0.0210589470984864,0.0434027326874815,0.0889432495414761,0.0306110677717394,0.102121718779768,0.0534887875244507,0.1023947795768,0,0.0237616561661479,0.0364418679148482,0.0626874776515712,0.0284485080392084,0.0547786489218265,0.0808260454631708,0.0465706123030093,0.141388000564272,0.0174315937266328,0.0358309088674529,0.0745992170741726,0.0369527301216761,0.0672369700750888,0.0452678051215493,0.0440934061575708,0.0918448222130311,0.0826844271043199,0.0507061816912946,0.0156185350408813,0.0399649379416528,0.065162908649248,0.0488536859949216,0.0922320432944943,0.117562968884814,0.0867996205807403,0.013492946241312,0.112404582683008,0.0350987799613812,0.207594169444693,0.11004239355817,0.0752561156138266,0.0566531460756764,0.0859965183501374,0.0875760232124417,0.0216468917967859,0.0238136194739743,0.0540581010672255,0.0465487815202399,0.0743820436884843,0.0367779023722668,0.0929774163270276,0.03934935731612,0.0137152487364006,0.0442754613427102,0.0703676978767614,0.0875720171720636,0.124691970086539,0.0323110835840113,0.0508371811244618,0.057294634294159
0.104208316317994,0.114585659296385,0.06608497586081,0.0197536444126331,0.0316256800491609,0.195847128214008,0.126613309371835,0.224270999991283,0.00867245678953708,0.091785605001987,0.0814520890889356,0.0644966617741034,0.0898090826968269,0.0237616561661479,0,0.0155316123038291,0.00846225859628001,0.130062316266779,0.0996512367868286,0.10841507221508,0.0581951349231448,0.0265074128177481,0.031646997851326,0.0871100958240809,0.138714253216165,0.153807126856117,0.123988144708031,0.174555926940278,0.103441305844492,0.0659255064442054,0.173264199274642,0.0760255874896582,0.0549052072538253,0.103501709553561,0.142231971623899,0.093678398618263,0.0629956718919764,0.00536735885376754,0.0398414737344242,0.0180042238441732,0.0566609046362357,0.0765252451856898,0.113607626790378,0.060368922504332,0.0933094386126505,0.0257894301150539,0.0209932875533874,0.029094285773997,0.166901038869335,0.13949083884218,0.137787322620153,0.0591121359260997,0.0214925429147225,0.0335303811300814,0.0312755233572671,0.0440971425924636,0.050257089190416,0.168122080310736,0.131971060873442,0.119816551812874,0.115951148842457,0.0825689304945074,0.086865176951534,0.0335632776524045
0.102373370483416,0.0948067011476763,0.0370838396096314,0.0573595804297965,0.0326947585898502,0.121436145697004,0.0737961225085806,0.152776770638896,0.0211416232806601,0.0781104650518472,0.033568135094188,0.0692082804136461,0.108685656972444,0.0364418679148482,0.0155316123038291,0,0.0580349859027852,0.050784084461184,0.0872239881604969,0.0580140811733432,0.117877793236798,0.0431914446608701,0.0678510418348942,0.0670366390544021,0.163302936406869,0.155837888461784,0.0956561445300035,0.135262430302475,0.0604890906687592,0.0962933706719416,0.128883911949492,0.0660440531255888,0.0373208812240196,0.0812556681771638,0.110321153713083,0.102988008085506,0.0906103465105121,0.039556166751377,0.0249753456172139,0.044464801764534,0.0253947916229982,0.0478707642702423,0.0531796902515914,0.0659555404468626,0.0995717892288122,0.101540258542419,0.142966828260297,0.0361430611095539,0.0835158421455969,0.0873091893810069,0.0578483245582001,0.0546467270414917,0.043767979527155,0.0659796258164825,0.0947371054949126,0.122666462978236,0.0552737038646365,0.136030822777551,0.126358720669361,0.0982689902474568,0.0916350613536496,0.102793185514394,0.0629287617242141,0.0454622600559095
0.175535345106064,0.164747767151614,0.0265249950321893,0.178637005509083,0.160089049194288,0.0937912020220061,0.0619829334235131,0.137649802254569,0.172445285619933,0.214050416726264,0.135318489979378,0.076446049418957,0.130301324307078,0.0626874776515712,0.00846225859628001,0.0580349859027852,0,0.0634379209930386,0.200860573686179,0.0969840993725638,0.201642471485763,0.0979694608536155,0.195219871136049,0.0687505554099329,0.0451690226564987,0.199551654205311,0.177599899250306,0.19227780836873,0.0677784648950327,0.163710282322602,0.138984474452495,0.0417660263155488,0.110539847566935,0.0517246214242358,0.131615738353398,0.22109766013519,0.208248017705424,0.194937916942692,0.0783833555083428,0.0554316765554383,0.136848156150245,0.143574888953986,0.0259045570556,0.134957103419596,0.14513791941493,0.0706740109970581,0.252816574690322,0.0450672140480852,0.157514168426153,0.173480564955503,0.0872642859916531,0.153564219112747,0.112162943341892,0.137550345599695,0.130739609737892,0.0366330215157253,0.040271496283679,0.0930365506855,0.159892134289881,0.165073252165127,0.143817353460207,0.150411786848289,0.196853495048294,0.132288142209943
0.238545725787098,0.202268301242414,0.0194281582191944,0.215700717165006,0.264349311881701,0.10044664391973,0.0358969488697435,0.137332436865145,0.299997830372404,0.315771317753141,0.266249246523146,0.114716443750817,0.135836353747201,0.0284485080392084,0.130062316266779,0.050784084461184,0.0634379209930386,0,0.329710707711744,0.235790982110408,0.219130343670644,0.269869743866273,0.330890329614822,0.166324865602615,0.0681183807404217,0.104879070192288,0.169045687592973,0.155687832888951,0.0210758302170122,0.0621362929181285,0.0897477372407799,0.0655312595640655,0.17988008747101,0.0173954314349228,0.156004980800029,0.264619824673735,0.259533045613556,0.28945010554545,0.088080793243828,0.146819710875837,0.21611157083129,0.316669451727777,0.0244570026379607,0.131280068862752,0.0588512291126802,0.0127117134997061,0.0323282125284735,0.0576860233265794,0.258688593677437,0.447013658375759,0.25855755460679,0.314757402274541,0.194308578360364,0.307829570768536,0.0886610042166464,0.0592256520727769,0.0712437384308251,0.0339461724577879,0.0605290881746056,0.206469573148959,0.166725698354654,0.223557608300492,0.295975811140699,0.288423674657624
0.0810955933658235,0.0315928437911272,0.0702041310863614,0.0972571256818312,0.22995748087543,0.0468818567235415,0.316044545806555,0.091185343145343,0.234283873969469,0.356604126797275,0.117749578142574,0.226668302482845,0.0419235988488782,0.0547786489218265,0.0996512367868286,0.0872239881604969,0.200860573686179,0.329710707711744,0,0.239033433962226,0.287270581743722,0.189057830599596,0.411246718467746,0.224944193627512,0.183341694889074,0.0406517680438141,0.0545071831336965,0.178725373536468,0.184150900071427,0.0664933695021367,0.125441737365587,0.288110288470715,0.199631227207805,0.295596661348342,0.196827116201163,0.0301671345831737,0.0920037504946162,0.187868227198858,0.117005493573118,0.264006908373258,0.0501985659057828,0.150421383102568,0.094288081537494,0.0808046567804406,0.0228880286898175,0.0993629451470309,0.0439722659587458,0.115561284953019,0.315917391184241,0.170771755957186,0.207855746937972,0.248954357340496,0.183374969817254,0.239013369644096,0.224075710745874,0.105915717074787,0.266614057751385,0.277000000967081,0.13478570025735,0.0311771908601147,0.0299145189986936,0.169978047049534,0.042729605273702,0.230568085134194
0.181321787335204,0.0948390357232611,0.0383498106321225,0.194274893745335,0.274748960245612,0.0904941945952235,0.246663029498631,0.0251551009932999,0.349508021706854,0.377008642968881,0.227896483604859,0.254210483806606,0.0790402842436319,0.0808260454631708,0.10841507221508,0.0580140811733432,0.0969840993725638,0.235790982110408,0.239033433962226,0,0.304073853268794,0.294987234521203,0.394998732085108,0.23292134319004,0.111732994375641,0.0376030760994713,0.0658194945789638,0.0182560022406443,0.0563280378240505,0.0335536680110878,0.037513376453668,0.209373678010935,0.161690665332356,0.272337918817839,0.0409007078320497,0.161082685373533,0.221746942359813,0.279709548363461,0.0317007704201841,0.29098200282831,0.133702324345253,0.270960909556895,0.122021993541546,0.135315924553565,0.0518830913103459,0.0582046340572255,0.0137384691165855,0.0221522834925914,0.069296097602691,0.0475212171110778,0.081228912213216,0.335510321246048,0.228925908834991,0.287595300058125,0.205042759786292,0.0470895347331572,0.159372679868191,0.123370140844885,0.0419701936619001,0.140305968023551,0.154015530834094,0.235435896188665,0.220854524073151,0.332389186996452
0.313774076969136,0.3813121847894,0.0438091839320994,0.414549103499022,0.370566172556283,0.144779743009582,0.217944761963128,0.221333717535558,0.184848571758249,0.0950092895921886,0.0518016668785018,0.159332178459731,0.273712206420595,0.0465706123030093,0.0581951349231448,0.117877793236798,0.201642471485763,0.219130343670644,0.287270581743722,0.304073853268794,0,0.194610798339569,0.0820166830013351,0.0743310350044758,0.214282954068514,0.26041059265873,0.407518333041131,0.344768669297358,0.270824856899896,0.288313637630114,0.351062844952093,0.289377011672871,0.0942790159305975,0.198348480652895,0.361049245891822,0.303934414482162,0.367029293732079,0.236923854192567,0.212989208152214,0.1203184736268,0.117477811829632,0.0149795905694927,0.0973405878853669,0.267239205667387,0.241529273365863,0.15511986422589,0.108725473155467,0.200926302804664,0.216862607574378,0.21856982619611,0.258215763310761,0.147195389601512,0.130424741154547,0.0536352347916675,0.172452158996105,0.130592717073948,0.152806474364684,0.318084254717787,0.325594648077186,0.371950984547896,0.377570173580306,0.0604805363056269,0.286851796516509,0.111153464625982
0.0999664579236753,0.128288830936297,0.142864913836853,0.0443156953776405,0.0606150664594182,0.0557306919505449,0.331886554699762,0.190754676594175,0.0494755730887442,0.0679285347680448,0.0559907365188763,0.19451326759842,0.0297904193731826,0.141388000564272,0.0265074128177481,0.0431914446608701,0.0979694608536155,0.269869743866273,0.189057830599596,0.294987234521203,0.194610798339569,0,0.359945029130941,0.22726328862938,0.0944372640558527,0.115751577953205,0.153302487427572,0.177553602128591,0.0905097171926449,0.0833309047843706,0.191042850128069,0.178040959274748,0.0804791682480659,0.25955124897681,0.221422040860299,0.147617537564437,0.133953015168232,0.0368759855270426,0.0981239154213033,0.203124953669081,0.0918705302815648,0.0487250841972054,0.170452386772583,0.0624238077735355,0.0718286889248619,0.0577721326987953,0.0611796734286641,0.0603990900855869,0.247379027885724,0.274873725231676,0.304263413869684,0.0393115410551362,0.0260240958684836,0.0434029055157681,0.228166572021785,0.0819734153800767,0.167265214254456,0.224705534043377,0.169158139134574,0.0945920867493661,0.109062782953848,0.0669117809228434,0.158435376553629,0.036935209501353
0.355725148625306,0.362182687922084,0.124711592865223,0.298069304769873,0.323259037618547,0.183100421883706,0.380368881128142,0.372175466851881,0.306338725198313,0.319310854714624,0.215031909035545,0.021069511313208,0.164324073077629,0.0174315937266328,0.031646997851326,0.0678510418348942,0.195219871136049,0.330890329614822,0.411246718467746,0.394998732085108,0.0820166830013351,0.359945029130941,0,0.139839875184917,0.142501883354867,0.244142261072751,0.331707550016165,0.326308878206508,0.249691950496412,0.226602000663272,0.323465413859541,0.261721359823987,0.0929584002669288,0.289756936747214,0.358221258513285,0.394720907007664,0.377826444034294,0.282207201339319,0.264761033850515,0.0378981995210188,0.209783550788566,0.244793731132515,0.0805618021902528,0.122258707983337,0.150214859451117,0.110694448460977,0.0823108159692693,0.135220530809489,0.362814423895375,0.3921838684085,0.414736330535991,0.355872820882763,0.271137257083057,0.170222510738828,0.0414882578155201,0.0732013272607116,0.210463713883725,0.338412714030537,0.281170600423113,0.32943255560615,0.302274406845779,0.218116171306924,0.351516229537515,0.352911576847099
0.162078464915581,0.140213080439377,0.0404148105253934,0.122334821300408,0.176537805597565,0.0595147804186381,0.172296523702756,0.147494080926909,0.253383497308682,0.201561245097325,0.188016738035207,0.0144350087280776,0.0819592114460849,0.0358309088674529,0.0871100958240809,0.0670366390544021,0.0687505554099329,0.166324865602615,0.224944193627512,0.23292134319004,0.0743310350044758,0.22726328862938,0.139839875184917,0,0.0774093339590194,0.0959160990449875,0.138857082196813,0.153560735347095,0.0315410863218605,0.0735673206413939,0.0986939730645539,0.0335233228691726,0.077189170162856,0.130973914485276,0.143062252575543,0.191412942891278,0.195735530223147,0.211467746900388,0.0812401760339159,0.0254963707659443,0.151826494321595,0.213665563418755,0.0306655968834845,0.0492745816872912,0.0340419685326256,0.0639492519375869,0.0631453325564721,0.0914746417593539,0.202081825457081,0.233532612627595,0.209927054192548,0.204749620695521,0.106019470979631,0.211742710307678,0.0368727863535818,0.0896589265809542,0.0417251946493192,0.103778665878058,0.0948371204074544,0.134115192633627,0.0857511114216095,0.109552551655424,0.212242071343552,0.219988942358863
0.19345156710376,0.156633016730849,0.081319159365815,0.0977098501973139,0.0953256788183334,0.173603953074554,0.0593114898981814,0.217917443612965,0.0943097514329933,0.243791816641992,0.046167569471353,0.109571084837103,0.125915572481541,0.0745992170741726,0.138714253216165,0.163302936406869,0.0451690226564987,0.0681183807404217,0.183341694889074,0.111732994375641,0.214282954068514,0.0944372640558527,0.142501883354867,0.0774093339590194,0,0.265482006570379,0.174652907053912,0.203776457225004,0.0542920034703164,0.0659802513948047,0.170132744200618,0.0324821522627633,0.0526830579690424,0.0624346570583666,0.154384879368034,0.188217456734808,0.165494334295177,0.0699032573944326,0.046712418335509,0.0596384713227863,0.0218741405297435,0.182658418788529,0.0398587992644752,0.109790185440356,0.153538589015093,0.0666957488186986,0.0842655186984458,0.0135147221793175,0.161065378471308,0.147873875081503,0.141541964444382,0.172405480365968,0.108880809045166,0.156300188826725,0.148980917922028,0.112192808968852,0.0125496393197988,0.123228779215233,0.192934651842328,0.166240541416398,0.151298651109392,0.162225436610988,0.157330805470674,0.185202473113702
0.103014855639232,0.102599635941538,0.0464933162224815,0.115528944922235,0.086250854272204,0.131623595101633,0.11281999354124,0.0316576011313295,0.0458036922092913,0.177265278994793,0.0637560684566586,0.20089756100802,0.181644086706332,0.0369527301216761,0.153807126856117,0.155837888461784,0.199551654205311,0.104879070192288,0.0406517680438141,0.0376030760994713,0.26041059265873,0.115751577953205,0.244142261072751,0.0959160990449875,0.265482006570379,0,0.182175977296283,0.121315018830758,0.169162631978558,0.160670253633541,0.162862710500355,0.263844212123782,0.157063034542687,0.0701685452798115,0.0984211107769876,0.0458938871077324,0.0745971731232113,0.0471227448541873,0.0618640591877746,0.161031548274078,0.0369789918299849,0.116257718986386,0.0773823473458914,0.139789773161458,0.071990122764147,0.154921462106746,0.108334529748899,0.226640363085479,0.0339743121363052,0.0214202114458392,0.0273687702557157,0.117244592445651,0.144993635323422,0.183512522474181,0.198759106743373,0.182777981042906,0.187996324213465,0.215608753825404,0.25754933907695,0.14238848802457,0.135616126764599,0.137055059469989,0.0437642107859705,0.167123655777964
0.161599619623996,0.0446250533829174,0.039852097855176,0.143864486247021,0.179557902454009,0.178955392658896,0.164663814918702,0.0446906726161213,0.13644824931244,0.298320577051903,0.0819509521895871,0.246647947236728,0.151513539464717,0.0672369700750888,0.123988144708031,0.0956561445300035,0.177599899250306,0.169045687592973,0.0545071831336965,0.0658194945789638,0.407518333041131,0.153302487427572,0.331707550016165,0.138857082196813,0.174652907053912,0.182175977296283,0,0.0604154187639417,0.161012272893413,0.0644989783692757,0.125286830869674,0.258793196807339,0.156085772736542,0.135140708316593,0.0403828134947015,0.0705182097698532,0.113164211718301,0.113709475489391,0.0587471705857847,0.21894867277825,0.0543434973724973,0.148903690052212,0.121246908826053,0.14853335167587,0.0469943447458633,0.125690350830448,0.0729992943794283,0.122322019120878,0.0658251331555895,0.033998172846814,0.0329712090279694,0.177546917358451,0.191766233765228,0.182852991390737,0.324520281140483,0.0678888589260449,0.196629622914327,0.221893077417728,0.139147409913705,0.150537688943694,0.108968686162536,0.148622225131926,0.062684414661378,0.216712032754401
0.212402355588777,0.140044759448099,0.0462784317866329,0.147197762172522,0.197628155631808,0.124389967723919,0.165444181670419,0.0532913774730552,0.18130037994084,0.31082485124726,0.124187837097931,0.223377673604718,0.139254741873469,0.0452678051215493,0.174555926940278,0.135262430302475,0.19227780836873,0.155687832888951,0.178725373536468,0.0182560022406443,0.344768669297358,0.177553602128591,0.326308878206508,0.153560735347095,0.203776457225004,0.121315018830758,0.0604154187639417,0,0.133991649467867,0.0604373314228656,0.0362232908267696,0.307242147747883,0.189754602949818,0.111580118144831,0.0334822693371492,0.169360854375665,0.186620345185765,0.174331152401958,0.0298103739104126,0.206997532586481,0.0485775505849755,0.212366503952672,0.0606559564381594,0.111856567960081,0.0571316983135549,0.117878609114246,0.0624156364921068,0.101281521877596,0.0500796192604759,0.0367597301863272,0.0360164946122503,0.241505916516586,0.205335164624253,0.227613025715375,0.22944715468659,0.118646707772773,0.217808383826381,0.27158751802964,0.15538127980745,0.205881054822289,0.153970006157241,0.200264791704372,0.141807253029254,0.226689448992808
0.22689643684886,0.190715025144631,0.0490135640266718,0.176732497828889,0.190664497451952,0.187154008455722,0.0316650031578258,0.156491247884686,0.15785977479751,0.280176999044835,0.0837862198666539,0.184638046720557,0.112461893437438,0.0440934061575708,0.103441305844492,0.0604890906687592,0.0677784648950327,0.0210758302170122,0.184150900071427,0.0563280378240505,0.270824856899896,0.0905097171926449,0.249691950496412,0.0315410863218605,0.0542920034703164,0.169162631978558,0.161012272893413,0.133991649467867,0,0.0469616798932438,0.0936350316591158,0.114115297094605,0.08436377301688,0.0265307931577142,0.13721811303572,0.206274301333165,0.166884222694547,0.127679302833635,0.0298602745975868,0.170474462132831,0.0181254199291507,0.16583377703328,0.0740637594773255,0.142699649893835,0.0987591348135355,0.0812669560966235,0.0515809927925586,0.0102774546868032,0.0587594824249439,0.0847389827518697,0.0717645683068871,0.191758812824718,0.107241801550205,0.151727535550109,0.161352522659431,0.0306079681845088,0.113208654438853,0.0505895025060736,0.0574628475658813,0.18969651864108,0.173862493343918,0.186056431346063,0.170740365679178,0.205990654222913
0.133144681298586,0.111144164319097,0.0409972453736276,0.106963656883078,0.0882159841876361,0.181551029785274,0.037250922486819,0.0912525565035478,0.0476069691853555,0.18829030015131,0.0319119528859076,0.225490491498105,0.164526528215228,0.0918448222130311,0.0659255064442054,0.0962933706719416,0.163710282322602,0.0621362929181285,0.0664933695021367,0.0335536680110878,0.288313637630114,0.0833309047843706,0.226602000663272,0.0735673206413939,0.0659802513948047,0.160670253633541,0.0644989783692757,0.0604373314228656,0.0469616798932438,0,0.0596772090066202,0.179540707057127,0.107581949315987,0.0725556726083884,0.0658809824466257,0.0989341449171503,0.104227424791299,0.0539337017843906,0.0518299214077134,0.1585357705441,0,0.0991517179714066,0.108997131425101,0.167791925605373,0.118416093939476,0.0532071256615544,0.0593670653167875,0.0677793504772193,0.0205782233024754,0.0326017092066667,0.0251294248195633,0.108607498324368,0.133604058925004,0.11993713713849,0.250178765937932,0.0392221042273075,0.114438457508379,0.0387786022703193,0.0374529858034725,0.162848216787181,0.151711866003816,0.180716484146085,0.0701442870606688,0.128716413638332
0.211154426480228,0.12970303581007,0.0802704858627196,0.132203419958245,0.171151548044483,0.210560651997326,0.106449614906598,0.0788837232182097,0.121667690194378,0.276301812474598,0.066692691132991,0.263242351509831,0.130618255951083,0.0826844271043199,0.173264199274642,0.128883911949492,0.138984474452495,0.0897477372407799,0.125441737365587,0.037513376453668,0.351062844952093,0.191042850128069,0.323465413859541,0.0986939730645539,0.170132744200618,0.162862710500355,0.125286830869674,0.0362232908267696,0.0936350316591158,0.0596772090066202,0,0.222277314161201,0.111479725513508,0.0816319490423267,0.0276815779484149,0.117919230750401,0.144218039446948,0.11901496363464,0.0461783714600791,0.222742024881705,0.0180579353464351,0.177585846870159,0.0955883946763273,0.151361835932314,0.0846580606420347,0.155965383230654,0.0838751710482671,0.0526366858811906,0.0251206479896186,0.0302591603073548,0.0565692796404816,0.206605168506959,0.218990161697669,0.196896973190674,0.252534013898679,0.0645796756254913,0.190831042958715,0.143938801901028,0.106676326892634,0.261471354098354,0.219195174930201,0.22227510876518,0.110009383811137,0.254263280613706
0.292544487296489,0.268868877696286,0.035869152533421,0.228012785364418,0.243396545032952,0.19627014947468,0.0981849859420433,0.237360114741625,0.234469094951954,0.303390816667588,0.155051677358137,0.174273463790219,0.158613664339168,0.0507061816912946,0.0760255874896582,0.0660440531255888,0.0417660263155488,0.0655312595640655,0.288110288470715,0.209373678010935,0.289377011672871,0.178040959274748,0.261721359823987,0.0335233228691726,0.0324821522627633,0.263844212123782,0.258793196807339,0.307242147747883,0.114115297094605,0.179540707057127,0.222277314161201,0,0.112935662862252,0.0420134963294856,0.266466584322928,0.310616180195158,0.283562971653329,0.226384397754979,0.141019299612999,0.144017392526218,0.109560048994721,0.242305129176736,0.03424152484968,0.175372827221935,0.155515745622466,0.0215587058246975,0.089162699876377,0.029954798019255,0.247788810347823,0.251495445576165,0.212779534504858,0.264152402089541,0.187962850196937,0.181010173545208,0.171675275590805,0.0225760108238503,0.0365876934800582,0.231056400045045,0.219928704597169,0.260958293864521,0.239136889054554,0.251191497499207,0.27737095727349,0.245298723451957
0.154571585113204,0.134436316129235,0.0491315271647895,0.120148373219144,0.119436490249665,0.0628815288835916,0.152598508362594,0.169678892108598,0.131860315423953,0.143165229627562,0.109153744748392,0.0179193345185472,0.057215950924182,0.0156185350408813,0.0549052072538253,0.0373208812240196,0.110539847566935,0.17988008747101,0.199631227207805,0.161690665332356,0.0942790159305975,0.0804791682480659,0.0929584002669288,0.077189170162856,0.0526830579690424,0.157063034542687,0.156085772736542,0.189754602949818,0.08436377301688,0.107581949315987,0.111479725513508,0.112935662862252,0,0.158634621255414,0.152681588022426,0.193650280235516,0.178731394894395,0.130678029944502,0.113959736700474,0.00578849994074964,0.102783745086805,0.176160289156996,0.0108443035755975,0.0544838384971161,0.0773206449965891,0.0391322353850215,0.121349253771124,0.0803504678565299,0.214065010072113,0.223765545552649,0.164397453415176,0.141839147599505,0.0529003277560574,0.123566361658895,0.0452651074019383,0.0630119949570171,0.0640055871594159,0.141668749898124,0.137840036041172,0.118521503766288,0.0939330681188447,0.0665925694867535,0.173639804390262,0.0619117226431823
0.22074333267578,0.206076901998484,0.00810353457482346,0.219750283334849,0.267066707054082,0.0886699293584575,0.0108659352101724,0.0903522712895192,0.291048146076256,0.311297844968724,0.268207187266327,0.158123570559093,0.127508060801026,0.0399649379416528,0.103501709553561,0.0812556681771638,0.0517246214242358,0.0173954314349228,0.295596661348342,0.272337918817839,0.198348480652895,0.25955124897681,0.289756936747214,0.130973914485276,0.0624346570583666,0.0701685452798115,0.135140708316593,0.111580118144831,0.0265307931577142,0.0725556726083884,0.0816319490423267,0.0420134963294856,0.158634621255414,0,0.151437953157455,0.261184246686649,0.266806010545056,0.279511363712109,0.0878168072854842,0.194448644736358,0.233549310170495,0.303670511430186,0.0534764296620057,0.159538951759326,0.0706249705069406,0.0219198286811931,0.0407780560866718,0.0510404669430222,0.115517913283585,0.312697303884414,0.265246765423735,0.276100659421209,0.178908916313303,0.281105013618762,0.0914020533622774,0.0489381621990874,0.0661656147852637,0.0210098697562482,0.0644881154119819,0.194887760328653,0.169213120160837,0.254398502636751,0.280742086863069,0.270459182103653
