0,0.0206277739372083,0.0285492717510388,0.0415473960170797,0.0185030997761426,0.033145588611814,0.0194160679563887,0.0115378975671918,0.0138602869418185,0.0172524275328156,0.010054458948556,0.0214874598810573,0.0246821697001305,0.0195766289979258,0.015315142083185,0.0124979997925267,0.00673663052047578,0.0111548733936298,0.0173788285667619,0.00328520449205435,0.00927381331165259,0.00815743150192482,0.0190855240819081,0.0101097934530162,0.0168632904404981,0.0259561701231725,0.0212770729263159,0.0223782778835102,0.0102141809126588,0.0261590861591081,0.0114807057348194,0.0310198243240626,0.0405528753311537,0.00652364342072163,0.0109566960666475,0.0137711959485786,0.0188310759944087,0.0109079307539744,0.0072918586245767,0.0117526431898373,0.0156195366846987,0.00960756273667532,0.0259402068994246,0.0172880794583848,0.022840477481398,0.0161301694158225,0.0140549791023396,0.00572548973780792,0.0225643846830217,0.0144999650780987,0.0205422538446933,0.0210265513739849,0.0324393902280915,0.0110200080358796,0.0151994422681951,0.0129835517261436,0.017903473948473,0.0165265198566069,0.0109098551934637,0.00897603905389132,0.0139729558489692,0.0162261695899659,0.0101297931362667,0.0256314617497085
0.0206277739372083,0,0.0208500019806234,0.0277665670828242,0.0373245304828062,0.0580800865377614,0.0707177595560274,0.0273958739090361,0.0414195174094902,0.0229984902225301,0.0426740701838916,0.0120025201768283,0.0103272283236056,0.023182828806685,0.0217465449744506,0.0134796659805006,0.0205578125287687,0.0267364409141373,0.0375230856168094,0.025260609186567,0.0230811625865459,0.0575641151417973,0.063745935944108,0.0492064040322703,0.016647841775974,0.0186017102870241,0.019180095522427,0.0106851472367356,0.0354567450128841,0.00748237346550638,0.00714649565179709,0.022204552774895,0.0438013537354336,0.019909417158266,0.0411817295912921,0.00467239653396054,0.0125206344360702,0.029564758083751,0.0388563507332872,0.0196649524542343,0.022170346565489,0.0218913728529856,0.0407447816330656,0.0318014642478112,0.0273698685239677,0.0129191665748769,0.0208556701398318,0.0113940616073997,0.0245725824240647,0.0268541367234851,0.0296771543844803,0.0433671239039417,0.0555596774596376,0.0488533580129731,0.00916413559239052,0.0194161667752564,0.0253915149284197,0.0180209250117211,0.0171973195176746,0.00963026716572451,0.0332327078776902,0.0296294660153744,0.0602340078438993,0.0208924879422289
0.0285492717510388,0.0208500019806234,0,0.0168455690008879,0.0373792663501902,0.050688859327671,0.0776888719958995,0.042866491476089,0.0542458714376049,0.0148068717406447,0.0372405364223583,0.0142780770648799,0.0136571086695651,0.025376072728744,0.0279931866228439,0.0289772351025539,0.011607221202997,0.0291230422364735,0.0278143641743756,0.0325856515482904,0.0544287358226988,0.0552866428133775,0.0395132059928401,0.0469974838996189,0.02957710051571,0.0233384183662345,0.0121884607416257,0.0163308277886415,0.035243176066774,0.0194736178870611,0.00673573925488154,0.0167196727411693,0.0441224698889366,0.0209698518081305,0.038107439326485,0.0114530444615249,0.0159459300622707,0.0276091229298287,0.0449959467286139,0.0445055545403088,0.0292826690411761,0.0405866520743495,0.0258699807300187,0.00610083201735704,0.0333472821525795,0.0298366614193681,0.0166733348118975,0.0174664547486416,0.0408195455235742,0.014553504098759,0.0330508276102531,0.0293227772665318,0.0475541422213592,0.0332677310181444,0.0242884981868662,0.0201194793759092,0.0317264870579875,0.0302644257731106,0.0107513416361099,0.00941252548917232,0.0326027625021647,0.0492682707804321,0.0357752208605471,0.0214120714006303
0.0415473960170797,0.0277665670828242,0.0168455690008879,0,0.0309773214023804,0.0176597989834477,0.0167747597651822,0.0207155876492653,0.00738396432033238,0.0321012945645593,0.00619835957281053,0.0130621497235803,0.0328013160546496,0.00714970953506002,0.0110443938221103,0.0297342842819208,0.00952422584697425,0.0238029793090969,0.0281716760258593,0.0169019342149487,0.0223115892682844,0.010508620599487,0.0322693854555706,0.0294747571530035,0.011120216339089,0.0107023981072874,0.00675443901927173,0.016624071412773,0.0119714863405048,0.0207479556499011,0.00896106168198453,0.0184092202717988,0.0476279538695102,0.00738323274715379,0.0180837931691036,0.0327845209320088,0.0183210448380202,0.042581592908123,0.0333252044854807,0.0116922717110763,0.00980060594382015,0.0115161088593326,0.00963455132934932,0.0183035927098046,0.0164766836406995,0.0214133667978501,0.00883741129156926,0.0153932771165164,0.0133155329812461,0.0195121820343384,0.0339635377829785,0.0188630890337338,0.0211745637298425,0.015028682300302,0.00494294602185672,0.0112098747640239,0.0112063391170713,0.0109934944571731,0.00935306104596145,0.0161698500532673,0.0354246520780775,0.0279859452374253,0.0165431476162635,0.029900643716107
0.0185030997761426,0.0373245304828062,0.0373792663501902,0.0309773214023804,0,0.0132251534008991,0.0301309461171754,0.0403082622827741,0.0154765591648561,0.043144844882646,0.0153057832825813,0.00756228844034714,0.0244245824510352,0.00827483324060291,0.0293253333008957,0.0212059896592703,0.0200736998679065,0.0306293118384438,0.0288456579573786,0.0350463095335959,0.0152574458104939,0.013073573403827,0.0237034357776435,0.0385177229796175,0.0130868516919735,0.00929102083900759,0.0103321626472225,0.00843007934467418,0.0463236373530543,0.0239302957106697,0.00825500112454645,0.0161807548788352,0.0414364728425842,0.0338399257194825,0.0173770203335761,0.0179400429463369,0.031900511955593,0.0379446829880814,0.0442384544822729,0.0204102719301325,0.0138461379149053,0.0385473527136365,0.0107542217001838,0.00861390749245119,0.0135237111905964,0.0184355774723639,0.00450604442053662,0.00995929854838378,0.0342479715328867,0.0549051516970471,0.0425682696215305,0.0144026847651184,0.0246990190101463,0.0280881322378745,0.007841764833961,0.0146438311260415,0.032490728191948,0.0146756926096909,0.00583023257502758,0.0129581761537769,0.0278070935164665,0.0146223329711207,0.0465996690666798,0.0247796951886984
0.033145588611814,0.0580800865377614,0.050688859327671,0.0176597989834477,0.0132251534008991,0,0.0380041955067138,0.0273328427954215,0.0170389717060223,0.0213806698648143,0.0304574752707905,0.00565809285971447,0.0149711367006077,0.0203397789552871,0.00815354602867789,0.0275407959656552,0.0154950157946139,0.00756572358198905,0.00906975396116031,0.0106015613790287,0.0448954855340979,0.0125177480709012,0.034044976180041,0.0403225090367499,0.00879390942559543,0.00719888561934953,0.0118408264001188,0.00409897161315044,0.0487004055856483,0.0223212036153951,0.00421553294406641,0.0125182516022573,0.0182273433835782,0.0104745530730942,0.0179395627368885,0.0193095816767064,0.0309466647139506,0.0198449771091803,0.0338062922481888,0.0340151725978267,0.0224730144876625,0.0205902264153788,0.0187977628561659,0.02050857638631,0.0221763476186051,0.0235238901102452,0.00700099431435327,0.0150416165515296,0.0416257910796774,0.00729276605549573,0.0144273468100192,0.0177263362245807,0.0322938640051261,0.0183953912471703,0.00669077919576396,0.0032529558531852,0.0304184243141763,0.00852068413180134,0.00686160333660923,0.00404595412878499,0.021766782534147,0.0229819814193029,0.0172827776828298,0.00970383136320609
0.0194160679563887,0.0707177595560274,0.0776888719958995,0.0167747597651822,0.0301309461171754,0.0380041955067138,0,0.0502901030788943,0.0424200927596078,0.0299377461210918,0.043687274777976,0.0248396781402873,0.0637093779033243,0.0440509072420093,0.0453850520160517,0.0873882716876383,0.0230595700783805,0.07711527475202,0.0156656670597574,0.0328805676386756,0.123194540044851,0.0412293091461936,0.0396909212710293,0.0560706040715851,0.0644221674155737,0.0350883303578227,0.0224924951149458,0.0299891103269505,0.053818940149927,0.0369865860250012,0.0249698738295016,0.0166661301915462,0.0570223924754799,0.040755541464872,0.0359387906484195,0.02364544206367,0.0307982882955161,0.0281567641726649,0.044983689100653,0.0498555626556853,0.040879434240685,0.0323434545537553,0.0403336819408046,0.0408451639664127,0.0273832306498184,0.0244541882850486,0.0211302589243107,0.0725646454835074,0.0380085198794375,0.0195240398884285,0.0251349022867758,0.0181464827584514,0.0316591320594749,0.0620888983762425,0.0343629765457991,0.0311599687192043,0.0449565576229528,0.0541979633912637,0.0458081020974572,0.0184532622445766,0.0214271633955593,0.0306646874645003,0.0285651003538703,0.0668847840487193
0.0115378975671918,0.0273958739090361,0.042866491476089,0.0207155876492653,0.0403082622827741,0.0273328427954215,0.0502901030788943,0,0.0223807803936042,0.0203476746024064,0.0192104911159909,0.0156019811561028,0.0579648701285598,0.0202525565563749,0.0236961698658123,0.0411845326768291,0.019982146736464,0.0496363049943031,0.0114477996414828,0.0104593022604444,0.0618789199026842,0,0.0063464437877823,0.0334797404992864,0.0221085853459407,0.0128709531880173,0.0292476626993252,0.0133580777924382,0.0357505504780492,0.021398676674909,0.0152287085227223,0.00117567060773894,0.0550767028637487,0.0306440221205295,0.0488119227224371,0.0219994188862706,0.0159759576667323,0.0308560422137054,0.0480010237150396,0.0670781990904913,0.0374564279635248,0.0274687618195733,0.0332756655322951,0.0494774038322131,0.0139518799340923,0.0189625065730829,0.0203814060194489,0.0690712503547005,0.0304555211649939,0.0254104228566245,0.00431904860742226,0.0379169695042715,0.04157301752876,0.0291955071859235,0.010119005235418,0.0155377190298761,0.0197749914808895,0.0259607543933342,0.0308425508645783,0.017126913000376,0.00878024712566891,0.00920411316494845,0.030198634080135,0.0434198959965969
0.0138602869418185,0.0414195174094902,0.0542458714376049,0.00738396432033238,0.0154765591648561,0.0170389717060223,0.0424200927596078,0.0223807803936042,0,0.0308713043616443,0.0105765298867179,0.00800549518105732,0.048593176999393,0.0280092853794437,0.036832571198259,0.0515934801901498,0.0110312443468619,0.0401159126516728,0.0167149510334021,0.0173177174008346,0.0356953056336234,0.0172047857832561,0.0320298141287891,0.0193767669691706,0.0337794258795417,0.016804555466303,0.0141302916077866,0.0145120036483293,0.0537352887795869,0.0343711053095758,0.0255473124631638,0.0230807087014325,0.01749720648945,0.0307004758032742,0.0243499585500672,0.008715224776225,0.0103926272131902,0.032219478009503,0.0148205256065362,0.00852752305724657,0.0237092880559656,0.021310352545477,0.0245063467971777,0.037453022460937,0.0333346728019939,0.0403042506843567,0.0200720915193729,0.0273926768169809,0.0124194452571521,0.0199925236726632,0.0197927276942203,0.0122500529387538,0.027980641933457,0.0367302149758773,0.00882449907320169,0.024266072133319,0.0420463808422077,0.0247451812214442,0.0261148040195566,0.0278397724267047,0.0206966450766184,0.01476893675915,0.0363218955107754,0.0321366104171298
0.0172524275328156,0.0229984902225301,0.0148068717406447,0.0321012945645593,0.043144844882646,0.0213806698648143,0.0299377461210918,0.0203476746024064,0.0308713043616443,0,0.0202638582518486,0.0250648711813358,0.0670890577352501,0.0343798749472765,0.0300192767396764,0.0218095034588234,0.00924410514461168,0.027357296113771,0.0147363883938885,0.0224649691782524,0.0131313922217901,0.0210575193840382,0.0205423801425896,0.00707751799850109,0.0397219667141142,0.0211463108587556,0.0114821295280018,0.0114528200532506,0.0706365849260442,0.0262990746970886,0.0178768624521392,0.0140151625542601,0.0532652223966642,0.0168955828578897,0.0241166006424913,0.008544497809996,0.00653082225330778,0.0232725703976982,0.00677970155577648,0.0171680160905646,0.0315272028800984,0.0258719110629722,0.0246299662468262,0.0471193751015003,0.0364745815436463,0.0165041552877604,0.0338837363938504,0.0327360895250203,0.0171630822953592,0.0179232362737549,0.0171030195477229,0.00945234488166789,0.0252519713176338,0.0242194303129553,0.0191049654594307,0.0318674662342201,0.0300444913983633,0.0304723399539899,0.0200956240127126,0.0172116652528327,0.0244004460069554,0.00926517793064697,0.0186802762545252,0.0188146636195066
0.010054458948556,0.0426740701838916,0.0372405364223583,0.00619835957281053,0.0153057832825813,0.0304574752707905,0.043687274777976,0.0192104911159909,0.0105765298867179,0.0202638582518486,0,0.00840731459977572,0.0149413676092744,0.0134537010682262,0.0106197368350039,0.0226214428817043,0.0331979805821526,0.0255000605922913,0.0439209325122019,0.0258439603448305,0.0258220488420524,0.0179114442123539,0.0111076641788159,0.0207942767216569,0.00980878396582357,0.0453176299934313,0.0283062906028825,0.0126347273337036,0.0628298083107379,0.0233873746233038,0.0324673170107669,0.0155230649036746,0.00924809889888336,0.0174660669314078,0.0254657086647852,0.0234451672053114,0.0243209218037735,0.0245865928468986,0.00993356195101264,0.00904484539411322,0.0618911908514249,0.014172748719744,0.00966680539090379,0.0103344955197721,0.019401764135974,0.0193803064127216,0.016522112810816,0.0265593729277436,0.0204568237688325,0.045300781432991,0.0302379852249344,0.0203078397229928,0.0114361968829611,0.0249112241251606,0.0154759131219698,0.00944472643736918,0.0476879179331557,0.0065205790299735,0.0434484502505231,0.0250764668024079,0.0391189277014583,0.00921825221042441,0.0265296897755658,0.0181335614736766
0.0214874598810573,0.0120025201768283,0.0142780770648799,0.0130621497235803,0.00756228844034714,0.00565809285971447,0.0248396781402873,0.0156019811561028,0.00800549518105732,0.0250648711813358,0.00840731459977572,0,0.0356442663274052,0.017268672720019,0.0248206602114549,0.0196954159275379,0.0319606293562348,0.0309659537321965,0.0138184400946265,0.0129869163519219,0.04597464480301,0.0253291468734983,0.0116622806067042,0.0295922000194635,0.0442466122117565,0.0189792061487592,0.0412231591819661,0.0112699790094625,0.0175717917785923,0.00997982834197761,0.0231577380761699,0.0199582057888233,0.0175156607120673,0.0148139327273414,0.0198540809702364,0.0346221544676925,0.0162433015063424,0.0249093986311324,0.031456012887364,0.0395800409554196,0.0246480135407467,0.0260770796753271,0.0137191989481431,0.0169199363365198,0.0276606107972724,0.0198138942719806,0.0137861911902295,0.028686581429105,0.0153265098630856,0.0396833945873862,0.00872098527309606,0.00854694808464312,0.0131943875022302,0.0247639760702691,0.020715751097529,0.0296281487519305,0.0137602485522404,0.03385325576373,0.042006999867977,0.0175581110962792,0.0105690522724756,0.0193462150808626,0.0085950990099814,0.0546193174831424
0.0246821697001305,0.0103272283236056,0.0136571086695651,0.0328013160546496,0.0244245824510352,0.0149711367006077,0.0637093779033243,0.0579648701285598,0.048593176999393,0.0670890577352501,0.0149413676092744,0.0356442663274052,0,0.0239794719485508,0.0199744659552507,0.0175321400095898,0.0464110707499612,0.0327056311328002,0.0498495482392931,0.102495103425299,0.0213921495736638,0.0436432166432163,0.0278240921816336,0.0238292986836254,0.0284967207079257,0.0412248768541603,0.0455046737756284,0.0199320323197267,0.0236241110520998,0.0166922357016643,0.0262068050055554,0.0302163243456499,0.0190875408202351,0.0269232714522494,0.0320212001464769,0.0118047633977117,0.0192207797049901,0.024053058170223,0.0407288014866942,0.0298538192806069,0.0416287843840968,0.0137031888877067,0.0252455505345451,0.042280563371718,0.04128409471568,0.0197626790137992,0.0194548836872984,0.0203167842828028,0.011118978186349,0.0910600980053698,0.0848435844020824,0.039990076703003,0.0209391887245142,0.0222386032045239,0.0276119113895521,0.0142642222022305,0.0179983154722269,0.0423666249390033,0.0332348772810812,0.0202533259543018,0.039156316537609,0.0165090367276816,0.0158119946803458,0.0222656317401709
0.0195766289979258,0.023182828806685,0.025376072728744,0.00714970953506002,0.00827483324060291,0.0203397789552871,0.0440509072420093,0.0202525565563749,0.0280092853794437,0.0343798749472765,0.0134537010682262,0.017268672720019,0.0239794719485508,0,0.0216819108848791,0.0581695905892523,0.0235414308657543,0.0336907814960123,0.0171247884873793,0.0300449346804079,0.0192389460249346,0.0204716025254373,0.0225411542176898,0.00982277382227953,0.016826023277305,0.034636920618911,0.0127446167493659,0.004804555750126,0.0175239331744998,0.0253991216298096,0.00825134659874132,0.0268149272160438,0.00975933433779259,0.0348017505609566,0.0182883015625932,0.00558398328450545,0.00791212765148372,0.0325160183108231,0.0298417943448032,0.0193440579280571,0.0289028036871763,0.0099465907668322,0.0236847661080212,0.025099706412484,0.0110492687283066,0.0257992432886538,0.0180279415747812,0.00581715908395189,0.0111825764964019,0.0356420104525859,0.0414649804525928,0.0112954801841451,0.0177465118100709,0.00971846698699828,0.0123464535299959,0.00745777994905277,0.0125639788440654,0.0171809082314729,0.0174956261649217,0.00829619038887095,0.0146546755922773,0.0507121196152562,0.0246586834046913,0.0267001834239396
0.015315142083185,0.0217465449744506,0.0279931866228439,0.0110443938221103,0.0293253333008957,0.00815354602867789,0.0453850520160517,0.0236961698658123,0.036832571198259,0.0300192767396764,0.0106197368350039,0.0248206602114549,0.0199744659552507,0.0216819108848791,0,0.0154167617127348,0.0367242306221527,0.0241368840112247,0.0330514958217467,0.0338227087158539,0.0137298424178321,0.0395126082669428,0.0242682915495688,0.021843247365246,0.0145911890594753,0.0397508761457696,0.0172443630628536,0.0134102729641491,0.0534271709506547,0.0158530755078092,0.0227003147565236,0.023746483591491,0.0235773088180163,0.0204373805148912,0.0189081551206203,0.0115832837554975,0.0156313905326463,0.0427704402606825,0.0238776766633002,0.0230507158315842,0.0556415177639747,0.0118403990762781,0.0282390425968837,0.0323719549143591,0.0281749546107986,0.0225937280933753,0.0167904531555104,0.0155517283413422,0.024460334334118,0.0382605761304757,0.0431067360496808,0.0189430934994398,0.0156708903481514,0.0224899300953673,0.0182927074534792,0.00839323038408951,0.0563893505397343,0.00949022301947255,0.0298955055346933,0.0266067782244478,0.0401347886293742,0.0420099205102778,0.0168655102648029,0.023191883283179
0.0124979997925267,0.0134796659805006,0.0289772351025539,0.0297342842819208,0.0212059896592703,0.0275407959656552,0.0873882716876383,0.0411845326768291,0.0515934801901498,0.0218095034588234,0.0226214428817043,0.0196954159275379,0.0175321400095898,0.0581695905892523,0.0154167617127348,0,0.0360414380857069,0.0252343893413682,0.05519092287898,0.0502860820670583,0.0154369530584601,0.0581719790315376,0.0287426233158467,0.0296843677282764,0.02108450158746,0.0209032550943075,0.0139812483514795,0.0159791254905003,0.0598748113389232,0.0191655239399215,0.0201099490954062,0.0123113541483685,0.0257539611555829,0.0252573702383705,0.0242334091748015,0.0124668824854906,0.011346285375338,0.0186470041284802,0.0290580104419077,0.0144578241641395,0.0342173203437812,0.0114883090355778,0.0314756894093652,0.0540593954412529,0.0468737474834597,0.0447160608702686,0.0899485108032149,0.0504508138657563,0.0190055803487049,0.070450265056883,0.0749784869635087,0.0243705246537911,0.0192791224515087,0.0267991645691426,0.0180630376946039,0.00743026251422187,0.0528043138932863,0.027425879961374,0.00987245858495924,0.0221729395926709,0.0632364808101573,0.0633157919773886,0.0207856163750754,0.0193892219199086
0.00673663052047578,0.0205578125287687,0.011607221202997,0.00952422584697425,0.0200736998679065,0.0154950157946139,0.0230595700783805,0.019982146736464,0.0110312443468619,0.00924410514461168,0.0331979805821526,0.0319606293562348,0.0464110707499612,0.0235414308657543,0.0367242306221527,0.0360414380857069,0,0.0192380885994225,0.0407393422119516,0.00611619860366588,0.0618069981523234,0.0514222214796054,0.0248282428957261,0.031284774917144,0.0581827872481534,0.0131484542544177,0.0151110126335267,0.0299658851763737,0.00804642228221131,0.0262902698313832,0.00944216572558387,0.00506238781947239,0.0277159790030844,0.0114961149748571,0.0137640619709828,0.0239560088918871,0.0146972390926008,0.0148511049404151,0.0196349471747928,0.0849563495801049,0.0197954969312156,0.0119772145783255,0.021117108148178,0.0317548203153208,0.0111167571657406,0.0150896284873898,0.0103112595272488,0.0314268482906743,0.0135956513078994,0.00784657984908971,0.0248342271113793,0.00766536651799774,0.0295205825973369,0.0609973751384668,0.0227149153731027,0.0544278274447587,0.0164184892675277,0.0420542696084538,0.0140182837680852,0.0146360527840957,0.011726852556761,0.0120948669534591,0.0233545146463327,0.0266244757711826
0.0111548733936298,0.0267364409141373,0.0291230422364735,0.0238029793090969,0.0306293118384438,0.00756572358198905,0.07711527475202,0.0496363049943031,0.0401159126516728,0.027357296113771,0.0255000605922913,0.0309659537321965,0.0327056311328002,0.0336907814960123,0.0241368840112247,0.0252343893413682,0.0192380885994225,0,0.0659230051093031,0.0462464591802706,0.0187582655815282,0.0590501135410907,0.0277426455285436,0.0710703193640317,0.017576457808869,0.0206659581671012,0.0490014666328439,0.0214891477090837,0.0554388696132328,0.0308792990585949,0.0318922221672284,0.00430127661564269,0.0398226955834838,0.0121428617431631,0.0330337025969013,0.0203590281775827,0.010678343349989,0.0156206194423765,0.0172005427181927,0.0361946126979497,0.0401548389742861,0.0245644104086867,0.0312740431625122,0.0353254823695728,0.0628564415229465,0.0334972699870784,0.0581178554826644,0.0295604873905995,0.0409697333422634,0.040808528440621,0.0524004404116775,0.0295618061650453,0.0249266711662339,0.0428159191984551,0.0177196188497308,0.0204823611314798,0.0370032003214594,0.0447268487988181,0.024499261942571,0.0189576334783982,0.0721710064880103,0.030665534131005,0.0175213467888075,0.0307165454686947
0.0173788285667619,0.0375230856168094,0.0278143641743756,0.0281716760258593,0.0288456579573786,0.00906975396116031,0.0156656670597574,0.0114477996414828,0.0167149510334021,0.0147363883938885,0.0439209325122019,0.0138184400946265,0.0498495482392931,0.0171247884873793,0.0330514958217467,0.05519092287898,0.0407393422119516,0.0659230051093031,0,0.0296755300751771,0.0618103541546857,0.017732979951615,0.0290818485723483,0.0135592154739203,0.0390115600534109,0.0228225131613053,0.0364754637446056,0.0201002933634584,0.0529254681661735,0.0264623618344058,0.0274191301689801,0.0174416481721987,0.0563912810884828,0.0395753853676801,0.0426656420789796,0.0275689178559867,0.0177305196559255,0.0327349760641637,0.0206557358601113,0.00802333250976328,0.0395294417801866,0.0351717575669922,0.0222441371389414,0.0277481581620461,0.0209975858511242,0.0185013329549558,0.0205623991051411,0.0911725513785898,0.0133089129726544,0.0294406553148029,0.0175007260697748,0.0436896496474285,0.023513255991471,0.0314496281941101,0.0253189807235285,0.0233612238670152,0.0181631099717361,0.0278504536229518,0.0458942292388372,0.0203221403001917,0.0370451472991446,0.0161663568053418,0.0237554841109512,0.0506609675025049
0.00328520449205435,0.025260609186567,0.0325856515482904,0.0169019342149487,0.0350463095335959,0.0106015613790287,0.0328805676386756,0.0104593022604444,0.0173177174008346,0.0224649691782524,0.0258439603448305,0.0129869163519219,0.102495103425299,0.0300449346804079,0.0338227087158539,0.0502860820670583,0.00611619860366588,0.0462464591802706,0.0296755300751771,0,0.0488239107922001,0.0401027060296289,0.0185199426310691,0.00985071451395323,0.059815014704576,0.0169524130213681,0.0283569065071732,0.0137268084120189,0.0446062830446612,0.0190603979328724,0.0181739515358661,0.00825169337904879,0.045521214690746,0.0244053060436016,0.0209323288512193,0.0353714081725276,0.0044183654726037,0.0416470826371421,0.0127797695396177,0.0169832343076531,0.0216685274278554,0.024510523666339,0.0321068323115681,0.0607685427830155,0.0295502075438164,0.0333214017080309,0.0212855481614225,0.0750869565222052,0.0207835241427113,0.00732894585449034,0.0232462926238492,0.0238420796032103,0.0227153918741689,0.0746369190852108,0.0179358223864293,0.060934581718057,0.0339495792549375,0.0298543760170831,0.0255778188475413,0.0117051412533739,0.00596615436517555,0.0171394800618165,0.0177274153158106,0.0489277489982726
0.00927381331165259,0.0230811625865459,0.0544287358226988,0.0223115892682844,0.0152574458104939,0.0448954855340979,0.123194540044851,0.0618789199026842,0.0356953056336234,0.0131313922217901,0.0258220488420524,0.04597464480301,0.0213921495736638,0.0192389460249346,0.0137298424178321,0.0154369530584601,0.0618069981523234,0.0187582655815282,0.0618103541546857,0.0488239107922001,0,0.0965653070674812,0.0155338724597461,0.0831509681868013,0.0187357350398469,0.0326226367757196,0.0159341430994127,0.0165967665977542,0.173982209652418,0.0190747955903575,0.00806328635973745,0.0130834060646597,0.0320040022383463,0.0129084215605708,0.01534320839724,0.00682141639199176,0.0190534853904415,0.00523053945815214,0.0622278270771311,0.066899000283109,0.036606267598131,0.0231245115047989,0.0160377246453552,0.0302724335720178,0.0214252226208806,0.0381547262799317,0.0436765255360539,0.0259844177235255,0.0190666736624259,0.0403462348833819,0.0620421456852433,0.0213732593586093,0.0265172098194915,0.0240869839878844,0.0282001380347454,0.0326115916044811,0.0794946457436044,0.0211687256196408,0.012518751751791,0.0168757960763878,0.08146406207842,0.0325551846037151,0.0224889546497156,0.0122386051105597
0.00815743150192482,0.0575641151417973,0.0552866428133775,0.010508620599487,0.013073573403827,0.0125177480709012,0.0412293091461936,0,0.0172047857832561,0.0210575193840382,0.0179114442123539,0.0253291468734983,0.0436432166432163,0.0204716025254373,0.0395126082669428,0.0581719790315376,0.0514222214796054,0.0590501135410907,0.017732979951615,0.0401027060296289,0.0965653070674812,0,0.0265742557501645,0.0172586678929213,0.0826783925431711,0.0238143292606029,0.0154717731777115,0.0194900180563696,0.103075266567992,0.0367739932011024,0.0100732525443137,0.00740976709411232,0.0243902891080165,0.0268028981325353,0.0261776640023371,0.020692386939756,0.00585051993278293,0.01609481092283,0.00424579032117991,0.00932636073560733,0.0296783346360743,0.0223275821733186,0.0119054747682588,0.0429584190148612,0.0169101755482757,0.0463889000387208,0.0167959164233761,0.0605068498658357,0.021642288945076,0.0299813126067239,0.0127791030089107,0.0131628940982944,0.0160967914059807,0.0617278094417515,0.0365534279126098,0.0365257652519468,0.0628546759332187,0.0496837230371526,0.0269751571858464,0.010025278413123,0.0392343774571756,0.0117587093007856,0.0146866541106064,0.0569412726857485
0.0190855240819081,0.063745935944108,0.0395132059928401,0.0322693854555706,0.0237034357776435,0.034044976180041,0.0396909212710293,0.0063464437877823,0.0320298141287891,0.0205423801425896,0.0111076641788159,0.0116622806067042,0.0278240921816336,0.0225411542176898,0.0242682915495688,0.0287426233158467,0.0248282428957261,0.0277426455285436,0.0290818485723483,0.0185199426310691,0.0155338724597461,0.0265742557501645,0,0.0397841054550818,0.0140095358273623,0.0271670793865569,0.013459464106295,0.0252482313479592,0.0778305647970039,0.033275777864763,0.0291180477817633,0.0251563992061921,0.0382269260391515,0.023508585060801,0.0239002229250727,0.0147147912300823,0.0205217107938656,0.0275252132716057,0.0105234653027564,0.01363624914887,0.0281794034821695,0.0251796340337197,0.0191974330221944,0.0247033348630665,0.0139238734311928,0.0160226019800556,0.0212013948601985,0.0184637432151454,0.027664913547222,0.0189904925435047,0.0200777425671519,0.0208278660863581,0.0185189283601674,0.021687308046916,0.0178356434416299,0.0245122134504329,0.0403156797017422,0.021361214612786,0.0266920273745752,0.0269707372878613,0.0389595550418131,0.00924304606379651,0.0307286688684254,0.0208594021689239
0.0101097934530162,0.0492064040322703,0.0469974838996189,0.0294747571530035,0.0385177229796175,0.0403225090367499,0.0560706040715851,0.0334797404992864,0.0193767669691706,0.00707751799850109,0.0207942767216569,0.0295922000194635,0.0238292986836254,0.00982277382227953,0.021843247365246,0.0296843677282764,0.031284774917144,0.0710703193640317,0.0135592154739203,0.00985071451395323,0.0831509681868013,0.0172586678929213,0.0397841054550818,0,0.0357731697584735,0.013400279669576,0.0281831196556786,0.023701544863273,0.0559094964949927,0.0285484965393309,0.0182126417148707,0.0147321655548656,0.0397375548750201,0.0723105135152958,0.0323273870741067,0.0317723057437489,0.0212579890776985,0.0135565220535961,0.0422280181766692,0.0247666110494587,0.0106302646013959,0.0164322499799063,0.00787038552135471,0.0221487683226245,0.00492806979997299,0.0264099837197013,0.0307398351055693,0.0164782187394282,0.0141274199891798,0.0160475541987185,0.00969891901417129,0.0190031480324245,0.0398563518673197,0.0118834907194841,0.0349610046273641,0.0256806389765245,0.0170453000001183,0.0382809598269955,0.0230033951310309,0.0229982872807522,0.00770693061881028,0.0114222586952612,0.0416405467508217,0.0676824615672974
0.0168632904404981,0.016647841775974,0.02957710051571,0.011120216339089,0.0130868516919735,0.00879390942559543,0.0644221674155737,0.0221085853459407,0.0337794258795417,0.0397219667141142,0.00980878396582357,0.0442466122117565,0.0284967207079257,0.016826023277305,0.0145911890594753,0.02108450158746,0.0581827872481534,0.017576457808869,0.0390115600534109,0.059815014704576,0.0187357350398469,0.0826783925431711,0.0140095358273623,0.0357731697584735,0,0.0702102110995698,0.0266918680415366,0.0189205638626439,0.0744916185623417,0.0251333643556939,0.0272783502305988,0.0247538477005056,0.0132150198910014,0.0123289454901017,0.0197890126826793,0.00778906923705218,0.00959737863573209,0.0176187550657291,0.0105819466674219,0.0238661437164137,0.0575627663466804,0.013013882070369,0.0114438266265818,0.0303544498257928,0.0293121742179598,0.0187119085020161,0.0121437784149372,0.0154625882868728,0.021859802141487,0.0521571860950079,0.0605888959084495,0.015854760808651,0.00933954955897657,0.016948875542628,0.0506059470877655,0.0780337711858111,0.0798382207462906,0.00714649685058322,0.0482278797378266,0.0254163216123968,0.0765145404816125,0.0148154926644351,0.0164373718656512,0.0101631876966531
0.0259561701231725,0.0186017102870241,0.0233384183662345,0.0107023981072874,0.00929102083900759,0.00719888561934953,0.0350883303578227,0.0128709531880173,0.016804555466303,0.0211463108587556,0.0453176299934313,0.0189792061487592,0.0412248768541603,0.034636920618911,0.0397508761457696,0.0209032550943075,0.0131484542544177,0.0206659581671012,0.0228225131613053,0.0169524130213681,0.0326226367757196,0.0238143292606029,0.0271670793865569,0.013400279669576,0.0702102110995698,0,0.0257811511772045,0.0235744445872785,0.0177330172401864,0.0127415099920001,0.00963015047713292,0.0147997744583879,0.0122217479163716,0.0187447608922079,0.024968772860781,0.0117822545164365,0.002683886678461,0.0258964674520376,0.0224977396940483,0.0392165764985304,0.0191860272127354,0.0185708983699247,0.0219749450074214,0.0307764765390866,0.0108034636527938,0.0274909749616169,0.0183630569778382,0.0331803890541653,0.0095237468664257,0.0300640686260445,0.00900456559348775,0.015444556595801,0.0126336931283889,0.0340723998382434,0.0155178544660027,0.0423608672110549,0.0266038445689418,0.045512623690242,0.0223326987688557,0.00887485530646438,0.00616710695612019,0.0350710798084686,0.0187128924238981,0.0168746084711638
0.0212770729263159,0.019180095522427,0.0121884607416257,0.00675443901927173,0.0103321626472225,0.0118408264001188,0.0224924951149458,0.0292476626993252,0.0141302916077866,0.0114821295280018,0.0283062906028825,0.0412231591819661,0.0455046737756284,0.0127446167493659,0.0172443630628536,0.0139812483514795,0.0151110126335267,0.0490014666328439,0.0364754637446056,0.0283569065071732,0.0159341430994127,0.0154717731777115,0.013459464106295,0.0281831196556786,0.0266918680415366,0.0257811511772045,0,0.0236076580231075,0.0149947848553937,0.0177172476560933,0.0296024937010626,0.03405511850894,0.0124652717732588,0.041348986824261,0.0314984452492237,0.0100328780939124,0.00546765156796883,0.0140789326929231,0.0347838757397442,0.0416324389909007,0.0295654667830388,0.0156947661490719,0.0182709622732853,0.0244861342649802,0.011738627173066,0.00784638814816793,0.0129788831041798,0.0271347262753007,0.0175501664983956,0.0271299724479864,0.0252053001568419,0.0251760300354225,0.0185622820630228,0.00820496317162116,0.039222231092325,0.0250333678514912,0.0063987427238244,0.0275462275961419,0.0132270187112497,0.027321320798588,0.0167990020751819,0.0319320315066436,0.0418832439306482,0.04147330137415
0.0223782778835102,0.0106851472367356,0.0163308277886415,0.016624071412773,0.00843007934467418,0.00409897161315044,0.0299891103269505,0.0133580777924382,0.0145120036483293,0.0114528200532506,0.0126347273337036,0.0112699790094625,0.0199320323197267,0.004804555750126,0.0134102729641491,0.0159791254905003,0.0299658851763737,0.0214891477090837,0.0201002933634584,0.0137268084120189,0.0165967665977542,0.0194900180563696,0.0252482313479592,0.023701544863273,0.0189205638626439,0.0235744445872785,0.0236076580231075,0,0.0243628435431463,0.0124318391616132,0.015780929797114,0.0262317873680799,0.0164073765473892,0.0140652220180841,0.010809784310193,0.00935082259417144,0.0164282347764724,0.00834332677810713,0.0139458442775384,0.0107072813289413,0.0268118889062684,0.0124909289918645,0.00734628706866825,0.0185249586917534,0.0128475482583538,0.0123606021751359,0.0174319123341653,0.0198079241053154,0.0125163138900094,0.0268797722139601,0.0226879551751485,0.0190274380502528,0.00797779595742907,0.00922575886598216,0.0132099556117426,0.0046113225438914,0.0193315636438411,0.0301803246940626,0.0264878366334409,0.0119371027366031,0.023320950034928,0.0163628433519527,0.00939828846748405,0.0245475144312863
0.0102141809126588,0.0354567450128841,0.035243176066774,0.0119714863405048,0.0463236373530543,0.0487004055856483,0.053818940149927,0.0357505504780492,0.0537352887795869,0.0706365849260442,0.0628298083107379,0.0175717917785923,0.0236241110520998,0.0175239331744998,0.0534271709506547,0.0598748113389232,0.00804642228221131,0.0554388696132328,0.0529254681661735,0.0446062830446612,0.173982209652418,0.103075266567992,0.0778305647970039,0.0559094964949927,0.0744916185623417,0.0177330172401864,0.0149947848553937,0.0243628435431463,0,0.0353694295591222,0.00532800448269614,0.0147278098298433,0.0172204119094666,0.0309594628586752,0.0152655220096951,0.0339554925704982,0.00848137041315096,0.0339039357009657,0.0426500108043248,0.0229338857084,0.0308067106298368,0.0269688548707135,0.0166477007418062,0.0146498209096382,0.0253746878369599,0.0354861438025516,0.0136688964474303,0.0247330362628274,0.0381427951909693,0.0160268368409009,0.0427808693769301,0.0350244325383738,0.030108616654747,0.081725382051936,0.0253028894319712,0.0529888466231226,0.0237888775994425,0.0703954326091621,0.012757176642995,0.00879835347874748,0.019360751460655,0.0264670227758676,0.0285830107603203,0.0867932972819142
0.0261590861591081,0.00748237346550638,0.0194736178870611,0.0207479556499011,0.0239302957106697,0.0223212036153951,0.0369865860250012,0.021398676674909,0.0343711053095758,0.0262990746970886,0.0233873746233038,0.00997982834197761,0.0166922357016643,0.0253991216298096,0.0158530755078092,0.0191655239399215,0.0262902698313832,0.0308792990585949,0.0264623618344058,0.0190603979328724,0.0190747955903575,0.0367739932011024,0.033275777864763,0.0285484965393309,0.0251333643556939,0.0127415099920001,0.0177172476560933,0.0124318391616132,0.0353694295591222,0,0.00848931110793337,0.0329093966369459,0.0289238792853552,0.0151433761801215,0.0312936377779777,0.011747902278331,0.0137126145278542,0.012646519782035,0.0161383318741034,0.010219566695474,0.0242062523442045,0.0121687172790988,0.02336470775618,0.019849667381061,0.0343760691862912,0.0288465626252935,0.00770517087405609,0.00782716972344038,0.0254825955983208,0.0211453023807748,0.0333899394990787,0.0409864637221993,0.0285485122438682,0.0298918026214641,0.0110943239282058,0.00840520704616453,0.0191638870179782,0.021543403522528,0.0116381879762986,0.021720680536654,0.041261055474008,0.0410261570953692,0.0378025528272166,0.0315331076395618
0.0114807057348194,0.00714649565179709,0.00673573925488154,0.00896106168198453,0.00825500112454645,0.00421553294406641,0.0249698738295016,0.0152287085227223,0.0255473124631638,0.0178768624521392,0.0324673170107669,0.0231577380761699,0.0262068050055554,0.00825134659874132,0.0227003147565236,0.0201099490954062,0.00944216572558387,0.0318922221672284,0.0274191301689801,0.0181739515358661,0.00806328635973745,0.0100732525443137,0.0291180477817633,0.0182126417148707,0.0272783502305988,0.00963015047713292,0.0296024937010626,0.015780929797114,0.00532800448269614,0.00848931110793337,0,0.0277141235633718,0.0224676823524579,0.0286374021087439,0.0267839508115072,0.00473333215621285,0.0181527386367241,0.0109191271727866,0.0155750872190347,0.0226923432010172,0.029473738545976,0.0206705990634521,0.0179449832816635,0.0150386521037758,0.0109542567187815,0.0152577147599145,0.0196357119935252,0.0284510843419684,0.0116564091359384,0.0270400082603409,0.0228251410794519,0.0344593679070759,0.0110227986761613,0.0155407437468876,0.0209194651845197,0.0134977190582624,0.00751390667892438,0.0285511407939374,0.00988114931236328,0.0154686686585798,0.0193884711165706,0.0191426977012787,0.0225988109139889,0.0346033627051239
0.0310198243240626,0.022204552774895,0.0167196727411693,0.0184092202717988,0.0161807548788352,0.0125182516022573,0.0166661301915462,0.00117567060773894,0.0230807087014325,0.0140151625542601,0.0155230649036746,0.0199582057888233,0.0302163243456499,0.0268149272160438,0.023746483591491,0.0123113541483685,0.00506238781947239,0.00430127661564269,0.0174416481721987,0.00825169337904879,0.0130834060646597,0.00740976709411232,0.0251563992061921,0.0147321655548656,0.0247538477005056,0.0147997744583879,0.03405511850894,0.0262317873680799,0.0147278098298433,0.0329093966369459,0.0277141235633718,0,0.00662438047888311,0.0125673732236007,0.0121922247442973,0.0139457941540836,0.0198030128826582,0.010392878843888,0.00545116458887889,0.023032784683466,0.0154027000843419,0.0115966343402193,0.0196316760062742,0.0310401441803265,0.0268782919907226,0.0146484123919672,0.00804939932381217,0.0161601566783078,0.0196205931034551,0.0109155185608461,0.0104082679332669,0.0294743478100618,0.0153866679509393,0.0145578461820957,0.0191300340195343,0.0186031630361743,0.0148871597281664,0.0258886232969965,0.0157889976869826,0.0244643261257097,0.0133333911998417,0.0161240379864627,0.0203060045287843,0.0156388076754219
0.0405528753311537,0.0438013537354336,0.0441224698889366,0.0476279538695102,0.0414364728425842,0.0182273433835782,0.0570223924754799,0.0550767028637487,0.01749720648945,0.0532652223966642,0.00924809889888336,0.0175156607120673,0.0190875408202351,0.00975933433779259,0.0235773088180163,0.0257539611555829,0.0277159790030844,0.0398226955834838,0.0563912810884828,0.045521214690746,0.0320040022383463,0.0243902891080165,0.0382269260391515,0.0397375548750201,0.0132150198910014,0.0122217479163716,0.0124652717732588,0.0164073765473892,0.0172204119094666,0.0289238792853552,0.0224676823524579,0.00662438047888311,0,0.0234166943735352,0.0132464467409507,0.0227058604291841,0.0279156885020464,0.0166288368959457,0.0344223192251141,0.0346625042850208,0.0187629721748553,0.0297206737579787,0.014564420076666,0.0143555351605313,0.0339527049883348,0.0478604257519542,0.0226504426609016,0.00514193428454652,0.017041410978659,0.0498275797441953,0.0547869354842141,0.0249380999524258,0.0173599334938922,0.0401517665136015,0.00726196083364133,0.00931810038508441,0.00874949787179917,0.0269354693457945,0.0184473013448627,0.0211456272954179,0.0437455933292972,0.0374416680451336,0.0242552525939101,0.0438777372571663
