0,0.0199412440735877,0.0566339339100499,0.0260873131873197,0.0205460824084607,0.0657982873475442,0.0533884676069093,0.0699810181028201,0.0353040884876566,0.0321503710044399,0.021078915332468,0.0868528101174983,0.095809977806061,0.0296020161751398,0.0145847143168629,0.0339193992624559,0.0328629289415076,0.0254883291982133,0.0485674802656233,0.0475619875003612,0.0655243891720998,0.0365933077165031,0.0188286560028007,0.0312666984415207,0.0315828649752536,0.0393225557918079,0.0395612480031122,0.0318260414598317,0.024304201109439,0.0196537464514737,0.0217273433062439,0.00844437316590779,0.0642056595773833,0.0348135384076577,0.0220463922404675,0.0884709531218712,0.00456481237951542,0.0267727783094833,0.0346008887591427,0.051970207856583,0.0427975672432601,0.0134685381220473,0.0191738364408429,0.0213173385955945,0.0224714304339191,0.034019694806143,0.0523060289836984,0.0365661943982753,0.0425828463223969,0.0698352351192894,0.0512997867401498,0.0317122601430364,0.0406533693577216,0.0212432152746021,0.0462408049393648,0.0294025907600783,0.0662022083185953,0.0301993880455685,0.0373331861437247,0.0479908982243409,0.0105633940361522,0.0337939250743472,0.0294626647600261,0.0304920640820479
0.0199412440735877,0,0.0752843502418649,0.035475366754406,0.00643092828503022,0.0732614019521237,0.0745236139237763,0.0356907501044117,0.0228461921214673,0.02947394566741,0.0733345404868611,0.0074982965942245,0.0236842268906533,0.0355054247469441,0.0304548666727134,0.0319297937411519,0.0373659531306199,0.0106578914575448,0.0497411106210691,0.0234575943227407,0.0398846946859671,0.0169854775802048,0.0249639809673401,0.051878009343419,0.0709663065471689,0.0360051597599169,0.045428090052091,0.0541226533782883,0.0453885540842895,0.0520190347851365,0.055652327599108,0.0148778193647161,0.0199506877022798,0.0455934292422729,0.0408029471271833,0.0218680819588757,0.0412039547264128,0.0197832208236314,0.0431653724797527,0.00952247741705231,0.0465061325688425,0.027350248040457,0.00926578052150688,0.0398143642493473,0.0550338137559116,0.0461848424258137,0.0567257677569747,0.0645320069449913,0.0899814772385694,0.0505379004447528,0.021694646605399,0.0321083506208543,0.0432149555951941,0.0369528503550145,0.0208449829295131,0.0194912728957937,0.0946192603949593,0.0618758396650264,0.0273778708120384,0.0485330096191878,0.0170473065128034,0.00808460829924102,0,0.0010209611964827
0.0566339339100499,0.0752843502418649,0,0.045495157541975,0.0558837868012484,0.0281641428324916,0.0250217340381273,0.0650848963758539,0.0226953308605448,0.0332178678061374,0.03507333715681,0.10465277534819,0.0969089423185711,0.0695714899712595,0.0556968654013647,0.0151832098300587,0.0372017442963589,0.0608704813169937,0.0756460828660997,0.0521648293310256,0.040915887667101,0.0268672624748526,0.0711277465555202,0.0663007854366778,0.0343472582784295,0.070753439043362,0.0537043106657781,0.0463201556918117,0.0415256307255794,0.0432947871847991,0.0627543725370192,0.0101434324354709,0.0122590364177029,0.034202713557746,0.0296553140764515,0.105033082122121,0.0454699292486787,0.0128444839695216,0.0615203997561983,0.0948721176951973,0.0397824251673708,0.0262114945088675,0.0595839881524903,0.0753907959903673,0.045449465457369,0.0687489687029195,0.0352524563007128,0.0313608149337312,0.034671557182454,0.0295583596233679,0.0158203053134599,0.0679065838656075,0.0784277377193009,0.0116072570817495,0.0412967982453591,0.0481948297307541,0.0508020701790278,0.0486342919376331,0.0492045364874472,0.0650404445890631,0.057167823771857,0.0346700864554953,0.103989141986952,0.00925301546034862
0.0260873131873197,0.035475366754406,0.045495157541975,0,0.0265570593273418,0.0418923576416304,0.033112046089618,0.0351728785937215,0.0125744286558049,0.0432155651944683,0.0256145580622862,0.0410707507323853,0.0487327949315797,0.0127167263422617,0.00423156208718229,0.020609646981154,0.0605128337556319,0.034056196933433,0.0507569058921159,0.021308716205562,0.0568466608267649,0.0189477896465126,0.0312153785734776,0.022373836949738,0.0215436539056546,0.0429039867358603,0.048254442646126,0.0313606623608201,0.0441525060842471,0.0232360575837703,0.0253075551288532,0.0124511980782871,0.0605032101479098,0.0392213763071561,0.0565233895631888,0.0571944301519442,0.0458671176822924,0.0188846648324994,0.0558992380004985,0.0642286620733367,0.0253103637398865,0.00724415750319236,0.0194787105820671,0.0264232541206008,0.0187192414217133,0.0199423962632368,0.0135882831424846,0.0439294451845703,0.0359625649629081,0.0114321317339332,0.0127449898170177,0.0292968637124305,0.0179224917658143,0.025706117211287,0.0394842287311492,0.0292587913689146,0.0261355231583909,0.01795325015623,0.0474022339925696,0.0491619381903256,0.0324281458685939,0.0235826771424636,0.0385812510177575,0.0286934251176365
0.0205460824084607,0.00643092828503022,0.0558837868012484,0.0265570593273418,0,0.02874189539705,0.0249420625900377,0.0352107791842332,0.0265346128292689,0.0567530511758381,0.0263389335604136,0.0319223353417859,0.0322493605133258,0.0344521350597634,0.0501110425426857,0.0574996828591422,0.0362825333862438,0.0682199757648308,0.0497603520007064,0.0302212602120954,0.0509185234458964,0.0401882431356827,0.0342950024977307,0.0203784956322019,0.0428997441238408,0.0421143037486158,0.0892344072751382,0.0220350291231708,0.0305026202912974,0.0236796820253537,0.0107739801599625,0.0201741706312152,0.0611076108487058,0.0331743418113973,0.0197063657598036,0.058036724634574,0.0287411297552376,0.033790792734839,0.0296291098389213,0.0414746006186051,0.00755295921633309,0.0286578144517906,0.00835109639330184,0.0154928883387657,0.0475886344801321,0.079922055600372,0.0547524892151839,0.0320875754346589,0.014214133179588,0.0185896608408635,0.0159864573724441,0.0424907633228749,0.0399644136705832,0.0343702507667207,0.0110586126582972,0.0273346877545123,0.0384183986259914,0.0362461507103881,0.0904167010504417,0.0389712899087308,0.0355726860009129,0.0128335250029083,0.0206908052341109,0.0947951057041315
0.0657982873475442,0.0732614019521237,0.0281641428324916,0.0418923576416304,0.02874189539705,0,0.0164916000550354,0.062166225018232,0.0370329500944295,0.0397908605199797,0.0659529998601681,0.109088656845815,0.134477053546451,0.0694253844461158,0.0428058852769154,0.0375508492892077,0.0324283035977769,0.0467794652334316,0.0883684805386929,0.0541102203013703,0.0823177334165044,0.0387811887588774,0.0421101893437067,0.0274273059402931,0.0361983449314506,0.0927514594979777,0.0839880734017442,0.0718166326331083,0.0246792049322063,0.0450688522878304,0.09538262180744,0.0226643759520446,0.0297549249693117,0.0354202782736716,0.0469542003458669,0.123648173962023,0.0632872372006364,0.00932752906338654,0.0432549509640707,0.0732966232025872,0.0585255665628502,0.0200138545483602,0.0653191515736714,0.0857247359422818,0.0383373830839506,0.0450080756578661,0.0483213311502628,0.0498896484849518,0.0486422336562676,0.0311233924131845,0.0401555246670526,0.0837841160329992,0.0439708585208663,0.0215653326870422,0.0699739239918698,0.0674111503725466,0.0165100454996677,0.0391530815212596,0.0793608737260925,0.107383884386132,0.0822442271344314,0.0694849655435784,0.0884354736975367,0.0205986801903484
0.0533884676069093,0.0745236139237763,0.0250217340381273,0.033112046089618,0.0249420625900377,0.0164916000550354,0,0.0822563696838061,0.0197990320171914,0.0316523224834596,0.0443715974634359,0.131212859416302,0.120096508701365,0.0662558719238218,0.0617034365928241,0.0151486021997402,0.0569124906752434,0.0464575813209154,0.0914150509709185,0.0733930798601726,0.0556213601610893,0.0252473016004555,0.107813913157344,0.108419018063823,0.0468402335307045,0.0552426956671801,0.028342342140395,0.0346232225622473,0.048590313598558,0.0444313437010808,0.0610254127827544,0.0101072850386733,0.0150231369568432,0.0172535805549592,0.0539087286781297,0.0871650759486156,0.0261668722064889,0.00882212587521297,0.0380943382939549,0.0873335568929587,0.0499099239505115,0.0446634301232778,0.067111143068588,0.0962108193678269,0.0632958292179589,0.0768647420007665,0.0595512714675701,0.0264767091477649,0.0444081600289644,0.0473448150537743,0.0489746648096119,0.076582650260636,0.125818043958202,0.0115727201322568,0.0617869526196675,0.0524106458231732,0.0855893394906465,0.0572868961633893,0.0397287863542201,0.0493100770349688,0.03183437347182,0.0278832679138287,0.0999698391448635,0.00830774019004076
0.0699810181028201,0.0356907501044117,0.0650848963758539,0.0351728785937215,0.0352107791842332,0.062166225018232,0.0822563696838061,0,0.0240467290543191,0.0240188406558588,0.114777579027578,0.0684643499006247,0.0864626142294416,0.0836450194254573,0.0626437698236517,0.0357061199218097,0.0180983575975209,0.0231423282442177,0.087125142037662,0.0440946897543619,0.0251281841805219,0.0205366195843495,0.0462369061851967,0.0417174073639987,0.0416357081493937,0.0615288701974186,0.0506170868465914,0.0961336791746746,0.0870239296271312,0.0879105559832252,0.107456728012382,0.0447971666941142,0.0489893570426931,0.062671164372601,0.0447835868700265,0.0819910799271893,0.0393956142906461,0.0201143411156974,0.018520749551461,0.029802352124264,0.032323558135164,0.0427348388022596,0.06080645422316,0.0926989972721736,0.0785286688938535,0.039635953863725,0.0300245235811197,0.0677177559643037,0.119457525144621,0.0631143353712228,0.028014971174034,0.0874338296320995,0.0504026168585579,0.0221924824117219,0.0300288403759142,0.05513754951408,0.0401158353993413,0.0735555585960319,0.050670597789443,0.0861290250806907,0.075452474716226,0.0521426140899008,0.116521732896596,0.0485108802327234
0.0353040884876566,0.0228461921214673,0.0226953308605448,0.0125744286558049,0.0265346128292689,0.0370329500944295,0.0197990320171914,0.0240467290543191,0,0.00908844378545503,0.0522441047647483,0.0400426278511058,0.0651818701115026,0.0417242396510744,0.0331375138767499,0.0206658331090987,0.0321232540665413,0.0274931395854039,0.0544516975374398,0.0069994300105358,0.033590690317017,0.0279299572445702,0.0460922849643945,0.0278211292298424,0.0290028533216042,0.0616642151501057,0.0559244113720811,0.0499006564180999,0.0345959845396157,0.043815776160721,0.0446498483373732,0.0201714222122973,0.0441196255175858,0.029919887684342,0.0325943281035742,0.068678849902114,0.0293172352930415,0.0327256706756336,0.0266341149702652,0.030066674331706,0.0288831845117692,0.0190139747989063,0.0101745302003449,0.0355533405104801,0.0263159122382765,0.0391875989083919,0.0263859398807561,0.0260735206183092,0.0577247130640943,0.0139669666655544,0.00730372009791145,0.0711497937244668,0.0397729271220634,0.0269366006083822,0.0285348337672568,0.0412534540094514,0.0120005542045696,0.0442126357293294,0.0538420913469626,0.0891428751445411,0.0477861491724804,0.0487247974730887,0.0506139151091145,0.0298115665751597
0.0321503710044399,0.02947394566741,0.0332178678061374,0.0432155651944683,0.0567530511758381,0.0397908605199797,0.0316523224834596,0.0240188406558588,0.00908844378545503,0,0.061146928569086,0.0142138272779454,0.0398183524519817,0.025674621531093,0.00692304225015162,0.0564230472535693,0.0224047775041838,0.0441233710921742,0.0520958887586474,0.0117841041664206,0.0389156527248153,0.0346590534644698,0.0377014858738484,0.0254746109750295,0.0434449288074989,0.0431569820523061,0.0382451391141344,0.0596116570978784,0.0561454209345277,0.067305639500661,0.0442990326811169,0.0450567340574517,0.0639022337147218,0.059233400542306,0.0532458344618603,0.040835115617845,0.0328596807472261,0.00555780688983706,0.0210281396545543,0.0117092257773793,0.0269445025742979,0.0133436157061719,0.0169528030963691,0.0302700806371053,0.0356881973868501,0.0152715329489749,0.0337947561381665,0.0341264059471123,0.0689001806253517,0.0428382655832262,0.00846916192825743,0.0418155428102367,0.0369427326514274,0.0316093643524963,0.0182358170855401,0.0456570842868647,0.0292315235400428,0.0505648784626645,0.0289001764476908,0.0431221126345099,0.0546271361780276,0.013080304263639,0.0537943010186677,0.122522563636057
0.021078915332468,0.0733345404868611,0.03507333715681,0.0256145580622862,0.0263389335604136,0.0659529998601681,0.0443715974634359,0.114777579027578,0.0522441047647483,0.061146928569086,0,0.11395571690043,0.131650011270915,0.0454976092950365,0.0511894303929155,0.0297512504584788,0.0488971665534712,0.0302302010819562,0.102330267471767,0.120356121970996,0.106315616446846,0.0702265443484162,0.0558403218561547,0.0365097205224839,0.0255183397267862,0.0663451103344606,0.0646378045948231,0.0299491047927957,0.0189716219227127,0.0316920345052748,0.0742408335848282,0.00920683650252596,0.0641829461004261,0.0260456272871028,0.0547196226745506,0.1002743702234,0.0241961602118458,0.036012317214453,0.0503750467665138,0.0647805230386102,0.0827939679615163,0.0376267681719148,0.0230217551295769,0.0596733020573645,0.014552326283644,0.0375840015366483,0.0473174001066132,0.087180416760558,0.0519476774004311,0.0873528575133068,0.100690544188953,0.0578724876153408,0.0699541646625074,0.0656557203623174,0.093368848400404,0.0768977404003503,0.0404087231519625,0.0495282273242658,0.0366256098624631,0.0847161826680099,0.0246567302409664,0.0599296177836526,0.140841936877562,0.0338731613687485
0.0868528101174983,0.0074982965942245,0.10465277534819,0.0410707507323853,0.0319223353417859,0.109088656845815,0.131212859416302,0.0684643499006247,0.0400426278511058,0.0142138272779454,0.11395571690043,0,0.0776379097527647,0.0322996947669754,0.040111013599934,0.0646737312297206,0.046619429833332,0.032774717415633,0.101441079681077,0.0358365236869852,0.0484264500592021,0.0236243181217466,0.0502955700033028,0.0160440576339544,0.0548327911074683,0.0535135536485973,0.051073039926559,0.103324204305859,0.0958377092852307,0.0735207788417505,0.0976324452965188,0.0391107904315762,0.0472234415634517,0.0764374904182441,0.0331846066447729,0.0611016366035591,0.0448980886740398,0.0175941724830073,0.0635271616092001,0.0350042340632102,0.0454022018991976,0.0213704468965426,0.0347120024744215,0.0833623431098914,0.0423455134194495,0.0255430981976884,0.0414221186151102,0.0987565756466039,0.156890491954052,0.0972802210920546,0.0385905213224233,0.093621779181429,0.0356893237348747,0.0334491158772512,0.0174821330423199,0.0563857061949258,0.0892800531629018,0.0513451876666372,0.0395229511782069,0.0655451264735352,0.0490894225561699,0.00994283215796392,0.102356716622627,0.0584086403061621
0.095809977806061,0.0236842268906533,0.0969089423185711,0.0487327949315797,0.0322493605133258,0.134477053546451,0.120096508701365,0.0864626142294416,0.0651818701115026,0.0398183524519817,0.131650011270915,0.0776379097527647,0,0.0185985479661869,0.0130313692774702,0.060417574251387,0.0309322247646703,0.0174978462725171,0.102024315994631,0.0705526730713828,0.0515750500443463,0.0500106011956768,0.0260183503129447,0.0416940093934649,0.0922914531700113,0.0824510627088108,0.0677642824901152,0.118765116421961,0.0663770959096005,0.0611458306681719,0.133168468155229,0.0231143087095423,0.0735319322237985,0.0567066947732976,0.0322300584806646,0.0154779879472693,0.0596497765798365,0.0341759685628128,0.048155144600071,0.0521495180001477,0.0648213597759522,0.0206287421749912,0.00664685145947085,0.0657262877063588,0.0347387224521775,0.042832493702402,0.0818115414425789,0.112933287076402,0.166411520030916,0.11619915733635,0.0758205499517404,0.0663451291916879,0.0473197779007608,0.0493600874072251,0.0207308584765941,0.049574040659453,0.153244310445787,0.0767367572875776,0.0563459471131313,0.0705882852964962,0.0302431179351366,0.0299627351600271,0.0355678852864349,0.0465551362559538
0.0296020161751398,0.0355054247469441,0.0695714899712595,0.0127167263422617,0.0344521350597634,0.0694253844461158,0.0662558719238218,0.0836450194254573,0.0417242396510744,0.025674621531093,0.0454976092950365,0.0322996947669754,0.0185985479661869,0,0.0514492936866131,0.0305608157640284,0.0362091003931899,0.0321879987132143,0.056164421336362,0.0279474697236141,0.054918704590513,0.0384870216926904,0.0579468673095771,0.0242087740529893,0.0237870486813776,0.020496539044719,0.0150949081476295,0.0229226636991263,0.0172278928499711,0.0395864892972273,0.036359670630989,0.0438380829880416,0.0159825674288779,0.0585520851704962,0.0271774353638133,0.021687280874781,0.0314881162349303,0.0253644312617035,0.104868085099146,0.0229444106121166,0.0886196228407421,0.019855983187576,0.00195281950947464,0.0446988249099878,0.0363235247537104,0.0475885479701101,0.0357122428212403,0.0750578435496203,0.0361153920414404,0.0272500356988469,0.014350382061781,0.0437568375449639,0.0417179698749362,0.0286346205662487,0.0255790933111893,0.020937220982115,0.0246303791846434,0.0472131044275666,0.0214587769311038,0.0243450553818385,0.023347747435606,0.0471559576329398,0.0408283745070995,0.0493767757370098
0.0145847143168629,0.0304548666727134,0.0556968654013647,0.00423156208718229,0.0501110425426857,0.0428058852769154,0.0617034365928241,0.0626437698236517,0.0331375138767499,0.00692304225015162,0.0511894303929155,0.040111013599934,0.0130313692774702,0.0514492936866131,0,0.0520366242042629,0.0339485225350117,0.0313880709333987,0.0430351951200757,0.0369609105383477,0.0443351646175016,0.021240111917938,0.04581574126204,0.0136679712645619,0.0174195088884369,0.0144005637777338,0.02184793366138,0.0245268540891232,0.0414511837602018,0.0532016723589012,0.0234575695389579,0.0330421113891403,0.0141604152652501,0.0412983827637485,0.0501564274692333,0.0237106445597598,0.0160171800722052,0.0311032830062616,0.0730582894912391,0.0273729318467558,0.104673825404757,0.0419063118309766,0.0165580987064466,0.0344975774507394,0.0396256489882185,0.0461505374810209,0.0539370379077062,0.0648734646515653,0.0570402601809422,0.0487144366132539,0.0341792036574924,0.0343399247359096,0.0328843481481935,0.033813400166971,0.0143128559187973,0.0154917124557313,0.0243614286768344,0.0374930161279915,0.0172886321631687,0.0260547162603356,0.0136633136379868,0.0406968892000963,0.046981701806303,0.0878822799522572
0.0339193992624559,0.0319297937411519,0.0151832098300587,0.020609646981154,0.0574996828591422,0.0375508492892077,0.0151486021997402,0.0357061199218097,0.0206658331090987,0.0564230472535693,0.0297512504584788,0.0646737312297206,0.060417574251387,0.0305608157640284,0.0520366242042629,0,0.0308329341478137,0.0609690412153862,0.0291853514094242,0.0851533561401988,0.0523153194646027,0.0279244952281388,0.0786378894962022,0.058505206317448,0.0777073713518291,0.0326691253750652,0.0221083735627385,0.0352628845867037,0.0232271779893124,0.0258733004356431,0.0166674552881894,0.0244658358936553,0.0216143808285907,0.0229025405770928,0.00772230104828963,0.0563156599648998,0.0190448814780067,0.0244966012939805,0.0597134899215405,0.0329857189967498,0.023512098898675,0.0195828769570951,0.00867686199250576,0.0427539751092138,0.0282981610015606,0.0661284758659748,0.0493527181950241,0.0399044305374099,0.0112015187674892,0.0765700065939292,0.0755005216452594,0.0289014354469183,0.082880006434715,0.0318949215335386,0.0584798212086057,0.053111550870892,0.0771248213261926,0.113053623592124,0.0497738968222203,0.0142935032660466,0.00877687096246425,0.0405757628023119,0.0393855670753727,0.022517551345748
0.0328629289415076,0.0373659531306199,0.0372017442963589,0.0605128337556319,0.0362825333862438,0.0324283035977769,0.0569124906752434,0.0180983575975209,0.0321232540665413,0.0224047775041838,0.0488971665534712,0.046619429833332,0.0309322247646703,0.0362091003931899,0.0339485225350117,0.0308329341478137,0,0.0223398952347753,0.0307192442603975,0.0185711683057203,0.0297731646633076,0.0101960503710487,0.0400037748530135,0.0196340362243265,0.0272642527869495,0.0313441799408546,0.0322802635645254,0.0356541320865751,0.0683692935125238,0.0376837435851592,0.0321489599713342,0.0467512060884935,0.0190223268312299,0.055295730922613,0.0195783935838984,0.0287727071140145,0.0193930086188212,0.0176254900470507,0.0159473995259183,0.0417105254525652,0.0227833415603125,0.020168784044666,0.0338768378205083,0.0503534837538329,0.0283710536022349,0.0297676486236213,0.042072951818099,0.0375861556732776,0.0508206726765615,0.0358930698177955,0.0161939118510609,0.0327941902895028,0.0447062992667815,0.021815815468471,0.0110671273000167,0.0238766078396844,0.0374543290414634,0.0224038783514115,0.0483013796269783,0.0287715231923337,0.0585158505344328,0.0164256441326452,0.0563076401887617,0.0402611952431233
0.0254883291982133,0.0106578914575448,0.0608704813169937,0.034056196933433,0.0682199757648308,0.0467794652334316,0.0464575813209154,0.0231423282442177,0.0274931395854039,0.0441233710921742,0.0302302010819562,0.032774717415633,0.0174978462725171,0.0321879987132143,0.0313880709333987,0.0609690412153862,0.0223398952347753,0,0.029302584816697,0.0166584510953079,0.0347897337374308,0.0145930471463739,0.0327201205861316,0.018093853231101,0.0322948951175848,0.0221261815083532,0.0475303661123596,0.0128589516043309,0.0652845155010886,0.0269408233724845,0.0368147402879509,0.0122863146663197,0.0111808061546851,0.0394782278247651,0.0159940555910639,0.0196733789912573,0.0155515831044083,0.0131075814922,0.0535563274173857,0.0275168779340236,0.0207906738925185,0.0237365753607732,0.012031131921071,0.0449532396036886,0.0520955955882978,0.036002133842101,0.0560650416394699,0.0631171992799494,0.0257310908831027,0.0129675778736584,0.0316956201079558,0.0197577605153556,0.0151795956470335,0.0458822086957562,0.0280014658643857,0.0219562993958267,0.0543947941944299,0.0188416803211302,0.0243503845359707,0.0131324548769141,0.0121395156749088,0.0287508337411123,0.0266240269898779,0.033891694889539
0.0485674802656233,0.0497411106210691,0.0756460828660997,0.0507569058921159,0.0497603520007064,0.0883684805386929,0.0914150509709185,0.087125142037662,0.0544516975374398,0.0520958887586474,0.102330267471767,0.101441079681077,0.102024315994631,0.056164421336362,0.0430351951200757,0.0291853514094242,0.0307192442603975,0.029302584816697,0,0.0689709733957758,0.0685707134664876,0.0643628685792206,0.0616249136735163,0.0415913362097127,0.0422579936746977,0.0528924880372725,0.0869284299638986,0.061870233690248,0.0293292909476575,0.060945595649491,0.0819213981430154,0.0152695543274218,0.0774303920335192,0.0532654715054521,0.0411298780137243,0.0942652457431076,0.018884013472621,0.0227468155231501,0.052508389217922,0.0589126856507772,0.0595711922964166,0.0300705587590074,0.0323153038281408,0.0728849559109412,0.0422465718375275,0.0494403123555338,0.0754006993557321,0.0730386373010606,0.0442342683575553,0.0877181151921555,0.0752723922603852,0.0574988271468856,0.0940881174770126,0.0261949807908298,0.0344654017690244,0.0357155574727437,0.0734362234182054,0.0633173484953713,0.063882010730982,0.104787466696548,0.0658716925177974,0.0481222861784592,0.064718984839699,0.0202850632311181
0.0475619875003612,0.0234575943227407,0.0521648293310256,0.021308716205562,0.0302212602120954,0.0541102203013703,0.0733930798601726,0.0440946897543619,0.0069994300105358,0.0117841041664206,0.120356121970996,0.0358365236869852,0.0705526730713828,0.0279474697236141,0.0369609105383477,0.0851533561401988,0.0185711683057203,0.0166584510953079,0.0689709733957758,0,0.0957150589363488,0.060452349177532,0.0307081229735668,0.0189511037585123,0.0878685957764642,0.154899763930368,0.0847234339551801,0.122636242932974,0.0740413702658127,0.0918916504657583,0.0852808551720548,0.0492229109578449,0.0359446273867788,0.0389289478994472,0.0505664839355744,0.0574815538425036,0.0315476375016291,0.00617877522344108,0.0421169201726042,0.0217721666068345,0.0581548506704778,0.0258987898336269,0.0215247852195213,0.0539624197080521,0.0406185888558588,0.0337037681129653,0.046999466997542,0.0666114131031887,0.186254431559568,0.106324049435102,0.0278088806834698,0.0657157528262673,0.0259646661929174,0.0520341555427599,0.115332606523976,0.0952909036919683,0.0644631365198983,0.101222114446031,0.0678398244181694,0.0729868549349905,0.0486037691495266,0.0594713387973439,0.0820312869201029,0.0919704498365467
0.0655243891720998,0.0398846946859671,0.040915887667101,0.0568466608267649,0.0509185234458964,0.0823177334165044,0.0556213601610893,0.0251281841805219,0.033590690317017,0.0389156527248153,0.106315616446846,0.0484264500592021,0.0515750500443463,0.054918704590513,0.0443351646175016,0.0523153194646027,0.0297731646633076,0.0347897337374308,0.0685707134664876,0.0957150589363488,0,0.0209517644274595,0.0263885373224282,0.0147824857101199,0.0649088392517498,0.123782921036279,0.0937454627681362,0.123956168232414,0.0308908887112655,0.0722587566064369,0.0931931299854096,0.0964137143713903,0.0558302334019937,0.0451368305069364,0.0341525094856773,0.0566092249127194,0.0533973621592057,0.0148859804307575,0.0277486952531726,0.0196836209549013,0.031285312369219,0.0370136336087085,0.0298854512754717,0.0698819581151917,0.034637867670106,0.0241115315707887,0.0354837814825793,0.0565977819504362,0.151743101734622,0.136179000641831,0.0569916285352778,0.0600395115011569,0.0287015756695275,0.0236107083690211,0.0633588317897449,0.0567458373540765,0.0470781877507841,0.0905195951584117,0.0926028609034126,0.0833840739727302,0.0898663608147618,0.0648170964587725,0.0742975212900252,0.0717229229245534
0.0365933077165031,0.0169854775802048,0.0268672624748526,0.0189477896465126,0.0401882431356827,0.0387811887588774,0.0252473016004555,0.0205366195843495,0.0279299572445702,0.0346590534644698,0.0702265443484162,0.0236243181217466,0.0500106011956768,0.0384870216926904,0.021240111917938,0.0279244952281388,0.0101960503710487,0.0145930471463739,0.0643628685792206,0.060452349177532,0.0209517644274595,0,0.033380513896345,0.0223933383589144,0.0457685222559657,0.0585780939014183,0.0411500884623029,0.083480508597329,0.0170632287776513,0.0425000118400265,0.0582960869626854,0.0420466540513352,0.0155050349664826,0.029300366922727,0.0342740500785716,0.0543557256156894,0.0278781900472396,0.0265388540632272,0.0388586071445872,0.023918513430768,0.0315595300789872,0.0177655799880456,0.0228570539458661,0.0310520117830436,0.0280894830025731,0.0264389014090439,0.0307421940546648,0.0256961765921582,0.100614056053812,0.0618769365311403,0.04632184665741,0.061448461235634,0.0361369753161451,0.0200837315680248,0.0153911055888795,0.0347241974183747,0.0225798051261718,0.0734617246099432,0.0347613464031948,0.0842267217900618,0.0456973328220706,0.0600873744113424,0.0505029132135295,0.012716727566507
0.0188286560028007,0.0249639809673401,0.0711277465555202,0.0312153785734776,0.0342950024977307,0.0421101893437067,0.107813913157344,0.0462369061851967,0.0460922849643945,0.0377014858738484,0.0558403218561547,0.0502955700033028,0.0260183503129447,0.0579468673095771,0.04581574126204,0.0786378894962022,0.0400037748530135,0.0327201205861316,0.0616249136735163,0.0307081229735668,0.0263885373224282,0.033380513896345,0,0.0637985109889359,0.0663822464855652,0.0591070440922065,0.0922785001878499,0.0498345943624098,0.0754863988317808,0.0482700901018994,0.0793489396372431,0.0101404964001396,0.0262421673252833,0.0372230868417167,0.0247387697853988,0.0193627251806382,0.0110841447620016,0.019043504569239,0.06991566858501,0.0607643538243813,0.0420222523979912,0.0401071411387722,0.0318541163069972,0.0697883899028582,0.0610885953595386,0.0735847357174796,0.0865857044799069,0.0957541087060882,0.0527161672059828,0.0326810412894014,0.0142705550418471,0.0217871656722707,0.0592830399946176,0.0718286154209303,0.0263770067862422,0.0396347341389527,0.122924064175348,0.0447544322518138,0.0768363167240004,0.0363145562712621,0.0476864998690125,0.0318248787342007,0.0287529854580591,0.0429215861670128
0.0312666984415207,0.051878009343419,0.0663007854366778,0.022373836949738,0.0203784956322019,0.0274273059402931,0.108419018063823,0.0417174073639987,0.0278211292298424,0.0254746109750295,0.0365097205224839,0.0160440576339544,0.0416940093934649,0.0242087740529893,0.0136679712645619,0.058505206317448,0.0196340362243265,0.018093853231101,0.0415913362097127,0.0189511037585123,0.0147824857101199,0.0223933383589144,0.0637985109889359,0,0.0330542793670495,0.0329378715578936,0.0579049300206005,0.0279845302941749,0.0626380449026002,0.0374143296961888,0.0376792950432219,0.0208139772890819,0.018089845497335,0.0519808326574932,0.00850820349182252,0.0160992728000806,0.0124716653216903,0.0344437002244944,0.0657621055648787,0.0162211924782259,0.0324335229645311,0.0177367662609556,0.0134452067531508,0.058222736466247,0.0173576162912726,0.0168469963247994,0.0332287799616097,0.0565760735034938,0.0403851683515868,0.0108452133075383,0.00807394548687949,0.03278497670064,0.0294305299529123,0.0452828192590392,0.0295520968516374,0.0290486453804029,0.054921850590658,0.0174713313308181,0.0478957732459437,0.0260936675807714,0.0321393594093303,0.0146339320978648,0.0510452325158696,0.0376312019656998
0.0315828649752536,0.0709663065471689,0.0343472582784295,0.0215436539056546,0.0428997441238408,0.0361983449314506,0.0468402335307045,0.0416357081493937,0.0290028533216042,0.0434449288074989,0.0255183397267862,0.0548327911074683,0.0922914531700113,0.0237870486813776,0.0174195088884369,0.0777073713518291,0.0272642527869495,0.0322948951175848,0.0422579936746977,0.0878685957764642,0.0649088392517498,0.0457685222559657,0.0663822464855652,0.0330542793670495,0,0.0106640493487865,0.0248366060170051,0.016245413458962,0.0357637396691453,0.0267031709050568,0.0261763481630349,0.0182926923712247,0.0398674218265943,0.0431641031984521,0.0243448222947833,0.036192439467817,0.0260454383376532,0.0328136768836103,0.0292621747429266,0.0298420368272446,0.0356299167094976,0.0169909936543335,0.0189788004815929,0.0703057254330474,0.0182625850478941,0.0234061012533979,0.0193259809634414,0.0908186341083358,0.0224776062497476,0.067599853553198,0.0838941778080603,0.0351192043879801,0.0714651539789357,0.116788446978238,0.0561926859294409,0.09296303812347,0.0553766373453726,0.0758997785821928,0.0117385550185229,0.0231982299403585,0.0265742603785262,0.0211035280777675,0.0511036085340209,0.0637597995726048
0.0393225557918079,0.0360051597599169,0.070753439043362,0.0429039867358603,0.0421143037486158,0.0927514594979777,0.0552426956671801,0.0615288701974186,0.0616642151501057,0.0431569820523061,0.0663451103344606,0.0535135536485973,0.0824510627088108,0.020496539044719,0.0144005637777338,0.0326691253750652,0.0313441799408546,0.0221261815083532,0.0528924880372725,0.154899763930368,0.123782921036279,0.0585780939014183,0.0591070440922065,0.0329378715578936,0.0106640493487865,0,0.0153309370887929,0.0784977140505396,0.0114760802839249,0.0348599355805256,0.0461361819784941,0.043200516750016,0.074135724221231,0.073003411403966,0.0320297594797738,0.0363422170602871,0.0429148965470151,0.0285704330781564,0.0682258525016191,0.0249860811349996,0.057846985944454,0.0338845943604145,0.0173744204763241,0.0541437089266981,0.0203924394273443,0.0298930758903875,0.0436195083427111,0.0706902079347931,0.0696518333607894,0.150937694657034,0.155428958383795,0.0377291457248021,0.0685856236834125,0.0728213990892319,0.115807964513234,0.0607195069686092,0.0531801652167083,0.066303890462234,0.0298371109902964,0.0394749405310285,0.0346649189691472,0.0413234012012338,0.0312834076245981,0.0437860260464242
0.0395612480031122,0.045428090052091,0.0537043106657781,0.048254442646126,0.0892344072751382,0.0839880734017442,0.028342342140395,0.0506170868465914,0.0559244113720811,0.0382451391141344,0.0646378045948231,0.051073039926559,0.0677642824901152,0.0150949081476295,0.02184793366138,0.0221083735627385,0.0322802635645254,0.0475303661123596,0.0869284299638986,0.0847234339551801,0.0937454627681362,0.0411500884623029,0.0922785001878499,0.0579049300206005,0.0248366060170051,0.0153309370887929,0,0.0436527005551101,0.0104705874163423,0.0409043933706862,0.0335316061683138,0.0466784966550455,0.0840397719106919,0.0652198711907967,0.0641814928961076,0.0840706382687953,0.0371976363284823,0.0538971211900116,0.0589971533169873,0.0278853023578851,0.0568254247725243,0.0240203260750903,0.0125171743017657,0.0228171746300049,0.0338157346197293,0.06178932439171,0.0511550091939223,0.0624656991899882,0.0368737010358627,0.0824031308516268,0.0929625478451648,0.0791719292717772,0.10068890879488,0.046163513905378,0.0741154553768548,0.0226799509871743,0.0534512828379143,0.0963567431350534,0.085412698846672,0.0340202143489203,0.0400448386267605,0.0770990530827318,0.0627726815040753,0.0712927320569076
0.0318260414598317,0.0541226533782883,0.0463201556918117,0.0313606623608201,0.0220350291231708,0.0718166326331083,0.0346232225622473,0.0961336791746746,0.0499006564180999,0.0596116570978784,0.0299491047927957,0.103324204305859,0.118765116421961,0.0229226636991263,0.0245268540891232,0.0352628845867037,0.0356541320865751,0.0128589516043309,0.061870233690248,0.122636242932974,0.123956168232414,0.083480508597329,0.0498345943624098,0.0279845302941749,0.016245413458962,0.0784977140505396,0.0436527005551101,0,0.00800090082755267,0.0203167222335873,0.043841615682503,0.0153980074990441,0.0812754902466643,0.0553330017473199,0.0542381545552213,0.0772158157526212,0.0382256983270317,0.0291479029068353,0.0312631828613009,0.0435087143324695,0.0611711663725198,0.0302617387318868,0.031171155969775,0.0520661339249947,0.0137130623228623,0.0179917405303951,0.0305214949965797,0.0927900180008867,0.0332920645898189,0.110282632155777,0.142554892142199,0.0396241014178927,0.0636683623667844,0.0924663687485324,0.121793327277358,0.102141032955695,0.0214081012414606,0.0195611820898801,0.0175636641565499,0.0310599971256277,0.0357703546117947,0.0552737405285044,0.0586067483814935,0.0441538645103553
0.024304201109439,0.0453885540842895,0.0415256307255794,0.0441525060842471,0.0305026202912974,0.0246792049322063,0.048590313598558,0.0870239296271312,0.0345959845396157,0.0561454209345277,0.0189716219227127,0.0958377092852307,0.0663770959096005,0.0172278928499711,0.0414511837602018,0.0232271779893124,0.0683692935125238,0.0652845155010886,0.0293292909476575,0.0740413702658127,0.0308908887112655,0.0170632287776513,0.0754863988317808,0.0626380449026002,0.0357637396691453,0.0114760802839249,0.0104705874163423,0.00800090082755267,0,0.0175694087634851,0.0199617982144957,0.0223696151862429,0.0138527694519938,0.0278235601129383,0.0226089890909756,0.0490056005650485,0.0172506671080059,0.0250841913869771,0.0487439405677883,0.0849980045193723,0.043672051499521,0.038506335224086,0.0225075609348317,0.023751125136879,0.0287172120926984,0.0781623249353848,0.0509079461287093,0.0191246622086111,0.0227828809848372,0.0443037927747541,0.0296058267579899,0.0288023018160201,0.0856145686928921,0.0151838772077852,0.0253212830496722,0.0293669740833222,0.0984775167584222,0.0436479878661341,0.0168152312020384,0.0228670395968112,0.0218380841793982,0.0151856517385764,0.0514889924870641,0.0299034958449002
0.0196537464514737,0.0520190347851365,0.0432947871847991,0.0232360575837703,0.0236796820253537,0.0450688522878304,0.0444313437010808,0.0879105559832252,0.043815776160721,0.067305639500661,0.0316920345052748,0.0735207788417505,0.0611458306681719,0.0395864892972273,0.0532016723589012,0.0258733004356431,0.0376837435851592,0.0269408233724845,0.060945595649491,0.0918916504657583,0.0722587566064369,0.0425000118400265,0.0482700901018994,0.0374143296961888,0.0267031709050568,0.0348599355805256,0.0409043933706862,0.0203167222335873,0.0175694087634851,0,0.0348579188019756,0.0181264127858015,0.0457441816379649,0.0261847006100453,0.0383825122778142,0.0555957456413355,0.01984966430743,0.0306140964283351,0.06215693482955,0.0391890905238176,0.0639848382201895,0.0370189279971129,0.0127727673068254,0.0349911755008776,0.0152445219838462,0.0645774202707442,0.0375478325577348,0.054769720918191,0.0360651931664179,0.0675705786908332,0.0770632433437674,0.0386218180937019,0.0517592788394906,0.0368221557991482,0.0590000421089675,0.046346753346241,0.035433550465905,0.0579824123767058,0.0336316481234302,0.0225201725496678,0.0172017688959451,0.02625490383505,0.0641166960271243,0.0373850292056216
0.0217273433062439,0.055652327599108,0.0627543725370192,0.0253075551288532,0.0107739801599625,0.09538262180744,0.0610254127827544,0.107456728012382,0.0446498483373732,0.0442990326811169,0.0742408335848282,0.0976324452965188,0.133168468155229,0.036359670630989,0.0234575695389579,0.0166674552881894,0.0321489599713342,0.0368147402879509,0.0819213981430154,0.0852808551720548,0.0931931299854096,0.0582960869626854,0.0793489396372431,0.0376792950432219,0.0261763481630349,0.0461361819784941,0.0335316061683138,0.043841615682503,0.0199617982144957,0.0348579188019756,0,0.015017481014095,0.0815225670826889,0.054247463449151,0.0366318043257261,0.0777679369137961,0.0414352271869681,0.026337110506554,0.0629715110019509,0.064160195697408,0.0647615616942369,0.0195775999536365,0.0117818747041277,0.0546303152204477,0.03466861392976,0.052040240236484,0.0484300299429568,0.0455777594958496,0.0312323947568644,0.0652217784758523,0.0704030756872363,0.0467689586512672,0.0835943174944619,0.0452421705336325,0.052722035914422,0.0526189869496903,0.0494422579279278,0.0595287861258104,0.0374989818141794,0.0564979525061769,0.0349377005340884,0.0438136250920279,0.052465584825577,0.0277073226196031
0.00844437316590779,0.0148778193647161,0.0101434324354709,0.0124511980782871,0.0201741706312152,0.0226643759520446,0.0101072850386733,0.0447971666941142,0.0201714222122973,0.0450567340574517,0.00920683650252596,0.0391107904315762,0.0231143087095423,0.0438380829880416,0.0330421113891403,0.0244658358936553,0.0467512060884935,0.0122863146663197,0.0152695543274218,0.0492229109578449,0.0964137143713903,0.0420466540513352,0.0101404964001396,0.0208139772890819,0.0182926923712247,0.043200516750016,0.0466784966550455,0.0153980074990441,0.0223696151862429,0.0181264127858015,0.015017481014095,0,0.0141133799544979,0.0150995690475334,0.0222843734888631,0.014609425990347,0.0105460457518181,0.04515709461481,0.022578586728303,0.0182699423431532,0.0428293578244372,0.0416324675635611,0.00480015520804568,0.0236544882588005,0.020348275486835,0.0139197727025374,0.0214992752720108,0.026677483138887,0.0181489250781063,0.0307968362736335,0.0777579759375522,0.0129480198656442,0.0105232435909443,0.0474131223383735,0.0900781242382119,0.0282019938082332,0.0228285313378989,0.0175896863191431,0.032323051453367,0.0166039967538696,0.0145289355718197,0.0353566138276315,0.0104827748418617,0.0244801185178128
0.0642056595773833,0.0199506877022798,0.0122590364177029,0.0605032101479098,0.0611076108487058,0.0297549249693117,0.0150231369568432,0.0489893570426931,0.0441196255175858,0.0639022337147218,0.0641829461004261,0.0472234415634517,0.0735319322237985,0.0159825674288779,0.0141604152652501,0.0216143808285907,0.0190223268312299,0.0111808061546851,0.0774303920335192,0.0359446273867788,0.0558302334019937,0.0155050349664826,0.0262421673252833,0.018089845497335,0.0398674218265943,0.074135724221231,0.0840397719106919,0.0812754902466643,0.0138527694519938,0.0457441816379649,0.0815225670826889,0.0141133799544979,0,0.0172898288496856,0.00743110558174562,0.0846206077157554,0.0437960720096703,0.0358313182735572,0.0153384567831155,0.0382741149221592,0.032078485724729,0.0116374078657171,0.01571001750561,0.0360271353400516,0.0143377782581819,0.0147705828773024,0.0262348611785974,0.0623850935955628,0.105284857115854,0.0441575663995939,0.0264514119653448,0.07703525295057,0.0307213380185701,0.0335447732911377,0.0343707527811241,0.0447416601556764,0.0387251815143091,0.0586044914440558,0.0403367476000165,0.100861603029309,0.038747776857078,0.0324755402947975,0.0504333812729881,0.0118765495519875
