0,0.0166995711426368,0.0332219009585831,0.0493086326784081,0.0295400929538976,0.105763747679656,0.04531673130096,0.058215880888469,0.0334691451608173,0.0322913939419567,0.0858796692847973,0.165222885424678,0.026291248387223,0.0126158301991035,0.0341111861417175,0.141861920121423,0.103870082598677,0.0899919860096932,0.036296744773759,0.0430975496505312,0.046692486317392,0.0251123037082712,0.0801229524573915,0.0923392226527205,0.0200103348313539,0.00165355713111054,0.0457815897623659,0.0240031993770333,0.0776625364454311,0.0269645581213036,0.0392901475902234,0.114806147748203,0.102193587813075,0.0749308879171585,0.0287396742830826,0.0207998237414254,0.0221192245907281,0.0788535746651388,0.0495019330260329,0.120104239314405,0.122545186231858,0.0274445568197266,0.0592565456345399,0.00114124897754297,0.0811053470938701,0.123366342945936,0.189729392071457,0.0495208077777067,0.0411900391254625,0.0405049989518096,0.0286695593923123,0.0460800187149706,0.0677945975865809,0.00160704152223077,0.0664082588209235,0.000720470189336306,0.147975407635511,0.0174328235817523,0.124754700098125,0.00656587432869932,0.0248868603525505,0.0117142227740971,0.0753034496946762,0.121113052712158
0.0166995711426368,0,0.0354355914527495,0.147312778761418,0.0876191590689577,0.073241968768962,0.0917128429643796,0.140839162513338,0.0612340127534376,0.0684904038996575,0.0708862011537831,0.193427319893,0.0439056454416426,0.0520690273281837,0.0621839714280932,0.146371508711371,0.0266032414568973,0.216135619978482,0.0598076439314145,0.046752422227422,0.103893667842746,0.0156041533987271,0.206369402321249,0.145613023055057,0.0508853038716318,0.0824681692427268,0.13335205713079,0.142488617648443,0.0735503745254805,0.0187020002446946,0.131239658182538,0.0998490622771846,0.265128371460822,0.156861947038386,0.0368914004670665,0.0340601060055505,0.169482994973389,0.100190384855319,0.0716400791710752,0.127106862097801,0.11723549581834,0.0500992498462243,0.0580026743484675,0.0416699120294795,0.108733210146831,0.0857736677318314,0.221198601821252,0.174582332187543,0.109265114624291,0.0508657793221363,0.0264609840256324,0.119565023580358,0.158865767803351,0.0250322872001422,0.0446939094720351,0.0266757024733339,0.220906891774864,0.0747951155067164,0.193721030724958,0.0653654536389047,0.0312993693414916,0.00353479681379885,0.12331011672984,0.210751754157212
0.0332219009585831,0.0354355914527495,0,0.0297306341364894,0.0639597841990816,0.181922399221058,0.112413579627603,0.038415964795029,0.094073708837399,0.0318622668174221,0.221856965505189,0.226401325072298,0.0792067867647741,0.130527776608244,0.0783726375567055,0.169713673225417,0.157586527138577,0.206507611279522,0.132290130307995,0.0976664261193758,0.0657734055597125,0.0639814290935211,0.122895247045911,0.174994554718278,0.033703508360383,0.0160336281787536,0.0325883958277315,0.0514285254665649,0.103479614349241,0.0283779914536869,0.008347226611292,0.0293614815826081,0.174531721672294,0.215148973974059,0.0213743837279897,0.0580569517444278,0.00318076684706208,0.130059309680186,0.0766801416213801,0.19419817521958,0.227713152846695,0.0923198959469114,0.235351606983137,0.0814564020239635,0.065810637875863,0.233558827705373,0.178164267116933,0.128797528263494,0.130748904802631,0.122963270703127,0.0959189303722566,0.0283187377320625,0.0442621381167531,0.0566011403918328,0.0973197491550406,0.0703163672847836,0.188883127341653,0.0331495888852362,0.0680331215875562,0.0377258094471912,0.0280402537719223,0.028438374712158,0.0931595620400383,0.24403592120156
0.0493086326784081,0.147312778761418,0.0297306341364894,0,0.069980636666634,0.150193337944127,0.127515325521387,0.0985275539809692,0.0439392452468772,0.0235576900181165,0.0866202275713888,0.284869330030533,0.184689693213398,0.150118441457578,0.0497957302309688,0.0687849614200478,0.142552607584542,0.216714938347881,0.0931498492864543,0.0987036338382807,0.217085997765943,0.019895876342827,0.247633063131708,0.218808318785589,0.00995843367215466,0.0160930702760361,0.0405711450515502,0.0324836066941738,0.0484148767098426,0.0541614461902756,0.0242816701086974,0.0582017932051268,0.19865894253883,0.173515106825274,0.0595227837544328,0.0207728512592972,0.0414908527195311,0.0737728939937353,0.134885439832031,0.223659831671846,0.147672499212664,0.0584936530914765,0.150781164962203,0.147162895093573,0.0541589640519732,0.0669012848394729,0.171561675761145,0.0641253218111281,0.0981259427435445,0.116840652564826,0.0857794213498034,0.0427407687389802,0.237955051230504,0.0181406708391986,0.175791533823069,0.0542943757217659,0.185997517303396,0.0344874681009452,0.0893484752865893,0.14823829970515,0.210631935323617,0.092858262537602,0.129582458779916,0.23681593756781
0.0295400929538976,0.0876191590689577,0.0639597841990816,0.069980636666634,0,0.0759227613622391,0.129347630244172,0.134704778968936,0.0568523339671528,0.0413438893148002,0.0254284936853352,0.220518792403045,0.125517528037646,0.0717202978060467,0.0547143552536415,0.0323463111047719,0.0737186038473911,0.179860544091367,0.0613486021574255,0.0869015525770123,0.203420284362182,0.0148250174796256,0.249617741562272,0.181140991233327,0.0224249213123534,0.0205493829380035,0.065383700832704,0.0403980160970304,0.0207787600257292,0.0294472626087076,0.0729603636243767,0.051440659588949,0.174564186562298,0.129746428139907,0.0223258537602082,0.0226724015126761,0.0589225819517218,0.0931887804972182,0.161318178120594,0.16483250649474,0.107976776232964,0.0361809290684146,0.0814556439351851,0.0663012408152487,0.0752287916698823,0.0510557838107727,0.129291831646117,0.0674982401870591,0.0734321900313667,0.0721044245719897,0.059202846248677,0.057412948052717,0.238984754287276,0.00403257769245289,0.123240043706785,0.0191902333199717,0.175928268633039,0.066606906607566,0.0996417535977339,0.0823962129905444,0.0973757608829531,0.0709549137257565,0.120202545817875,0.186198235760654
0.105763747679656,0.073241968768962,0.181922399221058,0.150193337944127,0.0759227613622391,0,0.0568359578368868,0.09844912947522,0.0632581320854681,0.0317958425849811,0.0855316991585709,0.136263324410533,0.00925455387468926,0.157323422376451,0.171613973618504,0.230737750884473,0.0314881720231322,0.0475162917125036,0.0209078229571803,0.037551655311195,0.0513004548916852,0.0259456885955149,0.0671025162691139,0.0773439826257274,0.132135856168081,0.130659328814774,0.20619411924782,0.104250264155799,0.149829500409858,0.124797717873623,0.173693018231187,0.100450589837263,0.118267143583301,0.043657407647518,0.0334138114264718,0.0414958009936973,0.0539326344979247,0.114851525420012,0.0432693786875126,0.0926814512816682,0.0965559642827262,0.0536406142834763,0.0532210006288779,0.150990361043002,0.246164021749025,0.234391617333571,0.278896891450172,0.0948966331662086,0.0338515648072568,0.0462661326541102,0.0264518576103633,0.223219935827711,0.0574601248634804,0.0496301738836842,0.016761006616216,0.0752945231903681,0.182728628930188,0.11909937694414,0.237029962889123,0.103920764253416,0.0966921364331323,0.0532783206613903,0.0705137203752856,0.081507076974128
0.04531673130096,0.0917128429643796,0.112413579627603,0.127515325521387,0.129347630244172,0.0568359578368868,0,0.312951464270651,0.174896814229639,0.326464878566448,0.0361706013627735,0.0883400690376843,0.0476266980640315,0.0571325399876293,0.0221332724907644,0.12527640959668,0.0106527419840759,0.396976367274944,0.0509881145339082,0.209455403100037,0.190470310767697,0.254177403309024,0.295761094039784,0.159035095629078,0.0391135460019189,0.0334894446483809,0.075069535573016,0.0331598971335393,0.0337278066781121,0.0122591186226222,0.0848156991902188,0.0362165525997898,0.140580385162945,0.223499335720102,0.0500414468077825,0.161771407030301,0.237057776217178,0.110563444211435,0.128235793069872,0.134120412997441,0.0726160742670177,0.0700797027573991,0.0115588491788828,0.0596310806986206,0.0483793620428323,0.0145207037318659,0.00811915193223483,0.0688600826629887,0.0742380853057302,0.0448124569829041,0.165595689276092,0.00996252362439951,0.141096851362856,0.0715801247825591,0.0415646929382473,0.0141468045617542,0.192370918281903,0.022144706077467,0.0143558437611405,0.0826889102068421,0.0904630754154138,0.0969598378226158,0.15193640422082,0.150993371416362
0.058215880888469,0.140839162513338,0.038415964795029,0.0985275539809692,0.134704778968936,0.09844912947522,0.312951464270651,0,0.142905429480229,0.214187462859171,0.0977788117602442,0.229681012474883,0.139767351307368,0.126978976199137,0.0529611912595785,0.192959390157155,0.0748990625919068,0.418394124557033,0.120176512296326,0.0481999277410063,0.175726021255417,0.130036596580844,0.365484605327847,0.350453128764784,0.0985384388490915,0.0541374474398894,0.0974668755883208,0.196335884171063,0.123884774811512,0.0776253205059382,0.0549246196898578,0.119870696696964,0.247507878299159,0.290869899525811,0.127353886607069,0.0732491599062996,0.151361071136337,0.0502021011901871,0.145700412279596,0.289996310261295,0.0833967555443713,0.0867751947981171,0.0999427084635609,0.113335147656568,0.0281448109897205,0.173063156171168,0.0771907002849898,0.151013773578997,0.250783185080939,0.189874369310286,0.0479286914653197,0.074676990685886,0.204342185939833,0.0252353014462068,0.101358098701872,0.0933075440257068,0.338189897941944,0.177619076284443,0.149262106214748,0.117304852640231,0.151870189370562,0.101590054912429,0.196294241477148,0.327238220071441
0.0334691451608173,0.0612340127534376,0.094073708837399,0.0439392452468772,0.0568523339671528,0.0632581320854681,0.174896814229639,0.142905429480229,0,0.0824098875472904,0.0274596719519662,0.188245052863509,0.106281035811766,0.0994173801972962,0.0557343805221764,0.0231673250810165,0.0970877682404327,0.254862332815694,0.106669444307213,0.154058456909968,0.156430882811984,0.0705601652703666,0.273406028558116,0.221343665874796,0.0308096918764311,0.0257241164054032,0.0190406429040474,0.0516972380760938,0.0208185118568534,0.0361993773524683,0.0475921736060851,0.0373330125072593,0.0572328926439429,0.192044454671961,0.00234163762611774,0.0317356783718575,0.0492493570542539,0.0430199020488075,0.161668435350702,0.152903593628922,0.0870367245283674,0.0372100160410689,0.104510672756429,0.095463009712277,0.0617561850189863,0.0286558219207428,0.0423783030908167,0.0468611468034274,0.146994049781323,0.138820649089063,0.105312408984148,0.0474545150147669,0.205340049670885,0.0137367044551252,0.0895004567084131,0.0500042049590863,0.157905799829461,0.0687181576504431,0.049494297579461,0.0705593785443182,0.103088282735312,0.056735978970433,0.0999662566765018,0.210566587051352
0.0322913939419567,0.0684904038996575,0.0318622668174221,0.0235576900181165,0.0413438893148002,0.0317958425849811,0.326464878566448,0.214187462859171,0.0824098875472904,0,0.061852818058626,0.178047299208023,0.0782584695383668,0.0991646208602454,0.0297555615087879,0.0975766177039132,0.0670366110354684,0.379692959543208,0.239031606958345,0.247957814277264,0.0634448478729661,0.0137213225280297,0.35867614228414,0.306964625828883,0.0995638824779126,0.0635408900788733,0.0857318628800924,0.176759416874878,0.0810364908225547,0.0457346395201767,0.0868122983469769,0.121878441061592,0.128589552681937,0.261667550596473,0.0924726216119995,0.131211253832524,0.0563630036126841,0.0288595725511536,0.0754643955389274,0.206036344349326,0.0825586200173679,0.0700254148912553,0.127901078098741,0.081810491682902,0.0292061086175668,0.113727822636092,0.0709557649536488,0.122049115332093,0.296101187799154,0.259639775753738,0.230677743569791,0.0813389691451868,0.168901905783489,0.00985616137324497,0.0597969389933029,0.0646879721556197,0.275751480713331,0.165348524942626,0.137851340672714,0.0387267713486509,0.0692510176880856,0.0361771433410389,0.0914887286771795,0.294177881381901
0.0858796692847973,0.0708862011537831,0.221856965505189,0.0866202275713888,0.0254284936853352,0.0855316991585709,0.0361706013627735,0.0977788117602442,0.0274596719519662,0.061852818058626,0,0.021471913624076,0.0191978125159013,0.12357399465733,0.168228582662991,0.0298408452350965,0.0688358077036521,0.140986957709553,0.0681515363162141,0.0456944221399747,0.0738862011097435,0.0995007839680943,0.0210720232788384,0.0163574138876881,0.0223055976055588,0.0451396269757115,0.07300265679043,0.0450089667915085,0.0396214920156713,0.0802636086362036,0.070405721660394,0.0412292300692469,0.0192877473434704,0.172178663937798,0.0230781663094832,0.0528362884424195,0.0762563653325439,0.0486887171175206,0.03085420999968,0.0148784686250533,0.0394474504385041,0.0989670896082054,0.0620216545270694,0.0642102487944006,0.168984832057439,0.146620604362715,0.0863556840633584,0.0339797252128987,0.117716960725213,0.0594886049263258,0.0442425010296621,0.0940852785805969,0.0216243716830244,0.0287122611503021,0.0156370617784903,0.0199023837973386,0.00695674669860466,0.0430336730654411,0.079429109147637,0.085052026228436,0.0688851940221777,0.0362229561973496,0.129976314301512,0.0540058232799141
0.165222885424678,0.193427319893,0.226401325072298,0.284869330030533,0.220518792403045,0.136263324410533,0.0883400690376843,0.229681012474883,0.188245052863509,0.178047299208023,0.021471913624076,0,0.123304305783276,0.265223732565347,0.132460277564099,0.127164598784583,0.106542256276248,0.010289135318984,0.045593338542538,0.0977552693342825,0.188071386045676,0.109986218705989,0.0147723564819826,0.035946136892157,0.120837049735629,0.225115237554345,0.254242551334247,0.163765969470414,0.124550048780359,0.149202943280283,0.254659786018344,0.117191733003777,0.170413749091758,0.00973559120421216,0.113373324486269,0.127455678529479,0.216346327189785,0.202948104344965,0.0649977777040959,0.0506404699135494,0.0637682289208519,0.0078137667500616,0.0424113378820128,0.278825809864446,0.285356722563757,0.208675909841377,0.310959751450896,0.110838545646102,0.0155774054589463,0.0227007770480287,0.0433108832536442,0.246671409613207,0.0227882384401654,0.0529389984380661,0.122045300055952,0.125279633375639,0.13166035600703,0.137615637274223,0.268308531671039,0.239049170411115,0.262129889446617,0.168396734783126,0.0169014559349891,0.0654785203841042
0.026291248387223,0.0439056454416426,0.0792067867647741,0.184689693213398,0.125517528037646,0.00925455387468926,0.0476266980640315,0.139767351307368,0.106281035811766,0.0782584695383668,0.0191978125159013,0.123304305783276,0,0.115474924484477,0.0815349747403758,0.0878403790073596,0.0116839308875702,0.0146494779939495,0.0191266557076941,0.0628710004033999,0.0313060373494096,0.0408305220718433,0.0973256940807795,0.0556866626444025,0.0782780513601184,0.137023529183836,0.106487124707149,0.0723707761154782,0.0608426673868511,0.0211406863528966,0.13634652477099,0.0511494060723053,0.119484701855515,0.00655744443175066,0.0186135495128043,0.0399932003781217,0.0880173158840356,0.145914281555764,0.0120201815207521,0.0278170496453673,0.0393321013880003,0.0257519131638346,0.00249510926980137,0.162240127063586,0.171627337229122,0.109281159839874,0.233304286839685,0.123775409855958,0.0145710800266455,0.0042782508855611,0.0248124730325666,0.146360531461181,0.0843345072850801,0.0526120458253345,0.0410801705903801,0.070013055737966,0.141841495758026,0.0591126443786059,0.170483892113545,0.0761465821950944,0.0813774057442036,0.0415607873078659,0.0477524148171252,0.0526640113893444
0.0126158301991035,0.0520690273281837,0.130527776608244,0.150118441457578,0.0717202978060467,0.157323422376451,0.0571325399876293,0.126978976199137,0.0994173801972962,0.0991646208602454,0.12357399465733,0.265223732565347,0.115474924484477,0,0.0543184021217176,0.0906215597279654,0.156134377663825,0.011813795199915,0.0495718666955201,0.113378974399705,0.0478565905241513,0.12660454313753,0.0650159789019565,0.0874703275277049,0.0138781571808092,0.0172451644321939,0.056968519521677,0.0382766255371489,0.0481903447606425,0.0616575374891797,0.0674484352235688,0.0348892677580328,0.0734946421803326,0.0282205662103846,0.0311177068568948,0.0551388683246412,0.0603682440183133,0.149986166063509,0.0437092893354807,0.139955098624781,0.140140124933051,0.0453717655268734,0.157393818466475,0.0449177335991611,0.186250834286279,0.167370794005455,0.2797901704189,0.038764108333269,0.0318110566954106,0.0555364445598678,0.0768337296258997,0.0565623296191585,0.0964907221470397,0.0735007572784541,0.156328282265885,0.0416456196658695,0.0793235385948768,0.020380926068627,0.113551671824602,0.0327946641301389,0.0223790184179069,0.0291911561213224,0.0668668695396747,0.0924982004172253
0.0341111861417175,0.0621839714280932,0.0783726375567055,0.0497957302309688,0.0547143552536415,0.171613973618504,0.0221332724907644,0.0529611912595785,0.0557343805221764,0.0297555615087879,0.168228582662991,0.132460277564099,0.0815349747403758,0.0543184021217176,0,0.108282552462506,0.105052412835973,0.0380227170658718,0.0526087164493512,0.0661336184555063,0.0535854793481087,0.0738485014435444,0.0231396146118229,0.0330827239165705,0.0525433611291269,0.0682954339036614,0.0344896226546692,0.0750485813711735,0.0715220510162666,0.0461716521436941,0.0552434901248226,0.00948004396221911,0.0557757309754567,0.0318839615433891,0.0429710755724871,0.0596295494776112,0.0825434552760643,0.0540936210196354,0.0511919584849072,0.094456495926852,0.114756594650105,0.0445857725496127,0.129914220606688,0.0725867783635993,0.0429702925768358,0.105385522609524,0.074182225247769,0.0763057006274086,0.0679563852836752,0.0213867658670381,0.0233986435670626,0.0519165695184395,0.0478518228594597,0.07735468392351,0.0722547678886519,0.0616782874039301,0.0427857393763334,0.0357525675750639,0.0574721472015681,0.0480582696656112,0.0452566832488283,0.0530466855986467,0.0492571287624939,0.0405440219107185
0.141861920121423,0.146371508711371,0.169713673225417,0.0687849614200478,0.0323463111047719,0.230737750884473,0.12527640959668,0.192959390157155,0.0231673250810165,0.0975766177039132,0.0298408452350965,0.127164598784583,0.0878403790073596,0.0906215597279654,0.108282552462506,0,0.1385089942622,0.0373166786998863,0.0854456069910953,0.0906171693327726,0.20574034638065,0.0266429548093616,0.0447273656939462,0.0585328865183043,0.213792978296627,0.2354522421813,0.197935760093932,0.228311690901314,0.0791286735543972,0.143759586814886,0.192803519766581,0.0700962969394651,0.01670450795228,0.00175757579984548,0.117567699595883,0.149318884727214,0.203888089033446,0.0217197503346763,0.0405578592562226,0.0442866252258741,0.0395811235474085,0.00944332582975243,0.068109782993454,0.109387567749575,0.224044417845122,0.182193075572857,0.083656378736979,0.0566633148345552,0.13109299185605,0.0679951039627123,0.0963745572675379,0.233310726143935,0.063138657022579,0.0435860665105632,0.135415970721324,0.168266825475099,0.0376275393972408,0.223418371490518,0.241363214720261,0.179648595331396,0.107871994052922,0.107112708986324,0.039208605906475,0.0122142844835712
0.103870082598677,0.0266032414568973,0.157586527138577,0.142552607584542,0.0737186038473911,0.0314881720231322,0.0106527419840759,0.0748990625919068,0.0970877682404327,0.0670366110354684,0.0688358077036521,0.106542256276248,0.0116839308875702,0.156134377663825,0.105052412835973,0.1385089942622,0,0.00878723059638341,0.001716788191967,0.0323956098706797,0.0223621804374084,0.0860699408117551,0.0217784328430123,0.0231888751671287,0.0329652056883197,0.0283027914111011,0.0790790170785591,0.0152269975503806,0.0774085888516832,0.0580387522809137,0.104250115417037,0.045883278683092,0.0828322570231015,0.0263239154977183,0.0359744509345089,0.0174129951647016,0.034975629440754,0.153203852459081,0.0161064003519308,0.0331018959992101,0.131195284268977,0.019373042053065,0.0404543015771543,0.135154609310707,0.203622789590057,0.146065395065065,0.229269559258607,0.0307853124907608,0.0192905823198862,0.0124162957060225,0.0155114132915722,0.101716349051212,0.017527015931029,0.0148628145562029,0.00933351443155625,0.019086822912861,0.073630826376753,0.015989612807827,0.125818975239777,0.0551807998071606,0.0662432772406037,0.0192639689147218,0.0499436050760354,0.0331052673160102
0.0899919860096932,0.216135619978482,0.206507611279522,0.216714938347881,0.179860544091367,0.0475162917125036,0.396976367274944,0.418394124557033,0.254862332815694,0.379692959543208,0.140986957709553,0.010289135318984,0.0146494779939495,0.011813795199915,0.0380227170658718,0.0373166786998863,0.00878723059638341,0,0.33920331127326,0.383618315246202,0.222022401806995,0.327182354594994,0.073938383933305,0.126750446430923,0.0191818189016261,0.105715413130097,0.288001603062444,0.259099228863639,0.0281083028192461,0.0622490683085878,0.223753173905999,0.0694365590080044,0.130381517896237,0.0307906123272063,0.17505435352828,0.357643024121811,0.322462117800279,0.200297927478963,0.145670950187334,0.0206938827331966,0.175505071963239,0.182727192071111,0.0681064684202106,0.0206565277808463,0.106920970204681,0.118144517729152,0.0803746943753221,0.0073469979978543,0.263274252283915,0.383334344981901,0.390177397344491,0.11276177007483,0.0810509641974103,0.195668373262886,0.00854341319448345,0.00524171610301132,0.0221720715645323,0.14057744783691,0.223611691247934,0.179383175291961,0.117788932185496,0.166987491801328,0.0644321193805019,0.200418595824894
0.036296744773759,0.0598076439314145,0.132290130307995,0.0931498492864543,0.0613486021574255,0.0209078229571803,0.0509881145339082,0.120176512296326,0.106669444307213,0.239031606958345,0.0681515363162141,0.045593338542538,0.0191266557076941,0.0495718666955201,0.0526087164493512,0.0854456069910953,0.001716788191967,0.33920331127326,0,0.0721297606830567,0.139303112082502,0.294214867169117,0.237174113526392,0.161869094265839,0.0830292113516705,0.0103780000093271,0.0228492599366195,0.0172825091185082,0.0612426890662171,0.0413296411285489,0.0338340809680575,0.0347805441226331,0.04122335411935,0.20554024734328,0.0180188497452699,0.171509055388563,0.148982993065832,0.057573830676725,0.0512226745483951,0.0819971384761556,0.0586742004474835,0.0760065975510581,0.00804377446207007,0.0411226925149038,0.0623175293654382,0.0303760366861456,0.0304591454102079,0.10098118426821,0.23496619682105,0.0207529036792112,0.0596895592768651,0.0487376413330073,0.0724223779874585,0.160480850265699,0.0173510181169143,0.0496982486623457,0.20106979512539,0.0738224682362907,0.0193311234651035,0.075363851574282,0.0451316175359278,0.0376265127786543,0.0871015018174352,0.13443122373275
0.0430975496505312,0.046752422227422,0.0976664261193758,0.0987036338382807,0.0869015525770123,0.037551655311195,0.209455403100037,0.0481999277410063,0.154058456909968,0.247957814277264,0.0456944221399747,0.0977552693342825,0.0628710004033999,0.113378974399705,0.0661336184555063,0.0906171693327726,0.0323956098706797,0.383618315246202,0.0721297606830567,0,0.122306640531499,0.254328375557417,0.302328566826992,0.246697612209288,0.0619235856485643,0.00996224553519638,0.00262116625251473,0.0327407312619556,0.0358982903361072,0.0262788539445937,0.0432568328791529,0.0327433678909087,0.0917395992468649,0.270775960502915,0.0184430522668811,0.0207280010197089,0.0743043804555307,0.0648644587509258,0.0906729603458454,0.16600885946824,0.0467136473670765,0.0566948252428211,0.0700719545474372,0.100147951410058,0.0585165967380655,0.0402579434918721,0.0221446635283097,0.0670726091639262,0.168341224293589,0.253677285012135,0.0692449624201259,0.0347706180920161,0.129891984531398,0.0401617898160124,0.0380210867949103,0.0670816275144993,0.193484036437606,0.0960040276669928,0.0174115241397631,0.0574277724817765,0.0839890972836698,0.0385419299841182,0.114446372154083,0.224110097567843
0.046692486317392,0.103893667842746,0.0657734055597125,0.217085997765943,0.203420284362182,0.0513004548916852,0.190470310767697,0.175726021255417,0.156430882811984,0.0634448478729661,0.0738862011097435,0.188071386045676,0.0313060373494096,0.0478565905241513,0.0535854793481087,0.20574034638065,0.0223621804374084,0.222022401806995,0.139303112082502,0.122306640531499,0,0.0227261631623974,0.240155828864633,0.209807480411395,0.125910864529964,0.188493003076984,0.220962159410607,0.229158425183541,0.188516563097271,0.0600163506620413,0.196548262017036,0.112153330258367,0.291255587115728,0.143689459299095,0.0837998323207591,0.157711377873137,0.119657834585483,0.202383694266517,0.0655372455625154,0.144084176604624,0.164147012151252,0.0438295666845808,0.0742425875001566,0.071743462192265,0.125658603876579,0.217367794043807,0.320452029691712,0.256670590307407,0.198701038518634,0.103701900261704,0.081920652367425,0.155247906031376,0.0821789446044109,0.0183138514148879,0.0207740927080791,0.0845069415843362,0.324198726468007,0.117278809387365,0.282707723554683,0.0424603680180511,0.0446262541408813,0.0619553137691236,0.0769906247189598,0.233277109266485
0.0251123037082712,0.0156041533987271,0.0639814290935211,0.019895876342827,0.0148250174796256,0.0259456885955149,0.254177403309024,0.130036596580844,0.0705601652703666,0.0137213225280297,0.0995007839680943,0.109986218705989,0.0408305220718433,0.12660454313753,0.0738485014435444,0.0266429548093616,0.0860699408117551,0.327182354594994,0.294214867169117,0.254328375557417,0.0227261631623974,0,0.239818246763454,0.292056675230427,0.0108126496953527,0.017498972218777,0.049897147287073,0.102632826014806,0.0204088593558935,0.0209089200058841,0.0392792710272963,0.0440709273613499,0.0976819387821465,0.299941114891073,0.0530918150718186,0.129766278700158,0.0172579901092124,0.0312827707349409,0.0259874813515622,0.157181545749347,0.140914381611491,0.159628191548737,0.162874340467499,0.0856827970302315,0.0450029356838206,0.021297284510529,0.0133049789954797,0.0412319120956686,0.28993561991247,0.28470577505054,0.271920502552842,0.018098356648614,0.0597522718817154,0.0498913661868135,0.0402160300392927,0.0358845344439995,0.157369732340388,0.0690508546854214,0.034517721030016,0.0172658728442436,0.0272705650110999,0.00956173952216995,0.090513894609203,0.305258090700218
0.0801229524573915,0.206369402321249,0.122895247045911,0.247633063131708,0.249617741562272,0.0671025162691139,0.295761094039784,0.365484605327847,0.273406028558116,0.35867614228414,0.0210720232788384,0.0147723564819826,0.0973256940807795,0.0650159789019565,0.0231396146118229,0.0447273656939462,0.0217784328430123,0.073938383933305,0.237174113526392,0.302328566826992,0.240155828864633,0.239818246763454,0,0.165320385003116,0.0529286545449776,0.194307262631522,0.295519315865555,0.238220475729116,0.0358233812937197,0.0259932960632493,0.266129875361808,0.0934506357043508,0.212297694086316,0.0308317018273506,0.174926491763093,0.295768962532195,0.316610898480307,0.247053845411117,0.182945669129403,0.0754651524901591,0.141010847157043,0.0976546178609711,0.0373176683210209,0.12102341687071,0.160089484552762,0.0892579484838144,0.17992738194326,0.12194998867628,0.186852389188801,0.215911487248293,0.280524145452286,0.154674867757051,0.141930115417118,0.074188375819132,0.0618465477582518,0.0573699740731858,0.0876452113393712,0.155096262792275,0.250118199714502,0.177461121988647,0.173991448654411,0.217434027377698,0.0686801216273385,0.153285721635125
0.0923392226527205,0.145613023055057,0.174994554718278,0.218808318785589,0.181140991233327,0.0773439826257274,0.159035095629078,0.350453128764784,0.221343665874796,0.306964625828883,0.0163574138876881,0.035946136892157,0.0556866626444025,0.0874703275277049,0.0330827239165705,0.0585328865183043,0.0231888751671287,0.126750446430923,0.161869094265839,0.246697612209288,0.209807480411395,0.292056675230427,0.165320385003116,0,0.012604070538404,0.116335668083932,0.208960074728576,0.126813411148971,0.0247920736292779,0.0389680420765129,0.207613510581403,0.0672771906395865,0.142795855591786,0.0761963315174543,0.128025799056507,0.235386808168219,0.27474732254227,0.191091322861438,0.117269046264689,0.115319000321175,0.110604280867961,0.0591196466732317,0.0141384598379911,0.107786069767362,0.163951977300535,0.0633752659505332,0.127054940164519,0.0580025060907049,0.0558719328456042,0.0987145976651893,0.217584906481781,0.121789840738596,0.095783987474428,0.0791896290241457,0.0406105451786307,0.0244483883438705,0.0994263004136786,0.0711159853019107,0.169963807102893,0.167173901856383,0.148950101903786,0.132822719756959,0.057159369853605,0.107260587311177
0.0200103348313539,0.0508853038716318,0.033703508360383,0.00995843367215466,0.0224249213123534,0.132135856168081,0.0391135460019189,0.0985384388490915,0.0308096918764311,0.0995638824779126,0.0223055976055588,0.120837049735629,0.0782780513601184,0.0138781571808092,0.0525433611291269,0.213792978296627,0.0329652056883197,0.0191818189016261,0.0830292113516705,0.0619235856485643,0.125910864529964,0.0108126496953527,0.0529286545449776,0.012604070538404,0,0.0960630039567455,0.0637297466440212,0.0962999926413258,0.0786703691116434,0.0253464571305259,0.0376455456485766,0.023640800482656,0.00754733100943798,0.0272820886214048,0.0564382416473426,0.0902983132744184,0.106779724793071,0.0191236254870866,0.0459852324378081,0.0755221325377374,0.0186101822458787,0.0456729902574246,0.00950775224336429,0.0133536017299948,0.054801948372969,0.0631528471005556,0.0691490070367681,0.0345157264988204,0.111414908179855,0.0499129557608399,0.097488191181503,0.00736748272994631,0.0804997016574025,0.0387499032367639,0.0908329386449513,0.0595309758381004,0.105671475965531,0.0279228286130691,0.0322910177082227,0.0539954457840645,0.0383382427957703,0.0482870353781825,0.0699603050457806,0.0100114750093117
0.00165355713111054,0.0824681692427268,0.0160336281787536,0.0160930702760361,0.0205493829380035,0.130659328814774,0.0334894446483809,0.0541374474398894,0.0257241164054032,0.0635408900788733,0.0451396269757115,0.225115237554345,0.137023529183836,0.0172451644321939,0.0682954339036614,0.2354522421813,0.0283027914111011,0.105715413130097,0.0103780000093271,0.00996224553519638,0.188493003076984,0.017498972218777,0.194307262631522,0.116335668083932,0.0960630039567455,0,0.0156527557613417,0.0248825228021668,0.0815949099929269,0.0369260294224167,0.0396148736132445,0.0443997869595474,0.0741580417600322,0.0641094618605423,0.0426229084676541,0.0268264947253672,0.0712820692504244,0.0276857081321114,0.0864579735246524,0.162896954426166,0.051480241762352,0.0623645635001569,0.0290399519740967,0.00941471614493527,0.105909057744488,0.119216464613233,0.2677020630731,0.175073955875188,0.0343917673386662,0.00612184507313184,0.0193755199663444,0.093160428876141,0.190639767689523,0.0586062713867219,0.142643109405483,0.0462591045247499,0.245221007536961,0.0597273110541897,0.152318672954579,0.0779221444865259,0.0601577260773187,0.0667341287261331,0.117846984530686,0.0953961402396743
0.0457815897623659,0.13335205713079,0.0325883958277315,0.0405711450515502,0.065383700832704,0.20619411924782,0.075069535573016,0.0974668755883208,0.0190406429040474,0.0857318628800924,0.07300265679043,0.254242551334247,0.106487124707149,0.056968519521677,0.0344896226546692,0.197935760093932,0.0790790170785591,0.288001603062444,0.0228492599366195,0.00262116625251473,0.220962159410607,0.049897147287073,0.295519315865555,0.208960074728576,0.0637297466440212,0.0156527557613417,0,0.0358361560379423,0.109254440244327,0.0183304314268552,0.0324651645404295,0.02371027390591,0.0894920014128295,0.186051531064645,0.0449957316690103,0.0338634806101654,0.180564389993768,0.0179760285307508,0.0941486924146295,0.254564860299062,0.0530560521964602,0.0398323356248543,0.0802428032945991,0.0528269136664452,0.0685084886004556,0.113413821312894,0.174453323483664,0.135725536694649,0.0972762816135171,0.019098410184711,0.00540593251362578,0.0560811799577215,0.223805527543511,0.0328619673014586,0.103330785268556,0.0222603794435625,0.315981778707602,0.0658432933504857,0.119917648773777,0.1611249625184,0.17060513230625,0.0765757463141389,0.176265127573016,0.161770283007113
0.0240031993770333,0.142488617648443,0.0514285254665649,0.0324836066941738,0.0403980160970304,0.104250264155799,0.0331598971335393,0.196335884171063,0.0516972380760938,0.176759416874878,0.0450089667915085,0.163765969470414,0.0723707761154782,0.0382766255371489,0.0750485813711735,0.228311690901314,0.0152269975503806,0.259099228863639,0.0172825091185082,0.0327407312619556,0.229158425183541,0.102632826014806,0.238220475729116,0.126813411148971,0.0962999926413258,0.0248825228021668,0.0358361560379423,0,0.0829401400386075,0.0311645990724016,0.0597735825881391,0.0634037558787486,0.104124250082875,0.159636898299918,0.0717003032779631,0.120462004611797,0.301404719248439,0.0107659263059418,0.122975595398335,0.14393209786163,0.0346773734271763,0.069996089071752,0.0257207697556085,0.019220354391812,0.0822412018496137,0.0724564634626038,0.139820791781951,0.160482893384092,0.0590903702835406,0.00264923856199804,0.051195923564675,0.0938352573967952,0.159329412018892,0.091382409323044,0.0619550882847369,0.0424722931814816,0.269776424727203,0.0996619158110988,0.0816213068462682,0.131150795281259,0.084612736677088,0.0856617115630535,0.165111362618353,0.149134853832333
0.0776625364454311,0.0735503745254805,0.103479614349241,0.0484148767098426,0.0207787600257292,0.149829500409858,0.0337278066781121,0.123884774811512,0.0208185118568534,0.0810364908225547,0.0396214920156713,0.124550048780359,0.0608426673868511,0.0481903447606425,0.0715220510162666,0.0791286735543972,0.0774085888516832,0.0281083028192461,0.0612426890662171,0.0358982903361072,0.188516563097271,0.0204088593558935,0.0358233812937197,0.0247920736292779,0.0786703691116434,0.0815949099929269,0.109254440244327,0.0829401400386075,0,0.025168604126585,0.0996728289388823,0.033563666010208,0.021322691287974,0.0644928592382077,0.0705542665316425,0.111755335449805,0.166561702927262,0.0355566468772403,0.0364457025888553,0.0888644811979965,0.0484378927181703,0.0280132644102213,0.0350529004970651,0.0528792433853578,0.101240333942678,0.0485279063122418,0.0212003058278257,0.0162632332134759,0.0510313087107261,0.0170062939078613,0.0515320211918647,0.0945913037929461,0.0600501558928451,0.011737282113268,0.0874500068738642,0.040712391419483,0.0469035257061221,0.0753708934646701,0.0684242995630624,0.112545059458113,0.066333302075116,0.042252576074252,0.0456464704591561,0.032175984499217
0.0269645581213036,0.0187020002446946,0.0283779914536869,0.0541614461902756,0.0294472626087076,0.124797717873623,0.0122591186226222,0.0776253205059382,0.0361993773524683,0.0457346395201767,0.0802636086362036,0.149202943280283,0.0211406863528966,0.0616575374891797,0.0461716521436941,0.143759586814886,0.0580387522809137,0.0622490683085878,0.0413296411285489,0.0262788539445937,0.0600163506620413,0.0209089200058841,0.0259932960632493,0.0389680420765129,0.0253464571305259,0.0369260294224167,0.0183304314268552,0.0311645990724016,0.025168604126585,0,0.0440775315918337,0.0248529483936872,0.0958004055635061,0.0719524094308855,0.0127568936049171,0.0366095851098441,0.0839021415107196,0.0673885957760095,0.0183321054714173,0.0647372514204889,0.113287273337838,0.0243101441727331,0.0589768334572478,0.043482933315302,0.0861429167572658,0.043027569846453,0.143548200608488,0.0427438059442553,0.0410054153172041,0.0132982304261237,0.0188134346495252,0.10897064297633,0.0293828380717321,0.00446217563310916,0.0418974734275287,0.020031984495526,0.0809017715260453,0.0572884048138706,0.0584401680077467,0.0705333616892909,0.0303055792654558,0.00689502283399386,0.0518920506589801,0.0851538720164905
0.0392901475902234,0.131239658182538,0.008347226611292,0.0242816701086974,0.0729603636243767,0.173693018231187,0.0848156991902188,0.0549246196898578,0.0475921736060851,0.0868122983469769,0.070405721660394,0.254659786018344,0.13634652477099,0.0674484352235688,0.0552434901248226,0.192803519766581,0.104250115417037,0.223753173905999,0.0338340809680575,0.0432568328791529,0.196548262017036,0.0392792710272963,0.266129875361808,0.207613510581403,0.0376455456485766,0.0396148736132445,0.0324651645404295,0.0597735825881391,0.0996728289388823,0.0440775315918337,0,0.0501409262678199,0.118050965337993,0.151520978114906,0.0680534746041979,0.0211943270408571,0.166196366699977,0.0518798500136253,0.116500752254071,0.241904278285129,0.0888234648783814,0.0599434856881128,0.0697703237322098,0.0589986568849208,0.0488818332608326,0.116994715690021,0.193081110774287,0.095316808235487,0.0882685614272201,0.0479211851280159,0.00846423280724138,0.0584555860853929,0.197216671183498,0.0228450822900306,0.138939989685164,0.040635933448115,0.26756474688454,0.078138171472099,0.142199259151493,0.15548796900279,0.165267568926232,0.0912920227314768,0.143748781690878,0.17648623991976
0.114806147748203,0.0998490622771846,0.0293614815826081,0.0582017932051268,0.051440659588949,0.100450589837263,0.0362165525997898,0.119870696696964,0.0373330125072593,0.121878441061592,0.0412292300692469,0.117191733003777,0.0511494060723053,0.0348892677580328,0.00948004396221911,0.0700962969394651,0.045883278683092,0.0694365590080044,0.0347805441226331,0.0327433678909087,0.112153330258367,0.0440709273613499,0.0934506357043508,0.0672771906395865,0.023640800482656,0.0443997869595474,0.02371027390591,0.0634037558787486,0.033563666010208,0.0248529483936872,0.0501409262678199,0,0.040225306155841,0.0569276181864151,0.107116951344969,0.0952702316253784,0.184115133564422,0.00903790534480268,0.076125404447645,0.101592848946074,0.0297778439011095,0.0247093114251209,0.0303850440128437,0.0354156060702771,0.0241456965906833,0.0154696863334393,0.0244857363128522,0.0284995754084382,0.0482165725237939,0.0248511256306675,0.0501917898005365,0.038969959211364,0.0931307189592943,0.0165445446806028,0.0688914818196538,0.0122247832872436,0.0998606428192921,0.0249737131682528,0.00763804552938509,0.0682729972216654,0.0752155833464449,0.0553463273875919,0.0969979234683146,0.041955065769823
0.102193587813075,0.265128371460822,0.174531721672294,0.19865894253883,0.174564186562298,0.118267143583301,0.140580385162945,0.247507878299159,0.0572328926439429,0.128589552681937,0.0192877473434704,0.170413749091758,0.119484701855515,0.0734946421803326,0.0557757309754567,0.01670450795228,0.0828322570231015,0.130381517896237,0.04122335411935,0.0917395992468649,0.291255587115728,0.0976819387821465,0.212297694086316,0.142795855591786,0.00754733100943798,0.0741580417600322,0.0894920014128295,0.104124250082875,0.021322691287974,0.0958004055635061,0.118050965337993,0.040225306155841,0,0.103489499901522,0.128438162106915,0.138676066291398,0.217296385349885,0.0464457645737049,0.246375104344391,0.149289006887118,0.0319111574868355,0.0378137847125387,0.0441006856620135,0.0754025444560828,0.0983085159616694,0.0655375298844058,0.0937769674130494,0.00734374382562512,0.0159638685506498,0.0507199748725352,0.0870218024261319,0.0918772279412985,0.239855008574064,0.0274021069816433,0.126633990584217,0.0229778317914003,0.128329119363676,0.108393002911839,0.119338773462322,0.164502902655395,0.166065052340441,0.156959452589132,0.148602029704903,0.111165013827073
0.0749308879171585,0.156861947038386,0.215148973974059,0.173515106825274,0.129746428139907,0.043657407647518,0.223499335720102,0.290869899525811,0.192044454671961,0.261667550596473,0.172178663937798,0.00973559120421216,0.00655744443175066,0.0282205662103846,0.0318839615433891,0.00175757579984548,0.0263239154977183,0.0307906123272063,0.20554024734328,0.270775960502915,0.143689459299095,0.299941114891073,0.0308317018273506,0.0761963315174543,0.0272820886214048,0.0641094618605423,0.186051531064645,0.159636898299918,0.0644928592382077,0.0719524094308855,0.151520978114906,0.0569276181864151,0.103489499901522,0,0.0940106972661783,0.252522019886015,0.230872470950141,0.161657446423651,0.096543369334394,0.00595466255326712,0.182343231606973,0.11655453449002,0.076101900436018,0.0348273121234568,0.101295355279325,0.131941755468482,0.0846933966366541,0.00549185495352475,0.108881203610561,0.234918593886899,0.261046513532551,0.0951758956018964,0.0365516583966929,0.171690385314426,0.0149980391620383,0.0148961829849834,0.0175878916910202,0.103645419884888,0.151397615560051,0.107477730492404,0.0834558314069051,0.0997955464875639,0.0102584417277398,0.223979650696327
