0,0.0453913481412466,0.0255509772953799,0.0439311588434085,0.011626508474077,0.0339521784443513,0.0369442110456123,0.0385209617691201,0.0322328638616109,0.0524284474273683,0.0512321059714609,0.0278503914584622,0.0241256846710249,0.0427835099269855,0.0324427977208526,0.0558674912164863,0.0379634468839865,0.0246747082990926,0.0190346498605828,0.0208782567543908,0.0198472724562862,0.0448854865773382,0.0543366209868927,0.0638125578331097,0.0405757830947999,0.0758892393042914,0.0684788179285247,0.0378755979443692,0.0285598885089183,0.087685791492701,0.0328994241514906,0.021353972875683,0.038995431095115,0.0297378265605277,0.00700172277293583,0.0242857962212577,0.0225734059608916,0.0235301297364128,0.0306920940471036,0.0500522388126882,0.0126159753160791,0.0289553325776527,0.0384901434193727,0.0354915223415612,0.0406262532639923,0.105651163653971,0.0806032447777441,0.0344709859116962,0.00634514609989942,0.0139243667902966,0.0140267008029842,0.0341310022867285,0.0639073703099993,0.0752612472823594,0.0378826837188877,0.0462113562824651,0.0486561267600885,0.0441341876311627,0.0562673277145423,0.0316979171831675,0.019176635005943,0.0172071095369248,0.00943907521930836,0.0764305613386197
0.0453913481412466,0,0.0811385188228471,0.0237742977925004,0.0704170029156249,0.0419313307067611,0.0878235225295112,0.0520336325294878,0.0448679754577444,0.0892403514112836,0.0315304450538353,0.0951984748437166,0.177381322638802,0.0631862246269369,0.0835123012690555,0.119502505201261,0.0935134550324749,0.0373286388380716,0.0631736679780679,0.0730552440572192,0.0404514750993579,0.0770136087292235,0.10392122019817,0.12909237569125,0.0878528421767471,0.108247152237943,0.0111206163021062,0.0357268989084386,0.0621047519061908,0.0867202220662036,0.0118392176092846,0.042668645491184,0.0571493797623055,0.00808962305827409,0.046884846045655,0.0287569680089476,0.0313660723577754,0.0227596681987826,0.0202633225216134,0.0996195080711437,0.0804389233053023,0.0684884959842646,0.0690575528233721,0.091349866848519,0.0488578092152484,0.119959386299336,0.093747589988936,0.132603672946425,0.0625834864582018,0.0431541274658466,0.0961506742729595,0.0818779685027448,0.133129054726647,0.058689301253118,0.0539606659206282,0.0932754516013191,0.106077672094766,0.0705801437037766,0.0540638213525427,0.0538535161139915,0.00697361280129845,0.0321903590353264,0.0158941313549487,0.0837800221072553
0.0255509772953799,0.0811385188228471,0,0.0624826794742149,0.0569193761035393,0.0302707041171709,0.0424950644029098,0.049460003226296,0.106959691597403,0.0820639551251588,0.0416104464233479,0.0317731191210861,0.095574550438792,0.0714118088739844,0.0469777444178088,0.140995280350313,0.16115156942189,0.068200802767515,0.0827184667786229,0.0772682383222477,0.0144695749191159,0.0973379020880208,0.0804491992177071,0.0262229758112615,0.0896832652556059,0.0799001908751098,0.0397733855334326,0.0601149373579357,0.0634852127452905,0.0843149620956794,0.05414589678751,0.063294544638768,0.0529689651238778,0.0577527909744661,0.0188945673750516,0.0991842820814387,0.0625492460293434,0.026091685354642,0.0567617497538801,0.0343141950293163,0.0432636811661632,0.0248259589057141,0.0586336913012548,0.143063329508117,0.0699861038129668,0.0697605556025141,0.147758773500706,0.148611101477701,0.0336547749210053,0.0262670331000233,0.0519819248054685,0.0632041499151145,0.0386349641081589,0.111916049130778,0.102294911582817,0.0966411744989844,0.118719472122808,0.0600170548623432,0.0463128354804285,0.0432005643482156,0.019842044429553,0.0321900583361533,0.022325257315232,0.0411071032016751
0.0439311588434085,0.0237742977925004,0.0624826794742149,0,0.0460719154221025,0.0257399438214776,0.0720935334582557,0.0111986292615958,0.00986466621702091,0.0732218826013534,0.0373764627722535,0.0436961668798012,0.100218669133939,0.066394971219847,0.0739475948844311,0.0972932487425192,0.0670982585065106,0.0132068772111048,0.00925232699805804,0.021521246233279,0.0289195972287255,0.0523998679762475,0.0858470879569091,0.0729355775923704,0.0671293073124725,0.0477266178841823,0.0263192735615816,0.0419679026362667,0.0325278597432524,0.0730189724633602,0.0411769061583446,0.0508298217997894,0.0387962337251877,3.89821344988252e-05,0.0180554964387878,0.0134725292190056,0.00941636975179995,0.0135001896970852,0.0131927947474905,0.0588820618282639,0.0197058379849666,0.0560584082495295,0.0521474647099383,0.0798708964683664,0.0505609524473424,0.0941887817535011,0.0814210123400517,0.0831014250317548,0.01599172236199,0.0193626352957909,0.0249590594527385,0.0844427974576944,0.106214207352236,0.0501409575670283,0.0556354731620382,0.0859075637392226,0.0874653820071247,0.0785152574203562,0.0621171173031958,0.0294350191946419,0.00371693149850836,0.0268014067925662,0.00581469601601485,0.0584278695663176
0.011626508474077,0.0704170029156249,0.0569193761035393,0.0460719154221025,0,0.0156819840311429,0.0746286394737231,0.0274003834207746,0.0279045883565591,0.0520715540817573,0.0349080010277249,0.0429708119027065,0.0394294248906114,0.0736475176596444,0.0677530145737396,0.122890471236358,0.0599243372063471,0.0234334532552942,0.0150613577074862,0.0301732880633026,0.0277955970036062,0.0405770100144882,0.0605091051495127,0.0701897368040231,0.0605558710244034,0.0837385542521723,0.0390589617120162,0.0551907481326387,0.0496924729693607,0.102685192435896,0.0227654849809422,0.0391342897804245,0.0389726048626082,0.0306454709988755,0,0.0116414726401273,0.0232544464022105,0.00506979978274879,0.027707250216302,0.0752405519383332,0.0173734914674678,0.0341747687153027,0.0614268588546009,0.0752768765485574,0.072052259547821,0.102840234580462,0.119163896580266,0.0649669720410639,0.0156517721453544,0.0273469054013583,0.040989812991237,0.0438337695195532,0.0982915185890955,0.05416678482568,0.0748778333087115,0.0504625721598812,0.109189106978461,0.0644555572887375,0.0661648900636636,0.0284390941541506,0.0161114257331924,0.011287383266358,0.00117610294826439,0.0632096764425178
0.0339521784443513,0.0419313307067611,0.0302707041171709,0.0257399438214776,0.0156819840311429,0,0.0399265203004194,0.038727382429445,0.033914529326182,0.0143440432404192,0.00809872169301307,0.0386575301763702,0.0376965395655318,0.032669333425074,0.0108979607330813,0.0285160713801446,0.0625946457481572,0.0659420915551394,0.0653088608248175,0.0209620193219549,0.0211194927479934,0.0318415647731065,0.0205991947930776,0.0155005965965281,0.016126629706494,0.0412753519804522,0.027058699576196,0.0245336046776518,0.0250649137166291,0.0259235529264899,0.00633625323099379,0.0315427713823379,0.0406988577850136,0.0432782025756635,0.0648964795615369,0.0649446527426305,0.0264789708729637,0.00968144570254493,0.0698209820952609,0.040147545410273,0.0752495642278687,0.0242659784817482,0.0042975794463626,0.0210798331304434,0.0150265574763207,0.0151709566343195,0.0191688903001982,0.0269510339397132,0.0363497943702112,0.0425224270378807,0.0482168582309162,0.0364185669877352,0.013747094054506,0.0432020442610088,0.0353976365959294,0.0186852066996809,0.0313010436479511,0.056044964110344,0.0167454686436436,0.0263869436813502,0.0155810870465994,0.0206051998633386,0.051189394153257,0.0257778944388959
0.0369442110456123,0.0878235225295112,0.0424950644029098,0.0720935334582557,0.0746286394737231,0.0399265203004194,0,0.0635186433952503,0.0463316599312849,0.0634838017530551,0.0526474603365572,0.0796041086919298,0.203346506546717,0.126293464109629,0.0545087463832799,0.180565181258237,0.283618080978184,0.137012397483857,0.0766024114984646,0.12397481082848,0.0855378903997479,0.131443621286025,0.081135316677343,0.046834254534956,0.11399880927621,0.0148069130852119,0.0708672148181871,0.0812756142148398,0.0162094461669648,0.101395144423898,0.0587340760436164,0.0747976287834977,0.113561106671169,0.0249106192374564,0.0344454207446719,0.0328722604563118,0.031224714168065,0.0103327779815892,0.0447283514509476,0.046530593764944,0.107708520929244,0.0860232517684332,0.114364574484364,0.189807105073848,0.0808392042478146,0.060149033900026,0.117275815917489,0.30504752815678,0.0577438539407842,0.0727991764257494,0.161175066758069,0.0702200963009663,0.0327323013487289,0.124760559273943,0.203578441857985,0.226778534711966,0.114603288363226,0.0823485261039575,0.0426865950366917,0.0867062753461377,0.0527637886465952,0.0827131806062633,0.0482665566374974,0.0716613773678544
0.0385209617691201,0.0520336325294878,0.049460003226296,0.0111986292615958,0.0274003834207746,0.038727382429445,0.0635186433952503,0,0.0223228777760893,0.0178725854957117,0.0198860031878716,0.0107432621207311,0.0540874391712634,0.00111866436129809,0.0246104558288382,0.109595720445101,0.182714834867282,0.188255917472739,0.023964384450897,0.0247673612368189,0.0677059812013959,0.103490577763516,0.0479171794661576,0.0304947163199739,0.0554642850052405,0.0585820048045844,0.0458095632490729,0.0636533134449109,0.0196559861721307,0.0487118859779152,0.0112568008504238,0.0852352100875576,0.0660649007774737,0.156036502628591,0.0345042903133874,0.0292199037022813,0.0305290250386485,0.0274483251411101,0.0704652440573868,0.0181733880387141,0.00987316072448172,0.0448005301316521,0.0130183015041399,0.0330878808470445,0.0152874852187886,0.0469375975859351,0.0340379495938982,0.167926709231868,0.0778483449045822,0.0743062257021869,0.0140109698718923,0.036325842721484,0.0252841943840231,0.0649062457494089,0.0656079775117489,0.110046402351033,0.0353421845970087,0.0644260757337008,0.0265740978322601,0.0323746996133146,0.00272838584856087,0.0519178267898136,0.06337320166035,0.0622515943206101
0.0322328638616109,0.0448679754577444,0.106959691597403,0.00986466621702091,0.0279045883565591,0.033914529326182,0.0463316599312849,0.0223228777760893,0,0.0125658278320835,0.0211066823954319,0.0408751982496179,0.0279027786635772,0.0434736480739648,0.047767901645889,0.0689863658915015,0.0962173201559338,0.0906133227716685,0.0423291199388009,0.0271718251265655,0.0437546262176686,0.027532463248902,0.0546189497938483,0.0407281819705052,0.0393726878621853,0.083855604683303,0.0624852264764026,0.04530849054095,0.0561528601669168,0.0806356910134511,0.0245337244926274,0.0421985888069883,0.0412029571921969,0.0347060127286535,0.0599187026472356,0.0353819509572131,0.023784315577172,0.00710513478033228,0.0554370119998973,0.052759032084758,0.0255680017744934,0.0687929098126304,0.0269819874578848,0.0310709507902324,0.0214549246207453,0.110691170420915,0.0877956959933452,0.09419499036188,0.0691304976268656,0.0749557502429723,0.0617887822689323,0.10442850654513,0.0839607843210595,0.0470623518352758,0.0327995926725214,0.0346420061042149,0.0661673230628588,0.0651133418934825,0.0357539361728267,0.0172911854402905,0.033544980354566,0.0142374427250011,0.0555713827770796,0.0388590592828802
0.0524284474273683,0.0892403514112836,0.0820639551251588,0.0732218826013534,0.0520715540817573,0.0143440432404192,0.0634838017530551,0.0178725854957117,0.0125658278320835,0,0.0211432781006604,0.00651025950227909,0.0631709617414466,0.0688515944408481,0.0419251555065145,0.083329585351966,0.140897663991578,0.134791660855108,0.0599473674636758,0.0235466934234364,0.0599819985750205,0.0403035830292011,0.0166327176795259,0.00905508513644273,0.0672688626497079,0.0744042014446656,0.0959184519081669,0.0902279962516134,0.0174553875792009,0.0718021325502332,0.0265077753906707,0.0464782180387826,0.0436680663700996,0.0734962504107366,0.0703233770675466,0.0503949168774255,0.0556298100513312,0.0289535706227426,0.0387094731391254,0.00272434285584264,0.0528134135824945,0.0388623217627531,0.0295966829328059,0.0850131922424264,0.0410585104842071,0.0480207756247917,0.0920267255690476,0.172924955212884,0.0923359583429756,0.0850677156874328,0.0669618945195273,0.0673590645437116,0.00943157580980778,0.0449247294225748,0.0521182176751027,0.0568786522764073,0.0639763013320656,0.0834467148708155,0.0452705688340794,0.0431646457387574,0.0288574808803438,0.0108089834299503,0.0744641850523338,0.0406229132634523
0.0512321059714609,0.0315304450538353,0.0416104464233479,0.0373764627722535,0.0349080010277249,0.00809872169301307,0.0526474603365572,0.0198860031878716,0.0211066823954319,0.0211432781006604,0,0.0165661278691431,0.0237782854659247,0.0231645635690437,0.00847902811860471,0.00953369836815112,0.0714792525968453,0.0952806087242243,0.0527404804620705,0.0659833571064727,0.0074512628843264,0.0253807086913922,0.0202971535352519,0.0124778443611521,0.027947587665046,0.0498438395284729,0.0256214761039473,0.0314879791457969,0.0193480454141794,0.0317569933399408,0.0286436415368901,0.0395159171728208,0.0151560918434676,0.0652784934286411,0.0290223661318047,0.0298565257421947,0.021075585298403,0.0150729924802741,0.0435591112353041,0.000694969830279859,0.00999302222511485,0.0636872370573371,0.0114670586007754,0.0504379540857052,0.0110791427632323,0.00200468758551886,0.0305347270188555,0.0697060235542953,0.0640516105804002,0.0886692498373239,0.0591315223655372,0.0223959934174915,0.0030201980221986,0.0837692544695432,0.0189996790379132,0.0247339483401466,0.0107032180058269,0.04225554641138,0.0219371321303425,0.0108114524335836,0.0019074704206919,0.00924787353846024,0.0337082627540621,0.00637947131989248
0.0278503914584622,0.0951984748437166,0.0317731191210861,0.0436961668798012,0.0429708119027065,0.0386575301763702,0.0796041086919298,0.0107432621207311,0.0408751982496179,0.00651025950227909,0.0165661278691431,0,0.140603792173686,0.0261161013928031,0.0251372558486821,0.159975417319852,0.209481125258554,0.151639528788541,0.021374056008812,0.0272472360431986,0.063747491620173,0.109565866076043,0.061348568093335,0.0356944398525104,0.0611930462606837,0.0730827060681688,0.0936779727010717,0.0840282796582535,0.0258575131257657,0.0853306605370966,0.0163645380618464,0.101652558538351,0.058757934886993,0.125275592897845,0.0231440422563002,0.0223342396437913,0.0445708197242076,0.0300943413933898,0.0445481737127214,0.0200016294968393,0.0237691832680623,0.0407715523631505,0.0194783567525034,0.111584383692493,0.0577512898697324,0.0668377236745075,0.097122973167207,0.213011346707564,0.0441026015621136,0.0485915356452128,0.00413598471853925,0.0413953409612298,0.0218753143206259,0.0825728471090453,0.160825870909468,0.1378997946762,0.0812379456405878,0.051608038284086,0.0638756835113313,0.0705308725155983,0.018776805741324,0.0393918157139665,0.0412576149688606,0.0719949476732543
0.0241256846710249,0.177381322638802,0.095574550438792,0.100218669133939,0.0394294248906114,0.0376965395655318,0.203346506546717,0.0540874391712634,0.0279027786635772,0.0631709617414466,0.0237782854659247,0.140603792173686,0,0.0813875993508165,0.106688647443437,0.271535012285809,0.219501042039909,0.123435245586631,0.0486718683695272,0.0504300165010597,0.0098996206354003,0.0578671224413332,0.211355541592965,0.218289688354211,0.136785501267041,0.231984962215709,0.162351593181211,0.21628335982028,0.130678190551022,0.210179591814606,0.0176508292023461,0.168454917238288,0.123026540244497,0.0908361029801488,0.0514999215234567,0.0572651465176661,0.0354818540913114,0.0271363900627682,0.0604631464118797,0.131917233425281,0.0351618860204711,0.0952899881408055,0.040540507716038,0.150571318773558,0.166496824199394,0.250466490155882,0.267862831138544,0.239723145541669,0.106589023766119,0.0827121425386113,0.0620974639365341,0.0826092451868075,0.208956390509273,0.055462791694712,0.112036911556939,0.130618780577466,0.210820521764616,0.171139322099295,0.227559708182758,0.0372814522074047,0.0207020905854383,0.063197392913746,0.0694580761397135,0.0875406607920436
0.0427835099269855,0.0631862246269369,0.0714118088739844,0.066394971219847,0.0736475176596444,0.032669333425074,0.126293464109629,0.00111866436129809,0.0434736480739648,0.0688515944408481,0.0231645635690437,0.0261161013928031,0.0813875993508165,0,0.0615953598759177,0.185074246540062,0.131273623331619,0.124757363073147,0.047935328959919,0.0363068862481358,0.0351847081342253,0.108569674155659,0.186066418673427,0.121728950471813,0.102755355687774,0.0823169303038185,0.0884846735906018,0.0878917461891219,0.0190059408038817,0.0494081913849889,0.00788875229937081,0.0979900224982885,0.100306617699042,0.11682637291213,0.0428030711049744,0.0518803384032946,0.0386547639173019,0.0160007730643879,0.0198666965838993,0.0541203481188787,0.00807081486821374,0.0724212378125701,0.015616683589321,0.0718714499373019,0.0430562393336848,0.14155548837676,0.0694787271664669,0.138180689913797,0.11429982559517,0.0709202091837694,0.0359658781041135,0.0731315652983605,0.113545953029137,0.0424935800853867,0.0834561462482894,0.059377308064959,0.107117502676907,0.0855238209551757,0.0864073495638679,0.0575715617246223,0.0319932118358844,0.040433406210998,0.0439255968012481,0.067105181226692
0.0324427977208526,0.0835123012690555,0.0469777444178088,0.0739475948844311,0.0677530145737396,0.0108979607330813,0.0545087463832799,0.0246104558288382,0.047767901645889,0.0419251555065145,0.00847902811860471,0.0251372558486821,0.106688647443437,0.0615953598759177,0,0.0935845527875053,0.148941634846536,0.0950242172785472,0.0765446132535295,0.028864004802692,0.0318552712235387,0.0198671072316841,0.092263860117664,0.0394207415371937,0.0592798974447645,0.0810644792482696,0.0727370375574844,0.0825052270154656,0.0353163917806577,0.0589221729355498,0.0270905809760317,0.057003404459278,0.080110809392494,0.0706559798652403,0.0323180340264875,0.0729324409394327,0.0321554948446139,0.0294351905023383,0.063478214435358,0.0252938773599318,0.029291531228485,0.0848323410088518,0.0108567211604752,0.119341636266734,0.0335805629095666,0.0444966843162796,0.0827348829403608,0.153437328064629,0.0731577365560992,0.0748509040055406,0.026874532602373,0.06238400599708,0.0409277418406534,0.062922057080506,0.035303519638926,0.0701133008372917,0.0610918334668006,0.0787925823550821,0.0477306987746013,0.0455548916166218,0.0324464560745337,0.0169742635530804,0.0513566996385584,0.014686000621002
0.0558674912164863,0.119502505201261,0.140995280350313,0.0972932487425192,0.122890471236358,0.0285160713801446,0.180565181258237,0.109595720445101,0.0689863658915015,0.083329585351966,0.00953369836815112,0.159975417319852,0.271535012285809,0.185074246540062,0.0935845527875053,0,0.173322812812049,0.150304311064535,0.1679973666668,0.133115709271647,0.0463296652335721,0.0160390220963835,0.236750856162724,0.228570447637267,0.0285485381808801,0.174923228822628,0.106092932487562,0.13811913236491,0.0332764737366638,0.065417961154718,0.0312129615803183,0.0904073461448344,0.0686805077673818,0.158871604536674,0.107965677034473,0.116934512352943,0.0809550888914489,0.0530795744501517,0.0418094594264979,0.157181704587141,0.129358994522084,0.164866299100093,0.109984154465989,0.248883924299012,0.0114538684508342,0.188659673774557,0.0385697799977377,0.198214733945556,0.197463738514343,0.195489428402288,0.177477436883207,0.1281432014829,0.152078619085298,0.106099631316922,0.104949604990532,0.124032518244526,0.123621144126805,0.113138651494966,0.0726497832718849,0.0677776137289515,0.0503997046491077,0.0243634618128336,0.114617389434431,0.0409280974494169
0.0379634468839865,0.0935134550324749,0.16115156942189,0.0670982585065106,0.0599243372063471,0.0625946457481572,0.283618080978184,0.182714834867282,0.0962173201559338,0.140897663991578,0.0714792525968453,0.209481125258554,0.219501042039909,0.131273623331619,0.148941634846536,0.173322812812049,0,0.14697874029879,0.241546820349101,0.242673396445874,0.0727126190294816,0.0924791816004546,0.137749076511242,0.200991314239789,0.0674750671513161,0.356643631438075,0.0637536366714426,0.153374316435637,0.0764131053083645,0.0814016981059771,0.0118588325674922,0.0811764864777941,0.0324024203222942,0.148151480802928,0.135489266897702,0.131426793966009,0.0546434722224177,0.0428742609565807,0.036746936504208,0.200127833385286,0.232622054970805,0.197315174796928,0.123093917037014,0.152233539781264,0.0385760763926979,0.155892873253711,0.109820214507078,0.0941005937362944,0.278021808871083,0.252157154882915,0.276172375856556,0.150709746206595,0.158417301103919,0.130301195231352,0.103720715162989,0.136662779026277,0.164414536783763,0.107452310773466,0.0507415341303128,0.031643243227411,0.0242842042096649,0.0161560992581195,0.143559727679304,0.108642985686343
0.0246747082990926,0.0373286388380716,0.068200802767515,0.0132068772111048,0.0234334532552942,0.0659420915551394,0.137012397483857,0.188255917472739,0.0906133227716685,0.134791660855108,0.0952806087242243,0.151639528788541,0.123435245586631,0.124757363073147,0.0950242172785472,0.150304311064535,0.14697874029879,0,0.189025306959283,0.254888863200202,0.0491673601808232,0.122587364592696,0.0642082048975127,0.0617815270081784,0.0995370001856575,0.228056689858766,0.0231830863640142,0.0221452962071849,0.0459693092946943,0.0378833313830301,0.0142449248086486,0.00982477913522533,0.0627380694907936,0.0534650267972966,0.0600446644834681,0.0721066167398396,0.0145789091707218,0.0044393872189864,0.00867945162834158,0.103703467145094,0.22190675620933,0.165355210854555,0.135044551710544,0.0876024741997507,0.0462560071647216,0.067548787796691,0.0803949015270114,0.130267790318257,0.204516640780576,0.262301595975216,0.301336196393537,0.0788275447348621,0.0609754687992925,0.136705966811356,0.115604934765714,0.134629184867267,0.113208678133756,0.0225279432388685,0.00517031056275527,0.0328716945772236,0.0128657929680591,0.0199144301028845,0.0610541714036823,0.0787031188138276
0.0190346498605828,0.0631736679780679,0.0827184667786229,0.00925232699805804,0.0150613577074862,0.0653088608248175,0.0766024114984646,0.023964384450897,0.0423291199388009,0.0599473674636758,0.0527404804620705,0.021374056008812,0.0486718683695272,0.047935328959919,0.0765446132535295,0.1679973666668,0.241546820349101,0.189025306959283,0,0.0494676816679705,0.0247394194941633,0.135742583685091,0.0804142037806335,0.0553063655277814,0.130452586796761,0.0819690922792998,0.0417575842390227,0.0860281688573905,0.0521215690647923,0.120797971650543,0.0209931244265448,0.116400726284208,0.120422875669601,0.101924195937703,0.071432337539248,0.0344093377302707,0.0270520448388502,0.026128094860682,0.098810943850113,0.0315026876220501,0.0380888262433117,0.0490977223833646,0.051789951002622,0.0662648649037116,0.0618165977829886,0.0949459287372429,0.109814518409243,0.200670699704085,0.0835466592036273,0.0367301911663012,0.0335860831430511,0.0743617281418165,0.0653395152299998,0.0893831933914613,0.0519573263204497,0.124960228398642,0.112845432037889,0.122489509298173,0.0577928912693023,0.0225199083461259,0.0048564270025014,0.0603919951314305,0.125931404551188,0.0776818859562407
0.0208782567543908,0.0730552440572192,0.0772682383222477,0.021521246233279,0.0301732880633026,0.0209620193219549,0.12397481082848,0.0247673612368189,0.0271718251265655,0.0235466934234364,0.0659833571064727,0.0272472360431986,0.0504300165010597,0.0363068862481358,0.028864004802692,0.133115709271647,0.242673396445874,0.254888863200202,0.0494676816679705,0,0.0487819728584573,0.10426874106553,0.0662136026651555,0.0374976333779418,0.133570402543366,0.123867051001078,0.0797480502379076,0.104181554375702,0.0375049535408728,0.1003370707363,0.0294400007737088,0.105865538064291,0.140363692669518,0.181461726226073,0.0979476258656881,0.0726454935188476,0.042006362975446,0.0147479630534145,0.110748900211243,0.0188212267185322,0.0267776684526884,0.0371853352047236,0.0498357191344127,0.0573886393879625,0.0579602144448872,0.061494989812227,0.0825851572187307,0.200501185477685,0.142270976547462,0.171444796248823,0.03480862710203,0.0415280783678771,0.0265465916636791,0.0949557494692055,0.0793283154942376,0.105941220994043,0.0672439855081242,0.125664988302711,0.0558378518275544,0.0287835017153568,0.00709783108914362,0.064402627190867,0.130264938630834,0.021447162491138
0.0198472724562862,0.0404514750993579,0.0144695749191159,0.0289195972287255,0.0277955970036062,0.0211194927479934,0.0855378903997479,0.0677059812013959,0.0437546262176686,0.0599819985750205,0.0074512628843264,0.063747491620173,0.0098996206354003,0.0351847081342253,0.0318552712235387,0.0463296652335721,0.0727126190294816,0.0491673601808232,0.0247394194941633,0.0487819728584573,0,0.0311145666415054,0.0645138893468448,0.0493817351702683,0.0365850609587282,0.0764252598416806,0.0813610745375688,0.0644977045670369,0.0277733204096364,0.0347696827062302,0.0062139744463664,0.062959467669333,0.0279368810940858,0.0475771828590963,0.023069584662188,0.0228023860297666,0.0319693614068856,0.0176073126088395,0.0341332060591163,0.0519714987806137,0.0331773064576566,0.0447762175842752,0.044526538237941,0.0151632631830276,0.0335090867619862,0.0445001187503916,0.0449774353136107,0.0522072766074914,0.0689600054452537,0.0476211919004522,0.0363517735342544,0.0169330689872234,0.0376674102263914,0.0151756761832343,0.0573608270589776,0.0257357356740879,0.0274965465001389,0.041807041612833,0.0669190274451447,0.0203135549730025,0.0159655119454036,0.021147961862108,0.0304693924459561,0.076629570549746
0.0448854865773382,0.0770136087292235,0.0973379020880208,0.0523998679762475,0.0405770100144882,0.0318415647731065,0.131443621286025,0.103490577763516,0.027532463248902,0.0403035830292011,0.0253807086913922,0.109565866076043,0.0578671224413332,0.108569674155659,0.0198671072316841,0.0160390220963835,0.0924791816004546,0.122587364592696,0.135742583685091,0.10426874106553,0.0311145666415054,0,0.084510072008995,0.0572557854996663,0.0345367544560905,0.121829645572652,0.0491054522623457,0.0677836225287574,0.0609764051798418,0.0335022204757006,0.0097202995597047,0.0623208582753761,0.057419591754449,0.14197068067337,0.107762552008121,0.111697650244194,0.0558777763168076,0.0267761422747397,0.0859349753926843,0.110378964955768,0.146778508811793,0.100590304015694,0.0611519882109466,0.0440172289185373,0.00995682577112618,0.0268646080548659,0.00901274716461942,0.0528348606752257,0.112298854512925,0.139198962482423,0.153247750569138,0.0733646962178406,0.0335220585256577,0.0603457399272368,0.0493031300445169,0.016994389889163,0.0278518522826339,0.0909510091002721,0.0454576874919134,0.0358523959010832,0.0356725330634567,0.0213984878403707,0.095630610575833,0.0156098721545243
0.0543366209868927,0.10392122019817,0.0804491992177071,0.0858470879569091,0.0605091051495127,0.0205991947930776,0.081135316677343,0.0479171794661576,0.0546189497938483,0.0166327176795259,0.0202971535352519,0.061348568093335,0.211355541592965,0.186066418673427,0.092263860117664,0.236750856162724,0.137749076511242,0.0642082048975127,0.0804142037806335,0.0662136026651555,0.0645138893468448,0.084510072008995,0,0.0272868718891071,0.0639708971418582,0.099527352983838,0.0800796173759086,0.0767376529454858,0.0382841161625755,0.120066220957218,0.0294492200250886,0.0710538973371595,0.0386042062077921,0.0558549124508629,0.0306402327440418,0.0617079751773356,0.0439304525694247,0.0185362276855069,0.0421520448198846,0.0254472875713965,0.101795169239987,0.0574511011257966,0.0779845970697367,0.220333354300909,0.104993682329136,0.136530979791852,0.220897304277064,0.166719496864278,0.0515046404596161,0.0715596774753944,0.0982165907702719,0.0676885574821469,0.0503977638792688,0.140279254283271,0.193087893673555,0.17542948323633,0.231429856652654,0.0561981978455005,0.0785318129709226,0.0508307972101086,0.0432518462730162,0.033373204329166,0.0534444162298173,0.0910839571854996
0.0638125578331097,0.12909237569125,0.0262229758112615,0.0729355775923704,0.0701897368040231,0.0155005965965281,0.046834254534956,0.0304947163199739,0.0407281819705052,0.00905508513644273,0.0124778443611521,0.0356944398525104,0.218289688354211,0.121728950471813,0.0394207415371937,0.228570447637267,0.200991314239789,0.0617815270081784,0.0553063655277814,0.0374976333779418,0.0493817351702683,0.0572557854996663,0.0272868718891071,0,0.05232300652917,0.102252740015306,0.0731252816179312,0.080749561726037,0.0553697449556538,0.173188262314201,0.0200748260490161,0.079103858068243,0.0614368596264288,0.0641108397054199,0.0233359121400331,0.0673513627163925,0.05439721091439,0.0263035666164587,0.075953755746488,0.0315619941467559,0.0412825188343026,0.0257643454715692,0.0370898440861024,0.215522723581822,0.0950627983746544,0.10348303316225,0.190857440490231,0.207259289734196,0.0369448234360714,0.0486676078424091,0.0429211824525343,0.0429206016637563,0.0008946332174424,0.115341529581267,0.189455940030167,0.18263109251141,0.178294209006602,0.0569590473669306,0.066571424579424,0.0725552559226147,0.0209456041079356,0.0463401972983757,0.0519723451087888,0.0798303581292285
0.0405757830947999,0.0878528421767471,0.0896832652556059,0.0671293073124725,0.0605558710244034,0.016126629706494,0.11399880927621,0.0554642850052405,0.0393726878621853,0.0672688626497079,0.027947587665046,0.0611930462606837,0.136785501267041,0.102755355687774,0.0592798974447645,0.0285485381808801,0.0674750671513161,0.0995370001856575,0.130452586796761,0.133570402543366,0.0365850609587282,0.0345367544560905,0.0639708971418582,0.05232300652917,0,0.125442256284751,0.0447425136626536,0.0789980238975311,0.037957518778448,0.0435168219161546,0.0485642685438404,0.0828433090036342,0.0180034260716344,0.111056124251143,0.0977385403359153,0.0706384393647274,0.0350583922411668,0.0315843197727599,0.0279974970890487,0.0626767498674383,0.0943562847906329,0.153787276010866,0.0727762421475975,0.125387485173708,0.0146972045815231,0.0543183287493354,0.0252759008590227,0.120925931298791,0.141666609865772,0.141572237404162,0.138352047037765,0.0754302594892475,0.0383131710041748,0.131475717578257,0.0629656174866848,0.0941069338273497,0.0669455298147069,0.0606057692072938,0.0254777144027149,0.0324642869061462,0.0288596737582947,0.0127841489604643,0.0941258489216325,0.0614672017166467
0.0758892393042914,0.108247152237943,0.0799001908751098,0.0477266178841823,0.0837385542521723,0.0412753519804522,0.0148069130852119,0.0585820048045844,0.083855604683303,0.0744042014446656,0.0498438395284729,0.0730827060681688,0.231984962215709,0.0823169303038185,0.0810644792482696,0.174923228822628,0.356643631438075,0.228056689858766,0.0819690922792998,0.123867051001078,0.0764252598416806,0.121829645572652,0.099527352983838,0.102252740015306,0.125442256284751,0,0.0627595851785312,0.0789324050289282,0.00882666912720043,0.113716324265603,0.0153167405800349,0.105425485186962,0.112065893188362,0.0873581076282052,0.061916261240661,0.0723112970297216,0.0580676465101607,0.0286022130822686,0.073082758866632,0.0554742517974346,0.114350148091788,0.108954818157709,0.0859497000758476,0.175126231381628,0.0744093252098179,0.116094601102859,0.0713069450394827,0.330502203483833,0.100280012878032,0.0467587674608837,0.142336699723229,0.114064306255365,0.0913493006088165,0.121810902604717,0.149388564013941,0.190681595147059,0.111791099790434,0.0864513742899839,0.0315419215173228,0.0817579731878703,0.0215827095973044,0.0830189469560417,0.0755636365417695,0.0697595888624095
0.0684788179285247,0.0111206163021062,0.0397733855334326,0.0263192735615816,0.0390589617120162,0.027058699576196,0.0708672148181871,0.0458095632490729,0.0624852264764026,0.0959184519081669,0.0256214761039473,0.0936779727010717,0.162351593181211,0.0884846735906018,0.0727370375574844,0.106092932487562,0.0637536366714426,0.0231830863640142,0.0417575842390227,0.0797480502379076,0.0813610745375688,0.0491054522623457,0.0800796173759086,0.0731252816179312,0.0447425136626536,0.0627595851785312,0,0.0129335640539384,0.0140330580659825,0.0482339735662635,0.0268169578660661,0.0313205146193109,0.0620552979317989,0.0149237822972265,0.00359313965264274,0.0220652349527703,0.0334758269314067,0.0160126148011265,0.0182452819673508,0.0719523678521251,0.0515500305807579,0.0717271318959897,0.107724394916647,0.134381983909327,0.0659084206309349,0.0673653319078927,0.0384371562017782,0.119658152244319,0.0464162359919618,0.0569362109702483,0.0989327749767848,0.0670341501254491,0.0811216454436014,0.0635932100622663,0.0654536515145338,0.0984373460591986,0.0900491143323586,0.0446534511694131,0.0438041882826202,0.0312819191605768,0.0279937163475334,0.0503203931403467,0.00521655554715091,0.0788517228195792
0.0378755979443692,0.0357268989084386,0.0601149373579357,0.0419679026362667,0.0551907481326387,0.0245336046776518,0.0812756142148398,0.0636533134449109,0.04530849054095,0.0902279962516134,0.0314879791457969,0.0840282796582535,0.21628335982028,0.0878917461891219,0.0825052270154656,0.13811913236491,0.153374316435637,0.0221452962071849,0.0860281688573905,0.104181554375702,0.0644977045670369,0.0677836225287574,0.0767376529454858,0.080749561726037,0.0789980238975311,0.0789324050289282,0.0129335640539384,0,0.00641534913044248,0.0595059638828758,0.0322399321749011,0.0254289097039909,0.0813486943753141,0.0136188662531089,0.0292062742094371,0.0382878260698289,0.0228532092361497,0.0128161082224019,0.0188340437590327,0.0646092773419711,0.0902960326791464,0.100996741069685,0.104259941312775,0.161688902455461,0.066103556726075,0.0848766934193221,0.0335746051398368,0.266824278807244,0.112119175935291,0.0790185561289894,0.144392416253642,0.0834472875646489,0.0805952889418129,0.0889764884522329,0.111183649811481,0.135189889787027,0.100002157667219,0.0296047536471834,0.0411248372250627,0.0527529730975944,0.0179822528335589,0.0682212411264303,0.0249434481404738,0.0690044481095519
0.0285598885089183,0.0621047519061908,0.0634852127452905,0.0325278597432524,0.0496924729693607,0.0250649137166291,0.0162094461669648,0.0196559861721307,0.0561528601669168,0.0174553875792009,0.0193480454141794,0.0258575131257657,0.130678190551022,0.0190059408038817,0.0353163917806577,0.0332764737366638,0.0764131053083645,0.0459693092946943,0.0521215690647923,0.0375049535408728,0.0277733204096364,0.0609764051798418,0.0382841161625755,0.0553697449556538,0.037957518778448,0.00882666912720043,0.0140330580659825,0.00641534913044248,0,0.0445113187716552,0.00975047831292918,0.0181064082760488,0.0255636405473648,0.0366741497061827,0.0260989746554253,0.0519513311740478,0.0285737146712208,0.0159313947086772,0.0170179628337453,0.0181725174630751,0.0439489563784692,0.0696805738433528,0.0307270827012319,0.0829094645008975,0.00654373767435606,0.0502669100998073,0.0169786601097488,0.141625865563601,0.0292347843168336,0.0395660296600834,0.036889472063382,0.0667081357242442,0.0462713861967787,0.0661087127413557,0.0368114782192795,0.0885471061289283,0.0282131793471661,0.0109177147940646,0.0127500688402314,0.0320490917252132,0.0023719677671397,0.0375124527385965,0.0348581201568497,0.0315999338673981
0.087685791492701,0.0867202220662036,0.0843149620956794,0.0730189724633602,0.102685192435896,0.0259235529264899,0.101395144423898,0.0487118859779152,0.0806356910134511,0.0718021325502332,0.0317569933399408,0.0853306605370966,0.210179591814606,0.0494081913849889,0.0589221729355498,0.065417961154718,0.0814016981059771,0.0378833313830301,0.120797971650543,0.1003370707363,0.0347696827062302,0.0335022204757006,0.120066220957218,0.173188262314201,0.0435168219161546,0.113716324265603,0.0482339735662635,0.0595059638828758,0.0445113187716552,0,0.0106950133230666,0.0270822082554228,0.0413534270687272,0.0277590835834265,0.0593806912752442,0.0818924002568251,0.0802626644879486,0.0682041010281139,0.0183131281197095,0.109958797606847,0.0979814472690556,0.10429850590055,0.0562707510740405,0.192252659846773,0.002067122562342,0.0993982387725388,0.0222921242101121,0.206931315406524,0.128516105070401,0.0911504188806189,0.116348714273721,0.124284152192846,0.12613924667684,0.107542165504193,0.0760826761460325,0.127936396490464,0.0605215317687214,0.0523429963451123,0.0386379752559434,0.0389092899485536,0.0281824944825831,0.0131718215276017,0.051195411582614,0.0483335085656665
0.0328994241514906,0.0118392176092846,0.05414589678751,0.0411769061583446,0.0227654849809422,0.00633625323099379,0.0587340760436164,0.0112568008504238,0.0245337244926274,0.0265077753906707,0.0286436415368901,0.0163645380618464,0.0176508292023461,0.00788875229937081,0.0270905809760317,0.0312129615803183,0.0118588325674922,0.0142449248086486,0.0209931244265448,0.0294400007737088,0.0062139744463664,0.0097202995597047,0.0294492200250886,0.0200748260490161,0.0485642685438404,0.0153167405800349,0.0268169578660661,0.0322399321749011,0.00975047831292918,0.0106950133230666,0,0.0246956217515856,0.0503216542970907,0.00908423178823004,0.00396697571354604,0.0172610129654487,0.0236909712956464,0.0223603384671283,0.0281798899689701,0.00934100243384801,0.00608823374900791,0.0444650640084513,0.0217220390193667,0.00671541629227366,0.0331842513400348,0.0395348495290838,0.0102741658099525,0.0314024654223568,0.0218161257899993,0.0212796476236466,0.0282669559000018,0.0594069681926008,0.0274079728574916,0.0200658025584905,0.00769719139338193,0.032661620906292,0.0159993343912837,0.0212271409059085,0.0555999162171445,0.046642756792276,0.0108624421098028,0.018295230590588,0.00417835993457466,0.0431071097989855
0.021353972875683,0.042668645491184,0.063294544638768,0.0508298217997894,0.0391342897804245,0.0315427713823379,0.0747976287834977,0.0852352100875576,0.0421985888069883,0.0464782180387826,0.0395159171728208,0.101652558538351,0.168454917238288,0.0979900224982885,0.057003404459278,0.0904073461448344,0.0811764864777941,0.00982477913522533,0.116400726284208,0.105865538064291,0.062959467669333,0.0623208582753761,0.0710538973371595,0.079103858068243,0.0828433090036342,0.105425485186962,0.0313205146193109,0.0254289097039909,0.0181064082760488,0.0270822082554228,0.0246956217515856,0,0.0318824649667244,0.0553803924096172,0.0236262313994395,0.0520948292988203,0.0325309498384865,0.033216353275212,0.0215832019742702,0.101079062357707,0.114119928998716,0.067166806479151,0.0888455674774091,0.144755241698067,0.0238963748078408,0.0852846465736908,0.0286616645036055,0.135751430723463,0.120970967289001,0.102883848516269,0.153725645447753,0.0699911045941817,0.0707738612150298,0.10484357667688,0.119802936664179,0.12644438099127,0.0990883850146183,0.0299418198896548,0.00576633135381197,0.0362385835963886,0.0173240203874488,0.0274807723545988,0.0338252351240551,0.0553936548805673
0.038995431095115,0.0571493797623055,0.0529689651238778,0.0387962337251877,0.0389726048626082,0.0406988577850136,0.113561106671169,0.0660649007774737,0.0412029571921969,0.0436680663700996,0.0151560918434676,0.058757934886993,0.123026540244497,0.100306617699042,0.080110809392494,0.0686805077673818,0.0324024203222942,0.0627380694907936,0.120422875669601,0.140363692669518,0.0279368810940858,0.057419591754449,0.0386042062077921,0.0614368596264288,0.0180034260716344,0.112065893188362,0.0620552979317989,0.0813486943753141,0.0255636405473648,0.0413534270687272,0.0503216542970907,0.0318824649667244,0,0.0472446319288837,0.0657073808255167,0.0531301599059778,0.0199946610122804,0.00564489402708644,0.0107648866218438,0.0421230600811351,0.162537296540372,0.090882034127202,0.0715222253886039,0.0978461491019604,0.0217023134589799,0.0372458665880278,0.0225059471173108,0.096273722136961,0.135058321874011,0.140497873364085,0.154278007803287,0.0552471615532693,0.0296521661135712,0.118413725629229,0.0718140537773047,0.110610931513896,0.0900830031462096,0.0415178372596086,0.0260473615244185,0.0381690261955167,0.0379662254428038,0.0211805537492864,0.0547728384902238,0.0470438817628419
