0,0.010631384748352,0.029213572530547,0.0496614357185619,0.0433119972399212,0.0659543384388118,0.0279316343378331,0.0453795843495275,0.0351432259690816,0.0715915383849144,0.0444430804947659,0.0624665543244778,0.0377516211701149,0.0403163444054287,0.0521127560001092,0.0564476130695643,0.0886257835287819,0.0412882037733485,0.0294463420919636,0.0642179996988823,0.0539508725975368,0.0557197433002143,0.0219061074975181,0.0192186603649807,0.00516623377536758,0.0522386959223183,0.0678180406341516,0.0270770732258927,0.0286931576997544,0.043642047446217,0.0371856434639884,0.044059029017774,0.0825004350962016,0.0319204289195038,0.0267823908383698,0.00806337456262462,0.0559519905866142,0.0504377959137469,0.079362399767272,0.0154362368542001,0.0374379164866864,0.0496578690631275,0.0299725164942721,0.0233409100026734,0.0614075780384787,0.0315401805146941,0.0452349736112022,0.0874740385619786,0.0402585373333293,0.0413123239946424,0.0644944072596431,0.0424230315164893,0.00296939632833168,0.0537818636282109,0.0386328952502404,0.0138022626958445,0.0275368784029006,0.031058826363844,0.0400103102478117,0.0153468113858223,0.0205544332897018,0.0661679670325635,0.0273379402210585,0.0534552431871004
0.010631384748352,0,0.0449700916997064,0.0112303904043959,0.0288374320554683,0.060968005230541,0.0194455119529149,0.034912131550043,0.0381224766111805,0.0603665990297891,0.0281919303664613,0.0247848247283648,0.0277942689996608,0.0310769900950793,0.0233382803257848,0.0449307675447164,0.02319771044006,0.0239023217389941,0.0364815795670848,0.0497229808205438,0.0424011192851981,0.0534958478626928,0.0180543488565335,0.0240699021739657,0.00349148332821106,0.0235974646173738,0.0289711169114137,0.019869319433548,0.0248145830593352,0.0169081778412789,0.0246119502350173,0.0153667681642331,0.0445114300293828,0.023903169802859,0.0377045886493154,0.0402051796476036,0.0492891507467609,0.0217324605040471,0.0336304187662977,0.0269594486916417,0.0256007029921002,0.0133654783291858,0.0176048565720008,0.0213963921085456,0.0459618471956062,0.0225979941118018,0.0261074299458291,0.00981630470586062,0.0267652060306165,0.0207188307216048,0.058523526174539,0.0160135383563057,0.0195724197512942,0.0395850340110703,0.0340482302797485,0.00412679698464787,0.00765650895855418,0.0406910589433467,0.015403810796742,0.0253431639506284,0.00446878753843868,0.0350958613116866,0.0294176436554216,0.0472909868546591
0.029213572530547,0.0449700916997064,0,0.0793478565376337,0.0450217259872878,0.0594626100709074,0.0114625911758257,0.0162152475624845,0.0114455640276943,0.0664419454731839,0.0331982822570454,0.120504377076181,0.0547168533871943,0.0390678296042537,0.084293430565613,0.210803002791636,0.184048574902619,0.0209636339522699,0.0312810028602326,0.0100955022292124,0.0712705282454378,0.0810235568606642,0.0334406083838295,0.0197441551017347,0.0177574385776915,0.0656867224224831,0.0316383144950522,0.0750388823642067,0.0286524558898406,0.193249454782206,0.0117031139880066,0.103105320163363,0.116803308913757,0.0513255071413764,0.00601722668324758,0.0648496025191353,0.0241352497288949,0.0538174886475888,0.135932195964413,0.0176039186273872,0.0418389085271479,0.0313559257451207,0.0199272930424331,0.0565382277347953,0.0903159732947454,0.0523046758550884,0.149061168543916,0.15433750044363,0.0452013319647638,0.0078409547831354,0.00898358896882724,0.0823601921577063,0.0295781783692038,0.0210235113917156,0.0287693896877631,0.0204878540356642,0.111445796022607,0.00868984290381376,0.0525165068100422,0.0333765870096648,0.0277064489959945,0.130698804113423,0.034142313993173,0.111720389080325
0.0496614357185619,0.0112303904043959,0.0793478565376337,0,0.0589070095201055,0.0779763143513596,0.0150333625096899,0.0179217185807923,0.0590467202986546,0.0774689445206043,0.0328816822938119,0.0808729329011421,0.0112833091819111,0.0115133226749489,0.085582539145197,0.0843577154360178,0.122413803967324,0.0287283440022228,0.018053808251058,0.0266808073561091,0.0673755559357448,0.0586035102578497,0.0263184659197732,0.024509584857752,0.0126240983448952,0.0165736420390024,0.0337062175216371,0.00227432449151261,0.0791871083595263,0.0540600721102862,0.0335593524768493,0.0575427937697507,0.0873864341403873,0.0265840547627082,0.0590480297214901,0.0283845397157705,0.0910447940526115,0.091142771605289,0.0849408694209287,0.0239361579062762,0.0345699331797101,0.0342537677090639,0.0371201064379064,0.0145717055891138,0.141755293469122,0.0811108526667874,0.0364133967111238,0.0781487129168751,0.0163371104228394,0.0142270568721161,0.0294760610956468,0.0449007789798899,0.0128795221543823,0.0121902550277705,0.0212689689045654,0.00535494604637231,0.0331599536479478,0.0493329821142784,0.00947874427442468,0.0254120875762789,0.0296158462413863,0.140065658269413,0.0177913325305813,0.0726112439107097
0.0433119972399212,0.0288374320554683,0.0450217259872878,0.0589070095201055,0,0.0465338882894966,0.0113721642569343,0.0119904242986739,0.109499248843433,0.131931220927189,0.0514897466133879,0.0811393700256392,0.0318026964335593,0.012529546886042,0.0399403996098632,0.0973995907510167,0.145823908734303,0.032875079984685,0.0263530615173421,0.0359194299208781,0.110241960543135,0.126474637117653,0.0300565240593243,0.0197717835628819,0.0309899288906282,0.0478403140436818,0.00870271439291963,0.0383437138100144,0.0535768690114114,0.0767729995534137,0.0121591855940022,0.0959664866450499,0.100234162168902,0.0420030647766792,0.0549157296299479,0.03613389206871,0.0476432757101168,0.139280527466524,0.0862074830922171,0.0413807905053256,0.069629141726307,0.0577456464748406,0.0215471640460857,0.019007150413239,0.0265170727082085,0.0214602878295143,0.0509933469660894,0.127698748083424,0.0488543062528751,0.0382332417922444,0.0284900903140199,0.0519938895790841,0.0152844483532474,0.0423682656064875,0.0141188862954518,0.0268844771103614,0.0718201657461347,0.0217227892998101,0.0315033853825816,0.0300091978712301,0.0291740362471009,0.144334222370902,0.0332449261795824,0.102840882817056
0.0659543384388118,0.060968005230541,0.0594626100709074,0.0779763143513596,0.0465338882894966,0,0.00899081284221386,0.0471837659760778,0.0826113501902663,0.030413042235475,0.0600828269988944,0.0390532614926582,0.168180578736098,0.1578322575758,0.0363290820493569,0.0828544699178944,0.0667914267969081,0.0190761554949412,0.0440873869396039,0.024357710087579,0.0643629469907186,0.000293409870274333,0.0395090792316289,0.0304039258682167,0.0475697322996399,0.0887979413854231,0.0473139729542227,0.0580700043978134,0.0619900492538979,0.091793058116981,0.071473828881138,0.0321090989058627,0.0466906958074301,0.0345869796751319,0.0226716848330914,0.0523617376870828,0.0438842849670819,0.078619620213172,0.0828467575896163,0.0248761736964859,0.0909076311989503,0.0336215024970891,0.0389711190217861,0.142236782659224,0.0766932867999928,0.0649181909698459,0.0994463044964026,0.0581319939156561,0.0394848461133335,0.0150818070174958,0.0320551021271885,0.0569633648981133,0.0514095179941116,0.0332889954167252,0.169117335224839,0.0634196754802031,0.0285828979802957,0.0250095827100472,0.0681024426128831,0.0930944221735774,0.152769425223135,0.0252082212439391,0.0210806678117785,0.044677396354752
0.0279316343378331,0.0194455119529149,0.0114625911758257,0.0150333625096899,0.0113721642569343,0.00899081284221386,0,0.0104000102037839,0.0292482494936821,0.146711419880854,0.00646769074507947,0.0535621519494352,0.0232790535102322,0.00716650562521675,0.0171191995367521,0.085089665341138,0.112252021399222,0.0874750063088719,0.0213491537750902,0.0921309411598255,0.134778541092294,0.171128224610624,0.00924997190936053,0.011854242688293,0.0380167476683776,0.0739308686920952,0.0162942382358779,0.058193124928546,0.0113532127754009,0.049908933028981,0.0154632011736702,0.126908013192227,0.0607600618408362,0.111946002494267,0.0391479497621347,0.0262224511730169,0.0149992012674059,0.0134055006675651,0.0739745400191025,0.010473621645384,0.00352186117429064,0.0171762486847468,0,0.0143049824646733,0.0163351705803288,0.00958556266885869,0.0616037474738847,0.111647100813812,0.141367578563585,0.00874935441266538,0.0250295601450699,0.0348797097824431,0.0104650562888517,0.0621875291545331,0.00443518527189139,0.0378264477205735,0.0893199052938455,0.0169264099014479,0.0480269416602595,0.0148091990165691,0.00890655080113554,0.0867691736369235,0.0632627141196988,0.183577093547388
0.0453795843495275,0.034912131550043,0.0162152475624845,0.0179217185807923,0.0119904242986739,0.0471837659760778,0.0104000102037839,0,0.0357011953918614,0.142815071065064,0.0101653593461888,0.126079398011575,0.0287358681784294,0.0231155259631913,0.0415692252762851,0.0608553004855689,0.0797272382530325,0.0102782729401862,0.031691888279723,0.0462569962868506,0.0548404778397814,0.11297648903999,0.0301641625475188,0.0258553968576193,0.00928931105287224,0.0407791160812552,0.0194369635789396,0.0417289876754671,0.0518190913134672,0.03013153156237,0.0214682221007655,0.0621852468939023,0.0572501888638865,0.0417028864490826,0.0230656027729684,0.0265184047148311,0.0298099240919739,0.0422687426534695,0.0991785571796508,0.0508866374210023,0.0222442428773318,0.0273004695776087,0.0137889744144743,0.0284092614133675,0.0400522688843787,0.0274042584425636,0.0355360869419346,0.0943376948668878,0.0729806796344039,0.00846999263503016,0.0199872032720661,0.0574216053384767,0.0329485889692909,0.0313623188963665,0.0203136841760167,0.0248272405322782,0.0624623837562265,0.00693528516777311,0.0353647727297595,0.0247654453488657,0.054356501416515,0.148651465976974,0.0301045841151268,0.154195713200551
0.0351432259690816,0.0381224766111805,0.0114455640276943,0.0590467202986546,0.109499248843433,0.0826113501902663,0.0292482494936821,0.0357011953918614,0,0.125587168205259,0.0991640337260293,0.087456576370879,0.0254824544395606,0.0435281790602816,0.0466255071600733,0.049479081208687,0.121555436261287,0.0688954172103328,0.0712318598826812,0.00831101776020618,0.0553865142802997,0.129838506348214,0.0277704235322832,0.0364094262538904,0.0134923678659908,0.0250486962633589,0.018429746771004,0.0562734007957731,0.059233484268905,0.0491706504581296,0.0203007914896817,0.103208133508949,0.0511634692749737,0.0817449811026906,0.0568771598039542,0.0351180501307992,0.0417084350368341,0.220493840104544,0.0890743167454165,0.0374087079299714,0.104782392420154,0.0941668055531973,0.0664896445719517,0.0262811311960245,0.0338740740735082,0.00550235077510247,0.0107419186391392,0.0959878363225858,0.114316194926293,0.0680063144919281,0.0233232728641064,0.104330322318386,0.0346249125135048,0.0260810386265794,0.0654528301556687,0.0140817442038497,0.0426571480319908,0.0074264134612608,0.0206863520459133,0.0521716165930602,0.0391963141649392,0.095254762657263,0.0665352598551606,0.118634766156622
0.0715915383849144,0.0603665990297891,0.0664419454731839,0.0774689445206043,0.131931220927189,0.030413042235475,0.146711419880854,0.142815071065064,0.125587168205259,0,0.116367139971137,0.124549102129442,0.0429167451020264,0.00618773606895871,0.00995916649659627,0.10447420887299,0.168505586232459,0.185772146366047,0.160373322654808,0.112060649503867,0.0943498247041707,0.13020069905022,0.0803888239960903,0.0858910218332044,0.0956463607317889,0.0824129404670604,0.122018864115961,0.159192120242678,0.0140067072467056,0.0932888566782625,0.0733327725450343,0.138205968508255,0.0620488687272623,0.146224338347474,0.126482923089666,0.127702464138535,0.0489361588001941,0.199448784915651,0.137059934485497,0.100064548795312,0.113655706649793,0.116370971025771,0.0212750384321555,0.0304655544213277,0.0296653780066966,0.0691964627397119,0.0715718183496289,0.158090143026326,0.229440020142973,0.17557060653319,0.120342406206128,0.117827082513853,0.0306086474822395,0.0192974561988565,0.0164722048248919,0.0967504787160662,0.154437510236105,0.118364668455197,0.0961378665253477,0.0781473099686048,0.0202317296258633,0.0603261622848446,0.174745254684341,0.116314733984443
0.0444430804947659,0.0281919303664613,0.0331982822570454,0.0328816822938119,0.0514897466133879,0.0600828269988944,0.00646769074507947,0.0101653593461888,0.0991640337260293,0.116367139971137,0,0.0327516408991322,0.0349579499606158,0.0724978761228436,0.0519994218884577,0.00867091138978395,0.0409944408854245,0.0295602643224898,0.0220616478959681,0.023233708130456,0.0235177281327931,0.0812095647837183,0.0302180086008156,0.0419131650294046,0.00982868713035301,0.0231517162952478,0.0336992452530756,0.0114504681639506,0.0551853806652733,0.0159239663036063,0.0380539833491357,0.0380944310450808,0.0442361148058303,0.0390112437486066,0.0209367522462224,0.0157283514944227,0.0608713245346538,0.0966291729828798,0.038264195813435,0.0138920858468557,0.0307151070334652,0.0247573544456871,0.065134463362423,0.0564653747234039,0.0726370393772898,0.0467806270545032,0.0254887902187625,0.0288049223148729,0.0448907833014879,0.0166917522666811,0.00946257441116197,0.0726906083300575,0.0279994559174097,0.0171574778062007,0.0933982972876022,0.0106970891664245,0.00775031290440196,0.00927878871792938,0.0183043005008734,0.0408101854604389,0.0613780513021379,0.158013418436716,0.0121648100716447,0.120301201228643
0.0624665543244778,0.0247848247283648,0.120504377076181,0.0808729329011421,0.0811393700256392,0.0390532614926582,0.0535621519494352,0.126079398011575,0.087456576370879,0.124549102129442,0.0327516408991322,0,0.0433187579901381,0.0852872705365373,0.104356405495094,0.0281203401704608,0.0286012944802906,0.0536258376294408,0.0510534305657758,0.0655872190013356,0.0284543484837447,0.0307871462863112,0.0311344285238608,0.0291694014284629,0.0759304840999239,0.0443596225168627,0.086475575483377,0.050690212708533,0.118048538894865,0.0384951844980159,0.0870992370526914,0.0220796600851176,0.0211592409915452,0.0256232575701788,0.0616185348429752,0.0654353458087957,0.0856662445037923,0.026982449563888,0.0422108681159749,0.07797370307765,0.0561649449336434,0.0328777642599434,0.0587808594215872,0.0769758937684275,0.164935487237511,0.170062811760628,0.06706891496434,0.0176570845160576,0.0315618722955521,0.033503917720131,0.0389307336529286,0.0329665334144569,0.0257418895811764,0.00193785486322039,0.0886101649076527,0.05451973721864,0.0510007083989727,0.104453423859941,0.060768453441977,0.0660636826688553,0.0992642620421231,0.0452923238951689,0.0298533855554787,0.0975897493277747
0.0377516211701149,0.0277942689996608,0.0547168533871943,0.0112833091819111,0.0318026964335593,0.168180578736098,0.0232790535102322,0.0287358681784294,0.0254824544395606,0.0429167451020264,0.0349579499606158,0.0433187579901381,0,0.0274779111523365,0.0670285548270298,0.0243009041954376,0.0312664359131616,0.0282666038826028,0.0414902484912477,0.0272767487447264,0.0534703358640984,0.00785790821327285,0.026420427740428,0.0251666126277421,0.0329660555044254,0.0667265709215665,0.0541498565174618,0.0431991676546245,0.0312240939702424,0.00697570311266627,0.0608485610095226,0.0164611935568323,0.0201544244645057,0.0306213555429756,0.042268260305949,0.0423870115771484,0.0326902275607334,0.0263365392821365,0.0493455442421062,0.0182023237946193,0.0422468085353272,0.0313223238078354,0.0444465028045549,0.0634592614167837,0.0877805338809161,0.040584335893521,0.0238689894285845,0.0290038576678482,0.0564036374612217,0.0163186557112082,0.0470231376252703,0.0395764379660386,0.0230073523904294,0.0119980846595508,0.0458714230595215,0.0661196807986637,0.0123198757949854,0.0637066823530858,0.0321774884676145,0.0699546181857801,0.042756354686811,0.0511775862953633,0.0448907203634961,0.04093525706053
0.0403163444054287,0.0310769900950793,0.0390678296042537,0.0115133226749489,0.012529546886042,0.1578322575758,0.00716650562521675,0.0231155259631913,0.0435281790602816,0.00618773606895871,0.0724978761228436,0.0852872705365373,0.0274779111523365,0,0.157543831197946,0.0479676000522967,0.0526049643649304,0.0216931712234452,0.0224634511457203,0.0113430967430695,0.0547418018517907,0.00194584843783789,0.0229929156398617,0.019277834391268,0.0483429903835792,0.0418470996048912,0.0305269348232378,0.0322583655013728,0.0487853594354329,0.02583333992872,0.0378646681760971,0.0265983548262681,0.0362916666115795,0.0283535538703236,0.0232032596960733,0.0251322840695385,0.00924478350871769,0.044443485014381,0.0708422392282767,0.0226996330327121,0.0839506191113528,0.057981793090715,0.119788460768404,0.0335860671216242,0.12501625769976,0.0507832270225509,0.0431165701799759,0.0342188319283754,0.0363966444151145,0.00743752018587385,0.0164283559353094,0.0342290446557103,0.0212252410991575,0.0209328148139033,0.0348367387511352,0.082642818782072,0.0105084120972596,0.0531406826252386,0.0243968980177056,0.0394726893111731,0.0319451443456767,0.048399439950974,0.0276672070803121,0.00982017512627921
0.0521127560001092,0.0233382803257848,0.084293430565613,0.085582539145197,0.0399403996098632,0.0363290820493569,0.0171191995367521,0.0415692252762851,0.0466255071600733,0.00995916649659627,0.0519994218884577,0.104356405495094,0.0670285548270298,0.157543831197946,0,0.166602676848298,0.0411195443901235,0.00916710675803168,0.0149959636078754,0.0168029418357749,0.0525422008470525,0.00980387047198859,0.0274522985550786,0.0113193888729524,0.0887605706860768,0.0641842987344392,0.020186501828763,0.0253845166850543,0.10140916771648,0.113432603915052,0.0412526144952089,0.0226826310508581,0.0353397740477825,0.0139666632564462,0.0101940238389736,0.0370765271005022,0.0414639030111334,0.0375759809983349,0.0592032651492133,0.0401783267870752,0.0869576823161598,0.0215328305390554,0.0367036957677248,0.107354317868535,0.113251589333793,0.129676891215524,0.192299001365289,0.0518811173558317,0.00411179984306722,0.0125230503841663,0.0138030743004889,0.0182080235202951,0.022976673479039,0.0367287142208704,0.162640687461529,0.0554911799429445,0.0934875671065114,0.0314838400337035,0.0719266497273342,0.0350049095161199,0.0661008394677681,0.0304217882710468,0.00723775320972814,0.0583075262946167
0.0564476130695643,0.0449307675447164,0.210803002791636,0.0843577154360178,0.0973995907510167,0.0828544699178944,0.085089665341138,0.0608553004855689,0.049479081208687,0.10447420887299,0.00867091138978395,0.0281203401704608,0.0243009041954376,0.0479676000522967,0.166602676848298,0,0.0221577980602793,0.0835932593956207,0.0606806380377458,0.067487065026906,0.0753394220346877,0.0163274135046222,0.0354865108335381,0.0431716357571619,0.196772611555995,0.0969835124356493,0.175871366528917,0.115083099732366,0.145959903263916,0.0542287825400352,0.153782642827841,0.0197563283839847,0.0471909102689196,0.0325227804957563,0.102463030181902,0.0747366732922219,0.0981677083413701,0.0279339572493755,0.00629939363033792,0.0514084571395288,0.00731571754862258,0.00457548627541501,0.0641470108146818,0.069472358625332,0.326341582776811,0.397214114474559,0.0554518521727758,0.0158544721519361,0.0551859108189818,0.0428555757797946,0.0633566067391574,0.000266874417338733,0.0133810385272467,0.00516162519546624,0.0415284997644509,0.158254777496429,0.0590379579073379,0.237721832492409,0.186412781379748,0.102705587329553,0.074241651962282,0.0693453359990933,0.0744118326901519,0.0549590403638605
0.0886257835287819,0.02319771044006,0.184048574902619,0.122413803967324,0.145823908734303,0.0667914267969081,0.112252021399222,0.0797272382530325,0.121555436261287,0.168505586232459,0.0409944408854245,0.0286012944802906,0.0312664359131616,0.0526049643649304,0.0411195443901235,0.0221577980602793,0,0.156257328928349,0.12589429682059,0.147825983551096,0.0602406796770574,0.0925684207955911,0.0339010329491086,0.0498296592973074,0.0258152544272715,0.0568162751476806,0.164653799877733,0.113899710764296,0.083531793612914,0.0362511820405378,0.111562919022207,0.0357590428532658,0.0582664056753572,0.0490868793119845,0.185024087244491,0.149001339335874,0.161477743028577,0.0403114064084626,0.0100764432914019,0.0515154511833442,0.0462371342768743,0.011193947096211,0.0244338958287171,0.0711985548786679,0.17719774801414,0.149759682641847,0.0608732891800542,0.0194372261369759,0.0614393999080247,0.0957427142860029,0.0972245518048096,0.00975251990059651,0.0144385518675735,0.0207052105493643,0.0590280654353958,0.0182749832728138,0.0131659337277062,0.145426458110677,0.0591092543325364,0.113697051855662,0.10310930931213,0.127259607853821,0.112384985403164,0.145764388868153
0.0412882037733485,0.0239023217389941,0.0209636339522699,0.0287283440022228,0.032875079984685,0.0190761554949412,0.0874750063088719,0.0102782729401862,0.0688954172103328,0.185772146366047,0.0295602643224898,0.0536258376294408,0.0282666038826028,0.0216931712234452,0.00916710675803168,0.0835932593956207,0.156257328928349,0,0.0216989866070547,0.167413527958807,0.123556361882357,0.169956011823941,0.018382741867023,0.0140528482259853,0.0198278239852413,0.0618883904266166,0.00746078531285525,0.0408774550860778,0.0243340984047818,0.0472649781150702,0.0100756248688069,0.120663531565859,0.0765177261616813,0.0477377550279922,0.0545670296562106,0.0291160960166731,0.0508301161804471,0.0221439748063712,0.0578244775264034,0.0151434485188142,0.021374376295945,0.0225953416677305,0.0106982921427762,0.0227962727784844,0.0287891334546019,0.0107900345878903,0.05883990284422,0.11358846855248,0.142073185864174,0.0723635389119182,0.0787683942925434,0.0317458143096926,0.0115527876350231,0.0648115601086068,0.0216344562531206,0.029317696682038,0.0631802584384477,0.0100755341224665,0.039851179697192,0.0248053302540436,0.0341855750782692,0.124584093485063,0.0293589452197274,0.173926657289346
0.0294463420919636,0.0364815795670848,0.0312810028602326,0.018053808251058,0.0263530615173421,0.0440873869396039,0.0213491537750902,0.031691888279723,0.0712318598826812,0.160373322654808,0.0220616478959681,0.0510534305657758,0.0414902484912477,0.0224634511457203,0.0149959636078754,0.0606806380377458,0.12589429682059,0.0216989866070547,0,0.13722913610132,0.0953272803486792,0.127226230950342,0.0171946212732478,0.0215541650130595,0.00837280892036892,0.0502957049845192,0.0166206859568563,0.0342030364831755,0.0267887988780188,0.0440297156483554,0.0142820191248605,0.0567945105328453,0.0821922279920799,0.0224360301555928,0.0135776714127328,0.0260335808972995,0.0637406405797559,0.049897099388089,0.0911560235760866,0.0286957684425462,0.0226317139010297,0.00871656192595635,0.0148782722388972,0.0292661300137081,0.0442918774672844,0.0228832642181689,0.030150067808434,0.122366584354109,0.0861116460266757,0.0207758213727991,0.0791983173678713,0.0767611422081238,0.0138763778753163,0.0595859762447891,0.0245633715404381,0.020792626990664,0.0295023834267225,0.00604613622797664,0.0258469727716245,0.0258374833303111,0.0420409963921385,0.112802207219861,0.0209964959012254,0.104761887452458
0.0642179996988823,0.0497229808205438,0.0100955022292124,0.0266808073561091,0.0359194299208781,0.024357710087579,0.0921309411598255,0.0462569962868506,0.00831101776020618,0.112060649503867,0.023233708130456,0.0655872190013356,0.0272767487447264,0.0113430967430695,0.0168029418357749,0.067487065026906,0.147825983551096,0.167413527958807,0.13722913610132,0,0.105854921974905,0.164963882036444,0.0426000256822382,0.0443857576661508,0.051990489135548,0.0723334469624748,0.0535552783287512,0.119293502983441,0.0142676197092856,0.0649883823101717,0.046656312023078,0.1455933195262,0.0694665183000931,0.200716394408629,0.100949267569323,0.0812388707087576,0.011588711596545,0.0924549513378701,0.107524670725299,0.0384544752974401,0.0184613337542316,0.0395873891350316,0.0133085898378391,0.0194963102442541,0.0135376653655541,0.00999889528544052,0.0350388819195615,0.142836137591531,0.292641210905148,0.202046223596099,0.0835123464684973,0.0957487684532187,0.0113912891682917,0.0646580790792634,0.0256299208321291,0.059525000141376,0.0906852842519073,0.0395418289907334,0.0547314199041753,0.0543669411944104,0.0136559432794133,0.094894933288888,0.1641011656686,0.126928362815386
0.0539508725975368,0.0424011192851981,0.0712705282454378,0.0673755559357448,0.110241960543135,0.0643629469907186,0.134778541092294,0.0548404778397814,0.0553865142802997,0.0943498247041707,0.0235177281327931,0.0284543484837447,0.0534703358640984,0.0547418018517907,0.0525422008470525,0.0753394220346877,0.0602406796770574,0.123556361882357,0.0953272803486792,0.105854921974905,0,0.094076781461774,0.0838484867448817,0.0654986372260769,0.0746431079285653,0.100872150775229,0.117489064824072,0.126755600219582,0.0344689998382013,0.0607676088027415,0.0997002341738831,0.0515969221655741,0.0168616432878731,0.0751430516754165,0.0982853627661254,0.0864813566882455,0.072199352890344,0.0557373766840185,0.029249562887335,0.0535283622468685,0.024072262246438,0.0466248683869953,0.0480278469939883,0.0616541128501366,0.0866720281528565,0.070486995876234,0.057826274382515,0.0874306676906312,0.132965515299746,0.098848925876215,0.120973139682798,0.0564166961957493,0.0590213532803333,0.0516113369119766,0.0436908061717881,0.0975627482433526,0.0547538482146176,0.12409591947875,0.0805423945451964,0.0909937822934037,0.0421892838988037,0.0314210472736143,0.0940379201008036,0.117574383648567
0.0557197433002143,0.0534958478626928,0.0810235568606642,0.0586035102578497,0.126474637117653,0.000293409870274333,0.171128224610624,0.11297648903999,0.129838506348214,0.13020069905022,0.0812095647837183,0.0307871462863112,0.00785790821327285,0.00194584843783789,0.00980387047198859,0.0163274135046222,0.0925684207955911,0.169956011823941,0.127226230950342,0.164963882036444,0.094076781461774,0,0.106835808481139,0.0708016045000715,0.0579949866665065,0.0399384144732015,0.112350299604561,0.117172997594227,0.00491449954998789,0.0590867276940157,0.0777100675037662,0.103701217516754,0.0161277947905127,0.141280687561461,0.146329355010652,0.112358052015768,0.0781838675763024,0.118991934641161,0.0707074951887986,0.0931761970528803,0.0745405159467596,0.101814696570789,0.018271456328409,0.0181354565001021,0.032401460489393,0.0446364406074247,0.0203598692219409,0.0718801855159367,0.155692259966326,0.151877669241822,0.155182260451059,0.0753096044582514,0.0170342994772797,0.0142270864994875,0.00970442667718574,0.037799802808926,0.0685160832562679,0.148359523318495,0.0469388051635544,0.0679853487396773,0.0186319504506462,0.00738044971339425,0.150657364153204,0.0346904849117113
0.0219061074975181,0.0180543488565335,0.0334406083838295,0.0263184659197732,0.0300565240593243,0.0395090792316289,0.00924997190936053,0.0301641625475188,0.0277704235322832,0.0803888239960903,0.0302180086008156,0.0311344285238608,0.026420427740428,0.0229929156398617,0.0274522985550786,0.0354865108335381,0.0339010329491086,0.018382741867023,0.0171946212732478,0.0426000256822382,0.0838484867448817,0.106835808481139,0,0.0230456073344119,0.0291262473461446,0.0556200391961235,0.0167376201247367,0.0213767608345628,0.0138875090189708,0.0362709096039755,0.0179351141020887,0.0446370681137207,0.0196898492568721,0.044757376543826,0.0273781454526247,0.0300495710536097,0.0242937687535049,0.00640145777032587,0.0379301097048453,0.0242820045424799,0.016676050105785,0.0506144381635385,0.0232200339848545,0.0252012393725099,0.0220928838160707,0.0149115399995302,0.050340706228171,0.0486182598417657,0.033165635619731,0.0183178600537182,0.0234011359434099,0.0202145312377908,0.0208651621818783,0.0530443366735687,0.0171119238941239,0.0360147548269268,0.0443022215450298,0.0186435320004539,0.034749042262664,0.024790425857201,0.0168814906020979,0.0496267562730692,0.0174637875566534,0.163365530142827
0.0192186603649807,0.0240699021739657,0.0197441551017347,0.024509584857752,0.0197717835628819,0.0304039258682167,0.011854242688293,0.0258553968576193,0.0364094262538904,0.0858910218332044,0.0419131650294046,0.0291694014284629,0.0251666126277421,0.019277834391268,0.0113193888729524,0.0431716357571619,0.0498296592973074,0.0140528482259853,0.0215541650130595,0.0443857576661508,0.0654986372260769,0.0708016045000715,0.0230456073344119,0,0.02039812390709,0.0461031110059561,0.0170720297390528,0.0308833004756498,0.0152522317320214,0.0472184154072053,0.0222118976666315,0.0355847688212595,0.0323486477102082,0.0245455829428184,0.0278258409323521,0.0292925211728271,0.0207084996761079,0.0156873744137155,0.0488966589060334,0.0134671790664879,0.0252388622415397,0.0224057732827032,0.0178930269679228,0.0344731122714556,0.0223394392348405,0.0143449657365579,0.048104088732643,0.0632130886045513,0.0319498292001239,0.00991239563408947,0.0207999542541132,0.0346334821620024,0.0281478739458808,0.0374478420965131,0.0127063661576069,0.0286956129285095,0.0391042761828892,0.0215477950212709,0.0287762910942011,0.0296408661120094,0.022729342776024,0.0366397350812222,0.0208109626017548,0.105270908062748
0.00516623377536758,0.00349148332821106,0.0177574385776915,0.0126240983448952,0.0309899288906282,0.0475697322996399,0.0380167476683776,0.00928931105287224,0.0134923678659908,0.0956463607317889,0.00982868713035301,0.0759304840999239,0.0329660555044254,0.0483429903835792,0.0887605706860768,0.196772611555995,0.0258152544272715,0.0198278239852413,0.00837280892036892,0.051990489135548,0.0746431079285653,0.0579949866665065,0.0291262473461446,0.02039812390709,0,0.0275273644076294,0.0317883188257859,0.00183071748137228,0.0227845681673907,0.0808587558358383,0.0227458432280653,0.00664632827226747,0.0808210460782493,0.00489731243299044,0.0273617636434662,0.010249292381865,0.0201379698299668,0.0117987253186467,0.0318682079931519,0.00790093957430522,0.0150514433350214,0.0238977627363849,0.0112040971870358,0.0266841721152587,0.0933688728748115,0.0456872851261605,0.116615246300831,0.0375514324423315,0.0147293036828671,0.0223663490256632,0.0595516730491069,0.00768375151774446,0.0225189821913391,0.0437276227159134,0.0395687082660236,0.00913768326761603,0.0385652623429462,0.0757153059824492,0.0200507988577438,0.0105640938256233,0.00792323663127756,0.0566077981529451,0.0112561250326561,0.0601418594409059
0.0522386959223183,0.0235974646173738,0.0656867224224831,0.0165736420390024,0.0478403140436818,0.0887979413854231,0.0739308686920952,0.0407791160812552,0.0250486962633589,0.0824129404670604,0.0231517162952478,0.0443596225168627,0.0667265709215665,0.0418470996048912,0.0641842987344392,0.0969835124356493,0.0568162751476806,0.0618883904266166,0.0502957049845192,0.0723334469624748,0.100872150775229,0.0399384144732015,0.0556200391961235,0.0461031110059561,0.0275273644076294,0,0.115023444911718,0.0549361542480781,0.0338720785098217,0.0380233500499095,0.0793994499883854,0.0179344416265747,0.0621984335813508,0.0448707528243049,0.0591675422822675,0.0431506751974161,0.0412520878411995,0.025266654622042,0.0442378155754705,0.0437181012060795,0.0315777796806554,0.0269014946667987,0.0257390620931561,0.0229982475556804,0.125430990151346,0.0648345624379758,0.0460059069011702,0.048313978992813,0.0768583627299031,0.0434984802551059,0.0854388912728877,0.0270275036703698,0.0337970134509934,0.0337345346277891,0.0314387066948914,0.040708486857162,0.0169574845580041,0.103508635541892,0.0275822321977607,0.0560754726410593,0.0520832880192566,0.0671781227073623,0.0587304699912853,0.0626440968655184
0.0678180406341516,0.0289711169114137,0.0316383144950522,0.0337062175216371,0.00870271439291963,0.0473139729542227,0.0162942382358779,0.0194369635789396,0.018429746771004,0.122018864115961,0.0336992452530756,0.086475575483377,0.0541498565174618,0.0305269348232378,0.020186501828763,0.175871366528917,0.164653799877733,0.00746078531285525,0.0166206859568563,0.0535552783287512,0.117489064824072,0.112350299604561,0.0167376201247367,0.0170720297390528,0.0317883188257859,0.115023444911718,0,0.0643263792107703,0.0370644750629618,0.121655066590349,0.0224520712478189,0.102710991220561,0.0983690748955108,0.0237185276150098,0.0175002059387165,0.0275387577735069,0.016520797570016,0.0313540757774231,0.0902742261352285,0.0207729477231401,0.0224818147304053,0.00306836348112294,0.0135795933401025,0.0358418021947245,0.026000887353666,0.0139695937505263,0.11020441719301,0.149352905280724,0.022397897600107,0.00717202894087172,0.0499905859334064,0.0300831886105216,0.015514604945497,0.0537287596496396,0.0194164643180047,0.0410383539239915,0.0832867093293419,0.022785825494718,0.103476031972655,0.0332037058755456,0.0372690758912219,0.118811968851293,0.0140084613562138,0.121654862607384
0.0270770732258927,0.019869319433548,0.0750388823642067,0.00227432449151261,0.0383437138100144,0.0580700043978134,0.058193124928546,0.0417289876754671,0.0562734007957731,0.159192120242678,0.0114504681639506,0.050690212708533,0.0431991676546245,0.0322583655013728,0.0253845166850543,0.115083099732366,0.113899710764296,0.0408774550860778,0.0342030364831755,0.119293502983441,0.126755600219582,0.117172997594227,0.0213767608345628,0.0308833004756498,0.00183071748137228,0.0549361542480781,0.0643263792107703,0,0.0389676446025754,0.0745013996166626,0.0525469064566749,0.0413174748260735,0.104035836431718,0.0261262081951172,0.0756957333920648,0.0492963180888869,0.0661622146575558,0.0181468275009892,0.0662304699105281,0.0331884073598106,0.0195697471480195,0.00577856289655968,0.010213424808065,0.0157177357806338,0.0785156688855402,0.0494386130336793,0.0501105761991271,0.0942806524238228,0.0152282351579386,0.045317998690172,0.0947540705613782,0.0161512670520591,0.0110489122156668,0.0501035463194809,0.0256539707784259,0.00938421013112708,0.0289623054761178,0.0836661098217758,0.0352281935979163,0.0364872911709029,0.0272416559398481,0.113445316731017,0.0272705704554232,0.115707204597785
0.0286931576997544,0.0248145830593352,0.0286524558898406,0.0791871083595263,0.0535768690114114,0.0619900492538979,0.0113532127754009,0.0518190913134672,0.059233484268905,0.0140067072467056,0.0551853806652733,0.118048538894865,0.0312240939702424,0.0487853594354329,0.10140916771648,0.145959903263916,0.083531793612914,0.0243340984047818,0.0267887988780188,0.0142676197092856,0.0344689998382013,0.00491449954998789,0.0138875090189708,0.0152522317320214,0.0227845681673907,0.0338720785098217,0.0370644750629618,0.0389676446025754,0,0.113414323931936,0.0249290719484066,0.0488844249683062,0.0801267271167202,0.0260414600270182,0.0195012661475837,0.0369168087857909,0.0330771413075606,0.0632696247517193,0.0800070376111057,0.0245547145627628,0.0908277733605724,0.0542026404047331,0.0236291166811778,0.0532983157971625,0.0120392528140434,0.0130462221572812,0.132198511631633,0.06890225605435,0.0220408256279491,0.0200013521351883,0.00752425196822824,0.0402806617252844,0.0165515500793786,0.0179000229318225,0.0542815705656238,0.0138857964845065,0.058578854534009,0.0163724097483212,0.0502091144746505,0.0243488292836625,0.0319329992714213,0.0322053998139695,0.023283514370233,0.0270765971904163
0.043642047446217,0.0169081778412789,0.193249454782206,0.0540600721102862,0.0767729995534137,0.091793058116981,0.049908933028981,0.03013153156237,0.0491706504581296,0.0932888566782625,0.0159239663036063,0.0384951844980159,0.00697570311266627,0.02583333992872,0.113432603915052,0.0542287825400352,0.0362511820405378,0.0472649781150702,0.0440297156483554,0.0649883823101717,0.0607676088027415,0.0590867276940157,0.0362709096039755,0.0472184154072053,0.0808587558358383,0.0380233500499095,0.121655066590349,0.0745013996166626,0.113414323931936,0,0.137430985793353,0.015092447561537,0.0802993620496422,0.0223291938205314,0.0821894817867056,0.063439818670883,0.109211792252173,0.0166193819560051,0.0301719865857448,0.0233215873084104,0.0192107373004279,0.00535732890809879,0.0460199546976535,0.0442073374856236,0.270344917555229,0.188479132425128,0.00728674656132731,0.0148105744662204,0.0299342816731391,0.0271976687237147,0.0520779015473837,0.0180576650025675,0.0196779473639962,0.00681689241777976,0.0321552095219891,0.0601071998000947,0.0057822687758882,0.178354830190463,0.0543443316645603,0.122956611089851,0.0649563184863177,0.0796972776368206,0.0477145263811536,0.0884006730084543
0.0371856434639884,0.0246119502350173,0.0117031139880066,0.0335593524768493,0.0121591855940022,0.071473828881138,0.0154632011736702,0.0214682221007655,0.0203007914896817,0.0733327725450343,0.0380539833491357,0.0870992370526914,0.0608485610095226,0.0378646681760971,0.0412526144952089,0.153782642827841,0.111562919022207,0.0100756248688069,0.0142820191248605,0.046656312023078,0.0997002341738831,0.0777100675037662,0.0179351141020887,0.0222118976666315,0.0227458432280653,0.0793994499883854,0.0224520712478189,0.0525469064566749,0.0249290719484066,0.137430985793353,0,0.0750264166929364,0.103651474239539,0.0158020391600071,0.0118397146944971,0.0198530647410782,0.00669775595389402,0.0326411286120352,0.088291077163902,0.0150784642000051,0.0318542188465177,0.00946328974557538,0.0141001895903996,0.0522766263459177,0.0352948494884984,0.0133802201961877,0.112219236512856,0.118280459392888,0.0149639646736542,0.00786982509222907,0.0479777882118852,0.0335818401762729,0.0160379882028675,0.041421888922787,0.0301379410579928,0.0231841849999108,0.056947608412226,0.0253354470977616,0.0719075500958526,0.0224366739040326,0.0320756805607477,0.0779273811775959,0.0190371040532609,0.070666436818526
0.044059029017774,0.0153667681642331,0.103105320163363,0.0575427937697507,0.0959664866450499,0.0321090989058627,0.126908013192227,0.0621852468939023,0.103208133508949,0.138205968508255,0.0380944310450808,0.0220796600851176,0.0164611935568323,0.0265983548262681,0.0226826310508581,0.0197563283839847,0.0357590428532658,0.120663531565859,0.0567945105328453,0.1455933195262,0.0515969221655741,0.103701217516754,0.0446370681137207,0.0355847688212595,0.00664632827226747,0.0179344416265747,0.102710991220561,0.0413174748260735,0.0488844249683062,0.015092447561537,0.0750264166929364,0,0.0710384572592103,0.0403464070620518,0.138934399590985,0.0769281802411402,0.114055964844615,0.0385533734010784,0.012181169727293,0.0322650026390684,0.0273369042122419,0.0198807277384786,0.0151466752700568,0.0208871028062071,0.0917352814449989,0.0908774945920386,0.0071696939168021,0.0124566825888418,0.0266918192152757,0.093695865935446,0.0820899167180593,0.00560372194923509,0.018639763933367,0.0350603047006954,0.0309808947314989,0.00448060305998197,0.00632260034333582,0.112290236440093,0.0193025783657798,0.0431669034101118,0.0450822841556556,0.0841427790928811,0.0692752049048402,0.125361364769868
0.0825004350962016,0.0445114300293828,0.116803308913757,0.0873864341403873,0.100234162168902,0.0466906958074301,0.0607600618408362,0.0572501888638865,0.0511634692749737,0.0620488687272623,0.0442361148058303,0.0211592409915452,0.0201544244645057,0.0362916666115795,0.0353397740477825,0.0471909102689196,0.0582664056753572,0.0765177261616813,0.0821922279920799,0.0694665183000931,0.0168616432878731,0.0161277947905127,0.0196898492568721,0.0323486477102082,0.0808210460782493,0.0621984335813508,0.0983690748955108,0.104035836431718,0.0801267271167202,0.0802993620496422,0.103651474239539,0.0710384572592103,0,0.0480912462319039,0.123470356979763,0.078470860944546,0.0943702453341512,0.0418954383756434,0.0210760392347361,0.0447124076482949,0.0342951254110536,0.0143883782016883,0.0388159029899293,0.0527517839401674,0.108593292611974,0.101876135042411,0.0591474298933884,0.0695174469274947,0.0770059754004623,0.053913511776345,0.0670045329941793,0.0139551978734154,0.00679034140743178,0.0323599373509316,0.0330186792446778,0.0585661794332341,0.0560386701626528,0.111002836016331,0.0763855558535421,0.0952077385495795,0.0511228376814191,0.0108630317173183,0.0846795692247845,0.0409068293783645
