0,0.023323035149045,0.0163168429875856,0.079821269110586,0.184694638205061,0.0466001803984248,0.0614805039162091,0.0483999959956544,0.110529888943861,0.0864610726864523,0.19168231120873,0.0597805718376891,0.10627053592117,0.0350613159684748,0.125851966921873,0.0151735948745418,0.0286083616763598,0.0505539276751869,0.0718697906296221,0.0243419149417604,0.0199717353610809,0.196032794609072,0.109321405002191,0.0270801310369308,0.0717216029739586,0.0467868765974402,0.245335733548335,0.126563262044978,0.256598556166371,0.0924954647451925,0.10013812546346,0.0831486267019449,0.025914325468188,0.0807975618419001,0.0442361862143244,0.202079659348628,0.155120093767439,0.177433884149571,0.024653135135912,0.0513736625734092,0.0218132219213484,0.203061111917336,0.0142970936036719,0.137763848335758,0.143360232442563,0.0407290611914754,0.0195486427840731,0.129910944723456,0.0788718215838017,0.0169871340052755,0.163538253152702,0.123064602706991,0.0441998002811162,0.203959301157009,0.190019136620842,0.0681849910732852,0.0410656231451277,0.162367698447474,0.199363173961879,0.35777453911285,0.322368712082302,0.160493888000792,0.0750699210798522,0.0692776895647643
0.023323035149045,0,0.0321896711410588,0.0622040913150416,0.14267458841558,0.0753771161298941,0.0220601414727561,0.0401802127393108,0.104561478939705,0.0801513328643227,0.170026273438487,0.048778779411179,0.0945204081047807,0.00853859770672326,0.132461329278521,0.0427826153065523,0.0469403018555989,0.056004744767768,0.0393204065051622,0.00756600275030707,0.0258246220999717,0.127927874991988,0.091325952555802,0.0205159908938569,0.0564015766222912,0.0683252657239045,0.073728449306994,0.0216441881230294,0.226485325998749,0.0634975649598092,0.0284421839376511,0.00500918045599702,0.0151209118762644,0.0394310372135964,0.0314426973377373,0.044962900538972,0.0630854857366644,0.168764604561774,0.0165508157176182,0.0308246692815131,0.0414971128070312,0.21392628255861,0.00359670508664011,0.151137476117765,0.0997581432598447,0.0203892365922943,0.0865890465563349,0.156570640842434,0.113395173129876,0.0413899157756632,0.0595485729615322,0.0796036765707172,0.0222066722736103,0.1212917365291,0.188579815497853,0.0769286130395238,0.0402380506738662,0.132016172978209,0.0792000642351031,0.0925187212702877,0.0774180776378907,0.0846826014579308,0.0267577973350981,0.0358433184050245
0.0163168429875856,0.0321896711410588,0,0.038047874885929,0.144208137073966,0.0730558655555129,0.0559654724379644,0.0434870546771726,0.110875611271425,0.075716974117782,0.164239489343407,0.0536928779314957,0.0977602696010729,0.00280119378777101,0.115175063040456,0.0752611497233137,0.0753294168616133,0.0933890355833167,0.0323759199750372,0.0227483706775398,0.0403006427106962,0.129977954205337,0.0986956963184194,0.0485529497631193,0.0896314445773285,0.0763957623449704,0.0722545018670768,0.0326065994283165,0.201930200401484,0.0585870107005681,0.0118006826734803,0.0296699526671459,0.00986243581969626,0.0231913146712816,0.0492214917993554,0.0242637108499615,0.0482086582303566,0.179148276436193,0.0255389067475324,0.0417615924684858,0.040272133739227,0.202918687151182,0.00987594785264169,0.16143687141957,0.0604617638865438,0.0307130653606291,0.133813877429623,0.207485311400136,0.152289613152465,0.0552323965707908,0.0782214634570938,0.0838722922180024,0.0209605366457993,0.133288757660095,0.209288349256194,0.0969889134007042,0.0806483992887041,0.158441458132847,0.0781888235420362,0.0650991493217144,0.0751770233688633,0.110998803715939,0.0173880299188566,0.0557151888356143
0.079821269110586,0.0622040913150416,0.038047874885929,0,0.270322777448692,0.0207318561125873,0.0810625695769789,0.0546994830752792,0.154007722693689,0.0923358146146329,0.206072367638998,0.0436310338540315,0.0964855483898209,0.02086342933799,0.133260659492011,0.0408148656130554,0.0980166836698,0.0859170773850831,0.01539821221484,0.0227728849489392,0.0205798493802183,0.117487454059235,0.134973679416622,0.0508968157168912,0.081697475875806,0.0374137928074006,0.110972531995684,0.0599233036308096,0.225410167521108,0.091811946260077,0.0246434873160416,0.0896194042275286,0.0513322002712346,0.0744183611646091,0.0519018903372032,0.0557142096541145,0.0650153568882454,0.209930805283711,0.0244233763841698,0.0540639603566962,0.0348467329195335,0.211649280300818,0,0.171030931690275,0.102959352044152,0.0567297384495506,0.043843780008461,0.141502753230655,0.0877524553971027,0.0271274380773741,0.0926891535305825,0.10570699271085,0.0133189602121353,0.123090282993682,0.205797006918168,0.0717754163608532,0.0535349824518047,0.15656713113142,0.106006595909871,0.133646076743281,0.149537884336672,0.129630609271937,0.0753962401606828,0.069546005678114
0.184694638205061,0.14267458841558,0.144208137073966,0.270322777448692,0,0.132603620866069,0.222005700982201,0.127386936514679,0.0681491011683374,0.0213109873265613,0.214046516077653,0.00958573806335272,0.0982721919359379,0.156327677579128,0.200688376983148,0.108844368607245,0.170137043430116,0.151145932542291,0.180578896091832,0.143120396605149,0.0180654154107516,0.153506807284631,0.046873487030325,0.0753146985056433,0.17208783407984,0.0974864256289551,0.25238051614081,0.229600336346015,0.26311560199856,0.199504270223536,0.239693041088986,0.203157405023377,0.179777797038669,0.178815260250377,0.190996559694058,0.238163497319431,0.227349232719646,0.180207851877024,0.0486586488900681,0.0124396471070183,0.0486451964123909,0.245616732208819,0.10943608033358,0.0163305481268878,0.230970734760189,0.123316911014487,0.115155196257525,0.0894134827269973,0.118325023438579,0.135300939045582,0.245709302654753,0.101404817438214,0.180666791515747,0.108564369001812,0.181855163016825,0.0752473378557326,0.0974856640429839,0.262658513101612,0.239302805863637,0.263925769130947,0.265508452065782,0.216965234592453,0.206069439569214,0.0690214896877332
0.0466001803984248,0.0753771161298941,0.0730558655555129,0.0207318561125873,0.132603620866069,0,0.161918804959302,0.0715715238194728,0.100493665633479,0.0677147521299901,0.173832546148189,0.0324937184349581,0.0593466661275483,0.0153794612817443,0.118668694305142,0.0421596072364504,0.0945889777764584,0.109141472783709,0.103036594762925,0.101200188992542,0.0276925678239575,0.127577055814326,0.112191497588325,0.0577588838835719,0.107122253981549,0.034821429540686,0.11827968750279,0.101356480526063,0.206730247105737,0.114792897749338,0.0837463668431294,0.0918181317351871,0.0907349226051619,0.106131129154518,0.106474019216465,0.145918181422097,0.105094670212059,0.182051784773469,0.0328980838706025,0.0332329009858718,0.0272101996708843,0.196977581461091,0.00335213916025804,0.0802099427626479,0.0783347551294898,0.0641237645729295,0.0261562087352399,0.0933061729660197,0.106192121278177,0.0726149752073473,0.208361843675058,0.0720920117258664,0.0234190729256246,0.12243938191662,0.205557123345063,0.069410889993438,0.075121660920573,0.17448265455696,0.114329319395437,0.136036927330949,0.15360138183998,0.12666755587127,0.146092400021071,0.0451435363685814
0.0614805039162091,0.0220601414727561,0.0559654724379644,0.0810625695769789,0.222005700982201,0.161918804959302,0,0.0509773094293032,0.204424742972042,0.138241472583692,0.272033361132779,0.0643722735448422,0.125092435255011,0.0176568269013387,0.17313043464359,0.0345984506794644,0.178685337962671,0.252699333715234,0.103178927156243,0.0215155769560572,0.0347020106311867,0.118271280680531,0.144314248856435,0.0449914532468564,0.0962690294091295,0.0842038312584401,0.0566491377881828,0.0260906467504715,0.26693767219676,0.0541793168283914,0.0715305545987304,0.0142713174971018,0.0571192058928403,0.041658866497574,0.0458471182630401,0.0827826285579597,0.0900383271989594,0.26680137316495,0.0914433232950404,0.046169777897462,0.104249809691144,0.267892032855777,0.0105967563232832,0.171924055710338,0.0884194723882654,0.0351114170298711,0.14247399348046,0.28953353287661,0.306271333868405,0.131040352225272,0.0813675869819404,0.172910012880468,0.0475978858307284,0.110973231838087,0.223549349101508,0.0887365610977078,0.0537029227476093,0.259147173719006,0.0839503496137305,0.07506698062207,0.0728034612997665,0.158672284438921,0.0457659945566914,0.0422318597574771
0.0483999959956544,0.0401802127393108,0.0434870546771726,0.0546994830752792,0.127386936514679,0.0715715238194728,0.0509773094293032,0,0.114028142154283,0.118423647423006,0.172998985239487,0.0694208136687575,0.089212847490491,0.037170398599433,0.0558880123997938,0.0555753374078017,0.0721241475373985,0.0893037696567249,0.0504800537302824,0.0290893046170934,0.0298929850983099,0.0478230457207012,0.103982939549626,0.0509383269114174,0.0537146230484163,0.063934361949257,0.00696913747608651,0.0306146841990891,0.143823792271061,0.0169095009985335,0.0409504814986319,0.0226832867401814,0.0335239216602007,0.0298547387285854,0.0282325309079969,0.0246444942873412,0.0299461368126398,0.173913869697202,0.102863125106299,0.0483204064661654,0.0846570218382624,0.181249535654737,0.0335523562741804,0.136110188085711,0.0186694963459935,0.0213132172901703,0.110863067402436,0.135852534221098,0.135164571233821,0.0915866713316013,0.0321792744428394,0.0944735739698701,0.0331745774382624,0.10020803451525,0.267900061018058,0.0806541833675096,0.065761896855875,0.0407465822561982,0.0135907764785579,0.0130287667055215,0.00745508477366363,0.0520381763776258,0.0320828338985749,0.0285228041195988
0.110529888943861,0.104561478939705,0.110875611271425,0.154007722693689,0.0681491011683374,0.100493665633479,0.204424742972042,0.114028142154283,0,0.0344850733763066,0.242867908014876,0.022778087617659,0.0501109884781666,0.104990216218497,0.18885302787027,0.0710836391152376,0.107173784689464,0.0989324559328453,0.161668976959015,0.178545338006216,0.0317432704939178,0.136374474850799,0.0736017792426678,0.0691700445967,0.15120054946404,0.0587047203786928,0.208453225163524,0.20127248884134,0.264312111036726,0.196609514808477,0.227298773535127,0.168901148970195,0.152742986004229,0.143517735415634,0.194341492354689,0.215624309580251,0.178556105370185,0.219148412077955,0.0543367938442112,0.025447093951214,0.0372502201413556,0.257190697137786,0.0646407778722513,0.0119082601322965,0.17964841802506,0.101213893286596,0.0559171176225428,0.0426655360330997,0.0650811277165054,0.0951508134862248,0.266915384648032,0.0205900473305853,0.0893000907626105,0.109599409435232,0.203867799951035,0.0586480573533392,0.0815693363406038,0.242048104308806,0.208312577291111,0.229425051774297,0.24675121864115,0.212433933289081,0.19195052935397,0.0339526880637291
0.0864610726864523,0.0801513328643227,0.075716974117782,0.0923358146146329,0.0213109873265613,0.0677147521299901,0.138241472583692,0.118423647423006,0.0344850733763066,0,0.188596711412163,0.0134688585726259,0.0412743849912842,0.0742933017362747,0.153162791130424,0.060609630644048,0.0786401622421004,0.0726825325454365,0.109490516660835,0.180727123242872,0.0335801316526878,0.138593225715907,0.0677322228966591,0.0619889675037986,0.124058210622495,0.0506180973365758,0.156979721831897,0.136867344455921,0.217207803351439,0.12430545831748,0.128135889705788,0.131006685492723,0.101839013030441,0.0999356567600969,0.144116467027887,0.134769385002067,0.108685689547917,0.176182669352038,0.0350694685203932,0.0152940953638593,0.0293284602528673,0.228030676821994,0.0407168426269193,0.00759710172284877,0.124169117938097,0.0936412513804393,0.0500948232606915,0.0339524350073992,0.0535435359768643,0.0991275491267509,0.212652388388938,0.0405564741256366,0.0754100892590127,0.0854381160988143,0.161846965794573,0.0435935838516787,0.0789486332270402,0.165393095777493,0.153168812023326,0.147475936938381,0.172925519765697,0.162089747222046,0.117412067665111,0.0309709214077716
0.19168231120873,0.170026273438487,0.164239489343407,0.206072367638998,0.214046516077653,0.173832546148189,0.272033361132779,0.172998985239487,0.242867908014876,0.188596711412163,0,0.0479140934693253,0.198620946352249,0.162418228354617,0.191388146958917,0.20096851217045,0.242859683453837,0.237342424886938,0.234429602816326,0.24380169283491,0.0352923500464008,0.0945478086577825,0.027276978662173,0.11675361748238,0.234102490054195,0.179643724237014,0.23426060944751,0.262394229827189,0.199305621540706,0.200978062869045,0.253528458796791,0.269876492964434,0.218675487269115,0.181499656106019,0.247763197795498,0.234006119309136,0.182448462153121,0.0355879226350636,0.115763605305962,0.0909234579156501,0.10444420608434,0.0980311055600821,0.115372254734938,0.151483667908316,0.192671134255207,0.188613623000763,0.195135579671205,0.230856866947623,0.245364772755511,0.271654348924633,0.277234031666072,0.204189518406541,0.169628862743603,0.0425656166664694,0.0877492889345326,0.171184181764311,0.212351735011488,0.256628264759766,0.24066879275172,0.236298327599604,0.24804997077543,0.25017237832036,0.23220187263863,0.13481135992281
0.0597805718376891,0.048778779411179,0.0536928779314957,0.0436310338540315,0.00958573806335272,0.0324937184349581,0.0643722735448422,0.0694208136687575,0.022778087617659,0.0134688585726259,0.0479140934693253,0,0.0554230296072735,0.120941004503928,0.0921573516707957,0.0526846596233751,0.0640513919681086,0.0550316695429149,0.0395435046222239,0.0345026067508114,0.00789939633322905,0.0442848829653094,0.0185625726531928,0.0147737705629338,0.0905085503788267,0.0453912868687714,0.0702592769312333,0.0577557645340788,0.0890565001675122,0.0746410342607679,0.0480561099916606,0.0825433493972529,0.0541681529812899,0.0588120245185198,0.0460541527655955,0.0518878708633777,0.0539946619194729,0.0227717444247185,0.0287226202845241,0.0108134152683354,0.0222421451256385,0.0704551152361708,0.0757200283045515,0.0453894624592545,0.119371551526064,0.0745476844820166,0.0551699932740401,0.0437425643096434,0.0370005742497509,0.0448506839722986,0.052656555643997,0.0285416123712229,0.0491987364354466,0.0240551649061616,0.0642930426987409,0.0572253418001683,0.0603640028941047,0.0970475404301984,0.0733321594805147,0.0703130519559131,0.0669587715478868,0.0891247406957543,0.0577104316391092,0.0393875554615327
0.10627053592117,0.0945204081047807,0.0977602696010729,0.0964855483898209,0.0982721919359379,0.0593466661275483,0.125092435255011,0.089212847490491,0.0501109884781666,0.0412743849912842,0.198620946352249,0.0554230296072735,0,0.133980894570443,0.182076969629083,0.0438936120245756,0.0717589660107304,0.0542717614280211,0.0774465827125199,0.0477282530576765,0.019370599276583,0.139788031470333,0.114987600619474,0.0329575268990665,0.123048272729482,0.0188642413751141,0.172448021175216,0.156585309363543,0.219014057217536,0.175462602943399,0.128277969118777,0.121488108076994,0.0878319532581816,0.122150459636929,0.0731722988741073,0.138622084199118,0.137795959917412,0.148794183079632,0.00372498215303397,0.0300767154464559,0.028665637332578,0.240019929737374,0.0566851017527079,0.116348993418826,0.216818997575726,0.101119150046078,0.0421280389153447,0.0659237601263247,0.024957687095519,0.0274732058453986,0.13212067363323,0.0574330028327036,0.076195781159401,0.109999178424985,0.199244385967578,0.0304466348731591,0.0478367047309739,0.214409601457818,0.181381326559218,0.201326398108458,0.182449688444739,0.165086370393746,0.132919000165806,0.0424562959535801
0.0350613159684748,0.00853859770672326,0.00280119378777101,0.02086342933799,0.156327677579128,0.0153794612817443,0.0176568269013387,0.037170398599433,0.104990216218497,0.0742933017362747,0.162418228354617,0.120941004503928,0.133980894570443,0,0.14938492181182,0.0923606823618854,0.0802492464770601,0.0758867720345347,0.0150141444644957,0.00551312660821063,0.0113664183514584,0.0670602818910406,0.0602182007293494,0.0201445874513412,0.0319170170041303,0.116608587918601,0.0168276158193335,0.020142965263295,0.166204733855307,0.0124465843150384,0.0261148948872736,0.0706453313939435,0.0174855309696035,0.00887059877277017,0.0100409765151644,0.00900653730394872,0.00750192167220307,0.131214837999594,0.0237177408296764,0.066620029578966,0.026853448688471,0.201958041848596,0.0464764374087723,0.275027671375074,0.0938647556788815,0.0333868779626262,0.0974360177726821,0.175631805282655,0.0797501063229045,0.0406668392805262,0.0124151377329738,0.0592779354767747,0.0122806745249171,0.0813923364064406,0.142058541803589,0.13308633860265,0.0346902129477042,0.0354342648057764,0.0157119496594891,0.0167796700425185,0.0153314892652465,0.0422586487668637,0.0120999607177966,0.0998697963052075
0.125851966921873,0.132461329278521,0.115175063040456,0.133260659492011,0.200688376983148,0.118668694305142,0.17313043464359,0.0558880123997938,0.18885302787027,0.153162791130424,0.191388146958917,0.0921573516707957,0.182076969629083,0.14938492181182,0,0.288636099361344,0.19896813841901,0.22615006262999,0.121354443295017,0.101929807227863,0.0373565185683105,0.0574136880391584,0.0695846933881075,0.0555985010584682,0.217409458281113,0.200448057284522,0.127650551697166,0.174248840082627,0.0154115052200714,0.114313128530965,0.155300464461177,0.183848761936842,0.130365643631332,0.114220709040702,0.101249321625121,0.119839765112523,0.10227274612395,0.172659147317201,0.0661821864305212,0.087397743237544,0.0788736742221288,0.226534610425787,0.125679054321157,0.21072735788549,0.11037766246932,0.235785179761589,0.215901273967531,0.248511705176075,0.19808889687777,0.17475965883025,0.113671142939973,0.140648525081047,0.0844291355942306,0.0805611470657156,0.0422838448213623,0.246870453837551,0.231395694839911,0.133511273512087,0.159821505233848,0.1097872027054,0.0980625649497257,0.111845751069974,0.133683490250566,0.205342400422301
0.0151735948745418,0.0427826153065523,0.0752611497233137,0.0408148656130554,0.108844368607245,0.0421596072364504,0.0345984506794644,0.0555753374078017,0.0710836391152376,0.060609630644048,0.20096851217045,0.0526846596233751,0.0438936120245756,0.0923606823618854,0.288636099361344,0,0.0155399730486939,0.0521847387118083,0.0369524968298588,0.0165964784000906,0.0278520505402747,0.104515417360397,0.0544304357146617,0.020254208520596,0.0850061730843092,0.0290356260660663,0.126521537421197,0.0677722572433671,0.251254244565604,0.100712329652537,0.0308493711709945,0.0521184093037012,0.0329972142348239,0.0788827122451004,0.0352664488835568,0.0514530288820662,0.0677895667031504,0.16756549994104,0.0367387614039047,0.0290661790953275,0.0426198749174512,0.259531377090401,0.050546216641276,0.0835018599777013,0.214664822247798,0.184194491246004,0.0380383214103424,0.107366974714908,0.0605321048961248,0.0279291705889562,0.0585668030996331,0.0423800216067741,0.0256072499130391,0.092716730393483,0.187414690404246,0.0406469482117435,0.0337616198763935,0.259742061556204,0.182686626738341,0.0983941375423776,0.0944088562121301,0.156585853780739,0.0458469602986143,0.058650402429529
0.0286083616763598,0.0469403018555989,0.0753294168616133,0.0980166836698,0.170137043430116,0.0945889777764584,0.178685337962671,0.0721241475373985,0.107173784689464,0.0786401622421004,0.242859683453837,0.0640513919681086,0.0717589660107304,0.0802492464770601,0.19896813841901,0.0155399730486939,0,0.0714433381422351,0.0671776602161632,0.032830675995679,0.0255435081079842,0.149444548134559,0.0979064049720712,0.0417019329560111,0.107010669826724,0.0420437213956032,0.244370248869351,0.224914889045776,0.297967881494251,0.212579804124176,0.128395084243602,0.17471328485959,0.119700332815604,0.131221782021954,0.0851469061100037,0.141216754100183,0.152064955756752,0.216179536873304,0.0653227733956842,0.0494634028943733,0.0574902888528055,0.259132464057183,0.0395052674864348,0.115495282317198,0.225313913623766,0.0783998316486382,0.0421780255645167,0.195190230452661,0.138619589785495,0.0097415716753743,0.166437897045661,0.0823151191865771,0.0381179588534357,0.13939443017363,0.218927266854668,0.0474382148509202,0.0510702411732258,0.297925048962589,0.298534731541362,0.246471803753971,0.23876976237306,0.242331152961764,0.145976052310199,0.0484114453940439
0.0505539276751869,0.056004744767768,0.0933890355833167,0.0859170773850831,0.151145932542291,0.109141472783709,0.252699333715234,0.0893037696567249,0.0989324559328453,0.0726825325454365,0.237342424886938,0.0550316695429149,0.0542717614280211,0.0758867720345347,0.22615006262999,0.0521847387118083,0.0714433381422351,0,0.0798344247920891,0.0577939433146135,0.037867132273489,0.126061022126627,0.101963732589798,0.0531172111598208,0.138478091656823,0.043203339942741,0.154689330024174,0.148566090174676,0.289437568900206,0.136991486509911,0.0883536747677662,0.165165306387316,0.105226798212669,0.102667181990377,0.107789794266448,0.0980957524274515,0.113374864958241,0.222763069884277,0.0964856368258276,0.0455269163487416,0.0677014404583581,0.25852040714511,0.0406080627520129,0.0786628146511574,0.173319659917522,0.105077906047388,0.0686465231003786,0.138936236854304,0.14948538812519,0.0352842563961607,0.153547041207646,0.0807624945535606,0.0459867760449202,0.09876652171205,0.226033694971668,0.0445112230223546,0.0611421194515748,0.29868279524144,0.211933761740878,0.13838085943259,0.166296330618281,0.264202586758537,0.0995674939872452,0.0134353599962346
0.0718697906296221,0.0393204065051622,0.0323759199750372,0.01539821221484,0.180578896091832,0.103036594762925,0.103178927156243,0.0504800537302824,0.161668976959015,0.109490516660835,0.234429602816326,0.0395435046222239,0.0774465827125199,0.0150141444644957,0.121354443295017,0.0369524968298588,0.0671776602161632,0.0798344247920891,0,0.0386762817230047,0.052771589906381,0.137287647816622,0.179168954513832,0.0625013827162859,0.112636037906495,0.0401966213519565,0.0858010892402561,0.0737320410459302,0.219132402244814,0.0654251022030367,0.0194047627755718,0.0747228928098935,0.0344529105983903,0.064904056318475,0.0595480423476618,0.076916001263151,0.0457193398066051,0.204281271974873,0.0426919669892061,0.0384701099432822,0.0650099202247068,0.217961397885045,0.00899775080312199,0.0965938782666587,0.0506531968609683,0.0426276510130489,0.0411122982773852,0.109513911042536,0.117256149559272,0.0494775047147592,0.222935437134295,0.19608903667526,0.0185688287840447,0.12044934074172,0.180516465644823,0.0734282622771958,0.0762033484721112,0.152430599094211,0.0891839484483543,0.102793589319116,0.107133715025402,0.138655418744712,0.0763535849496228,0.0385033539793818
0.0243419149417604,0.00756600275030707,0.0227483706775398,0.0227728849489392,0.143120396605149,0.101200188992542,0.0215155769560572,0.0290893046170934,0.178545338006216,0.180727123242872,0.24380169283491,0.0345026067508114,0.0477282530576765,0.00551312660821063,0.101929807227863,0.0165964784000906,0.032830675995679,0.0577939433146135,0.0386762817230047,0,0.0318143399716051,0.0789338630464127,0.121106294153583,0.0580353540522217,0.0539409158429608,0.0254257641154073,0.0189318693773297,0.0132570139167484,0.214958310699914,0.0152272925960956,0.00987989125279825,0.0115666623482855,0.0142726551239796,0.00946544339270587,0.00643734492452704,0.00600864651756831,0.0161741015547975,0.235700787218008,0.152363903446666,0.0366388279044103,0.169582934253651,0.240419548685826,0.00201779489924319,0.0714385770789591,0.012982310375194,0.016982450329878,0.043138387005258,0.0788724762126088,0.0916375638194909,0.0956521882837106,0.0122544436609179,0.0979913523552394,0.0232682553991229,0.0918569936700673,0.214919557988848,0.0427421302088898,0.049162662755202,0.0479325155597602,0.0259755468375636,0.0154281414268279,0.0204917471705323,0.0938850571937351,0.00900341809058952,0.0169793710036765
0.0199717353610809,0.0258246220999717,0.0403006427106962,0.0205798493802183,0.0180654154107516,0.0276925678239575,0.0347020106311867,0.0298929850983099,0.0317432704939178,0.0335801316526878,0.0352923500464008,0.00789939633322905,0.019370599276583,0.0113664183514584,0.0373565185683105,0.0278520505402747,0.0255435081079842,0.037867132273489,0.052771589906381,0.0318143399716051,0,0.0365098801087832,0.0247896094884926,0.015141354133145,0.0183186814835712,0.0167792313508203,0.0248173022904411,0.0202296229395895,0.0159938355598323,0.0196643962349379,0.0221895211253477,0.0352920702029546,0.0182800827918674,0.028278786504174,0.0314512773897753,0.0426797804825685,0.0194806418507319,0.0308615635826861,0.045534152175936,0.0108594123957507,0.0196596847318426,0.0455916226795137,0.00927522316203739,0.0111245658591224,0.0131122805257023,0.0372301098806237,0.0174833012383748,0.0185288611871688,0.0330941898516907,0.0452021884572514,0.0540966026280108,0.0331481883899351,0.031350320441656,0.0636882493915202,0.0132857981136833,0.0215179735942839,0.0256944128061029,0.0170789930988133,0.0260041626129165,0.0199633081273059,0.0231503460053977,0.0185017696480472,0.0389065292874733,0.0768560707210948
0.196032794609072,0.127927874991988,0.129977954205337,0.117487454059235,0.153506807284631,0.127577055814326,0.118271280680531,0.0478230457207012,0.136374474850799,0.138593225715907,0.0945478086577825,0.0442848829653094,0.139788031470333,0.0670602818910406,0.0574136880391584,0.104515417360397,0.149444548134559,0.126061022126627,0.137287647816622,0.0789338630464127,0.0365098801087832,0,0.104973569058182,0.0406987026568043,0.0892750324746345,0.0913420825070385,0.0781849558931742,0.0935048891561926,0.0649847792058122,0.079533605669117,0.124822779700656,0.130841961333162,0.155870645355211,0.131446879157605,0.0798625149378833,0.132363961375057,0.123076448284193,0.0975587455728349,0.0718724673271655,0.047100207911777,0.0687684325910456,0.0942262175904223,0.0649406605718732,0.152151865475756,0.0687344618847828,0.0833311816509613,0.132493418195207,0.143283175635737,0.121512853996291,0.103431766305127,0.101791129090282,0.147514912212837,0.113047420618651,0.227427582288491,0.097226016906195,0.12894921616345,0.097388710262304,0.0926419343251017,0.0745596830811067,0.073559139053162,0.0937869625474785,0.0666681357041463,0.131588752411246,0.10221877311991
0.109321405002191,0.091325952555802,0.0986956963184194,0.134973679416622,0.046873487030325,0.112191497588325,0.144314248856435,0.103982939549626,0.0736017792426678,0.0677322228966591,0.027276978662173,0.0185625726531928,0.114987600619474,0.0602182007293494,0.0695846933881075,0.0544304357146617,0.0979064049720712,0.101963732589798,0.179168954513832,0.121106294153583,0.0247896094884926,0.104973569058182,0,0.0466873109641442,0.112855633308075,0.0600842568364543,0.131420943497052,0.131102883307377,0.107645947378728,0.115660489707138,0.144864754445745,0.104543891037006,0.103921657553674,0.100203262909516,0.118533453806542,0.175263314585376,0.135807506233189,0.0310960858305595,0.0504862767874996,0.0529089655163687,0.0260911029719907,0.0494380644089108,0.0320955285692007,0.0355646104892023,0.0944529233981087,0.0613137655327248,0.0558051187933548,0.07533087335577,0.113445291505012,0.114138546217926,0.181203137197486,0.155496856913277,0.261578870341279,0.0889970501501999,0.0687862524919153,0.0666719273624498,0.0846027705686946,0.144525012888916,0.116120027717924,0.162323219761361,0.143134197851449,0.10688223509284,0.141991383794039,0.0440987875671294
0.0270801310369308,0.0205159908938569,0.0485529497631193,0.0508968157168912,0.0753146985056433,0.0577588838835719,0.0449914532468564,0.0509383269114174,0.0691700445967,0.0619889675037986,0.11675361748238,0.0147737705629338,0.0329575268990665,0.0201445874513412,0.0555985010584682,0.020254208520596,0.0417019329560111,0.0531172111598208,0.0625013827162859,0.0580353540522217,0.015141354133145,0.0406987026568043,0.0466873109641442,0,0.0188424582191602,0.0138912587535682,0.0275344571402559,0.0284468869470052,0.0561591484970514,0.03207136360865,0.0378002926019801,0.0241863245605854,0.0434988487500246,0.0415436679160393,0.0530705622332595,0.0488803331611508,0.0448972070393622,0.12834714248843,0.0697587702201962,0.022910441879335,0.0566046321642078,0.112195471200054,0.0297598521340521,0.0234251430607125,0.0309799481732285,0.03176390033952,0.0254896279569808,0.03523003328777,0.0560983344899884,0.0685957198182723,0.056990694215187,0.0568670486058443,0.0479073922602317,0.0323949899775188,0.0452304303104484,0.0180045774955424,0.0300153279753475,0.0327301389109574,0.0256770901062629,0.0332742830542018,0.0280310428402715,0.0324400316274118,0.0411358660285396,0.0252909433491476
0.0717216029739586,0.0564015766222912,0.0896314445773285,0.081697475875806,0.17208783407984,0.107122253981549,0.0962690294091295,0.0537146230484163,0.15120054946404,0.124058210622495,0.234102490054195,0.0905085503788267,0.123048272729482,0.0319170170041303,0.217409458281113,0.0850061730843092,0.107010669826724,0.138478091656823,0.112636037906495,0.0539409158429608,0.0183186814835712,0.0892750324746345,0.112855633308075,0.0188424582191602,0,0.097136062028786,0.0544399001585124,0.0810039962054838,0.161212344899957,0.0668050941521655,0.0929468590706944,0.0536948996249054,0.0699894493867927,0.0627186154497464,0.059139295352613,0.105221687600591,0.0836985067555981,0.211609081473968,0.0667888652574431,0.0584668093409691,0.0828122661470553,0.251987073603651,0.0299166266716177,0.147442979199137,0.0784035316302042,0.0650765628911587,0.111646122639444,0.204156358650292,0.178490165255947,0.123329881984595,0.0792114574481219,0.136097904770211,0.0695980319466849,0.0912034170041049,0.16424866057482,0.160776736206702,0.042560055623581,0.10366633325156,0.0602751110793674,0.0788894762883441,0.0605202325246783,0.045503800930359,0.0962653258803587,0.0382728046008828
0.0467868765974402,0.0683252657239045,0.0763957623449704,0.0374137928074006,0.0974864256289551,0.034821429540686,0.0842038312584401,0.063934361949257,0.0587047203786928,0.0506180973365758,0.179643724237014,0.0453912868687714,0.0188642413751141,0.116608587918601,0.200448057284522,0.0290356260660663,0.0420437213956032,0.043203339942741,0.0401966213519565,0.0254257641154073,0.0167792313508203,0.0913420825070385,0.0600842568364543,0.0138912587535682,0.097136062028786,0,0.150525123097174,0.108911047383612,0.208634557486799,0.137064155785425,0.0526314870622758,0.0852734487154271,0.0569858266093893,0.088877240820742,0.0335252286812451,0.0744300914752232,0.0723134925177659,0.146797474572441,0.0075346719124721,0.0229366264344492,0.0264031176847167,0.220883855698304,0.0472532241193454,0.0879780828809944,0.19842527314078,0.0857993374677366,0.0271037990709471,0.109455872949728,0.0495111482364298,0.0251406069482862,0.0714359754431611,0.037458227162984,0.0294976502325494,0.0736869998145495,0.163788762846455,0.024304227428249,0.0252302509792495,0.21590416818061,0.201575081959071,0.11988682316126,0.108320811761317,0.160099285760884,0.0872392246342768,0.0389796517260019
0.245335733548335,0.073728449306994,0.0722545018670768,0.110972531995684,0.25238051614081,0.11827968750279,0.0566491377881828,0.00696913747608651,0.208453225163524,0.156979721831897,0.23426060944751,0.0702592769312333,0.172448021175216,0.0168276158193335,0.127650551697166,0.126521537421197,0.244370248869351,0.154689330024174,0.0858010892402561,0.0189318693773297,0.0248173022904411,0.0781849558931742,0.131420943497052,0.0275344571402559,0.0544399001585124,0.150525123097174,0,0.0809134891045993,0.240250815786035,0.0303844360085565,0.133954600324378,0.223126807262573,0.144272439682738,0.0745405617423768,0.0356258584480671,0.0715158325140879,0.0690395388985058,0.229856471643518,0.0481451725205214,0.0648582987114774,0.0766307164553442,0.222656701971135,0.0162860242372243,0.222897060447009,0.0115010091416917,0.0519781514534736,0.200979788188042,0.288026439385381,0.21775567158601,0.105288848072149,0.0190131561096525,0.184340991820941,0.0588733983223296,0.118694058854406,0.14761675157059,0.11538976506632,0.0539766939059696,0.0559754028209238,0.0210460578763869,0.0396735640437351,0.0236314226724872,0.118624549692347,0.0767519384826035,0.121256032920405
0.126563262044978,0.0216441881230294,0.0326065994283165,0.0599233036308096,0.229600336346015,0.101356480526063,0.0260906467504715,0.0306146841990891,0.20127248884134,0.136867344455921,0.262394229827189,0.0577557645340788,0.156585309363543,0.020142965263295,0.174248840082627,0.0677722572433671,0.224914889045776,0.148566090174676,0.0737320410459302,0.0132570139167484,0.0202296229395895,0.0935048891561926,0.131102883307377,0.0284468869470052,0.0810039962054838,0.108911047383612,0.0809134891045993,0,0.243040099993761,0.0752895242908996,0.0807201964688309,0.102499347610816,0.0674788401495148,0.0463867818435153,0.0335438762429182,0.0613591809829703,0.0631298427110546,0.239282256053939,0.0460987911072404,0.0485886928186467,0.0798351190606973,0.256107467098566,0.00280194545046697,0.197703020076773,0.0780854254299344,0.0620595537162994,0.135185149728282,0.334858539025706,0.30488939938465,0.106078073644473,0.04099484651916,0.188202457579503,0.0326418002901053,0.103689369777312,0.180612566141979,0.0856144000859687,0.0390064772277427,0.21250256593047,0.139623368096935,0.0969433886662943,0.0895126020286075,0.214953013841297,0.0477030051337563,0.089248575182004
0.256598556166371,0.226485325998749,0.201930200401484,0.225410167521108,0.26311560199856,0.206730247105737,0.26693767219676,0.143823792271061,0.264312111036726,0.217207803351439,0.199305621540706,0.0890565001675122,0.219014057217536,0.166204733855307,0.0154115052200714,0.251254244565604,0.297967881494251,0.289437568900206,0.219132402244814,0.214958310699914,0.0159938355598323,0.0649847792058122,0.107645947378728,0.0561591484970514,0.161212344899957,0.208634557486799,0.240250815786035,0.243040099993761,0,0.215557832246422,0.254219555466354,0.35173405600668,0.257963864271039,0.238615883137254,0.232505836517232,0.226892732303623,0.190188177853045,0.213628727661564,0.114233212343577,0.111431258313819,0.136430732424889,0.156392818443206,0.133406331116777,0.249624262238899,0.191786475019937,0.20850046217225,0.260804050208342,0.286631261248472,0.266523649587408,0.277422080911859,0.246117185671688,0.217427198937888,0.152047813949028,0.0737194036196414,0.0489700894287729,0.205999879307496,0.208538371738636,0.207130273328097,0.235697937578347,0.191886892042,0.220463109692395,0.232489299458894,0.242116776159054,0.222873199209932
0.0924954647451925,0.0634975649598092,0.0585870107005681,0.091811946260077,0.199504270223536,0.114792897749338,0.0541793168283914,0.0169095009985335,0.196609514808477,0.12430545831748,0.200978062869045,0.0746410342607679,0.175462602943399,0.0124465843150384,0.114313128530965,0.100712329652537,0.212579804124176,0.136991486509911,0.0654251022030367,0.0152272925960956,0.0196643962349379,0.079533605669117,0.115660489707138,0.03207136360865,0.0668050941521655,0.137064155785425,0.0303844360085565,0.0752895242908996,0.215557832246422,0,0.134288067134292,0.0495952253916612,0.0701403054085028,0.0151197010273648,0.0288583412480711,0.0542878738799251,0.0529371398377954,0.200105289321514,0.0424541183686481,0.0550655994009847,0.0657168204223068,0.211267791426102,0.0204730261525836,0.224883068849854,0.0384397171270449,0.0180747240362545,0.206052170946803,0.278346757174907,0.213435912706531,0.100531880773564,0.0186588251327169,0.159803009120457,0.0448852780440588,0.0861919205893646,0.184664948203918,0.11330307085685,0.0553593408705768,0.0950596152078578,0.0277965645768363,0.0260886841001548,0.0280540718390487,0.0753230206055334,0.07945115353171,0.086926691939224
0.10013812546346,0.0284421839376511,0.0118006826734803,0.0246434873160416,0.239693041088986,0.0837463668431294,0.0715305545987304,0.0409504814986319,0.227298773535127,0.128135889705788,0.253528458796791,0.0480561099916606,0.128277969118777,0.0261148948872736,0.155300464461177,0.0308493711709945,0.128395084243602,0.0883536747677662,0.0194047627755718,0.00987989125279825,0.0221895211253477,0.124822779700656,0.144864754445745,0.0378002926019801,0.0929468590706944,0.0526314870622758,0.133954600324378,0.0807201964688309,0.254219555466354,0.134288067134292,0,0.101670800141638,0.0340958492728316,0.0697644551928809,0.0420489891028751,0.0495438729967339,0.0693904663759232,0.232387480894649,0.030260788881295,0.0407972034949162,0.0644494240960297,0.248588556438717,0.00471299551791331,0.201801702036119,0.127507530363873,0.048479565708721,0.0725091603195502,0.227829793042163,0.158606129974855,0.0358857206810874,0.0875125738538766,0.180067981067311,0.0143060583671328,0.128211992596432,0.209149649818332,0.0810182710390788,0.045947671178959,0.195184984147155,0.140198942867577,0.207967916151068,0.205799108398441,0.165452040239081,0.0564634005169444,0.0639140033456929
0.0831486267019449,0.00500918045599702,0.0296699526671459,0.0896194042275286,0.203157405023377,0.0918181317351871,0.0142713174971018,0.0226832867401814,0.168901148970195,0.131006685492723,0.269876492964434,0.0825433493972529,0.121488108076994,0.0706453313939435,0.183848761936842,0.0521184093037012,0.17471328485959,0.165165306387316,0.0747228928098935,0.0115666623482855,0.0352920702029546,0.130841961333162,0.104543891037006,0.0241863245605854,0.0536948996249054,0.0852734487154271,0.223126807262573,0.102499347610816,0.35173405600668,0.0495952253916612,0.101670800141638,0,0.0605156966351227,0.0203323189248003,0.0328170096647094,0.0734483291068286,0.071287902229128,0.221052011741384,0.0785012597993678,0.0644455790751668,0.079056043231049,0.266756929940928,0.0596747188496191,0.158233468062834,0.144059379208635,0.0447971935452062,0.112566508526444,0.222746412467455,0.203635388245577,0.101790173304828,0.0532016137063349,0.148635941907846,0.0454747153016647,0.149400814018341,0.176849508644187,0.0768258139079236,0.051548033396202,0.142812924488817,0.231395799623217,0.213676576963505,0.19137101808754,0.256266498153996,0.0138563541338479,0.122090979908354
0.025914325468188,0.0151209118762644,0.00986243581969626,0.0513322002712346,0.179777797038669,0.0907349226051619,0.0571192058928403,0.0335239216602007,0.152742986004229,0.101839013030441,0.218675487269115,0.0541681529812899,0.0878319532581816,0.0174855309696035,0.130365643631332,0.0329972142348239,0.119700332815604,0.105226798212669,0.0344529105983903,0.0142726551239796,0.0182800827918674,0.155870645355211,0.103921657553674,0.0434988487500246,0.0699894493867927,0.0569858266093893,0.144272439682738,0.0674788401495148,0.257963864271039,0.0701403054085028,0.0340958492728316,0.0605156966351227,0,0.0390267441659736,0.0329440810390584,0.0572391076014384,0.0817871759006124,0.193310661166434,0.0562312602252541,0.0509352322649635,0.0555156151648253,0.21451416064274,0.0125950596913398,0.133615038592971,0.107373798028223,0.0348679230997534,0.0690327545139802,0.165288120167219,0.133821516434235,0.0380687044227624,0.113460978656344,0.113716568346464,0.0226300854624828,0.163394890955034,0.198616689515386,0.068908202305247,0.0564330289082113,0.158258619730875,0.135912594299357,0.154957895784007,0.168174181186772,0.148297996603199,0.0366627294509372,0.0704312128016572
0.0807975618419001,0.0394310372135964,0.0231913146712816,0.0744183611646091,0.178815260250377,0.106131129154518,0.041658866497574,0.0298547387285854,0.143517735415634,0.0999356567600969,0.181499656106019,0.0588120245185198,0.122150459636929,0.00887059877277017,0.114220709040702,0.0788827122451004,0.131221782021954,0.102667181990377,0.064904056318475,0.00946544339270587,0.028278786504174,0.131446879157605,0.100203262909516,0.0415436679160393,0.0627186154497464,0.088877240820742,0.0745405617423768,0.0463867818435153,0.238615883137254,0.0151197010273648,0.0697644551928809,0.0203323189248003,0.0390267441659736,0,0.0214365327434638,0.0555953911426981,0.0696760228635207,0.194447348567862,0.0342952739482509,0.0576488137365989,0.0555493930537678,0.201977340525295,0.0115422206678479,0.17672008072288,0.057385466016608,0.0267383313071461,0.129691110021948,0.206923713070316,0.171508996412721,0.0617629197498524,0.0702193844730656,0.134102313935806,0.0373524538303473,0.148653327899038,0.193884322474033,0.092591160856669,0.0636334679769609,0.105804420400102,0.0848897095109769,0.0796287970963069,0.0775143633125442,0.0928197536305059,0.0207131934851181,0.0874992713054132
