0,0.0396243236332598,0.187910887285628,0.0333104632325106,0.097561060273283,0.124234477202548,0.198198996821112,0.181704364266761,0.0727875899315739,0.0970794215649688,0.123479026760905,0.140755964005722,0.0344796265018659,0.128695708993108,0.0892271037083528,0.0868924795292181,0.161508064534956,0.0456472681059035,0.15888631619102,0.175988363561102,0.191229994632739,0.168762904076367,0.180871214529011,0.196920845399732,0.118341457614824,0.037839326767503,0.144244822445093,0.140047793561619,0.188599689332398,0.120354104988444,0.215313841441265,0.228001887959545,0.178937429401428,0.0656557806294621,0.0875755593710741,0.141548054835649,0.0584362826178869,0.137231942675249,0.0322599278754806,0.154724932826105,0.130306264952487,0.073601524262963,0.121221613207954,0.122161415986651,0.170112872995177,0.18589527217841,0.1023829141957,0.106923469397021,0.171742697285282,0.159621850491249,0.158927620031232,0.116126184385177,0.183614156734313,0.0791010805324519,0.157238943433578,0.101262810939248,0.220446222033701,0.138148306578402,0.165678727294479,0.00366944341217456,0.177994817177883,0.0148966037365929,0.0328348190624352,0.226836536544766
0.0396243236332598,0,0.137054285221671,0.0416374614732746,0.0684514644377923,0.126164006569242,0.148938456953021,0.156154750937218,0.101306261234065,0.161253383004279,0.0821883829418582,0.0948864752857691,0.0346765897061835,0.0986866073528447,0.137470848883697,0.0303571627179555,0.146145513088754,0.051072668695935,0.157122208161868,0.162966112888178,0.145323295467554,0.152544201086845,0.113161341082045,0.139398124619279,0.0939166324200399,0.0306133362771529,0.110889073103425,0.121699889450028,0.156410916081168,0.123226662836654,0.17204369314135,0.0583315633058749,0.148444576590028,0.102019240834589,0.100989373311639,0.123185164746914,0.0946593567879897,0.105899060369816,0.0431956718996362,0.101329679009958,0.14632895680249,0.126576010711432,0.103599882863951,0.0749541648582521,0.141689627486353,0.152547424816261,0.0268848944891135,0.0773983049407074,0.161333543385007,0.160100295596804,0.143865923779647,0.107789626459859,0.113331429591685,0.0304429205707771,0.114837802461438,0.08220602637182,0.144043807667431,0.126851962359116,0.120926306122755,0.0578793243937407,0.0577045813141008,0.0547177732059561,0.128822280435317,0.162284309287737
0.187910887285628,0.137054285221671,0,0.1168823497769,0.161453107542331,0.1089837828884,0.0601226263509539,0.102855086141721,0.0801599063119918,0.126238488926547,0.0978327459594537,0.138812830623093,0.138827226927555,0.147935639425591,0.137434885611486,0.0479607100559332,0.116141734482273,0.116865016874525,0.0860005660243258,0.116428757683549,0.175247014705295,0.0637861557508973,0.253703471207047,0.132923712468353,0.0426154107125273,0.147508569715741,0.0264758611607291,0.0436720894556026,0.0188581025963783,0.100828913333167,0.0393205671178438,0.0401925815547301,0.10255523825232,0.0513209098450301,0.0320655720996936,0.207819576900888,0.141748453221623,0.110050828482013,0.0484885568340468,0.152743918419832,0.117076406991013,0.16789450058172,0.115395996486031,0.0976393610942977,0.0712436402356367,0.238635794514274,0.0686546925490543,0.0665276086395884,0.10609575026973,0.104329183519913,0.0776180928738658,0.243653779236134,0.222438725368631,0.103942002144224,0.145287768929309,0.109428804949051,0.0697753472874121,0.0303205320949427,0.0342639765526593,0.183636060177939,0.0725869682282073,0.061460681704662,0.134748224354288,0.118895871708775
0.0333104632325106,0.0416374614732746,0.1168823497769,0,0.0383040760043516,0.0980948300547675,0.0899921984184864,0.0540377151853501,0.0679401042988633,0.0588335039035811,0.0690856491559819,0.053701928206221,0.0693473900948781,0.131628614511264,0.101693810298461,0.0972890501118175,0.0351617882450023,0.0346283536845791,0.0616923111286058,0.0323670667956449,0.0214405860851026,0.0518230167063003,0.013691295903224,0.068144261611826,0.129851784100594,0.0457269923371233,0.0958732460345327,0.0785183273570613,0.117616577347295,0.0432993752669684,0.077429998764898,0.077989979033241,0.0567619010881607,0.015649029649826,0.0684121101939477,0.065947320091105,0.0510360434036711,0.120348656357755,0.0434178846721843,0.0220883934915898,0.0544383860438315,0.0725431135929363,0.0952936205322246,0.129909761617001,0.0397529783037169,0.144607206408034,0.0527772534691462,0.0513610997003047,0.066174451193103,0.0344566045122307,0.0401520780999955,0.0377564046774087,0.0193046005703072,0.0770503583657843,0.0261229779712288,0.065800224570885,0.154875799026332,0.104922912536771,0.1192919245327,0.0322539307557968,0.134224149075061,0.0306003915196617,0.0338431533212336,0.0561408507383406
0.097561060273283,0.0684514644377923,0.161453107542331,0.0383040760043516,0,0.0692706114342737,0.0910903401230577,0.0480223017665841,0.0563263003734599,0.0378302340745347,0.122317562023284,0.0828715223147402,0.136836568953378,0.175115596743311,0.112644617748161,0.141596154426544,0.0301755543675797,0.0567969642721479,0.0951526070626669,0.0237342108401878,0.0217466203567471,0.0435634218862593,0.0525735360249253,0.0330638340816475,0.175139791506813,0.107268256286381,0.129709681373027,0.122623176914693,0.134616831590676,0.0277876463186551,0.106218730794969,0.0174688153939229,0.0446673858198261,0.0320827403998263,0.072491297549212,0.125560303886036,0.107804709019938,0.135495459193844,0.0378826015772702,0.0153164573316182,0.0694051152313136,0.0915835581529873,0.110991615387634,0.180768634578486,0.0387323972353267,0.153832561822908,0.0452209169613908,0.049889717664905,0.0837328797136465,0.0310227333708328,0.0459442604488105,0.116063171908278,0.0552908749964722,0.068617663452867,0.0685281124883655,0.102909718898866,0.175205485981237,0.126752237624031,0.165678587752348,0.104292438860776,0.153847546463638,0.0280842714421032,0.0770875064593816,0.0290466210534593
0.124234477202548,0.126164006569242,0.1089837828884,0.0980948300547675,0.0692706114342737,0,0.095214321513823,0.05262082591997,0.0600255295423105,0.0828279984567258,0.102830128523548,0.122181977080437,0.138547778208532,0.164542293693235,0.129363091481645,0.0801577703012395,0.107717526862517,0.140112706934178,0.100162849794634,0.0924206423199501,0.0949802210963234,0.0228953271349589,0.156821604451742,0.0734837830114638,0.10144380887858,0.111657396417178,0.0687517672915075,0.0683033009576271,0.119220557767741,0.104926362334521,0.0623325975072488,0.0277067990148888,0.041649559441752,0.0793946425458326,0.125382875651956,0.136279531249753,0.140675884275319,0.15246430590321,0.0396885289117018,0.132360379027042,0.0952056080659471,0.085030418401896,0.133547129825484,0.166047429326439,0.0265546158456607,0.254686047172298,0.0642286783555734,0.0569440996356364,0.0633569399459413,0.0444429043766812,0.0361708524721524,0.19022321267555,0.138082930505892,0.254725581973441,0.101447424851092,0.10722425190571,0.125491307806611,0.109237878131072,0.075587477472786,0.122352417228738,0.114592888064918,0.0742400809869009,0.11812981556596,0.0555448324758372
0.198198996821112,0.148938456953021,0.0601226263509539,0.0899921984184864,0.0910903401230577,0.095214321513823,0,0.0909718338800486,0.0300828646408045,0.103980380750637,0.180251550130956,0.124113698667086,0.130971340016347,0.135069096004127,0.143069533387138,0.0567347366159802,0.124118421607338,0.133055020452449,0.291217969134368,0.147407720629326,0.158175359630972,0.067804185927606,0.21743711737835,0.0743230927194236,0.0881901345949357,0.150971052866862,0.0923261366355232,0.133289983704772,0.127831549358486,0.122027209277605,0.0609071146833895,0.0209346491975227,0.0504620878705793,0.0381865815948012,0.0693876936400132,0.2055159915084,0.208337627898011,0.128233240385769,0.0726254756148909,0.130862231527657,0.126571301156055,0.116595052238761,0.115237443698533,0.101101502717016,0.0605271842117011,0.235199555864302,0.0972985002873849,0.0655424855460691,0.225773748448184,0.122424095368312,0.0661222958843112,0.26760604117726,0.176926355224047,0.211950348789273,0.146345277101601,0.111368586327305,0.0453825017450143,0.0948956471565347,0.0930366086506898,0.17989951403045,0.0884348046160776,0.0683015447635077,0.201893364008621,0.0854847304986431
0.181704364266761,0.156154750937218,0.102855086141721,0.0540377151853501,0.0480223017665841,0.05262082591997,0.0909718338800486,0,0.0691675456409545,0.103712597917896,0.155226119023576,0.144698158957969,0.185801858447759,0.12608535685419,0.161045324052051,0.0612232278978471,0.0978333658381708,0.145279862732715,0.184786813643049,0.174238230100453,0.150535726492606,0.0815099184531057,0.187201904125717,0.0377484133785774,0.096799298798433,0.164433692384277,0.115335552585079,0.129751470926679,0.125065337306398,0.135987889894574,0.0871545367338253,0.0590493200317575,0.0127097433899875,0.0613735426090559,0.114002235722259,0.17372934689781,0.181339740889492,0.101190586331751,0.0330256419251561,0.157231855921395,0.0970257738275655,0.10444890055105,0.1269059896255,0.151865570928104,0.0274862906569508,0.150757096945944,0.0760182136287058,0.103112325873319,0.144525800873855,0.0708370681823035,0.0577660925686371,0.220701088572491,0.167769721518048,0.258549813227445,0.136592980056495,0.144164775311839,0.0740487860066382,0.117042385517332,0.100138662024293,0.172143521031353,0.120363792030043,0.0930725554101686,0.172171388665199,0.089251464671179
0.0727875899315739,0.101306261234065,0.0801599063119918,0.0679401042988633,0.0563263003734599,0.0600255295423105,0.0300828646408045,0.0691675456409545,0,0.118226903279205,0.0692329453538504,0.0705519402193218,0.0981828000663585,0.169103741551144,0.146902596326955,0.0912848648945907,0.0577285494256019,0.0868079590354327,0.130199918462903,0.0345722221827268,0.0117242177730362,0.12147090274141,0.0842133362429924,0.0136463337921977,0.0988007577633632,0.0533209723805534,0.0514321742242356,0.056198129601649,0.0887859955659853,0.0830376019403993,0.064285503274988,0.0257322391754521,0.0285629285945685,0.0488450278520818,0.105235629128541,0.0753171636916448,0.0959968159173594,0.131882155577833,0.0404106854823264,0.0456139645172847,0.0604727694443579,0.10544940449909,0.113700216418889,0.137742527997094,0.0692353857298311,0.212980068289582,0.0533871725964149,0.0820511759294145,0.120340019244603,0.0554724922228874,0.0960626215655141,0.151405482527204,0.0625573610794061,0.218188307461119,0.06161078190794,0.0936103576576146,0.0761611715696158,0.0849672784016779,0.059939787553099,0.0665063505324894,0.0888192512454718,0.0448369239502768,0.094734834886199,0.0290041463403334
0.0970794215649688,0.161253383004279,0.126238488926547,0.0588335039035811,0.0378302340745347,0.0828279984567258,0.103980380750637,0.103712597917896,0.118226903279205,0,0.144107408434996,0.110817022267409,0.173516685477409,0.156016524331071,0.0554387079173165,0.100068333951671,0.042348828710796,0.12927174507283,0.124049594948771,0.0400598335119137,0.0597563570404832,0.11941140475108,0.0752274472583291,0.018327077981681,0.104181680517031,0.137065720221649,0.0989495775145679,0.137799430763666,0.129270127832563,0.0718535242876602,0.123966568210455,0.0574833120671224,0.0410200519564344,0.0824421657307585,0.153303057556115,0.143827093240979,0.166580446039515,0.0404659717286094,0.0615869120042328,0.062716160444294,0.150141550711374,0.0892685307782621,0.177528019964862,0.178550792035251,0.0885031546593343,0.0800070247296564,0.0702333884295867,0.1253611332158,0.10130371708569,0.0538842988246513,0.120858467845996,0.115725078727095,0.0864390020992374,0.178590027207973,0.0754151686809789,0.110069853142183,0.0917188699943556,0.12307378746437,0.115414109402727,0.142774098624442,0.165493030189964,0.0702351474137277,0.126073391907596,0.0605689561357573
0.123479026760905,0.0821883829418582,0.0978327459594537,0.0690856491559819,0.122317562023284,0.102830128523548,0.180251550130956,0.155226119023576,0.0692329453538504,0.144107408434996,0,0.121678018098285,0.0520182843473927,0.102818215044298,0.130601172371606,0.0659468681007138,0.160825662109003,0.0556913183616886,0.15065345181412,0.206771634427077,0.201669074965136,0.151002190073142,0.261843592595477,0.219392259842325,0.0918989397521101,0.117321375329753,0.110112868884055,0.159507221822729,0.202646834039607,0.133508232193425,0.311907696089273,0.082165404136275,0.204224792515084,0.00614293298911383,0.0207716885850168,0.0198792365331326,0.0669737210833476,0.120371744506958,0.067821988315147,0.148117942247171,0.130112934626697,0.0937344125741883,0.105837891149659,0.0248868238415321,0.192972545535634,0.195806146314677,0.110746186758008,0.0820577653562959,0.179944273275599,0.184785552808899,0.1697171007308,0.224323281821032,0.228410317481362,0.12857734799007,0.163480620429465,0.130095401960987,0.214359954627202,0.179252242834952,0.121002767582671,0.264522719196717,0.0544586031743821,0.0259016508613213,0.0716462004003791,0.193985773806384
0.140755964005722,0.0948864752857691,0.138812830623093,0.053701928206221,0.0828715223147402,0.122181977080437,0.124113698667086,0.144698158957969,0.0705519402193218,0.110817022267409,0.121678018098285,0,0.185452232485148,0.209607981788615,0.209999933594323,0.0821470885968214,0.0878639242308622,0.114605067193831,0.159944289189942,0.114242903761962,0.100198795008263,0.133865477963171,0.115365719971857,0.156409782339557,0.186678312345403,0.128993796558715,0.158126309756332,0.128963083717079,0.159710469506433,0.0735772631537344,0.14399697434847,0.0590551651630225,0.166387202002064,0.0750228604809827,0.118576529027279,0.144262128697029,0.157577312317289,0.195423651817268,0.0562965619896708,0.13185231284855,0.125486822708217,0.180617774651658,0.112176912148519,0.14103340270066,0.131899422584574,0.229111040176977,0.0296268757947302,0.0969351503967256,0.189987430096098,0.150019138853818,0.143761764296776,0.224646302266162,0.14077274427388,0.0585720331181737,0.0649692772263591,0.0924616211785397,0.172000620315654,0.161857885450856,0.15148350454264,0.143859777059559,0.109357480028959,0.0591944113730305,0.142216029830768,0.133642020048799
0.0344796265018659,0.0346765897061835,0.138827226927555,0.0693473900948781,0.136836568953378,0.138547778208532,0.130971340016347,0.185801858447759,0.0981828000663585,0.173516685477409,0.0520182843473927,0.185452232485148,0,0.280798161281029,0.2020162550163,0.0696639993688592,0.221185620358125,0.0358765572783595,0.121567416091949,0.181825073482257,0.154691854783182,0.126093010032983,0.148037742928459,0.182951511913973,0.242038562251539,0.0340969576330995,0.146502046095529,0.121332768557393,0.217992641538113,0.150703265530644,0.163700355781942,0.0435342075391006,0.139808534722588,0.0399608805373141,0.0639444825701113,0.0557830532508432,0.0561693214728987,0.205464539460418,0.0924087917791079,0.123862427564606,0.212039969055311,0.194239537517319,0.236456729046324,0.234429746574311,0.143830216775243,0.272190098971672,0.0538941861742366,0.116185703691778,0.192454336097924,0.192832232200368,0.1547595839576,0.125674779777174,0.162349092700676,0.108082960999431,0.182055600458964,0.143315012523462,0.224842731730124,0.234818318991255,0.165773445705464,0.0590929050043786,0.0709979405636372,0.0287726260371802,0.0386276529581497,0.177181783226757
0.128695708993108,0.0986866073528447,0.147935639425591,0.131628614511264,0.175115596743311,0.164542293693235,0.135069096004127,0.12608535685419,0.169103741551144,0.156016524331071,0.102818215044298,0.209607981788615,0.280798161281029,0,0.284888933533706,0.133025268656032,0.0989139635310674,0.0499957093624806,0.1089058164546,0.0748668814325958,0.108194152534703,0.0769583032159631,0.1723247567676,0.122289770996856,0.157811174077098,0.135213772773858,0.0629567691269299,0.140663978133312,0.120303913589757,0.0341269057894438,0.0777218814486168,0.0481485696145247,0.114695659933324,0.0505786777241448,0.0480107443769991,0.143535729153882,0.131681413013467,0.22018940903535,0.0807347047158424,0.19904043161749,0.166380558589133,0.230820900261809,0.136967666087022,0.281386113722648,0.0601102610732932,0.328493301883935,0.0249059129243671,0.0871106801160674,0.176483721329933,0.107792969489205,0.0623566496818549,0.200922360777964,0.218390528408578,0.06060893499357,0.0766079720546758,0.120931717074792,0.147389402466428,0.0916399711124146,0.109605622713898,0.189601130463955,0.150531521247444,0.0387282501148153,0.129081134215765,0.0864358981381703
0.0892271037083528,0.137470848883697,0.137434885611486,0.101693810298461,0.112644617748161,0.129363091481645,0.143069533387138,0.161045324052051,0.146902596326955,0.0554387079173165,0.130601172371606,0.209999933594323,0.2020162550163,0.284888933533706,0,0.147001486057886,0.0971512428178001,0.0799736250215639,0.0960693755358537,0.0756651093068993,0.121218820411762,0.100881107001255,0.105509037246651,0.0879542931172829,0.133534010001408,0.158235009873728,0.10964997378417,0.149834550539992,0.139174781387727,0.120540474155936,0.111663041126585,0.0628496794637022,0.10741812059712,0.0474746298048999,0.124834672198177,0.122985389119795,0.154663378901591,0.0385085889122433,0.130143643277262,0.157527548054676,0.228529249807741,0.263225361295945,0.236754280492632,0.193529789177703,0.104358246990096,0.0768093384683379,0.0352310818660127,0.118122004151146,0.106125495569479,0.0873055039323731,0.10946793006244,0.116157579214846,0.139740423431836,0.114127962859444,0.155804941021004,0.175147674500755,0.13012949716205,0.151098937698931,0.149744334116287,0.153781811528497,0.165767072021726,0.0676195834606092,0.121748486776104,0.118997548194338
0.0868924795292181,0.0303571627179555,0.0479607100559332,0.0972890501118175,0.141596154426544,0.0801577703012395,0.0567347366159802,0.0612232278978471,0.0912848648945907,0.100068333951671,0.0659468681007138,0.0821470885968214,0.0696639993688592,0.133025268656032,0.147001486057886,0,0.0661550767500341,0.0286905344519429,0.0629080187161666,0.0678826709143785,0.089377452246701,0.069324413902731,0.0988393300200133,0.0606220833483689,0.0943474167160115,0.0572489850782947,0.0288219697602204,0.0500024639650316,0.0378676149056277,0.0454467443182845,0.04513945163186,0.0385567799214181,0.0684457392450899,0.0271994982459013,0.0447833829996032,0.0607055071937281,0.0473322840709437,0.160786810595606,0.0516921742954627,0.0888807374795965,0.123540434575167,0.194636345742598,0.065007436903127,0.0774535318317949,0.0472818982445942,0.271344130576532,0.0599670886315221,0.0359907934416024,0.088045052790764,0.0811674435440464,0.0517076316007153,0.105275257581278,0.0855954104415638,0.0358838881398439,0.0774066645608097,0.0523607504115307,0.071092640554806,0.050381735473765,0.03074837290748,0.069267301211774,0.0589965646394751,0.00788936002442544,0.046617868681587,0.0699557725749329
0.161508064534956,0.146145513088754,0.116141734482273,0.0351617882450023,0.0301755543675797,0.107717526862517,0.124118421607338,0.0978333658381708,0.0577285494256019,0.042348828710796,0.160825662109003,0.0878639242308622,0.221185620358125,0.0989139635310674,0.0971512428178001,0.0661550767500341,0,0.140346708919138,0.170053498792563,0.0556072858882781,0.0508406642175158,0.152604987418363,0.0959733920911593,0.046307035376851,0.124366643497073,0.143534597615866,0.136301118924199,0.174162001670773,0.161263211697001,0.0683956097633092,0.150053809152086,0.0975977392337283,0.119212469977322,0.109912064046871,0.123733029272928,0.172638825958004,0.181860329645764,0.0684595005856571,0.0348316062681515,0.0400889060068786,0.040586065055241,0.090275848850508,0.102003797943232,0.213131879069641,0.11857374384041,0.0864571378300391,0.0192846240010219,0.124207067443704,0.156373741496863,0.0979568969943001,0.139270119048623,0.190710441720979,0.0956653935183684,0.143745024659517,0.0554901203157714,0.118561406387602,0.110557901829127,0.177450056481306,0.137181406966993,0.175360145833687,0.153215588867985,0.0875821527853951,0.182521942549824,0.0881483085448729
0.0456472681059035,0.051072668695935,0.116865016874525,0.0346283536845791,0.0567969642721479,0.140112706934178,0.133055020452449,0.145279862732715,0.0868079590354327,0.12927174507283,0.0556913183616886,0.114605067193831,0.0358765572783595,0.0499957093624806,0.0799736250215639,0.0286905344519429,0.140346708919138,0,0.137900047365417,0.164972492259129,0.203266013090861,0.196660152986278,0.189417810510774,0.189144389277191,0.0525348159798125,0.0423959716368503,0.062396175311751,0.0863719945557645,0.11230695630402,0.119272368715762,0.148178666622764,0.216843109698882,0.146011228595455,0.172338969999432,0.118767399293275,0.107082353415506,0.0582113984829143,0.0574150215446438,0.0428191187455747,0.129614942973743,0.119551370677528,0.0801747921270062,0.0839050402039149,0.0321275652574948,0.144372915331937,0.0997093156864148,0.0598185140970963,0.0882368128857725,0.122464451965737,0.142149027091816,0.135954088645651,0.0900400365417978,0.154728052381568,0.0331554237739677,0.153691989534619,0.0965705715039215,0.131849391677875,0.0729582185908437,0.0812798692879402,0.026052586851491,0.0903973779787213,0.013988853733315,0.0609372610288288,0.220487897726041
0.15888631619102,0.157122208161868,0.0860005660243258,0.0616923111286058,0.0951526070626669,0.100162849794634,0.291217969134368,0.184786813643049,0.130199918462903,0.124049594948771,0.15065345181412,0.159944289189942,0.121567416091949,0.1089058164546,0.0960693755358537,0.0629080187161666,0.170053498792563,0.137900047365417,0,0.31315836982415,0.2671424600829,0.157505844213565,0.233437399996819,0.181994749635311,0.0476651779684969,0.155653591276599,0.0512689204191802,0.0466995134830896,0.145621288244695,0.142433622196762,0.315989046572167,0.058602414086414,0.194164417432774,0.0464354825082823,0.0639189192105853,0.1245249245242,0.175410644967327,0.0646826782540723,0.0276464766334023,0.178515557934162,0.125571392530715,0.0325657434662541,0.139855602520172,0.101887020159422,0.22368086600555,0.18563644083032,0.114946066836447,0.0699233649546681,0.0499047674634495,0.257512792260259,0.196555108281789,0.224775426869285,0.199550185020051,0.251280500219043,0.180824844484771,0.133018204594928,0.20090720092878,0.0932604379414509,0.0512852822743049,0.205511923323191,0.112625229395857,0.0704764707515394,0.162002301837722,0.259457243985603
0.175988363561102,0.162966112888178,0.116428757683549,0.0323670667956449,0.0237342108401878,0.0924206423199501,0.147407720629326,0.174238230100453,0.0345722221827268,0.0400598335119137,0.206771634427077,0.114242903761962,0.181825073482257,0.0748668814325958,0.0756651093068993,0.0678826709143785,0.0556072858882781,0.164972492259129,0.31315836982415,0,0.116544493271607,0.214578224845881,0.164410292151366,0.0143377875560265,0.106879508947265,0.199152663817833,0.145244746096188,0.184171547452003,0.164412911919166,0.0789680204685382,0.190363224740002,0.0779557458598395,0.104968915222051,0.0731849053981754,0.145891928266785,0.201759180145077,0.252160917584129,0.0492522865922061,0.0159653386255204,0.0764572424245378,0.0350736144664055,0.0388259918259467,0.11555340468692,0.156031333394625,0.294185810339933,0.0976663633955365,0.0575851233692291,0.196515489437593,0.211399690615714,0.197564139811754,0.405145817020746,0.223495502469759,0.139072859907934,0.280064731460447,0.120910149536373,0.116052116152781,0.0969753639546046,0.129232299745699,0.137532483906154,0.194772162587329,0.137167543319419,0.0971730902132388,0.20871655864822,0.0599348970180994
0.191229994632739,0.145323295467554,0.175247014705295,0.0214405860851026,0.0217466203567471,0.0949802210963234,0.158175359630972,0.150535726492606,0.0117242177730362,0.0597563570404832,0.201669074965136,0.100198795008263,0.154691854783182,0.108194152534703,0.121218820411762,0.089377452246701,0.0508406642175158,0.203266013090861,0.2671424600829,0.116544493271607,0,0.267627810685146,0.183158259867803,0.0596923290137247,0.168107087704995,0.184054431600949,0.186737026574876,0.193052260780623,0.179090740925556,0.0418577048845958,0.22530932659025,0.0570986527169755,0.195174663734183,0.129977151731745,0.170526053524625,0.226006370588781,0.232588888750416,0.11466973520191,0.0313240312294527,0.0390783055425297,0.0442179054386207,0.0993984185818737,0.0655283710333929,0.130275052634976,0.214996349498965,0.13923289973398,0.014779705638771,0.154890441057488,0.181582854368537,0.149322029302749,0.226698579286964,0.256312893237329,0.122643620411245,0.171920584940222,0.140782961403869,0.113380179484413,0.173119803017614,0.175491787974577,0.1900824568277,0.178618246138465,0.126586132919556,0.0711195386111501,0.21645388377616,0.107847661685239
0.168762904076367,0.152544201086845,0.0637861557508973,0.0518230167063003,0.0435634218862593,0.0228953271349589,0.067804185927606,0.0815099184531057,0.12147090274141,0.11941140475108,0.151002190073142,0.133865477963171,0.126093010032983,0.0769583032159631,0.100881107001255,0.069324413902731,0.152604987418363,0.196660152986278,0.157505844213565,0.214578224845881,0.267627810685146,0,0.188296162250967,0.0733409631725027,0.0585999399742381,0.152758315154467,0.0692759831552839,0.0643334094744736,0.0603438606182169,0.120307251242471,0.0372229824306797,0.0770403515289474,0.0477945704684588,0.0590499220052367,0.133258306084367,0.155721070978448,0.201199903055254,0.0495050128688923,0.0284550474651351,0.14762634361028,0.148345640285135,0.060084333825231,0.115220794084197,0.0922969178164185,0.0593675839931527,0.153169866576114,0.0837098519272723,0.039705885335408,0.0404081428700964,0.0820261901555329,0.064966484893092,0.190049765019723,0.157481923979287,0.320085808834381,0.157227419900902,0.122371021471753,0.0789715981522847,0.0483129236608659,0.0670595132274714,0.15967516388545,0.101967819249267,0.0740420298354205,0.176045383754534,0.288070811805237
0.180871214529011,0.113161341082045,0.253703471207047,0.013691295903224,0.0525735360249253,0.156821604451742,0.21743711737835,0.187201904125717,0.0842133362429924,0.0752274472583291,0.261843592595477,0.115365719971857,0.148037742928459,0.1723247567676,0.105509037246651,0.0988393300200133,0.0959733920911593,0.189417810510774,0.233437399996819,0.164410292151366,0.183158259867803,0.188296162250967,0,0.168824766091126,0.189303214082696,0.114833373010782,0.223630092563229,0.217324276204103,0.278255124396596,0.087221865640404,0.298409258883778,0.195082783365417,0.186686748299248,0.173567706399697,0.184673644140943,0.256388237117425,0.226858649736415,0.127223090334019,0.0490687619005903,0.123559655082803,0.119736698835205,0.108256961334865,0.134182196511447,0.242511874033748,0.177689779556355,0.17567185712871,0.044967982088568,0.14510852023228,0.20001734338895,0.170609550194187,0.1699712896058,0.187275729252567,0.0262580781143237,0.0658685331837083,0.0822943799246721,0.0511550963010206,0.261636098536904,0.25038027322593,0.235257887031465,0.185165879398122,0.272816619235188,0.0401368169369495,0.211397213314607,0.216229579814647
0.196920845399732,0.139398124619279,0.132923712468353,0.068144261611826,0.0330638340816475,0.0734837830114638,0.0743230927194236,0.0377484133785774,0.0136463337921977,0.018327077981681,0.219392259842325,0.156409782339557,0.182951511913973,0.122289770996856,0.0879542931172829,0.0606220833483689,0.046307035376851,0.189144389277191,0.181994749635311,0.0143377875560265,0.0596923290137247,0.0733409631725027,0.168824766091126,0,0.135044354541567,0.167385858185656,0.160475581417766,0.155914930324343,0.169693431719779,0.0736525600480068,0.143978229542374,0.12420723564253,0.0200715586675493,0.11570208839635,0.131878689807801,0.18237220268737,0.221025187957352,0.0369103546608835,0.0268077360797317,0.119618957075951,0.0400692790945149,0.0403025662944402,0.147917916512865,0.170473938871034,0.029612333933358,0.0298650922915252,0.0383041965580335,0.0654301964479347,0.117158577746317,0.018609916194791,0.029738268583599,0.195127940242498,0.196865809780655,0.066640689263092,0.0870825351377146,0.135741117228712,0.118071529474748,0.162139312636629,0.162238880321795,0.222095177404455,0.220728813035674,0.0846684816009469,0.200815826072124,0.0396716068916447
0.118341457614824,0.0939166324200399,0.0426154107125273,0.129851784100594,0.175139791506813,0.10144380887858,0.0881901345949357,0.096799298798433,0.0988007577633632,0.104181680517031,0.0918989397521101,0.186678312345403,0.242038562251539,0.157811174077098,0.133534010001408,0.0943474167160115,0.124366643497073,0.0525348159798125,0.0476651779684969,0.106879508947265,0.168107087704995,0.0585999399742381,0.189303214082696,0.135044354541567,0,0.189334008178874,0.0562066867179712,0.116159151105261,0.0377588286555139,0.091530206362986,0.0552727104475762,0.020692532957791,0.11350687766348,0.0216442026146084,0.048530048017244,0.104315090054917,0.0900072373293004,0.103011444682763,0.101054985556374,0.174449830709839,0.174911553852912,0.165825838045241,0.163437423426799,0.168658499008644,0.0848702170560564,0.166790416119739,0.0769787204461473,0.0592026855344827,0.0955805822062104,0.0995644922565444,0.0702865952336551,0.172000285684234,0.200075380284069,0.0411220756975829,0.182625347116502,0.22766128478025,0.0973521533911916,0.0410783882381078,0.128908063849003,0.203028915827567,0.124770790668029,0.0953513036387607,0.0730449576774432,0.107889316473888
0.037839326767503,0.0306133362771529,0.147508569715741,0.0457269923371233,0.107268256286381,0.111657396417178,0.150971052866862,0.164433692384277,0.0533209723805534,0.137065720221649,0.117321375329753,0.128993796558715,0.0340969576330995,0.135213772773858,0.158235009873728,0.0572489850782947,0.143534597615866,0.0423959716368503,0.155653591276599,0.199152663817833,0.184054431600949,0.152758315154467,0.114833373010782,0.167385858185656,0.189334008178874,0,0.195357441705265,0.162278971092858,0.185192657797622,0.13794752322691,0.220242374949624,0.0448748864623888,0.208236944500106,0.0638987231411177,0.108997431812248,0.103054832581943,0.158512194287264,0.165685105846367,0.0651495254953836,0.139118535390121,0.192423927408878,0.133041426141169,0.091353532290147,0.0636072029006081,0.187367116628047,0.228245910133807,0.0561677861952185,0.0931857801666535,0.178465845910124,0.187436709434253,0.183465272333983,0.122601694299534,0.137680926510919,0.0421474366504527,0.191342409399361,0.127848122589238,0.203268119255923,0.18443685965931,0.200111577116727,0.0411256863939138,0.0498824359366756,0.0327761324841857,0.0958779665272319,0.158449007768973
0.144244822445093,0.110889073103425,0.0264758611607291,0.0958732460345327,0.129709681373027,0.0687517672915075,0.0923261366355232,0.115335552585079,0.0514321742242356,0.0989495775145679,0.110112868884055,0.158126309756332,0.146502046095529,0.0629567691269299,0.10964997378417,0.0288219697602204,0.136301118924199,0.062396175311751,0.0512689204191802,0.145244746096188,0.186737026574876,0.0692759831552839,0.223630092563229,0.160475581417766,0.0562066867179712,0.195357441705265,0,0.0647044236448318,0.052493391595406,0.0923830184925986,0.108214878344677,0.017281820145716,0.144909028391177,0.0155684575480477,0.0194036481432881,0.0901256512782162,0.133086636406919,0.110834469208317,0.110259130912189,0.167755849684298,0.149651806791665,0.0945466555042551,0.102590233526595,0.0653572483507384,0.136427176570431,0.169702330916419,0.0777883906815101,0.048843438768557,0.0844437379680386,0.123745488103435,0.107352492080178,0.182073903297388,0.219540832088944,0.0701633334554237,0.173927631677614,0.132604478977877,0.1125265333937,0.0668291604809804,0.0238282768495736,0.23305936459778,0.0729348918590819,0.0348910873186357,0.105859245497084,0.117149680808819
0.140047793561619,0.121699889450028,0.0436720894556026,0.0785183273570613,0.122623176914693,0.0683033009576271,0.133289983704772,0.129751470926679,0.056198129601649,0.137799430763666,0.159507221822729,0.128963083717079,0.121332768557393,0.140663978133312,0.149834550539992,0.0500024639650316,0.174162001670773,0.0863719945557645,0.0466995134830896,0.184171547452003,0.193052260780623,0.0643334094744736,0.217324276204103,0.155914930324343,0.116159151105261,0.162278971092858,0.0647044236448318,0,0.129229912432397,0.144638493109682,0.20102570795709,0.0311696238423759,0.146632645025338,0.0172501455654817,0.0513933078048261,0.0861232033440407,0.167865886035964,0.12036190110532,0.0781221308367451,0.141703923974856,0.130462628419563,0.0948652425744276,0.135150207185205,0.0625033138439258,0.152991972056133,0.226954510760845,0.130186902140046,0.0473090106116425,0.136920194108671,0.167164612331021,0.132430031173646,0.224242572421069,0.190251066883988,0.148308994355822,0.153183168257697,0.128580695382249,0.203414910639904,0.184909975740068,0.0837687080881762,0.24716637859148,0.0880398836808207,0.0508955841133606,0.150921478178024,0.133487023733309
0.188599689332398,0.156410916081168,0.0188581025963783,0.117616577347295,0.134616831590676,0.119220557767741,0.127831549358486,0.125065337306398,0.0887859955659853,0.129270127832563,0.202646834039607,0.159710469506433,0.217992641538113,0.120303913589757,0.139174781387727,0.0378676149056277,0.161263211697001,0.11230695630402,0.145621288244695,0.164412911919166,0.179090740925556,0.0603438606182169,0.278255124396596,0.169693431719779,0.0377588286555139,0.185192657797622,0.052493391595406,0.129229912432397,0,0.113196924074182,0.0784974869712433,0.0246970144912156,0.16163661639529,0.0139333141057353,0.0515332056589553,0.175981701356185,0.185440564699143,0.114107506345332,0.0833777708964446,0.177276100679605,0.180994425005841,0.184667042094602,0.133984567974042,0.129704263749193,0.110788244621152,0.21188012772831,0.0913758274691158,0.0557809786284569,0.140231719218307,0.152527268888637,0.100761667190319,0.296340649475403,0.258947038475312,0.122575748016308,0.162379686882359,0.14480627704942,0.122864466016655,0.0362767201233756,0.0753016754982767,0.267644477055706,0.127706121451771,0.104856815657403,0.247153589742015,0.144253032380916
0.120354104988444,0.123226662836654,0.100828913333167,0.0432993752669684,0.0277876463186551,0.104926362334521,0.122027209277605,0.135987889894574,0.0830376019403993,0.0718535242876602,0.133508232193425,0.0735772631537344,0.150703265530644,0.0341269057894438,0.120540474155936,0.0454467443182845,0.0683956097633092,0.119272368715762,0.142433622196762,0.0789680204685382,0.0418577048845958,0.120307251242471,0.087221865640404,0.0736525600480068,0.091530206362986,0.13794752322691,0.0923830184925986,0.144638493109682,0.113196924074182,0,0.129029320013944,0.0751420760150845,0.091417426893568,0.0770502635683924,0.130088711001423,0.136666791799467,0.189486660866826,0.0880722617354511,0.106288700157126,0.0636398900459337,0.138761846675757,0.129255884865107,0.122464990769713,0.115426202546362,0.101344854321424,0.0873165733615306,0.00790179596822043,0.0747708829957668,0.141348376290105,0.109152186012061,0.109218526181438,0.156243053116855,0.0914776178045519,0.0392739068695861,0.0173992143463417,0.0448048261068728,0.0884484514468997,0.0971972558109248,0.103921940321474,0.156662301728418,0.120140701871716,0.0920842085502212,0.146810826699213,0.0938293929600668
0.215313841441265,0.17204369314135,0.0393205671178438,0.077429998764898,0.106218730794969,0.0623325975072488,0.0609071146833895,0.0871545367338253,0.064285503274988,0.123966568210455,0.311907696089273,0.14399697434847,0.163700355781942,0.0777218814486168,0.111663041126585,0.04513945163186,0.150053809152086,0.148178666622764,0.315989046572167,0.190363224740002,0.22530932659025,0.0372229824306797,0.298409258883778,0.143978229542374,0.0552727104475762,0.220242374949624,0.108214878344677,0.20102570795709,0.0784974869712433,0.129029320013944,0,0.0250240038351713,0.116245464655906,0.0194394106844929,0.0726600868547242,0.234108984011381,0.276452956410125,0.0564916744714808,0.0383177801699677,0.151845200959778,0.0832210782010006,0.0731154795914381,0.112707660203734,0.0880386425490089,0.122258043459907,0.154781512322368,0.106800987317861,0.0612180342544882,0.171950115526427,0.143536813572454,0.0968428786026859,0.318002483259013,0.244993202453221,0.213497745780663,0.178964776247751,0.143471956214886,0.0451760459623905,0.056761663334809,0.122997747163583,0.329533748370111,0.144287612366435,0.118935476840468,0.288564744158914,0.138573276220822
0.228001887959545,0.0583315633058749,0.0401925815547301,0.077989979033241,0.0174688153939229,0.0277067990148888,0.0209346491975227,0.0590493200317575,0.0257322391754521,0.0574833120671224,0.082165404136275,0.0590551651630225,0.0435342075391006,0.0481485696145247,0.0628496794637022,0.0385567799214181,0.0975977392337283,0.216843109698882,0.058602414086414,0.0779557458598395,0.0570986527169755,0.0770403515289474,0.195082783365417,0.12420723564253,0.020692532957791,0.0448748864623888,0.017281820145716,0.0311696238423759,0.0246970144912156,0.0751420760150845,0.0250240038351713,0,0.045324623014191,0.194904333229395,0.13767349109795,0.0782974959297656,0.0766609666185903,0.114861172918485,0.0285308883042626,0.073541981805492,0.0554365117745061,0.0232063730850358,0.0446816367354733,0.0295692266855376,0.0880154514539301,0.0611491334823006,0.0661687377913646,0.0430423673136602,0.0348246477543957,0.0647783310059802,0.0862583024650464,0.130839366149128,0.128582096208628,0.123358553231649,0.0748702083952351,0.0607901243778239,0.0512352624644115,0.00544048258960389,0.0191711112466252,0.0820340400076111,0.0389841160031657,0.0789785631006244,0.104543697585763,0.0720478911527746
0.178937429401428,0.148444576590028,0.10255523825232,0.0567619010881607,0.0446673858198261,0.041649559441752,0.0504620878705793,0.0127097433899875,0.0285629285945685,0.0410200519564344,0.204224792515084,0.166387202002064,0.139808534722588,0.114695659933324,0.10741812059712,0.0684457392450899,0.119212469977322,0.146011228595455,0.194164417432774,0.104968915222051,0.195174663734183,0.0477945704684588,0.186686748299248,0.0200715586675493,0.11350687766348,0.208236944500106,0.144909028391177,0.146632645025338,0.16163661639529,0.091417426893568,0.116245464655906,0.045324623014191,0,0.0446822039117989,0.119802166732893,0.164167713936588,0.219832329797416,0.0600386840522591,0.0278284634554299,0.148517943385483,0.0736467694719944,0.0436133618797543,0.134306281174424,0.119019015954354,0.0193670623713419,0.0781833109190057,0.0681091214336028,0.0551383361694397,0.10636045085964,0.0193789038558869,0.0205799137192394,0.196041038006204,0.166819665223352,0.123968278081664,0.163741267886938,0.144245023022133,0.0741455221445977,0.117907725703691,0.156329975631576,0.203928783010396,0.157818111994832,0.120047675332417,0.18652025445961,0.0566234124066491
0.0656557806294621,0.102019240834589,0.0513209098450301,0.015649029649826,0.0320827403998263,0.0793946425458326,0.0381865815948012,0.0613735426090559,0.0488450278520818,0.0824421657307585,0.00614293298911383,0.0750228604809827,0.0399608805373141,0.0505786777241448,0.0474746298048999,0.0271994982459013,0.109912064046871,0.172338969999432,0.0464354825082823,0.0731849053981754,0.129977151731745,0.0590499220052367,0.173567706399697,0.11570208839635,0.0216442026146084,0.0638987231411177,0.0155684575480477,0.0172501455654817,0.0139333141057353,0.0770502635683924,0.0194394106844929,0.194904333229395,0.0446822039117989,0,0.0390823677914024,0.0710219121847407,0.0450904871227211,0.0629532818910884,0.0397581911293284,0.0857524774928884,0.0579078307510181,0.0669534082449016,0.0530831924050552,0.00684724580108703,0.0424483920020203,0.0954113144871286,0.0610593416197714,0.0562034919369078,0.0493095458362611,0.0482965490673609,0.0477360218109004,0.121459341449247,0.123900278725349,0.0541224643572178,0.0830185091566857,0.067399088702057,0.0424471785729903,0,0.0222605810966088,0.0411078257852302,0.0660022125137769,0.0221903166075859,0.0637023182592032,0.133497396906221
