0,0.056762743638505,0.0567651945428653,0.110291119501153,0.161670705069482,0.0340504853058984,0.06671272510504,0.0585268952209789,0.170285846667768,0.192377448986958,0.111496080882649,0.0736106230752252,0.068634338511805,0.0911544194008101,0.121382027853993,0.0352037071269638,0.0947890386906575,0.0772748098792542,0.0672856693370607,0.117023603148922,0.172427331762876,0.0675699369024,0.0986072552311808,0.0606769638052686,0.0444915955012761,0.0333137032586616,0.0515649007529882,0.0290028138630917,0.0197822976594312,0.0369257792309703,0.0524977767904777,0.0365280913327104,0.130189241085202,0.111662190488166,0.0235376655101939,0.0426117661845299,0.0593608318770179,0.0796068409251811,0.0325450106711469,0.0726133621974361,0.0999920028529288,0.181221495816261,0.157924109087578,0.0609290064890571,0.0294246980005222,0.0448157428502846,0.0320365388422735,0.0391550064557703,0.0514075345571836,0.103993359367125,0.0830810692357055,0.0898964343541128,0.0760475590844739,0.0607489872209465,0.0918867756255562,0.0270346258309781,0.0327728672738128,0.0567339090881383,0.0497939124765895,0.0449382669686804,0.0216280263633043,0.0530557237789857,0.0404527875052198,0.15920056705302
0.056762743638505,0,0.110180486931123,0.0211273194615667,0.0906861113950113,0.0713603931654984,0.0689930459545749,0.082727422539001,0.103298768847535,0.156725055897975,0.0962909664085695,0.0935811839647258,0.118510430497017,0.18655965959832,0.222273731322428,0.1445460279095,0.0675496372257647,0.0372215186981788,0.0164900820217982,0.0978560514209558,0.226535959071816,0.0462325616265222,0.15492860272942,0.160709713927915,0.0701888143979346,0.0610401271391242,0.107887049711176,0.0526739145194586,0.144896606681935,0.157877635589405,0.0428661817599463,0.0930741300075291,0.0402055801084642,0.122841052679448,0.0491540894333135,0.0493183219968309,0.0144615473516331,0.0138618865852693,0.0491697490919583,0.164832879240218,0.0688330229075312,0.232263284107882,0.216026658098494,0.0467179057845052,0.177888137887917,0.182712369227932,0.10961070430535,0.0526379694975919,0.0349509084888837,0.0681219205138522,0.0836332367388047,0.180710821776694,0.151185780453293,0.0761556436081287,0.13049320326434,0.0444910130873113,0.115968362860552,0.120469558990146,0.110668191116838,0.0293258162591837,0.0381714559037718,0.0456803340962391,0.00690595850310627,0.168118968784368
0.0567651945428653,0.110180486931123,0,0.0789550085978689,0.131046011967643,0.0291459640422238,0.113647999206392,0.0625518548207744,0.112106309891391,0.100782047392307,0.126277219335634,0.0165566772802336,0.114294390391643,0.0545543898805399,0.116613242472597,0.098755918916725,0.0161730195301986,0.0555861121305736,0.0898917094737682,0.089328872344653,0.169247695735947,0.0744733576423458,0.083249179575719,0.0540460629251745,0.0229142056764867,0.0108734148184918,0.0622378102004228,0.100691895244019,0.0853528659389728,0.108190689908971,0.0210361698197802,0.0835957611066406,0.0790390849905573,0.0631358118723672,0.0573085822626404,0.0616355917279757,0.0364722082819108,0.0544111664498298,0.0492175340451813,0.0411177784153928,0.128369284069291,0.140993177287962,0.118671405255235,0.093925532333643,0.0310151061256647,0.104879522406503,0.0830832259142904,0.14166966752044,0.119584091418057,0.156123154312399,0.132043551029345,0.0819532723486319,0.0942693410328462,0.0698951674486041,0.0155485271371564,0.0352551984953987,0.0275084122489563,0.0817277121993781,0.0618958279112974,0.0676433906804586,0.0530093406781361,0.118200608338091,0.0754437830978267,0.134875890428643
0.110291119501153,0.0211273194615667,0.0789550085978689,0,0.260803339050312,0.104335721022734,0.0205810897769559,0.0857951481337075,0.186090419521235,0.282685874086084,0.156990508019589,0.0878621108956409,0.106216079126587,0.154574401834095,0.247629047231602,0.175428990432981,0.142603533070178,0.0508972283347852,0.0424543862599222,0.165068012609151,0.147799057635832,0.0333659875290176,0.0626160351656996,0.0637963354581851,0.0857569412586033,0.0995884918305997,0.179235682882293,0.0773459363483861,0.141777641062318,0.123323472542681,0.0466503922059942,0.0561171471664096,0.106017767197189,0.106789662824414,0.0824240543652033,0.0945989904997083,0.0601868744596807,0.0779797843664937,0.081383695930969,0.163568856005044,0.159570875984767,0.298915268944784,0.210029222311497,0.0214524190310012,0.166437797003946,0.176316528357422,0.137664455991775,0.087127996359909,0.0724865069684987,0.0784813551813116,0.104150944341825,0.144264140563033,0.123022477641943,0.0798328195878962,0.113364752744075,0.0739294631332937,0.0833142427103258,0.0912349493902071,0.180079926874707,0.0474073285101998,0.0534522523798573,0.0157585366691104,0.0205248933622872,0.136572769984333
0.161670705069482,0.0906861113950113,0.131046011967643,0.260803339050312,0,0.117430975072451,0.00247585841544283,0.0688842136285785,0.0615859656971135,0.355285870367462,0.0937285472441756,0.0615303548634032,0.0682869780525647,0.144408788309081,0.270006664428774,0.255365167661692,0.104140689022651,0.0663859621258603,0.105906156721558,0.089349175668222,0.11923079651543,0.0399749850218626,0.0222762916713152,0.0331705883401779,0.0901256353332859,0.111003686174109,0.306115917961674,0.153160220097851,0.127897317919871,0.145952341548466,0.0827754700221854,0.108448291727209,0.0561691043029528,0.0641649941705788,0.131719316922248,0.153350280294722,0.216605558095489,0.0509942206317713,0.085247913006833,0.118178115341464,0.0987249921593567,0.258160927688002,0.171824382706148,0.0773065668933155,0.183011621623986,0.250518750983074,0.225470815779504,0.157198994465795,0.163177968618608,0.096396058272183,0.0633177268593376,0.125476921168631,0.0977853097104784,0.0426220360289344,0.0975662339592358,0.118725416135025,0.0653914640048375,0.110269265626997,0.274060362007565,0.0980324667399379,0.114994773276304,0.0179010751106424,0.0567289131082514,0.101616076150701
0.0340504853058984,0.0713603931654984,0.0291459640422238,0.104335721022734,0.117430975072451,0,0.0918099105116365,0.059048656739806,0.0917836665977664,0.0800665529019464,0.0439023456288089,0.0647726377810255,0.0540564714906358,0.0208461367506037,0.0317543599637965,0.0660160171646362,0.116792234552993,0.00845606005495805,0.0753216262700817,0.155845308405983,0.189813646117053,0.0814664336246147,0.024564729275183,0.0262090232520757,0.0231911040047747,0.0233193733272485,0.0429400969534738,0.0429132866290842,0.070564119312072,0.0623569734708972,0.0128546203847473,0.0554517426336177,0.102628603277514,0.113152823168351,0.0317138985781535,0.0582058102658534,0.0427152484537589,0.0617479739807708,0.0532407764301566,0.0818208850989378,0.0933688144366797,0.0899071950251897,0.0451657975540694,0.0652480359931076,0.019602412264301,0.049713095540643,0.0822148956830423,0.10291721393546,0.112560748733837,0.155278478252079,0.0687856614295058,0.0548937657725317,0.0338230977695582,0.0394085667285786,0.1166053879816,0.016419959325597,0.0386530759523688,0.0436960681151037,0.0280170075650719,0.0293915800601192,0.0345555339013723,0.0468693984693693,0.0322339983143487,0.18476354442115
0.06671272510504,0.0689930459545749,0.113647999206392,0.0205810897769559,0.00247585841544283,0.0918099105116365,0,0.101824194039505,0.0240596631477343,0.16861151458841,0.0119751926232849,0.0517771536144248,0.02566260190222,0.0826771312385454,0.1344515777587,0.154024656504684,0.0730146268657933,0.0691505394949696,0.0957480971530482,0.0329154666666537,0.210250622092403,0.0845896037590567,0.0298267053116111,0.0171660273177933,0.0336217128141532,0.0332379175732694,0.19957378644056,0.118135929628761,0.182506240467794,0.102199752716703,0.101456990853812,0.0692443509153154,0.00374394285063572,0.122014894480819,0.0880523324596553,0.154488162789613,0.0603957352630223,0.00382009747741693,0.158667649273156,0.129523501408184,0.0153384020296662,0.119490319197485,0.0570148894087982,0.0426683120070575,0.0939105851507891,0.13370429505241,0.133974593067692,0.0910071568237216,0.0813362152597706,0.0383067666845722,0.0338224171285194,0.0854139939868798,0.0308423852008975,0.0118278664161538,0.0847330177900932,0.0597030328994097,0.079610152264618,0.106862679076791,0.169435515360464,0.0619600441687593,0.0497008415800279,0.0303107801774353,0.0918328780376959,0.111288876407382
0.0585268952209789,0.082727422539001,0.0625518548207744,0.0857951481337075,0.0688842136285785,0.059048656739806,0.101824194039505,0,0.0245263124391788,0.0215683741163461,0.0183421755964351,0.0387063753309476,0.0165020796647396,0.0423997730999704,0.078509391227798,0.0729687146046286,0.0205748253119861,0.109260510475091,0.145000498440099,0.0226888310629093,0.0216965213066656,0.135557809847959,0.150644427332057,0.115301305979415,0.0847969031506341,0.0565279041343042,0.0621421844966718,0.0232412980415439,0.038333169079777,0.0386348031841526,0.00769576158052081,0.0244264536562224,0.0264397147475143,0.0552537498492026,0.108411905383976,0.144319111129931,0.123670623092246,0.00461949703451438,0.214722103953197,0.0468786005931634,0.0564077941901245,0.0461193065886256,0.041665988713406,0.0561621268662213,0.0399988338336667,0.114560389529417,0.108054482905726,0.0853944257458644,0.0693421485028685,0.0528500147484352,0.0972385699275729,0.0143480068661142,0.138173658797327,0.102584797310377,0.0158193552118938,0.067569481885297,0.127178278670857,0.0413136221661788,0.0561794973805268,0.0545487111126952,0.0477323296884236,0.0511542569496307,0.0905662245377847,0.0622343515722593
0.170285846667768,0.103298768847535,0.112106309891391,0.186090419521235,0.0615859656971135,0.0917836665977664,0.0240596631477343,0.0245263124391788,0,0.174568899623885,0.0772986801580259,0.0274233245799531,0.0407209872323003,0.14305299459193,0.287728151566506,0.283778222294201,0.0662581914239457,0.0978546060824751,0.103871094852995,0.0278508068982886,0.0868841515439932,0.0766523096623284,0.0226011740813828,0.013629200343219,0.0834065566495906,0.0826888438978171,0.229353212739148,0.119944907510328,0.193449116401838,0.16437201904012,0.0739252394771347,0.128935932286767,0.0648080935212149,0.0165539719431937,0.141382169231141,0.179711618879098,0.140178456484973,0.0578525119649601,0.0405776315804688,0.0690981719321686,0.0557071250462554,0.248522168489354,0.148674780007591,0.11269873000625,0.177000678690406,0.267274746953704,0.247469567261743,0.113750630820425,0.127776077595115,0.114678009270649,0.0313363648590613,0.149172597962941,0.0351918329392394,0.0220542264818893,0.0266024848024934,0.0695755719029079,0.0807134398605563,0.135776195386407,0.205101001577122,0.0872000485846188,0.105672202155916,0.0372197206456377,0.0995130215842816,0.0855852296430277
0.192377448986958,0.156725055897975,0.100782047392307,0.282685874086084,0.355285870367462,0.0800665529019464,0.16861151458841,0.0215683741163461,0.174568899623885,0,0.0205177297511107,0.0225265647685945,0.0241042814955902,0.109378590347959,0.155771788571989,0.277419053359235,0.0407332752967109,0.125793978983495,0.1741646433336,0.269289546463113,0.338458895084137,0.148702018461785,0.0722162161689868,0.0370582609725242,0.0221541898970749,0.0580838689773636,0.176408232377155,0.134618146756067,0.168992171212823,0.184252318698431,0.0795537454667476,0.231601837345829,0.258632455526664,0.133109950688675,0.170811758962727,0.205541301939888,0.192104545614485,0.105105232163284,0.0426150666088914,0.05887226337252,0.0230389454344343,0.122432980247284,0.125298699936004,0.122208782154372,0.168225604758293,0.259156592464729,0.23043889701244,0.10867983870226,0.178640205336405,0.272515740964922,0.045461294222273,0.134329234442471,0.0402600795437063,0.0199033835416278,0.0828454145897944,0.0215668803977007,0.0614518973552004,0.0945661880407031,0.15327986339062,0.0961387952003922,0.162759231678405,0.0459621634058146,0.140639024990983,0.352694539582629
0.111496080882649,0.0962909664085695,0.126277219335634,0.156990508019589,0.0937285472441756,0.0439023456288089,0.0119751926232849,0.0183421755964351,0.0772986801580259,0.0205177297511107,0,0.0279413647083359,0.0485208462607018,0.169130402630571,0.173299891017583,0.199292352816057,0.0271340907149219,0.0482268846347715,0.0955262665784815,0.0602666544422971,0.0448486579425552,0.0765580462495546,0.0394117573714957,0.0170233687876714,0.0544959428421501,0.0609406354230934,0.100616060950697,0.061747051000351,0.143885497879701,0.108678956023637,0.0383335664161268,0.0541092559330249,0.103203669290715,0.0328411765568269,0.0730665529701886,0.122661221100436,0.102114881535655,0.0685016296291827,0.0131611206002888,0.0376923781081768,0.0147403483080786,0.0931836515519808,0.117588001790728,0.152153912794745,0.165535147039141,0.207539588132065,0.248715009188938,0.118354223779501,0.0743055072932069,0.0806434171724586,0.0502787530475325,0.110313180971382,0.0382304259375406,0.0073351248101511,0.0280159445635259,0.0332724656578124,0.0859580282708799,0.0739785197273491,0.0912008411312024,0.049469986230749,0.0591432365058054,0.05472673640517,0.0641010273155625,0.0863834880091015
0.0736106230752252,0.0935811839647258,0.0165566772802336,0.0878621108956409,0.0615303548634032,0.0647726377810255,0.0517771536144248,0.0387063753309476,0.0274233245799531,0.0225265647685945,0.0279413647083359,0,0.00498574097295824,0.028531867350106,0.0406525354552223,0.0525167302931293,0.0772834948574411,0.0661706964990198,0.103637603366114,0.04166148019569,0.0756099862684096,0.094514267072542,0.0737120046689388,0.0808943909579102,0.0648427498374828,0.0438900196976804,0.0621588369746407,0.0480918389678107,0.0503670960022775,0.0690757604464258,0.0201645209913867,0.0520211171968444,0.0398491807420099,0.0809962481008491,0.0979916690826621,0.115426556271083,0.0927727530182616,0.0214747769010925,0.109799285893018,0.0669092737246918,0.0166049952131524,0.0415718316800283,0.0419902806282985,0.0514118927627459,0.0289006294872169,0.0432683976069361,0.0610477040260206,0.0703609329950407,0.0609992019022881,0.0683728286244754,0.0641584111040063,0.0493596865591994,0.0679625103802066,0.0736793800256771,0.0359972944910811,0.0391962846595217,0.0476601692021149,0.0351364890181669,0.0448325704930705,0.0702880233813675,0.069652225831929,0.0468791755675319,0.0749062880211358,0.104332252905816
0.068634338511805,0.118510430497017,0.114294390391643,0.106216079126587,0.0682869780525647,0.0540564714906358,0.02566260190222,0.0165020796647396,0.0407209872323003,0.0241042814955902,0.0485208462607018,0.00498574097295824,0,0.143396499494921,0.140553481766486,0.112738295804344,0.0187099303119098,0.0309491022303709,0.0876616653534538,0.0981194625026428,0.0841576662698003,0.0537067794040954,0.0268905107410452,0.0321548695311498,0.0371402626381926,0.0268916341233653,0.0683974075012638,0.111122298383476,0.0655903493310621,0.129236697634914,0.0901667159484537,0.0739449729514261,0.068009050053666,0.0438162213642004,0.0655342914767129,0.0737315848787585,0.0621098018855754,0.0512682458387266,0.00965227322146407,0.031351722253372,0.0284970234985933,0.116867124957723,0.140822865719886,0.13430752529156,0.183664788043318,0.141271829634306,0.108133248648726,0.0118075778110987,0.0289197523948425,0.0793470915804903,0.0606950643414796,0.116401936774738,0.0395180588895302,0.0401233085442081,0.0627732097041411,0.0254186330990419,0.0301162804920535,0.0711768568735985,0.098971480310204,0.107502042684038,0.102736548217585,0.0658587855264541,0.0471385601816972,0.118849071128966
0.0911544194008101,0.18655965959832,0.0545543898805399,0.154574401834095,0.144408788309081,0.0208461367506037,0.0826771312385454,0.0423997730999704,0.14305299459193,0.109378590347959,0.169130402630571,0.028531867350106,0.143396499494921,0,0.0881604359848355,0.0831806360522974,0.0405593462872446,0.0209603650858767,0.153456232061762,0.136515792290041,0.198762636074956,0.130241057861372,0.118763284723706,0.0792015431433208,0.0145310419988477,0.016188876386101,0.0428460981394146,0.05976491759995,0.059506137784069,0.083747519411765,0.0114677624589379,0.113910706992805,0.125966534208643,0.130773686020866,0.0685474684038104,0.113747191769196,0.0942480541923804,0.0442796802207087,0.0299950834456099,0.050931787044718,0.126730585923999,0.162564205534417,0.187721747926078,0.210013465510555,0.0263803102446956,0.07491337620097,0.145538167082669,0.146467436730336,0.117488321692174,0.160269452194188,0.125138418614465,0.0612633511123409,0.0838155389600732,0.0761273461065853,0.0944590276657862,0.0104103231132701,0.0233400798191773,0.0581381533834699,0.0124715341704963,0.0832972102694564,0.0881194599075441,0.123148540522615,0.0764727823003861,0.19081382501038
0.121382027853993,0.222273731322428,0.116613242472597,0.247629047231602,0.270006664428774,0.0317543599637965,0.1344515777587,0.078509391227798,0.287728151566506,0.155771788571989,0.173299891017583,0.0406525354552223,0.140553481766486,0.0881604359848355,0,0.252573244447991,0.0715517754832392,0.0844928295859488,0.253675348514135,0.265015865155849,0.263497447546694,0.221836046244605,0.193283689516328,0.115908358075362,0.0335862200712744,0.0373517946341904,0.0758139728603088,0.0925509247664905,0.126849284431137,0.212934946125574,0.0305061968005652,0.14186897327008,0.264390531432251,0.216176958242967,0.132962713730668,0.246354185368498,0.195518959652564,0.106511573293166,0.109457224337218,0.0527605376558947,0.138894278611496,0.259265490267807,0.02504429070356,0.185269019902688,0.147885221891996,0.20972188251803,0.283840821103306,0.154343516001044,0.146256528466,0.213785375287863,0.12307016190581,0.0691385528430719,0.121354198251672,0.133468688831998,0.100363037894548,0.0250002096986289,0.0404320414110471,0.0575288161648975,0.0366409171684543,0.102393767280597,0.108473257133847,0.141204097077789,0.173229315325937,0.313260881571781
0.0352037071269638,0.1445460279095,0.098755918916725,0.175428990432981,0.255365167661692,0.0660160171646362,0.154024656504684,0.0729687146046286,0.283778222294201,0.277419053359235,0.199292352816057,0.0525167302931293,0.112738295804344,0.0831806360522974,0.252573244447991,0,0.1249287748981,0.070307980043174,0.208738441116636,0.309778870565557,0.328442422037947,0.212978819049247,0.188329754312755,0.114505113955295,0.165820588535053,0.0599119029705751,0.156878261245064,0.0402003842671456,0.0377067540657193,0.0728338177928424,0.0253070602776049,0.0792481131928053,0.259336607000089,0.247147710559002,0.0806420108283538,0.178787120140857,0.172146556414023,0.100309045029993,0.0951488187801724,0.0447476355232069,0.176336188468097,0.302226378678571,0.101886833693333,0.0931691134677392,0.0252916932532796,0.0325516705663054,0.173043030852194,0.110154163726175,0.113182385809622,0.211491544968595,0.143606467094384,0.0122257550137857,0.135815833605086,0.184415463502381,0.151764607695533,0.0733623923994955,0.0682782589148001,0.0492214212239743,0.138215761083886,0.0544423137128348,0.0388939978711871,0.0982794035457312,0.113250406538069,0.349834311110489
0.0947890386906575,0.0675496372257647,0.0161730195301986,0.142603533070178,0.104140689022651,0.116792234552993,0.0730146268657933,0.0205748253119861,0.0662581914239457,0.0407332752967109,0.0271340907149219,0.0772834948574411,0.0187099303119098,0.0405593462872446,0.0715517754832392,0.1249287748981,0,0.0673868062989932,0.0706138047232286,0.0660038954507738,0.0582156445280792,0.0704075427614983,0.0488121485343844,0.0682185579995485,0.070649243231845,0.101385003157948,0.152794472092688,0.084678945556585,0.0394416606358561,0.0229414157164696,0.0176549380814698,0.0621906940471214,0.0866880310654429,0.0167098705561077,0.0779628353748488,0.0746122374168041,0.109377982412745,0.0366761058275935,0.0196976763773653,0.0587344802507614,0.0417175513667375,0.0398620389566302,0.0511449135967175,0.0701598096629826,0.0426091556050405,0.128547476355484,0.159342903445472,0.144648000984233,0.131373308264393,0.13557758862736,0.0435345826047324,0.0287592757238144,0.0695410319960428,0.053748441327638,0.0153273000855458,0.0572282329295806,0.108156085591524,0.0618043051503297,0.116148781040266,0.0626821069362802,0.113185830519977,0.0332912874876477,0.0411231501055391,0.090971240706531
0.0772748098792542,0.0372215186981788,0.0555861121305736,0.0508972283347852,0.0663859621258603,0.00845606005495805,0.0691505394949696,0.109260510475091,0.0978546060824751,0.125793978983495,0.0482268846347715,0.0661706964990198,0.0309491022303709,0.0209603650858767,0.0844928295859488,0.070307980043174,0.0673868062989932,0,0.0745234679000878,0.0212708343311736,0.19652582191403,0.041514683839058,0.0934679820713342,0.0959848900729482,0.0221834474104574,0.00953586760449891,0.0231083557961603,0.0242699810842505,0.12759433640555,0.104903241834056,0.0320475006951347,0.144078395638029,0.0576287555276367,0.126410467611518,0.0987956344627875,0.107765825886904,0.0534110796162552,0.0423472217227669,0.130445761382183,0.144996996858633,0.0300495306238995,0.107560882127118,0.0405433000765813,0.0206781735271682,0.0247671685085754,0.0953308794227652,0.0427639927740835,0.0267671366786414,0.0858304514076971,0.0730267986161629,0.0596861413478096,0.108480116983791,0.0823050870696559,0.0282833120827766,0.0843333695896874,0.00331542345253295,0.0666461156140177,0.084290566910493,0.0266755201750449,0.0210942187869812,0.0334235170537774,0.0397908297561932,0.0381892600465577,0.121806889513543
0.0672856693370607,0.0164900820217982,0.0898917094737682,0.0424543862599222,0.105906156721558,0.0753216262700817,0.0957480971530482,0.145000498440099,0.103871094852995,0.1741646433336,0.0955262665784815,0.103637603366114,0.0876616653534538,0.153456232061762,0.253675348514135,0.208738441116636,0.0706138047232286,0.0745234679000878,0,0.131202864149646,0.225086773176625,0.050180276504771,0.200635465424579,0.155964769047884,0.117696962694282,0.0764591782473918,0.134134964245058,0.0666636436103061,0.200273324510555,0.122462258659004,0.0379860437996559,0.0561471637135526,0.0536055491736538,0.129044343752172,0.0556112462017612,0.0903417572128863,0.0242258709432328,0.0293127706060054,0.0666044451802603,0.213382716059745,0.0882127793973,0.23064134788223,0.168081965490792,0.0561489742038518,0.166183326847323,0.251569524766386,0.212027484308474,0.0864738237295631,0.050052591103923,0.0503180342678274,0.0702905326898179,0.162115841316625,0.176774998048798,0.107294590017468,0.108762295690374,0.0773384201233459,0.181409384827419,0.166649781230971,0.13928311610475,0.0353371004472381,0.0305609690068512,0.0230074559351141,0.0210074717753813,0.204596442123723
0.117023603148922,0.0978560514209558,0.089328872344653,0.165068012609151,0.089349175668222,0.155845308405983,0.0329154666666537,0.0226888310629093,0.0278508068982886,0.269289546463113,0.0602666544422971,0.04166148019569,0.0981194625026428,0.136515792290041,0.265015865155849,0.309778870565557,0.0660038954507738,0.0212708343311736,0.131202864149646,0,0.0400638105853109,0.0340379563517796,0.0438999951291477,0.0407781177589062,0.106554707313826,0.147696168563736,0.348407852386879,0.223328687194642,0.0847028577751213,0.084333201466008,0.0965991923773331,0.0916623227912878,0.0661517172105033,0.0208032337491819,0.0511664234812413,0.088176019444992,0.0697444730933432,0.0346283653574472,0.0144268724256449,0.067138303233773,0.0406443244923103,0.200165782063651,0.114071087257648,0.126389416270625,0.163152701001343,0.284989072259049,0.298926907077508,0.260402384899407,0.291296736897999,0.311824171348466,0.120634750985643,0.120996988961043,0.0750017362510148,0.034243438565485,0.0517967444441035,0.147983654581639,0.0642253709762842,0.136208444600854,0.304986320594013,0.127966373810558,0.154086288134408,0.0364442561464276,0.0220443238461686,0.0966040248177466
0.172427331762876,0.226535959071816,0.169247695735947,0.147799057635832,0.11923079651543,0.189813646117053,0.210250622092403,0.0216965213066656,0.0868841515439932,0.338458895084137,0.0448486579425552,0.0756099862684096,0.0841576662698003,0.198762636074956,0.263497447546694,0.328442422037947,0.0582156445280792,0.19652582191403,0.225086773176625,0.0400638105853109,0,0.176844939418734,0.18150367995523,0.137733964294318,0.208235643606514,0.122836473482483,0.370014402612911,0.286700233513539,0.149810869185019,0.23816439276818,0.157048290972518,0.147127434160816,0.0417451655879864,0.0838400977040404,0.205042272252516,0.187861181085011,0.141678881787794,0.0183825057422596,0.0961435617448404,0.0494415357206906,0.0301707472773469,0.166978030216679,0.169914831628995,0.204614539332145,0.156860056386873,0.288179019454551,0.242699446607089,0.277405914449887,0.214230978867851,0.147048258600964,0.0573327359384787,0.226000077122753,0.119795030379978,0.104343185413175,0.0974765970292456,0.162199570899711,0.0893270944858374,0.257870777957925,0.322138173390429,0.215322308282121,0.186833674308614,0.165774997627574,0.219002993091442,0.113921262707234
0.0675699369024,0.0462325616265222,0.0744733576423458,0.0333659875290176,0.0399749850218626,0.0814664336246147,0.0845896037590567,0.135557809847959,0.0766523096623284,0.148702018461785,0.0765580462495546,0.094514267072542,0.0537067794040954,0.130241057861372,0.221836046244605,0.212978819049247,0.0704075427614983,0.041514683839058,0.050180276504771,0.0340379563517796,0.176844939418734,0,0.128649634157599,0.125669414892638,0.109338589587589,0.0885958255239958,0.11614242921357,0.0701333009167095,0.236795130401471,0.126771368666573,0.0395758281042958,0.0680498514592798,0.00740437369032409,0.0957655185808313,0.0525176041876657,0.184364866095477,0.012254058581353,0.00690432191496106,0.110971163664619,0.21310273671035,0.0659272964695695,0.191423873485046,0.126108495036552,0.0756078308273078,0.138027074965622,0.246988567108302,0.212931280774919,0.116387031424176,0.0917630609016802,0.065648841589972,0.0633420851380729,0.146403526074625,0.152327355961598,0.109691920977681,0.0868095894930591,0.0627211542001987,0.199186751268964,0.167646651625975,0.11818125031481,0.0434137278188554,0.0471519862938033,0.0276832199171886,0.0292029970514235,0.175770283423679
0.0986072552311808,0.15492860272942,0.083249179575719,0.0626160351656996,0.0222762916713152,0.024564729275183,0.0298267053116111,0.150644427332057,0.0226011740813828,0.0722162161689868,0.0394117573714957,0.0737120046689388,0.0268905107410452,0.118763284723706,0.193283689516328,0.188329754312755,0.0488121485343844,0.0934679820713342,0.200635465424579,0.0438999951291477,0.18150367995523,0.128649634157599,0,0.0985585180332463,0.0343260518038894,0.0380948619725805,0.0628409730014165,0.0544641583398719,0.264746815467231,0.219168593349779,0.0560188323020255,0.137983541689573,0.0206356905635408,0.079392975698943,0.154575768539679,0.250191254619455,0.091573243272281,0.0222008731399165,0.1793292510858,0.219665120249351,0.0398607742944691,0.163795896929815,0.120768223190851,0.0739209206772589,0.183342236481491,0.230593430868704,0.206169922394945,0.0314552993607085,0.0569410708633891,0.0410220626209239,0.0620140210117828,0.168047654622037,0.145522540575806,0.0422527361352679,0.0612415303185378,0.0308209079165109,0.177436270187468,0.135597044841358,0.0780621561665656,0.063884006349945,0.0596208312748411,0.063447706801137,0.161201375288134,0.177332676083236
0.0606769638052686,0.160709713927915,0.0540460629251745,0.0637963354581851,0.0331705883401779,0.0262090232520757,0.0171660273177933,0.115301305979415,0.013629200343219,0.0370582609725242,0.0170233687876714,0.0808943909579102,0.0321548695311498,0.0792015431433208,0.115908358075362,0.114505113955295,0.0682185579995485,0.0959848900729482,0.155964769047884,0.0407781177589062,0.137733964294318,0.125669414892638,0.0985585180332463,0,0.0153645102744618,0.0176864132646413,0.0529183331148734,0.0589561108711549,0.22556403951967,0.193429145752687,0.0618984385496109,0.113646461386292,0.0334249437922757,0.118632390301393,0.128276755168198,0.207623370623111,0.0970165841646906,0.0298253653081573,0.169783929200009,0.209268566028958,0.0285857675054806,0.0660486993865826,0.0672286975880626,0.0727327445345968,0.129430227322388,0.143827153725633,0.128878597641317,0.0257495209857057,0.0603131716510032,0.0480632963881465,0.0562769034746669,0.13756072657373,0.0098532220662551,0.0420931856667701,0.0591293485128191,0.0271601349681264,0.0854017306420777,0.0909208602521633,0.0573439871730529,0.0823084978974447,0.0839655752382734,0.138798189277573,0.167291531404434,0.162422371344222
0.0444915955012761,0.0701888143979346,0.0229142056764867,0.0857569412586033,0.0901256353332859,0.0231911040047747,0.0336217128141532,0.0847969031506341,0.0834065566495906,0.0221541898970749,0.0544959428421501,0.0648427498374828,0.0371402626381926,0.0145310419988477,0.0335862200712744,0.165820588535053,0.070649243231845,0.0221834474104574,0.117696962694282,0.106554707313826,0.208235643606514,0.109338589587589,0.0343260518038894,0.0153645102744618,0,0.0214376932024935,0.0285701977093283,0.0304582666515548,0.150338952030718,0.0836853597405577,0.0109676232452197,0.0748346428254532,0.119058694287528,0.162680742759872,0.050326556251432,0.148466126853241,0.105370603163507,0.023963790357564,0.113843629552146,0.0995052021324737,0.0654488823756927,0.0383358786264401,0.0174564148489626,0.0323551765743736,0.0296981600422463,0.140852743677472,0.175937069364283,0.138095124512547,0.197502205446449,0.16293970445164,0.0694923672257764,0.0458433427595253,0.0327350343646891,0.0177705941180336,0.0661345330149489,0.0267069801073275,0.0978826892488675,0.113824774005186,0.0216328567971231,0.0227516653943734,0.0134275118786876,0.0352803872286449,0.0605908926211818,0.217116780500794
0.0333137032586616,0.0610401271391242,0.0108734148184918,0.0995884918305997,0.111003686174109,0.0233193733272485,0.0332379175732694,0.0565279041343042,0.0826888438978171,0.0580838689773636,0.0609406354230934,0.0438900196976804,0.0268916341233653,0.016188876386101,0.0373517946341904,0.0599119029705751,0.101385003157948,0.00953586760449891,0.0764591782473918,0.147696168563736,0.122836473482483,0.0885958255239958,0.0380948619725805,0.0176864132646413,0.0214376932024935,0,0.0231706069048601,0.0397805959840852,0.063854225995512,0.0537712653283567,0.00872740594696503,0.0344707736820768,0.105279679489607,0.0647961848141183,0.0273450555894567,0.0614617129154421,0.0418609320769869,0.0783698712711976,0.0352342840045127,0.0555073231704447,0.104783180251609,0.0747117563722176,0.0473293742628456,0.0474819749559096,0.0179304586365175,0.0500119886289876,0.0774591092633817,0.104137927290981,0.122855360761642,0.143209363830754,0.0522448715207871,0.040785724889293,0.0368042591126174,0.0482054882020988,0.0566198314220721,0.0130229917481223,0.0373367924610935,0.0251032066572951,0.0324170244613741,0.0269961043815473,0.0260710941925886,0.038293093042953,0.0323085213485503,0.144810407627972
0.0515649007529882,0.107887049711176,0.0622378102004228,0.179235682882293,0.306115917961674,0.0429400969534738,0.19957378644056,0.0621421844966718,0.229353212739148,0.176408232377155,0.100616060950697,0.0621588369746407,0.0683974075012638,0.0428460981394146,0.0758139728603088,0.156878261245064,0.152794472092688,0.0231083557961603,0.134134964245058,0.348407852386879,0.370014402612911,0.11614242921357,0.0628409730014165,0.0529183331148734,0.0285701977093283,0.0231706069048601,0,0.0690279486597759,0.0868767321619368,0.0630973885490645,0.050428944313061,0.111113222689674,0.235778029838394,0.189800387127447,0.0383136772858799,0.0634906468750908,0.0684981418971078,0.143381494589794,0.0207911350022719,0.0945825597875157,0.136748730350903,0.158563477499676,0.0883635020897845,0.0923077849226445,0.0356975712595901,0.12833445959795,0.122391143491761,0.137958477378731,0.187301684111792,0.327627064827188,0.113074381193911,0.0576564172693706,0.0728243789335506,0.0666276397864478,0.153938697363722,0.0197686517630744,0.0790098896196367,0.0694578811846121,0.0897641156926609,0.0260767087392797,0.0762836084965536,0.0609275249924466,0.0473909786490518,0.340593398222268
0.0290028138630917,0.0526739145194586,0.100691895244019,0.0773459363483861,0.153160220097851,0.0429132866290842,0.118135929628761,0.0232412980415439,0.119944907510328,0.134618146756067,0.061747051000351,0.0480918389678107,0.111122298383476,0.05976491759995,0.0925509247664905,0.0402003842671456,0.084678945556585,0.0242699810842505,0.0666636436103061,0.223328687194642,0.286700233513539,0.0701333009167095,0.0544641583398719,0.0589561108711549,0.0304582666515548,0.0397805959840852,0.0690279486597759,0,0.0357553059122006,0.0215161600101001,0.00974997962501189,0.0886195000099481,0.129410663140443,0.134321500586099,0.0370092597693825,0.0382148192647754,0.0342085815519189,0.0581216320391795,0.00463028086299952,0.0598647241496081,0.0791280913157992,0.145151308981942,0.082139224441033,0.0335018488307602,0.0323860115148253,0.0601761275019888,0.0246231998148478,0.0616471962571228,0.117317880616696,0.192840192279545,0.074642771876795,0.0520399874383873,0.0638315023546598,0.0531246013457531,0.163993238794546,0.0347021564607443,0.0424465103214094,0.027840918654695,0.0789861484071419,0.00931182687885447,0.0198956642269504,0.0333023630887791,0.0235453088493693,0.231356623492733
0.0197822976594312,0.144896606681935,0.0853528659389728,0.141777641062318,0.127897317919871,0.070564119312072,0.182506240467794,0.038333169079777,0.193449116401838,0.168992171212823,0.143885497879701,0.0503670960022775,0.0655903493310621,0.059506137784069,0.126849284431137,0.0377067540657193,0.0394416606358561,0.12759433640555,0.200273324510555,0.0847028577751213,0.149810869185019,0.236795130401471,0.264746815467231,0.22556403951967,0.150338952030718,0.063854225995512,0.0868767321619368,0.0357553059122006,0,0.0921810363559504,0.0385324381023999,0.0211695730610946,0.125337805570173,0.121655108139443,0.116346619898294,0.237358982519606,0.20337447982674,0.0845440742428278,0.100845345397297,0.0774258418559457,0.0874284913162917,0.207444120233677,0.0659710565687094,0.0896006591123744,0.0338205979332105,0.0518524168435946,0.0279406368143793,0.0440281551724292,0.0124586523830759,0.0360103951309307,0.0748982792956354,0.0129419700408887,0.201683778802647,0.209435640822598,0.0879955767645035,0.0558950848266226,0.186422160699187,0.11837367058315,0.0592357566662957,0.0641836949363467,0.0474354801403723,0.141057807033846,0.197774607370164,0.140119703790968
0.0369257792309703,0.157877635589405,0.108190689908971,0.123323472542681,0.145952341548466,0.0623569734708972,0.102199752716703,0.0386348031841526,0.16437201904012,0.184252318698431,0.108678956023637,0.0690757604464258,0.129236697634914,0.083747519411765,0.212934946125574,0.0728338177928424,0.0229414157164696,0.104903241834056,0.122462258659004,0.084333201466008,0.23816439276818,0.126771368666573,0.219168593349779,0.193429145752687,0.0836853597405577,0.0537712653283567,0.0630973885490645,0.0215161600101001,0.0921810363559504,0,0.0221837308114301,0.115302939636058,0.103058094683254,0.129226198004108,0.12994101631394,0.079637527177644,0.131409226358002,0.0380030711625649,0.0367935583188338,0.106878477029904,0.0643404596526299,0.227225077882498,0.108987716994053,0.108010935015673,0.0441392609351811,0.123376160892882,0.00600491529585181,0.0493178284415208,0.0184182608290672,0.0504347983014512,0.0590998794494744,0.104012638690408,0.164426340340119,0.107771605702071,0.122158158101293,0.0233992787198743,0.114939019643332,0.133665672611088,0.0437736522380789,0.0534385297688942,0.046383029637035,0.124605425091479,0.144992403991364,0.120865981813611
0.0524977767904777,0.0428661817599463,0.0210361698197802,0.0466503922059942,0.0827754700221854,0.0128546203847473,0.101456990853812,0.00769576158052081,0.0739252394771347,0.0795537454667476,0.0383335664161268,0.0201645209913867,0.0901667159484537,0.0114677624589379,0.0305061968005652,0.0253070602776049,0.0176549380814698,0.0320475006951347,0.0379860437996559,0.0965991923773331,0.157048290972518,0.0395758281042958,0.0560188323020255,0.0618984385496109,0.0109676232452197,0.00872740594696503,0.050428944313061,0.00974997962501189,0.0385324381023999,0.0221837308114301,0,0.0604657360669749,0.0536174579919641,0.0507928419368981,0.0366561260118067,0.0194916686639897,0.0194386494223298,0.0285356911302842,0.00447243322587713,0.0537563536345317,0.0256603785706778,0.066230397706636,0.0270875077743853,0.0509974081117657,0,0.0376117936708633,0.00558355873889471,0.0481436143537217,0.0338197466197957,0.0744120968403975,0.0217008984350865,0.0171280245257702,0.0520891752114115,0.0265332284995164,0.0635867848295702,0.017119260704042,0.0344933153268894,0.0217402263578897,0.019806984743335,0.0113721825338802,0.0159707169855081,0.0305003342214719,0.0429240489369401,0.0877686357724748
0.0365280913327104,0.0930741300075291,0.0835957611066406,0.0561171471664096,0.108448291727209,0.0554517426336177,0.0692443509153154,0.0244264536562224,0.128935932286767,0.231601837345829,0.0541092559330249,0.0520211171968444,0.0739449729514261,0.113910706992805,0.14186897327008,0.0792481131928053,0.0621906940471214,0.144078395638029,0.0561471637135526,0.0916623227912878,0.147127434160816,0.0680498514592798,0.137983541689573,0.113646461386292,0.0748346428254532,0.0344707736820768,0.111113222689674,0.0886195000099481,0.0211695730610946,0.115302939636058,0.0604657360669749,0,0.0874651071564464,0.103776260143974,0.110407756489087,0.0454580486934971,0.0690400905882437,0.0354094218802446,0.0375226227169743,0.0643396933736122,0.0359586487547004,0.154336686074946,0.0965120954884126,0.0830846409345546,0.0297289543090299,0.0659459133259984,0.0218829691906555,0.070697369249367,0.0223861942502993,0.0375272917097125,0.0375969081549483,0.134903878555526,0.0932361366526585,0.0594553595529671,0.0960048618431833,0.0502865825813058,0.0479278477807499,0.106611555980688,0.0884968641755074,0.12164674149454,0.0470917345879286,0.107020866776421,0.124386799614311,0.0861106412210074
0.130189241085202,0.0402055801084642,0.0790390849905573,0.106017767197189,0.0561691043029528,0.102628603277514,0.00374394285063572,0.0264397147475143,0.0648080935212149,0.258632455526664,0.103203669290715,0.0398491807420099,0.068009050053666,0.125966534208643,0.264390531432251,0.259336607000089,0.0866880310654429,0.0576287555276367,0.0536055491736538,0.0661517172105033,0.0417451655879864,0.00740437369032409,0.0206356905635408,0.0334249437922757,0.119058694287528,0.105279679489607,0.235778029838394,0.129410663140443,0.125337805570173,0.103058094683254,0.0536174579919641,0.0874651071564464,0,0.0280953093302982,0.0804436540002889,0.09018879358487,0.0834240112614599,0.0819147437820319,0.0108845297301076,0.0769153301917826,0.102171287910622,0.234335479940329,0.141052460414973,0.061301438739292,0.143106413728094,0.261687043962875,0.211229561882536,0.155859709634988,0.159662240018213,0.0858284820781909,0.0677532703880385,0.11114287599068,0.0939855659400993,0.0553461049671675,0.0442210079982642,0.0906544730688167,0.0920495953190411,0.114745071422679,0.215850728778765,0.0755668469447316,0.0963578951382859,0.00182261764354465,0.0295303377744222,0.0132199181962417
0.111662190488166,0.122841052679448,0.0631358118723672,0.106789662824414,0.0641649941705788,0.113152823168351,0.122014894480819,0.0552537498492026,0.0165539719431937,0.133109950688675,0.0328411765568269,0.0809962481008491,0.0438162213642004,0.130773686020866,0.216176958242967,0.247147710559002,0.0167098705561077,0.126410467611518,0.129044343752172,0.0208032337491819,0.0838400977040404,0.0957655185808313,0.079392975698943,0.118632390301393,0.162680742759872,0.0647961848141183,0.189800387127447,0.134321500586099,0.121655108139443,0.129226198004108,0.0507928419368981,0.103776260143974,0.0280953093302982,0,0.13951751738722,0.125273141786509,0.0879460719417217,0.0150062672766149,0.0460544284066485,0.12808413560036,0.0379605731192478,0.119736739649514,0.0992595107604151,0.111880578279913,0.108113265576136,0.265856457959507,0.209453792147845,0.189697324388832,0.13227245915234,0.136438468331444,0.0345727739261387,0.133421793509192,0.089384908527672,0.0739890083917583,0.026633923491016,0.120830447103601,0.132129585241599,0.185523562777955,0.16265534835117,0.101411624257295,0.102342528914061,0.0642731243636833,0.111862308097789,0.135017681449311
