0,0.0695538446029904,0.15280554216446,0.0471910265485731,0.00979107084827048,0.136071313989592,0.290883910424754,0.150039431587269,0.0784369945718071,0.0851960511542341,0.197360868598931,0.218611447641908,0.057844859024384,0.0314279823260442,0.037969505106313,0.086552881792317,0.149229396200822,0.0961194497239908,0.18831441904369,0.102305831345725,0.0912799051690195,0.0388235246671329,0.0376583238835038,0.0749644230990663,0.085919556107009,0.0265107441636026,0.119936481487017,0.103997312835439,0.133042013585565,0.0226858904629437,0.161085395770266,0.0401274557439118,0.0536668760191508,0.114165493269698,0.0558583236691093,0.0257721789774145,0.0726739075042223,0.0139573413006011,0.117821881026661,0.184196847929558,0.0900958420620018,0.178696520335577,0.250939233336043,0.0502446908230543,0.110933481090502,0.154339530125946,0.187906041098572,0.099658465220179,0.178863913251718,0.245613395106655,0.13846580233227,0.049378777929149,0.00956546535253114,0.026904684169911,0.020497968972735,0.0126557163570199,0.151565266867171,0.165768873566437,0.0671722571204663,0.0227267184226536,0.0449239296757263,0.00491781956378662,0.115648313925293,0.176797645038435
0.0695538446029904,0,0.0362618726887619,0.0119028329385532,0.139101424769358,0.0224189743429498,0.0256935149528374,0.0686645602325036,0.0343829141325693,0.0471691860226211,0.0480220071918476,0.0839588922483251,0.0709542929081319,0.0234480940642867,0.0790178729628144,0.0253338645612004,0.0801039846929307,0.0660827020095072,0.0180948317231084,0.0422064593791343,0.066497804894848,0.0359724273506029,0.0939044537791894,0.101125718190094,0.0752237193450131,0.0119882050486799,0.0354704649932431,0.00425091092280832,0.031618532538254,0.0913088008080216,0.0187687387914547,0.0272908988452438,0.0385780442670473,0.113561560767448,0.0458648630834153,0.0808575487065234,0.0512083509861864,0.0635248335344287,0.0626630036976001,0.145722650383389,0.0231087882353859,0.0921299915424474,0.0412280408653403,0.0467211878331417,0.0726903997927015,0.14578069249641,0.0266877011582678,0.0243943256022655,0.00444661541801003,0.0355117842979709,0.0205373580688944,0.107689722562886,0.0471370226724931,0.0231014794697018,0.0240476460694413,0.015040024924853,0.0456155151004079,0.070103489902382,0.0120861073610315,0.0384239946562683,0.0564076764136813,0.0187609969586617,0.0299611868638013,0.0434199503570922
0.15280554216446,0.0362618726887619,0,0.021736080230323,0.205310615817416,0.0334365708588896,0.05331960877513,0.0802874219919072,0.0484701549217096,0.0265412261023576,0.0145451492115823,0.132455671945198,0.177372388420027,0.0222010634232351,0.0858610226141048,0.0315727381347045,0.138254533691875,0.0491679022228432,0.0148217055861114,0.0496865468711457,0.0449135829176542,0.0201555344784437,0.105875708714523,0.0995390234443875,0.0313459121332448,0.061466691778173,0.0591772042123336,0.0354384424170323,0.0344484415378125,0.05627421671144,0.0359789292496862,0.0107929581266048,0.0811306455802736,0.153048590825075,0.056874964579264,0.105428794666748,0.0412159383944327,0.0724754040639781,0.0969146519023889,0.222812607773154,0.0336754914778915,0.128252965123768,0.0353876025505677,0.169585721310049,0.0488263031140596,0.172470227507226,0.0253443624607228,0.166911492874705,0.0544079321701498,0.0381016054332464,0.0134585359067918,0.206328692393316,0.107862132879732,0.108035261653637,0.0969255432368979,0.0292382101480503,0.0255047595796794,0.0345940354255476,0.0208032007873492,0.0678316670929219,0.0703908420636265,0.00957813986112357,0.0447823523046805,0.0324584342745607
0.0471910265485731,0.0119028329385532,0.021736080230323,0,0.0719037940488866,0.00330907629802063,0.00558323215465073,0.0279589527687942,0.0272648367647294,0.00507451895403859,0.0163972470609727,0.0302592396500751,0.083656020737428,0.0269261016311528,0.0596687073320973,0.0215202408448892,0.0283165325648256,0.00787480248349864,0.00902255369361393,0.0222425379469608,0.0265428809930804,0.0129123696310306,0.0478971606894445,0.0209750884258044,0.0210470292125385,0.0251884115899381,0.0162011432114734,0.0105862211505331,0.0056374336322154,0.0352552134176643,0.0185975363148005,0.00385845949445352,0.022797290969268,0.0331707664463701,0.00830677078755008,0.0398407895335447,0.00932296797045189,0.0340926596228472,0.0307542405537873,0.0429989708460152,0.0180816732965265,0.0232694050805911,0.00229801751782283,0.0711568860584092,0.0414387116908135,0.0734464115240129,0.0226510105034045,0.0629718923275797,0.0160676211790942,0.00395310654370027,0.0070121585824258,0.0949976008314283,0.0376677303321193,0.0496124061642045,0.047754905616155,0.0314090927728087,0.00867504515024182,0.0289497023735746,0.00604594110004999,0.041255696677524,0.00854220389171191,0.0229344620336757,0.0133258585735095,0.0034971315902425
0.00979107084827048,0.139101424769358,0.205310615817416,0.0719037940488866,0,0.131323351536324,0.264862400596713,0.0790570208460052,0.123318451233641,0.184997945058033,0.268651284439008,0.22786906993867,0.0458970560272046,0.0824168946144364,0.0842759712448348,0.127517321756081,0.118958194076646,0.13674973632143,0.194119849172041,0.0676599814018843,0.180167358750113,0.0230503244678046,0.0724868485788121,0.118778783770975,0.127444925972494,0.0512739799575375,0.136125794755689,0.139174453002542,0.211174959438159,0.0886789160411649,0.255772491167679,0.11452462819434,0.0421663028910953,0.154111545042452,0.0514305809899487,0.0353771353893535,0.137577432172003,0.061044277533809,0.0873319874419612,0.186033305199034,0.103009169966852,0.198472419270012,0.242956602770554,0.0575365796332823,0.19028781006274,0.229182271369263,0.250862954227802,0.10676436932417,0.16567135250172,0.26464444500673,0.103477384197107,0.0957953266345679,0.0182371144219248,0.0238163351610593,0.00295707627557187,0.0190946047995084,0.200857898659151,0.234838470686923,0.116499772073523,0.0247600590897832,0.140863633153478,0.0578460614051085,0.163981974676269,0.211992657268447
0.136071313989592,0.0224189743429498,0.0334365708588896,0.00330907629802063,0.131323351536324,0,0.105179823723257,0.0466957750132275,0.120033160803479,0.0269943052130345,0.052825726673987,0.190325517538704,0.115175366424585,0.0353404524739564,0.0641952087941176,0.0125949144316868,0.158926426983516,0.0453925391889667,0.0538737229654836,0.105403270314806,0.0597781956517608,0.0167662377993205,0.102395714776594,0.101884257621614,0.0344391131014919,0.0119443859817091,0.00861310295212069,0.00607945021131602,0.0506914917095144,0.0825527727761867,0.0545460346722213,0.0321999324924774,0.0285416640725901,0.0822571946109168,0.0329658569597654,0.0306339779090328,0.00330577040645439,0.0743649813774267,0.0405437071556345,0.136017009718325,0.0172163205627617,0.145443816569592,0.106378248527892,0.0406478880262613,0.0728535440580015,0.135666778105477,0.0510816587451356,0.0251829488870249,0.0113767716851117,0.159944619043542,0.0289677636605403,0.219990987015191,0.0237194661845452,0.0270778529593677,0.0623714598979223,0.0238817178010473,0.0719442893088661,0.0819736177397774,0.0104009395465499,0.0899471980172639,0.0140645097195155,0.0529908166158577,0.0142997209260647,0.0383970934928324
0.290883910424754,0.0256935149528374,0.05331960877513,0.00558323215465073,0.264862400596713,0.105179823723257,0,0.0919323813433546,0.0934106779035412,0.0195068499437216,0.0161581194794549,0.25356643868274,0.234468325686634,0.0119605096150035,0.0743962206600162,0.0218430973381725,0.15481704439155,0.0839063178207639,0.0432565709149066,0.0954613237529036,0.0274094145029831,0.058162155802782,0.237369844389536,0.131138883322201,0.0371755704288786,0.0315377865950921,0.0406626211800636,0.0394298568956382,0.0106192175397188,0.0930387589344902,0.00656488425566885,0.0175286868924887,0.125252473391282,0.0967969441578091,0.0401762435178554,0.153004334477456,0.0478072435536466,0.0874244573175518,0.0464659005697537,0.238234237207842,0.0103254688888677,0.173590835568729,0.0843954481709226,0.138614890545876,0.0746670351204215,0.190490341170195,0.0297873711004826,0.146580051776193,0.0940063117450477,0.106294860834699,0.0190305141002978,0.374119323004111,0.0876079811751442,0.0645777617028526,0.107166054225602,0.0244219819111318,0.0725886525353218,0.0447640504213914,0.00866954230559372,0.102978275291433,0.0545984313221292,0.0294182922859716,0.0873174538393269,0.033066764178948
0.150039431587269,0.0686645602325036,0.0802874219919072,0.0279589527687942,0.0790570208460052,0.0466957750132275,0.0919323813433546,0,0.047892773295275,0,0.0522502630304565,0.176439374849121,0.168763347642751,0.0449708975469291,0.0265759901448725,0.0304431330502872,0.0313025918556988,0.0306679394435299,0.0196629104495838,0.046819402465537,0.0120712375012219,0.00456409908061248,0.152491337626011,0.0192850174926829,0.0224658806645889,0.0568565262250718,0.0471349971953464,0.0539301925011274,0.0649731320774728,0.0206501901381471,0.0483057009229384,0.0236850604311857,0.0486478039352687,0.0124150063181734,0.00952752705125445,0.0331222825627396,0.0142082794324414,0.0365308503705363,0.0600956785553352,0.0384572038612308,0.0242119834054567,0.0251121691111681,0.0304061393310414,0.136458729411813,0.0298038684143583,0.0212067953380752,0.0123237531574744,0.0903082509960907,0.0659522712269886,0.00156753451583375,0.0311534193581562,0.171080011655097,0.0749321718850198,0.0494644863451269,0.110858158787811,0.0501498368714673,0.00780323063280382,0.0107467639059633,0.0414838070746591,0.0779679647415297,0.0552615539503822,0.0356274038621366,0.0872710433641347,0.0282203755182152
0.0784369945718071,0.0343829141325693,0.0484701549217096,0.0272648367647294,0.123318451233641,0.120033160803479,0.0934106779035412,0.047892773295275,0,0.0839281292467999,0.067757302445286,0.00299436900234131,0.0506503951615788,0.0392084861887692,0.0505117999869638,0.0367541589895932,0.0235142891898259,0.0394055713107596,0.119162577576232,0.0399158272993386,0.0548931862822435,0.0218095773573294,0.0224211586071423,0.0186396073745533,0.0490746557732373,0.0587411177968018,0.0644392093330771,0.109194664977726,0.0399327883463905,0.0620588238021337,0.0492019220670952,0.0319746051045719,0.0878766143093793,0.038209855374028,0.0402484653472454,0.0695686207211964,0.0334338367166479,0.107279390296823,0.0209544750356518,0.018744755584748,0.0684450685131937,0.0867787598913909,0.0396223273062225,0.0397245412974861,0.0259655969797967,0.0281358213429164,0.0355115891824692,0.103022543771623,0.197908966506553,0.14478677413387,0.10714412357587,0.110254997425612,0.0463077308826969,0.0675192829161401,0.0463146610183886,0.0542415021399431,0.0443767981580385,0.0521855345219026,0.0494683304354877,0.0389454035400341,0.0500371768256764,0.0311564208050653,0.0574570041683077,0.0771570732961632
0.0851960511542341,0.0471691860226211,0.0265412261023576,0.00507451895403859,0.184997945058033,0.0269943052130345,0.0195068499437216,0,0.0839281292467999,0,0.0408297809456836,0.182412894640567,0.12565094865507,0.0534867840386117,0.145867499112912,0.0648019522232375,0.0575421845327661,0.111998956535467,0.0111693960788531,0.0278394583633655,0.0854482017769767,0.0347738964161372,0.146400377827509,0.109413546556253,0.050235994159583,0.0163590160455521,0.0158796953581055,0.0183136894409441,0.026126682445404,0.120523418133627,0.0492621490810448,0.0464864087543197,0.0098365066161434,0.124342702841978,0.0200627608608026,0.0822004335397716,0.0205217740370617,0.117010726553876,0.0248443053843059,0.131192732088768,0.0197587447498659,0.0714066259543614,0.0650366212723968,0.0190719756016095,0.124405199584489,0.191077573981162,0.0802041200532387,0.0339255102352127,0.0265477798056318,0.0421502629172192,0.020939859164084,0.24856871601905,0.0100427800101819,0.015684993677702,0.0289779400078437,0.00694818587746662,0.102658578317547,0.0720469422562202,0.0385562097479057,0.0363802133165802,0.0128011414053194,0.0475689498390192,0.0142257560223246,0.0734141618467373
0.197360868598931,0.0480220071918476,0.0145451492115823,0.0163972470609727,0.268651284439008,0.052825726673987,0.0161581194794549,0.0522502630304565,0.067757302445286,0.0408297809456836,0,0.208848849863843,0.284562068315814,0.0292165679387036,0.0983009218786654,0.0544422802548105,0.116279136480062,0.111828940662802,0.0142404512604427,0.0957446861375069,0.088747134000185,0.0532499283929509,0.221203352754999,0.150845212219176,0.10767831072622,0.0845929370147297,0.148784861032047,0.05061302458612,0.0832402367960893,0.0843036238627818,0.0795962943477629,0.018790700357977,0.0695255958906007,0.154582163739936,0.0484834667180671,0.170734297694032,0.0632602135877206,0.0978101257850137,0.0477068929419368,0.217394924200726,0.0344616552075494,0.138093402897166,0.0272687073217392,0.27384039757717,0.059912310380283,0.235149457497397,0.0528651491704806,0.253691922280436,0.0714237406476003,0.0609144948182048,0.0148186615298636,0.314210333061173,0.166185163528931,0.174694801594722,0.150177183899769,0.0429442792366612,0.0827097625299506,0.0974927079527867,0.0289267370556671,0.11399585050058,0.167249778181391,0.00452153698914802,0.154917210314807,0.0698715770391613
0.218611447641908,0.0839588922483251,0.132455671945198,0.0302592396500751,0.22786906993867,0.190325517538704,0.25356643868274,0.176439374849121,0.00299436900234131,0.182412894640567,0.208848849863843,0,0.252850642829312,0.0369374832518817,0.0580808872590865,0.100026259944886,0.0257885025624944,0.0494459668397596,0.180354101461258,0.0149722418019202,0.0496160494005026,0.048263384184619,0.199659204689894,0.00860183895331532,0.0888033569777496,0.131342172747374,0.189960146179503,0.198139587498556,0.182028844981135,0.0526885118774418,0.208119232828138,0.0482678460331983,0.133824871682948,0.0234017427108153,0.0568022077198677,0.12760964904195,0.0838498041066789,0.0976547862990226,0.103576197923049,0.061373519189969,0.200088186095456,0.0420144397780526,0.192140893706073,0.259937853044036,0.0446200552909603,0.0381192420803619,0.166342964242387,0.3082093573843,0.276429159164484,0.185225631930745,0.164608639568977,0.30310222837048,0.0990157915336631,0.150906435655609,0.10843361556817,0.062340489116928,0.124557735046482,0.140092115878118,0.0944693620549891,0.0587645494355737,0.1283918455615,0.0268079216041715,0.20019076114731,0.173667495864359
0.057844859024384,0.0709542929081319,0.177372388420027,0.083656020737428,0.0458970560272046,0.115175366424585,0.234468325686634,0.168763347642751,0.0506503951615788,0.12565094865507,0.284562068315814,0.252850642829312,0,0.0854846296823227,0.0625904703933242,0.15601588293704,0.0622694301633167,0.176096810672972,0.154012789553015,0.0596670428811955,0.137474525630089,0.012334687403733,0.0308837466050653,0.0887964423014614,0.254952026005134,0.227963141504948,0.207695072486243,0.293028419764649,0.173231617796024,0.0710015024611448,0.310178369379324,0.102822167941655,0.0887424286471298,0.0992804887317183,0.067445076044462,0.0239029349556716,0.0963473982508769,0.0210263565886533,0.0960609461284177,0.188005935777461,0.112114606955552,0.234463618867711,0.227519591888075,0.187103541978167,0.200689323315311,0.192472414755493,0.288686164275753,0.309682076283194,0.300052113138906,0.266162240217873,0.135553395003637,0.0219439700428685,0.0928428218592107,0.20836356455363,0.0313237938846577,0.129951319487604,0.185376681332214,0.279327185825461,0.191388257854393,0.0205063963598271,0.169704210379068,0.0262730343780201,0.146546805104187,0.220666478805824
0.0314279823260442,0.0234480940642867,0.0222010634232351,0.0269261016311528,0.0824168946144364,0.0353404524739564,0.0119605096150035,0.0449708975469291,0.0392084861887692,0.0534867840386117,0.0292165679387036,0.0369374832518817,0.0854846296823227,0,0.204246150708077,0.0431156498100358,0.0120892492376607,0.0662067582799525,0.0256769240713977,0.0192989435266785,0.0673097261631082,0.0687777170802693,0.0797871075835787,0.0433566370240372,0.0749461069651637,0.0297985040787521,0.0292567606577302,0.0196911181493882,0.0203246599522041,0.0670149527021754,0.0168029574421964,0.0149022418095911,0.0140950510790874,0.0827355679405163,0.0251474259989772,0.0545374708117097,0.0380335623381962,0.0442860109305998,0.0412625740747635,0.0725069659681737,0.029538478976416,0.0367087244277746,0.00726885069941692,0.100544092378578,0.127526449100994,0.187297574704631,0.00612827540825215,0.0519279319447744,0.0240377137046485,0.0259565166435967,0.0206630680385727,0.111029023446438,0.0342022919467103,0.0331186364032687,0.0257357235741378,0.0363144681547495,0.0379474297288123,0.0475842511786253,0.0459388599768851,0.0332916592090959,0.0328389914696422,0.0153196711641301,0.0295149538965285,0.0390556936804183
0.037969505106313,0.0790178729628144,0.0858610226141048,0.0596687073320973,0.0842759712448348,0.0641952087941176,0.0743962206600162,0.0265759901448725,0.0505117999869638,0.145867499112912,0.0983009218786654,0.0580808872590865,0.0625904703933242,0.204246150708077,0,0.105134726628648,0.000272841406318516,0.0217767395572917,0.0596573998474717,0.00797789306841884,0.0387823455000041,0.0386687748598454,0.0434223449544911,0.031052070530619,0.0730404113288923,0.0940253381946779,0.126158989103167,0.0376514187261052,0.127649782217352,0.0350935225559401,0.181599694664867,0.0419345929169731,0.0366083777268331,0.0160452448287396,0.03676744716219,0.0507398506860716,0.0871276152871434,0.0269621791670529,0.025426099432222,0.0145728628558809,0.0720234918349591,0.0167868906604868,0.066343069538209,0.154647091851765,0.142236344299222,0.0504798031273474,0.205624983403203,0.138848521510933,0.0663158461687329,0.044550771574183,0.0249600357424955,0.0804918528286542,0.0625082667249655,0.0927955696171304,0.0501591248652002,0.0354541207648809,0.131390921866416,0.102539209371622,0.110445158190592,0.0522235125867438,0.109444429164971,0.0232647299073844,0.0859021579719916,0.0635692845324426
0.086552881792317,0.0253338645612004,0.0315727381347045,0.0215202408448892,0.127517321756081,0.0125949144316868,0.0218430973381725,0.0304431330502872,0.0367541589895932,0.0648019522232375,0.0544422802548105,0.100026259944886,0.15601588293704,0.0431156498100358,0.105134726628648,0,0.0539221470783983,0.094345093820033,0.0186297845778117,0.0423973405984654,0.0728016106259494,0.0273594961218393,0.10772938260438,0.051547082475658,0.0230786354998787,0.0552882453633273,0.0698966058343915,0.042917185243784,0.0533373604583589,0.0806810198416843,0.0860005259170227,0.0284066341608612,0.0459718939601926,0.10205383879579,0.00743432761043675,0.0885694152356421,0.0307346499246593,0.0419614720719111,0.0288910755256336,0.148457129906326,0.0384740001741917,0.0911894944984187,0.024848386266707,0.17395665666542,0.0728982156287691,0.232770090414495,0.0189905099193597,0.102900137450497,0.0262273295198435,0.0338338979335647,0.0250145360268453,0.158000329849094,0.0625451739368609,0.0850590776328887,0.073985043159494,0.00940821196109811,0.0498414215638774,0.049768592527078,0.054889687358956,0.0454080699279545,0.0888123248932928,0.0285752894644243,0.0578064199181778,0.0374098858530801
0.149229396200822,0.0801039846929307,0.138254533691875,0.0283165325648256,0.118958194076646,0.158926426983516,0.15481704439155,0.0313025918556988,0.0235142891898259,0.0575421845327661,0.116279136480062,0.0257885025624944,0.0622694301633167,0.0120892492376607,0.000272841406318516,0.0539221470783983,0,0.033930203869234,0.145342002700658,0.0122188111258802,0.0455049474713907,0.0588472424039676,0.11238069216525,0.0259028228398113,0.0260123130561318,0.0604068004483067,0.131483310286486,0.12242224688563,0.1033340567243,0.0215635141117516,0.0856884342072871,0.0253644995099716,0.117639522458534,0.0245653220556364,0.0490665868125719,0.104256519840422,0.102521237730408,0.0594113524119273,0.0446239720947604,0.0178322654006011,0.0721222768990539,0.0363789323717388,0.118092057974443,0.0787676574568277,0.0158398366105849,0.00233536344707341,0.063946499986071,0.119709256267682,0.16284723415704,0.0851299348403425,0.0886050236835476,0.13984063352504,0.0567505824620704,0.0328788667189024,0.0523354539630078,0.0303850115126339,0.0354069138904682,0.0528549651701734,0.0702294136317155,0.0486249588040304,0.07479095248764,0.0199527129355198,0.145659033213711,0.103733800594726
0.0961194497239908,0.0660827020095072,0.0491679022228432,0.00787480248349864,0.13674973632143,0.0453925391889667,0.0839063178207639,0.0306679394435299,0.0394055713107596,0.111998956535467,0.111828940662802,0.0494459668397596,0.176096810672972,0.0662067582799525,0.0217767395572917,0.094345093820033,0.033930203869234,0,0.0525158293797422,0.0529445094947187,0.00235407307564566,0.0200244469692466,0.115237558265571,0.0334684267394919,0.0661416927092241,0.0970028724899054,0.0925852732105969,0.108680361950498,0.111423276239773,0.0128084594244753,0.151024591654652,0.0384119249409685,0.0600832737342862,0.0165634771512261,0.0138234520940353,0.0934348189081553,0.0282038440715674,0.0409745569356251,0.0275248356217232,0.046158882943506,0.0588091148504613,0.0686963893469473,0.0616876453325963,0.199006683748752,0.0266237163735334,0.0454213528718849,0.101987398220047,0.190128077736521,0.101269634534732,0.0402807315082457,0.056270482265952,0.170970894948252,0.0717084331675453,0.12302245727598,0.126285668943784,0.0651047637192213,0.0661548194233678,0.0723085632274971,0.0754897176234225,0.0657466866195414,0.0874294977099701,0.0085781528134686,0.0976536073787519,0.103312117474371
0.18831441904369,0.0180948317231084,0.0148217055861114,0.00902255369361393,0.194119849172041,0.0538737229654836,0.0432565709149066,0.0196629104495838,0.119162577576232,0.0111693960788531,0.0142404512604427,0.180354101461258,0.154012789553015,0.0256769240713977,0.0596573998474717,0.0186297845778117,0.145342002700658,0.0525158293797422,0,0.135777127971545,0.0582908825725138,0.0375209109505531,0.153615927681267,0.114990630182237,0.0454657419450343,0.0276272155873664,0.0262417000405666,0.0468859692117249,0.0265643542689164,0.0922907095842644,0.0204479704554765,0.0176496120865086,0.071706508491454,0.0869720511791048,0.0229583711171871,0.135536986259892,0.0219095632787802,0.0880743580112219,0.0419279891690443,0.129215008775931,0.0101041004497131,0.119889945427966,0.0709217134187189,0.0723534259482228,0.0520000271034226,0.137821097022981,0.0257447985952599,0.0737882484856799,0.0677914486942621,0.155913571957285,0.00305357907273987,0.285325655598123,0.0593665786573373,0.0552113757372158,0.103376536073514,0.0273231579254875,0.0763763233983911,0.0505786125186117,0.0130107468850644,0.103232472569523,0.0149196823158987,0.0192746029963046,0.0259814698175135,0.0282037343882072
0.102305831345725,0.0422064593791343,0.0496865468711457,0.0222425379469608,0.0676599814018843,0.105403270314806,0.0954613237529036,0.046819402465537,0.0399158272993386,0.0278394583633655,0.0957446861375069,0.0149722418019202,0.0596670428811955,0.0192989435266785,0.00797789306841884,0.0423973405984654,0.0122188111258802,0.0529445094947187,0.135777127971545,0,0.0481016173589204,0.0202935745963045,0.044698399435532,0.0222947649578941,0.0530975544869483,0.102352885811493,0.0892318110225927,0.165963863493083,0.0458652028447051,0.0384276227122181,0.056926687819932,0.0538114396289798,0.0946749462539463,0.0455665771019862,0.0240770374225493,0.0804863293095032,0.0379856407217841,0.040765693991733,0.0292416805711156,0.00758316705712056,0.0556505924511049,0.0388440125190098,0.0514000108932304,0.045450794509197,0.0123985697501852,0.008965052681013,0.0401595137651192,0.0987921780646696,0.215235047119053,0.15235293311688,0.122465827849446,0.101549583229641,0.0496600905868755,0.0683856675459253,0.100998274202424,0.0748157009057566,0.0420237533885502,0.0708152983810193,0.0695607789311181,0.0515226180665761,0.055569785667195,0.00591880166591882,0.0932404431065825,0.103565684784873
0.0912799051690195,0.066497804894848,0.0449135829176542,0.0265428809930804,0.180167358750113,0.0597781956517608,0.0274094145029831,0.0120712375012219,0.0548931862822435,0.0854482017769767,0.088747134000185,0.0496160494005026,0.137474525630089,0.0673097261631082,0.0387823455000041,0.0728016106259494,0.0455049474713907,0.00235407307564566,0.0582908825725138,0.0481016173589204,0,0.0448414397070552,0.108649206629073,0.0710100903885238,0.0600805856484214,0.0935650979209337,0.119160002364769,0.0992612327915869,0.0696780959419109,0.05211768765188,0.115856301044642,0.0809092948681211,0.0691581694955948,0.0539033172326522,0.0839003509054335,0.146817251685909,0.069951302550379,0.0647585012403667,0.0288274216529525,0.0910294471921763,0.0848211814871408,0.0839695993926651,0.0354529558535034,0.154618102469295,0.0355100954499411,0.0619664825519589,0.0945755828739614,0.152554024391184,0.0773981451274428,0.0347529631602181,0.0589247205904906,0.171824464102641,0.104893683391758,0.105742257874137,0.102252615978277,0.0572139906364574,0.0527401367193743,0.084489266189219,0.0951996653825621,0.0587634382783694,0.129191723619757,0.0330041990116311,0.119212559837727,0.0768871918314822
0.0388235246671329,0.0359724273506029,0.0201555344784437,0.0129123696310306,0.0230503244678046,0.0167662377993205,0.058162155802782,0.00456409908061248,0.0218095773573294,0.0347738964161372,0.0532499283929509,0.048263384184619,0.012334687403733,0.0687777170802693,0.0386687748598454,0.0273594961218393,0.0588472424039676,0.0200244469692466,0.0375209109505531,0.0202935745963045,0.0448414397070552,0,0.0206785420319621,0.0426825310887369,0.0554487939159178,0.0110774822362828,0.017397249654919,0.0248794764446824,0.0544020207107278,0.0517993714920489,0.066760155837943,0.0408536064397102,0.0164543017226724,0.0405772166210978,0.0074986780910828,0.0176663179692908,0.0152631888727004,0.0319771967286832,0.028934081889162,0.0287134129538332,0.00548077280148585,0.00549040371634447,0.0334745215333153,0.0324311910337159,0.0448821169222297,0.0449317909335131,0.0560451716633288,0.0215662707406468,0.0240840890539788,0.0565429417739475,0.0369387503898965,0.0479878180052349,0.00884863861190294,0.0129974256431189,0.00902630968803519,0.00837766090088886,0.0686026337987672,0.0714179277628009,0.0255896470016564,0.0316460418236962,0.0265610211496501,0.0356462035517432,0.0251522189675893,0.0369290477441975
0.0376583238835038,0.0939044537791894,0.105875708714523,0.0478971606894445,0.0724868485788121,0.102395714776594,0.237369844389536,0.152491337626011,0.0224211586071423,0.146400377827509,0.221203352754999,0.199659204689894,0.0308837466050653,0.0797871075835787,0.0434223449544911,0.10772938260438,0.11238069216525,0.115237558265571,0.153615927681267,0.044698399435532,0.108649206629073,0.0206785420319621,0,0.128955643830143,0.160332965849058,0.0812981695194193,0.131096962510087,0.155618650143962,0.217826983637643,0.0521661312912766,0.230678978735588,0.0771637915494924,0.0533103917686959,0.0979125765602909,0.0676076674391411,0.0441828360285869,0.0701471058412118,0.048393636221244,0.100156294181931,0.166800523250759,0.141728931060521,0.115015797596707,0.213178355921172,0.131089476740428,0.128251578806425,0.126400802917212,0.188844865601357,0.155626443330158,0.180157380229314,0.206858077228562,0.136856081069505,0.0307183390379923,0.0422017946432254,0.0717530809917715,0.0128089066475579,0.0507140667174388,0.178831072179826,0.215424384859153,0.096701283273589,0.0152646377975504,0.102096544821225,0.0295464649822603,0.168004929005864,0.153675163213577
0.0749644230990663,0.101125718190094,0.0995390234443875,0.0209750884258044,0.118778783770975,0.101884257621614,0.131138883322201,0.0192850174926829,0.0186396073745533,0.109413546556253,0.150845212219176,0.00860183895331532,0.0887964423014614,0.0433566370240372,0.031052070530619,0.051547082475658,0.0259028228398113,0.0334684267394919,0.114990630182237,0.0222947649578941,0.0710100903885238,0.0426825310887369,0.128955643830143,0,0.0496664680104212,0.0477997538674442,0.114088445179913,0.119603369497521,0.170658226716514,0.0298527970262331,0.147314892873954,0.0581523858844958,0.0760373233577227,0.0338805537390214,0.0446192361176677,0.129162386240582,0.075692386199436,0.0667616993565051,0.0350315276602268,0.00313307729308037,0.121880709563829,0.0353514039290782,0.0907186568072333,0.120101900271646,0.0390295456309547,0.0214085952860726,0.0816553715228166,0.113289738798985,0.123097426461331,0.101041738379828,0.0856420612918946,0.136717650269379,0.0420874187386167,0.0467646278172398,0.0224623239702694,0.0147640167276411,0.0682190617844916,0.119072310555872,0.0610702274142725,0.0125865883739053,0.106406489803506,0.0331349631254779,0.18065507994003,0.0796646273100834
0.085919556107009,0.0752237193450131,0.0313459121332448,0.0210470292125385,0.127444925972494,0.0344391131014919,0.0371755704288786,0.0224658806645889,0.0490746557732373,0.050235994159583,0.10767831072622,0.0888033569777496,0.254952026005134,0.0749461069651637,0.0730404113288923,0.0230786354998787,0.0260123130561318,0.0661416927092241,0.0454657419450343,0.0530975544869483,0.0600805856484214,0.0554487939159178,0.160332965849058,0.0496664680104212,0,0.0700322948218482,0.0818138154563449,0.0506813484401344,0.118444490017386,0.0360907847590823,0.149142876864142,0.0403654113773702,0.0327129122654652,0.0482209503333409,0.0309758210757014,0.128089067797031,0.0478423104805276,0.0447693974243159,0.031326874634393,0.0799341039780996,0.0374334671656028,0.114415505625657,0.0221335088421411,0.291069345225788,0.0576035905856426,0.178898309886644,0.0447993028474774,0.191994623238239,0.0280776322011487,0.0377566501536818,0.0437630277552349,0.194512738109153,0.0901530653498429,0.121934144383863,0.094647208225061,0.0305924713533047,0.000883393674633279,0.0812747662664317,0.0459241449966923,0.0685312567823696,0.110496513686277,0.0312997820967161,0.11880619565698,0.032337070944332
0.0265107441636026,0.0119882050486799,0.061466691778173,0.0251884115899381,0.0512739799575375,0.0119443859817091,0.0315377865950921,0.0568565262250718,0.0587411177968018,0.0163590160455521,0.0845929370147297,0.131342172747374,0.227963141504948,0.0297985040787521,0.0940253381946779,0.0552882453633273,0.0604068004483067,0.0970028724899054,0.0276272155873664,0.102352885811493,0.0935650979209337,0.0110774822362828,0.0812981695194193,0.0477997538674442,0.0700322948218482,0,0.0114280491444553,0.0459457829329562,0.0290786728184222,0.0556307863509446,0.056274822701379,0.0219867532874625,0.0280531773374958,0.0864030547438866,0.0217012105564344,0.0194283806421322,0.0342955385126676,0.0337588216175031,0.0318777323860547,0.116391032279842,0.0178887707466124,0.167838123706217,0.0598650845683385,0.177456313224756,0.122578100928009,0.203933902118061,0.0340010958160932,0.0575964421218326,0.0328949266623229,0.104263381513853,0.0302109455619297,0.111190604765182,0.0701450590964199,0.062504663570118,0.0791211450689663,0.0161843835956738,0.0648828457931969,0.125955573501914,0.06499202892956,0.0467040785007162,0.0431819677484831,0.0144653429492871,0.010858221342834,0.0835599179776544
0.119936481487017,0.0354704649932431,0.0591772042123336,0.0162011432114734,0.136125794755689,0.00861310295212069,0.0406626211800636,0.0471349971953464,0.0644392093330771,0.0158796953581055,0.148784861032047,0.189960146179503,0.207695072486243,0.0292567606577302,0.126158989103167,0.0698966058343915,0.131483310286486,0.0925852732105969,0.0262417000405666,0.0892318110225927,0.119160002364769,0.017397249654919,0.131096962510087,0.114088445179913,0.0818138154563449,0.0114280491444553,0,0.0586815221279046,0.0393111126230038,0.118047899940342,0.0779308064412135,0.0435690679119907,0.0278752168176128,0.115451420550055,0.0205801597470845,0.0377352883499515,0.0325229830347391,0.0987534926956665,0.0370083756395688,0.173166294593665,0.0145891343004115,0.169176916539884,0.0848682416096596,0.117014290538802,0.152434682582056,0.257904790121055,0.105000178141616,0.0705020476031781,0.0234688876325547,0.128515189153972,0.0210532155083122,0.244398992837201,0.0561622644847096,0.0475005863581343,0.0621027788852706,0.00570959816173565,0.109133605477613,0.179296468281431,0.0327891533718401,0.0904626623047025,0.0207574643591533,0.0618923427950652,0.0299648037801704,0.110362230960971
0.103997312835439,0.00425091092280832,0.0354384424170323,0.0105862211505331,0.139174453002542,0.00607945021131602,0.0394298568956382,0.0539301925011274,0.109194664977726,0.0183136894409441,0.05061302458612,0.198139587498556,0.293028419764649,0.0196911181493882,0.0376514187261052,0.042917185243784,0.12242224688563,0.108680361950498,0.0468859692117249,0.165963863493083,0.0992612327915869,0.0248794764446824,0.155618650143962,0.119603369497521,0.0506813484401344,0.0459457829329562,0.0586815221279046,0,0.027472471850009,0.0558559355174297,0.0281996477072473,0.0126309875309374,0.0366703792424119,0.108395106831396,0.0214497753548149,0.0910638477239429,0.0474939513264954,0.0428050786706006,0.0403839059141533,0.17139681865461,0.0122074497219209,0.202491077528266,0.0941979914612414,0.211753886834737,0.0611090700995785,0.179299131995029,0.0126690047001518,0.126793334403466,0.0226626676573789,0.148873447620297,0.037309687228025,0.205520695423037,0.109024716127896,0.116182491679046,0.12895900542911,0.0387147767611287,0.0572416194164619,0.0981749807822418,0.0191974524606008,0.107860455732319,0.0792990937040885,0.0107486267124063,0.0353606074713624,0.0685303171675631
0.133042013585565,0.031618532538254,0.0344484415378125,0.0056374336322154,0.211174959438159,0.0506914917095144,0.0106192175397188,0.0649731320774728,0.0399327883463905,0.026126682445404,0.0832402367960893,0.182028844981135,0.173231617796024,0.0203246599522041,0.127649782217352,0.0533373604583589,0.1033340567243,0.111423276239773,0.0265643542689164,0.0458652028447051,0.0696780959419109,0.0544020207107278,0.217826983637643,0.170658226716514,0.118444490017386,0.0290786728184222,0.0393111126230038,0.027472471850009,0,0.0974210853559922,0.0176947474379355,0.0151660926128263,0.0590378998422037,0.131450502554105,0.032824611348182,0.133313415578259,0.0653804299943316,0.0866338573562885,0.0497010206520929,0.201294787973364,0.024465422836858,0.0943430505073378,0.0412391063595881,0.140343856457577,0.103961337887158,0.230546866341486,0.0350035533085356,0.103033312176042,0.0318300359241847,0.0442179725596296,0.0121239744566489,0.261290096878028,0.076435116775209,0.0703419417174498,0.0674123904878589,0.0252915631661778,0.0992684603226453,0.124728064049299,0.0173436471596527,0.0647367900068397,0.0678411257856447,0.0262869292134568,0.13724883318662,0.0663440297618721
0.0226858904629437,0.0913088008080216,0.05627421671144,0.0352552134176643,0.0886789160411649,0.0825527727761867,0.0930387589344902,0.0206501901381471,0.0620588238021337,0.120523418133627,0.0843036238627818,0.0526885118774418,0.0710015024611448,0.0670149527021754,0.0350935225559401,0.0806810198416843,0.0215635141117516,0.0128084594244753,0.0922907095842644,0.0384276227122181,0.05211768765188,0.0517993714920489,0.0521661312912766,0.0298527970262331,0.0360907847590823,0.0556307863509446,0.118047899940342,0.0558559355174297,0.0974210853559922,0,0.120373616213668,0.0859947070375674,0.032286997852773,0.006508692830845,0.0447231797011916,0.078669201235199,0.0622750706792115,0.0265180115561715,0.0210725489550262,0.0216602153600537,0.107539773150101,0.0429164091912074,0.0638061914553015,0.102477334589456,0.0515751168065247,0.00945743406478624,0.11931853010578,0.09910911395862,0.0800337074923645,0.0861007265404989,0.0679427590290412,0.0825444742562711,0.0453283629357549,0.0763510191650499,0.0240102569231985,0.0386158144922991,0.0864254617628769,0.0676496362266462,0.0776217063072437,0.0475231458521206,0.109943946947587,0.0781920044673245,0.125260444683908,0.0832029683651093
0.161085395770266,0.0187687387914547,0.0359789292496862,0.0185975363148005,0.255772491167679,0.0545460346722213,0.00656488425566885,0.0483057009229384,0.0492019220670952,0.0492621490810448,0.0795962943477629,0.208119232828138,0.310178369379324,0.0168029574421964,0.181599694664867,0.0860005259170227,0.0856884342072871,0.151024591654652,0.0204479704554765,0.056926687819932,0.115856301044642,0.066760155837943,0.230678978735588,0.147314892873954,0.149142876864142,0.056274822701379,0.0779308064412135,0.0281996477072473,0.0176947474379355,0.120373616213668,0,0.0127906479244099,0.0482723636145699,0.16322072394512,0.0278862232714879,0.165537486424593,0.054986003970662,0.10554526549115,0.0468623549436924,0.209476968514346,0.0282484278572915,0.124496896103686,0.0405586109425873,0.284491062470594,0.20268349829002,0.329874600842633,0.0792008974373947,0.226232394911378,0.0461526375417736,0.0484546332197383,0.0202542882857041,0.333197309584373,0.135427564110822,0.130815733349911,0.100264619760451,0.0336934119515067,0.121897060851309,0.194656350594599,0.029287405849151,0.0835440134383214,0.0869057493979516,0.0163518425028012,0.105907314531276,0.0845233160744198
0.0401274557439118,0.0272908988452438,0.0107929581266048,0.00385845949445352,0.11452462819434,0.0321999324924774,0.0175286868924887,0.0236850604311857,0.0319746051045719,0.0464864087543197,0.018790700357977,0.0482678460331983,0.102822167941655,0.0149022418095911,0.0419345929169731,0.0284066341608612,0.0253644995099716,0.0384119249409685,0.0176496120865086,0.0538114396289798,0.0809092948681211,0.0408536064397102,0.0771637915494924,0.0581523858844958,0.0403654113773702,0.0219867532874625,0.0435690679119907,0.0126309875309374,0.0151660926128263,0.0859947070375674,0.0127906479244099,0,0.0208850443959292,0.0795193335620915,0.0502943084230866,0.0299537955478782,0.0175212525165558,0.0852869963238017,0.0125240068124404,0.0620164441750181,0.0492673880807737,0.0831115333017747,0.0161758357504554,0.0964949976121269,0.0218764108316684,0.0867470644102388,0.0117741392496354,0.0700373483218902,0.0100106784418278,0.0300845245831034,0.0277490394639754,0.104121067766784,0.0488040456236701,0.0885424855494259,0.0609740368250828,0.0225324903843491,0.0212069676258808,0.0488941221879147,0.0068188423642759,0.034783604366248,0.0301260893334412,0.015855782782578,0.0211368490135059,0.028795635646506
0.0536668760191508,0.0385780442670473,0.0811306455802736,0.022797290969268,0.0421663028910953,0.0285416640725901,0.125252473391282,0.0486478039352687,0.0878766143093793,0.0098365066161434,0.0695255958906007,0.133824871682948,0.0887424286471298,0.0140950510790874,0.0366083777268331,0.0459718939601926,0.117639522458534,0.0600832737342862,0.071706508491454,0.0946749462539463,0.0691581694955948,0.0164543017226724,0.0533103917686959,0.0760373233577227,0.0327129122654652,0.0280531773374958,0.0278752168176128,0.0366703792424119,0.0590378998422037,0.032286997852773,0.0482723636145699,0.0208850443959292,0,0.106908830837501,0.00856803845774784,0.0427950191764181,0.0399903701046445,0.0277208499984784,0.0784675942407735,0.146356521485156,0.017204797550086,0.127327826789424,0.143958620321835,0.0536662325144118,0.046314970692348,0.117287161412486,0.0632575280011414,0.0452794595325716,0.0302560967876453,0.119607064559276,0.022987381909564,0.0842117274788999,0.0319519475871896,0.0351762365067587,0.0557767579921139,0.015109864135916,0.0835211734831894,0.0853170283185267,0.02991462320674,0.0392222070335494,0.0177866939446049,0.016825685028319,0.0405251162814238,0.0932591630512177
0.114165493269698,0.113561560767448,0.153048590825075,0.0331707664463701,0.154111545042452,0.0822571946109168,0.0967969441578091,0.0124150063181734,0.038209855374028,0.124342702841978,0.154582163739936,0.0234017427108153,0.0992804887317183,0.0827355679405163,0.0160452448287396,0.10205383879579,0.0245653220556364,0.0165634771512261,0.0869720511791048,0.0455665771019862,0.0539033172326522,0.0405772166210978,0.0979125765602909,0.0338805537390214,0.0482209503333409,0.0864030547438866,0.115451420550055,0.108395106831396,0.131450502554105,0.006508692830845,0.16322072394512,0.0795193335620915,0.106908830837501,0,0.0575824644221075,0.101955602633004,0.108027795574458,0.0165553858533581,0.0291658543972687,0.0482775198792167,0.0497599611776236,0.0554153652368238,0.0873039163673789,0.164691574606461,0.0706896754855201,0.0236466108598097,0.117929466273864,0.139150276806728,0.0885225191579067,0.0478652663259359,0.0546661192670412,0.132512431182166,0.0948431354537783,0.0694151246311311,0.0859868923029666,0.0360525559181231,0.075347578585748,0.0866079218936518,0.121675076717387,0.0405504102413079,0.166502904518168,0.0179290852541009,0.135692455381065,0.13729149682399
